// Chosen Depots: [1, 2]
// Chosen Demand Points (Original DP No): [13, 27, 28, 93, 106, 108, 109, 111, 113, 136, 137, 143, 146, 148, 150, 153, 156, 163, 165, 171]
// Original Weights: [6, 7, 5, 7, 7, 7, 7, 7, 7, 2, 3, 8, 8, 6, 7, 8, 7, 8, 6, 8]

|W| = 2;
|D| = 20;
V = 54;
C = 3;
|K| = 1;
M = 100;
S = 0.25;
|TR| = 7;
δmax = 18.3;
Runtime = 8;

// Priority weights for selected demand points
pj = [
  6, 7, 5, 7, 7, 7, 7, 7, 7, 2, 3, 8, 8, 6, 7, 8, 7, 8, 6, 8
];

δij =
[
  [99.00,99.00,7.40,6.11,6.17,3.60,2.46,4.35,3.63,2.79,3.80,5.95,3.84,13.37,11.96,10.90,13.09,11.66,12.20,4.12,1.06,4.08],
  [99.00,99.00,5.89,5.12,7.46,12.96,12.14,13.23,13.40,12.72,13.79,13.42,13.33,3.87,3.06,5.26,5.00,3.44,4.12,7.83,10.11,8.24],
  [7.40,5.89,99.00,2.82,1.72,10.49,9.38,11.06,10.73,9.90,11.01,7.75,8.25,6.48,5.16,3.51,5.83,4.69,5.06,6.41,6.75,6.89],
  [6.11,5.12,2.82,99.00,3.36,8.55,7.56,9.00,8.89,8.12,9.23,8.64,8.25,7.34,5.94,5.55,7.32,5.71,6.34,3.85,5.19,4.34],
  [6.17,7.46,1.72,3.36,99.00,9.52,8.37,10.16,9.69,8.84,9.92,6.05,6.57,8.19,6.88,5.03,7.45,6.40,6.73,6.14,5.70,6.58],
  [3.60,12.96,10.49,8.55,9.52,99.00,1.16,0.80,0.55,0.88,0.98,9.18,6.71,15.85,14.46,13.88,15.86,14.26,14.89,5.13,3.82,4.75],
  [2.46,12.14,9.38,7.56,8.37,1.16,99.00,1.90,1.35,0.58,1.68,8.19,5.80,14.89,13.49,12.81,14.83,13.27,13.88,4.37,2.67,4.06],
  [4.35,13.23,11.06,9.00,10.16,0.80,1.90,99.00,1.12,1.67,1.43,9.98,7.50,16.24,14.86,14.41,16.32,14.69,15.34,5.41,4.49,4.99],
  [3.63,13.40,10.73,8.89,9.69,0.55,1.35,1.12,99.00,0.85,0.43,9.00,6.47,16.22,14.82,14.16,16.18,14.61,15.22,5.57,4.00,5.21],
  [2.79,12.72,9.90,8.12,8.84,0.88,0.58,1.67,0.85,99.00,1.12,8.31,5.84,15.46,14.05,13.33,15.38,13.83,14.43,4.94,3.16,4.62],
  [3.80,13.79,11.01,9.23,9.92,0.98,1.68,1.43,0.43,1.12,99.00,8.96,6.40,16.57,15.17,14.45,16.50,14.94,15.55,5.98,4.26,5.62],
  [5.95,13.42,7.75,8.64,6.05,9.18,8.19,9.98,9.00,8.31,8.96,99.00,2.60,14.11,12.86,10.66,13.15,12.35,12.58,9.16,6.53,9.35],
  [3.84,13.33,8.25,8.25,6.57,6.71,5.80,7.50,6.47,5.84,6.40,2.60,99.00,14.72,13.37,11.57,14.02,12.93,13.30,7.66,4.68,7.73],
  [13.37,3.87,6.48,7.34,8.19,15.85,14.89,16.24,16.22,15.46,16.57,14.11,14.72,99.00,1.41,3.66,1.67,1.79,1.60,10.87,12.51,11.33],
  [11.96,3.06,5.16,5.94,6.88,14.46,13.49,14.86,14.82,14.05,15.17,12.86,13.37,1.41,99.00,2.80,1.96,0.60,1.09,9.51,11.10,9.98],
  [10.90,5.26,3.51,5.55,5.03,13.88,12.81,14.41,14.16,13.33,14.45,10.66,11.57,3.66,2.80,99.00,2.49,2.19,2.06,9.40,10.21,9.89],
  [13.09,5.00,5.83,7.32,7.45,15.86,14.83,16.32,16.18,15.38,16.50,13.15,14.02,1.67,1.96,2.49,99.00,1.77,1.03,11.07,12.32,11.55],
  [11.66,3.44,4.69,5.71,6.40,14.26,13.27,14.69,14.61,13.83,14.94,12.35,12.93,1.79,0.60,2.19,1.77,99.00,0.75,9.39,10.83,9.86],
  [12.20,4.12,5.06,6.34,6.73,14.89,13.88,15.34,15.22,14.43,15.55,12.58,13.30,1.60,1.09,2.06,1.03,0.75,99.00,10.07,11.40,10.55],
  [4.12,7.83,6.41,3.85,6.14,5.13,4.37,5.41,5.57,4.94,5.98,9.16,7.66,10.87,9.51,9.40,11.07,9.39,10.07,99.00,3.09,0.49],
  [1.06,10.11,6.75,5.19,5.70,3.82,2.67,4.49,4.00,3.16,4.26,6.53,4.68,12.51,11.10,10.21,12.32,10.83,11.40,3.09,99.00,3.09],
  [4.08,8.24,6.89,4.34,6.58,4.75,4.06,4.99,5.21,4.62,5.62,9.35,7.73,11.33,9.98,9.89,11.55,9.86,10.55,0.49,3.09,99.00]
];
