// Chosen Depots: [1, 2]
// Chosen Demand Points (Original DP No): [2, 11, 14, 20, 25, 28, 89, 90, 94, 105, 109, 110, 124, 126, 127, 130, 144, 146, 156, 170]
// Original Weights: [9, 5, 5, 6, 5, 5, 7, 6, 6, 6, 7, 7, 3, 3, 3, 4, 8, 8, 7, 8]

|W| = 2;
|D| = 20;
V = 54;
C = 3;
|K| = 1;
M = 100;
S = 0.25;
|TR| = 7;
δmax = 18.3;
Runtime = 8;

// Priority weights for selected demand points
pj = [
  9, 5, 5, 6, 5, 5, 7, 6, 6, 6, 7, 7, 3, 3, 3, 4, 8, 8, 7, 8
];

δij =
[
  [99.00,99.00,19.21,9.24,5.42,5.52,7.21,6.17,4.43,2.02,1.70,0.36,3.63,4.20,4.44,5.05,5.09,3.46,13.22,11.96,12.20,4.61],
  [99.00,99.00,8.93,6.43,7.73,7.11,6.74,7.46,13.73,12.16,12.58,11.16,13.40,13.45,12.99,13.43,12.55,13.26,4.76,3.06,4.12,7.19],
  [19.21,8.93,99.00,11.06,14.47,14.06,12.75,13.86,22.44,20.62,20.85,19.35,22.01,22.16,19.76,20.00,18.96,20.50,6.19,7.25,7.14,15.94],
  [9.24,6.43,11.06,99.00,3.85,3.73,2.03,3.11,13.33,11.07,10.94,9.49,12.67,13.07,8.76,8.97,7.91,9.66,4.93,4.66,4.14,8.02],
  [5.42,7.73,14.47,3.85,99.00,0.66,1.83,0.75,9.66,7.32,7.11,5.69,8.94,9.40,5.41,5.77,4.84,6.03,8.30,7.41,7.34,5.39],
  [5.52,7.11,14.06,3.73,0.66,99.00,1.73,0.96,9.62,7.34,7.22,5.76,8.94,9.36,5.96,6.35,5.45,6.48,7.92,6.93,6.93,4.95],
  [7.21,6.74,12.75,2.03,1.83,1.73,99.00,1.12,11.35,9.06,8.91,7.46,10.67,11.08,7.01,7.29,6.28,7.78,6.57,5.85,5.65,6.39],
  [6.17,7.46,13.86,3.11,0.75,0.96,1.12,99.00,10.40,8.07,7.86,6.44,9.69,10.14,5.93,6.25,5.26,6.66,7.67,6.88,6.73,5.90],
  [4.43,13.73,22.44,13.33,9.66,9.62,11.35,10.40,99.00,2.40,3.09,4.09,0.86,0.28,8.25,8.79,9.15,6.86,16.77,15.30,15.74,6.54],
  [2.02,12.16,20.62,11.07,7.32,7.34,9.06,8.07,2.40,99.00,1.05,1.69,1.63,2.18,6.09,6.67,6.90,4.82,14.77,13.40,13.74,5.10],
  [1.70,12.58,20.85,10.94,7.11,7.22,8.91,7.86,3.09,1.05,99.00,1.50,2.23,2.93,5.18,5.74,6.06,3.85,14.89,13.60,13.87,5.73],
  [0.36,11.16,19.35,9.49,5.69,5.76,7.46,6.44,4.09,1.69,1.50,99.00,3.31,3.86,4.77,5.39,5.45,3.75,13.39,12.10,12.37,4.51],
  [3.63,13.40,22.01,12.67,8.94,8.94,10.67,9.69,0.86,1.63,2.23,3.31,99.00,0.73,7.39,7.94,8.30,6.01,16.25,14.82,15.22,6.22],
  [4.20,13.45,22.16,13.07,9.40,9.36,11.08,10.14,0.28,2.18,2.93,3.86,0.73,99.00,8.10,8.65,8.99,6.73,16.49,15.02,15.46,6.26],
  [4.44,12.99,19.76,8.76,5.41,5.96,7.01,5.93,8.25,6.09,5.18,4.77,7.39,8.10,99.00,0.62,1.12,1.50,13.57,12.80,12.65,8.20],
  [5.05,13.43,20.00,8.97,5.77,6.35,7.29,6.25,8.79,6.67,5.74,5.39,7.94,8.65,0.62,99.00,1.07,1.95,13.82,13.12,12.93,8.80],
  [5.09,12.55,18.96,7.91,4.84,5.45,6.28,5.26,9.15,6.90,6.06,5.45,8.30,8.99,1.12,1.07,99.00,2.58,12.79,12.13,11.90,8.37],
  [3.46,13.26,20.50,9.66,6.03,6.48,7.78,6.66,6.86,4.82,3.85,3.75,6.01,6.73,1.50,1.95,2.58,99.00,14.32,13.40,13.37,7.74],
  [13.22,4.76,6.19,4.93,8.30,7.92,6.57,7.67,16.77,14.77,14.89,13.39,16.25,16.49,13.57,13.82,12.79,14.32,99.00,1.76,1.03,10.50],
  [11.96,3.06,7.25,4.66,7.41,6.93,5.85,6.88,15.30,13.40,13.60,12.10,14.82,15.02,12.80,13.12,12.13,13.40,1.76,99.00,1.09,8.91],
  [12.20,4.12,7.14,4.14,7.34,6.93,5.65,6.73,15.74,13.74,13.87,12.37,15.22,15.46,12.65,12.93,11.90,13.37,1.03,1.09,99.00,9.49],
  [4.61,7.19,15.94,8.02,5.39,4.95,6.39,5.90,6.54,5.10,5.73,4.51,6.22,6.26,8.20,8.80,8.37,7.74,10.50,8.91,9.49,99.00]
];
