// Chosen Depots: [1, 2]
// Chosen Demand Points (Original DP No): [2, 10, 93, 107, 111, 114, 115, 118, 126, 128, 143, 153]
// Original Weights: [9, 4, 7, 8, 7, 7, 7, 7, 3, 2, 8, 8]

|W| = 2;
|D| = 12;
V = 54;
C = 3;
|K| = 1;
M = 100;
S = 0.25;
|TR| = 4;
δmax = 18.3;
Runtime = 4;

// Priority weights for selected demand points
pj = [
  9, 4, 7, 8, 7, 7, 7, 7, 3, 2, 8, 8
];

δij =
[
  [99.00,99.00,19.21,9.07,3.60,3.04,2.79,3.82,4.28,4.65,5.05,7.10,13.37,11.66],
  [99.00,99.00,8.93,9.37,12.96,10.10,12.72,12.73,13.17,13.75,13.43,13.25,3.87,3.44],
  [19.21,8.93,99.00,13.51,21.62,18.81,21.26,21.45,21.91,22.49,20.00,18.80,5.84,7.58],
  [9.07,9.37,13.51,99.00,12.61,10.81,11.85,12.74,13.23,13.67,7.17,5.40,8.59,7.04],
  [3.60,12.96,21.62,12.61,99.00,2.87,0.88,0.50,0.73,1.06,8.15,10.48,15.85,14.26],
  [3.04,10.10,18.81,10.81,2.87,99.00,2.77,2.64,3.10,3.68,8.06,9.92,13.08,11.54],
  [2.79,12.72,21.26,11.85,0.88,2.77,99.00,1.28,1.61,1.88,7.27,9.61,15.46,13.83],
  [3.82,12.73,21.45,12.74,0.50,2.64,1.28,99.00,0.50,1.05,8.52,10.81,15.70,14.14],
  [4.28,13.17,21.91,13.23,0.73,3.10,1.61,0.50,99.00,0.58,8.88,11.21,16.18,14.62],
  [4.65,13.75,22.49,13.67,1.06,3.68,1.88,1.05,0.58,99.00,9.07,11.46,16.75,15.19],
  [5.05,13.43,20.00,7.17,8.15,8.06,7.27,8.52,8.88,9.07,99.00,2.61,14.42,12.64],
  [7.10,13.25,18.80,5.40,10.48,9.92,9.61,10.81,11.21,11.46,2.61,99.00,13.53,11.81],
  [13.37,3.87,5.84,8.59,15.85,13.08,15.46,15.70,16.18,16.75,14.42,13.53,99.00,1.79],
  [11.66,3.44,7.58,7.04,14.26,11.54,13.83,14.14,14.62,15.19,12.64,11.81,1.79,99.00]
];
