// Chosen Depots: [1, 2]
// Chosen Demand Points (Original DP No): [3, 10, 23, 28, 97, 128, 134, 159]
// Original Weights: [9, 4, 6, 5, 7, 2, 4, 7]

|W| = 2;
|D| = 8;
V = 54;
C = 3;
|K| = 1;
M = 100;
S = 0.25;
|TR| = 3;
δmax = 18.3;
Runtime = 2;

// Priority weights for selected demand points
pj = [
  9, 4, 6, 5, 7, 2, 4, 7
];

δij =
[
  [99.00,99.00,17.00,9.07,7.04,6.17,2.58,7.10,3.27,10.82],
  [99.00,99.00,6.60,9.37,6.19,7.46,10.69,13.25,13.57,4.28],
  [17.00,6.60,99.00,11.90,10.55,11.85,17.04,17.05,18.91,6.62],
  [9.07,9.37,11.90,99.00,3.85,3.47,10.86,5.40,9.06,5.70],
  [7.04,6.19,10.55,3.85,99.00,1.34,8.10,7.08,8.41,3.98],
  [6.17,7.46,11.85,3.47,1.34,99.00,7.59,5.79,7.19,5.24],
  [2.58,10.69,17.04,10.86,8.10,7.59,99.00,9.61,5.68,11.41],
  [7.10,13.25,17.05,5.40,7.08,5.79,9.61,99.00,5.20,10.51],
  [3.27,13.57,18.91,9.06,8.41,7.19,5.68,5.20,99.00,12.39],
  [10.82,4.28,6.62,5.70,3.98,5.24,11.41,10.51,12.39,99.00]
];
