// Chosen Depots: [1, 2]
// Chosen Demand Points (Original DP No): [6, 13, 93, 108, 117, 118, 121, 123, 127, 128, 130, 131, 135, 136, 137, 139, 149, 150, 155, 168]
// Original Weights: [9, 6, 7, 7, 7, 7, 6, 6, 3, 2, 4, 2, 4, 2, 3, 4, 6, 7, 5, 5]

|W| = 2;
|D| = 20;
V = 54;
C = 3;
|K| = 1;
M = 100;
S = 0.25;
|TR| = 7;
δmax = 18.3;
Runtime = 8;

// Priority weights for selected demand points
pj = [
  9, 6, 7, 7, 7, 7, 6, 6, 3, 2, 4, 2, 4, 2, 3, 4, 6, 7, 5, 5
];

δij =
[
  [99.00,99.00,18.10,7.40,3.60,4.35,3.26,4.65,0.99,2.62,5.09,7.10,3.46,5.42,3.45,5.95,3.84,12.27,13.24,13.09,12.30,1.47],
  [99.00,99.00,8.14,5.89,12.96,13.23,12.79,13.75,10.69,12.84,12.55,13.25,13.26,13.72,12.49,13.42,13.33,8.88,6.76,5.00,7.87,10.35],
  [18.10,8.14,99.00,10.99,20.61,20.99,20.39,21.50,17.95,20.26,17.70,17.51,19.29,18.92,18.36,18.30,19.20,9.16,6.12,5.19,8.13,16.98],
  [7.40,5.89,10.99,99.00,10.49,11.06,10.21,11.51,7.50,9.85,6.98,7.41,8.31,8.20,7.40,7.75,8.25,5.47,5.85,5.83,5.16,6.12],
  [3.60,12.96,20.61,10.49,99.00,0.80,0.34,1.06,3.06,1.21,8.44,10.48,6.25,8.48,6.64,9.18,6.71,15.66,16.29,15.86,15.58,5.05],
  [4.35,13.23,20.99,11.06,0.80,99.00,1.13,0.52,3.75,2.00,9.24,11.28,7.04,9.27,7.44,9.98,7.50,16.30,16.83,16.32,16.18,5.79],
  [3.26,12.79,20.39,10.21,0.34,1.13,99.00,1.39,2.75,0.91,8.11,10.15,5.94,8.16,6.31,8.86,6.40,15.35,16.02,15.61,15.28,4.72],
  [4.65,13.75,21.50,11.51,1.06,0.52,1.39,99.00,4.12,2.15,9.42,11.46,7.14,9.39,7.60,10.13,7.61,16.71,17.29,16.81,16.61,6.11],
  [0.99,10.69,17.95,7.50,3.06,3.75,2.75,4.12,99.00,2.35,6.02,8.00,4.45,6.40,4.43,6.90,4.84,12.60,13.34,13.04,12.54,2.14],
  [2.62,12.84,20.26,9.85,1.21,2.00,0.91,2.15,2.35,99.00,7.27,9.31,5.04,7.27,5.46,7.99,5.51,14.86,15.69,15.39,14.85,4.09],
  [5.09,12.55,17.70,6.98,8.44,9.24,8.11,9.42,6.02,7.27,99.00,2.04,2.58,1.23,1.84,0.99,2.19,9.80,11.88,12.52,10.30,4.04],
  [7.10,13.25,17.51,7.41,10.48,11.28,10.15,11.46,8.00,9.31,2.04,99.00,4.50,2.44,3.87,1.50,4.07,9.00,11.49,12.43,9.69,5.94],
  [3.46,13.26,19.29,8.31,6.25,7.04,5.94,7.14,4.45,5.04,2.58,4.50,99.00,2.25,0.97,3.06,0.46,12.01,13.76,14.11,12.37,3.15],
  [5.42,13.72,18.92,8.20,8.48,9.27,8.16,9.39,6.40,7.27,1.23,2.44,2.25,99.00,1.97,0.94,1.78,10.92,13.09,13.75,11.46,4.63],
  [3.45,12.49,18.36,7.40,6.64,7.44,6.31,7.60,4.43,5.46,1.84,3.87,0.97,1.97,99.00,2.55,0.86,11.05,12.80,13.18,11.40,2.74],
  [5.95,13.42,18.30,7.75,9.18,9.98,8.86,10.13,6.90,7.99,0.99,1.50,3.06,0.94,2.55,99.00,2.60,10.12,12.39,13.15,10.71,4.98],
  [3.84,13.33,19.20,8.25,6.71,7.50,6.40,7.61,4.84,5.51,2.19,4.07,0.46,1.78,0.86,2.60,99.00,11.77,13.60,14.02,12.16,3.40],
  [12.27,8.88,9.16,5.47,15.66,16.30,15.35,16.71,12.60,14.86,9.80,9.00,12.01,10.92,11.05,10.12,11.77,99.00,3.17,4.98,1.16,10.83],
  [13.24,6.76,6.12,5.85,16.29,16.83,16.02,17.29,13.34,15.69,11.88,11.49,13.76,13.09,12.80,12.39,13.60,3.17,99.00,2.01,2.05,11.93],
  [13.09,5.00,5.19,5.83,15.86,16.32,15.61,16.81,13.04,15.39,12.52,12.43,14.11,13.75,13.18,13.15,14.02,4.98,2.01,99.00,3.82,11.90],
  [12.30,7.87,8.13,5.16,15.58,16.18,15.28,16.61,12.54,14.85,10.30,9.69,12.37,11.46,11.40,10.71,12.16,1.16,2.05,3.82,99.00,10.91],
  [1.47,10.35,16.98,6.12,5.05,5.79,4.72,6.11,2.14,4.09,4.04,5.94,3.15,4.63,2.74,4.98,3.40,10.83,11.93,11.90,10.91,99.00]
];
