// Chosen Depots: [1, 2]
// Chosen Demand Points (Original DP No): [3, 6, 12, 23, 24, 25, 26, 87, 97, 99, 119, 135, 150, 151, 157, 160, 162, 165, 169, 171]
// Original Weights: [9, 9, 6, 6, 5, 5, 4, 7, 7, 6, 8, 4, 7, 8, 7, 6, 8, 6, 8, 8]

|W| = 2;
|D| = 20;
V = 54;
C = 3;
|K| = 1;
M = 100;
S = 0.25;
|TR| = 7;
δmax = 18.3;
Runtime = 8;

// Priority weights for selected demand points
pj = [
  9, 9, 6, 6, 5, 5, 4, 7, 7, 6, 8, 4, 7, 8, 7, 6, 8, 6, 8, 8
];

δij =
[
  [99.00,99.00,17.00,18.10,9.16,7.04,6.93,7.21,9.54,3.22,2.58,1.26,3.14,3.45,13.09,10.58,11.63,13.61,13.05,1.06,4.75,4.08],
  [99.00,99.00,6.60,8.14,6.12,6.19,8.35,6.74,8.34,11.71,10.69,12.15,9.42,12.49,5.00,3.07,4.21,7.56,3.85,10.11,6.83,8.24],
  [17.00,6.60,99.00,1.75,9.07,10.55,12.13,10.78,10.62,18.11,17.04,18.17,15.82,17.55,4.63,6.48,5.79,6.57,4.06,16.11,13.23,14.70],
  [18.10,8.14,1.75,99.00,9.68,11.39,12.75,11.52,10.94,19.42,18.33,19.30,17.14,18.36,5.19,7.52,6.56,6.43,5.06,17.26,14.57,16.06],
  [9.16,6.12,9.07,9.68,99.00,2.15,3.07,1.98,2.23,11.36,10.24,10.42,9.37,8.75,4.51,3.30,3.31,4.45,5.12,8.56,7.38,8.71],
  [7.04,6.19,10.55,11.39,2.15,99.00,2.19,0.67,3.41,9.21,8.10,8.30,7.26,7.00,6.23,4.16,4.82,6.59,6.49,6.41,5.44,6.68],
  [6.93,8.35,12.13,12.75,3.07,2.19,99.00,1.61,2.62,9.66,8.61,8.16,8.06,5.83,7.58,6.04,6.35,7.14,8.14,6.61,6.82,7.79],
  [7.21,6.74,10.78,11.52,1.98,0.67,1.61,99.00,2.83,9.56,8.45,8.47,7.68,6.84,6.34,4.51,5.00,6.41,6.74,6.66,6.00,7.18],
  [9.54,8.34,10.62,10.94,2.23,3.41,2.62,2.83,99.00,12.18,11.10,10.78,10.43,8.30,6.00,5.45,5.13,4.84,6.92,9.17,8.82,9.99],
  [3.22,11.71,18.11,19.42,11.36,9.21,9.66,9.56,12.18,99.00,1.13,2.63,2.29,6.59,14.73,12.01,13.27,15.74,14.41,3.09,4.89,3.48],
  [2.58,10.69,17.04,18.33,10.24,8.10,8.61,8.45,11.10,1.13,99.00,2.46,1.29,6.03,13.61,10.90,12.14,14.61,13.30,2.15,3.86,2.54],
  [1.26,12.15,18.17,19.30,10.42,8.30,8.16,8.47,10.78,2.63,2.46,99.00,3.47,4.05,14.32,11.78,12.85,14.87,14.24,2.06,5.56,4.61],
  [3.14,9.42,15.82,17.14,9.37,7.26,8.06,7.68,10.43,2.29,1.29,3.47,99.00,6.46,12.51,9.77,11.05,13.66,12.14,2.30,2.60,1.25],
  [3.45,12.49,17.55,18.36,8.75,7.00,5.83,6.84,8.30,6.59,6.03,4.05,6.46,99.00,13.18,11.11,11.81,12.97,13.49,4.15,7.32,7.15],
  [13.09,5.00,4.63,5.19,4.51,6.23,7.58,6.34,6.00,14.73,13.61,14.32,12.51,13.18,99.00,2.79,1.47,2.79,1.38,12.32,10.07,11.55],
  [10.58,3.07,6.48,7.52,3.30,4.16,6.04,4.51,5.45,12.01,10.90,11.78,9.77,11.11,2.79,99.00,1.45,4.77,2.47,9.74,7.29,8.78],
  [11.63,4.21,5.79,6.56,3.31,4.82,6.35,5.00,5.13,13.27,12.14,12.85,11.05,11.81,1.47,1.45,99.00,3.39,1.82,10.85,8.63,10.11],
  [13.61,7.56,6.57,6.43,4.45,6.59,7.14,6.41,4.84,15.74,14.61,14.87,13.66,12.97,2.79,4.77,3.39,99.00,4.17,13.00,11.45,12.88],
  [13.05,3.85,4.06,5.06,5.12,6.49,8.14,6.74,6.92,14.41,13.30,14.24,12.14,13.49,1.38,2.47,1.82,4.17,99.00,12.20,9.60,11.10],
  [1.06,10.11,16.11,17.26,8.56,6.41,6.61,6.66,9.17,3.09,2.15,2.06,2.30,4.15,12.32,9.74,10.85,13.00,12.20,99.00,3.69,3.09],
  [4.75,6.83,13.23,14.57,7.38,5.44,6.82,6.00,8.82,4.89,3.86,5.56,2.60,7.32,10.07,7.29,8.63,11.45,9.60,3.69,99.00,1.49],
  [4.08,8.24,14.70,16.06,8.71,6.68,7.79,7.18,9.99,3.48,2.54,4.61,1.25,7.15,11.55,8.78,10.11,12.88,11.10,3.09,1.49,99.00]
];
