// Chosen Depots: [1, 2]
// Chosen Demand Points (Original DP No): [23, 26, 28, 90, 96, 97, 105, 127, 135, 143, 147, 152, 155, 160, 161, 169]
// Original Weights: [6, 4, 5, 6, 7, 7, 6, 3, 4, 8, 5, 7, 5, 6, 8, 8]

|W| = 2;
|D| = 16;
V = 54;
C = 3;
|K| = 1;
M = 100;
S = 0.25;
|TR| = 6;
δmax = 18.3;
Runtime = 6;

// Priority weights for selected demand points
pj = [
  6, 4, 5, 6, 7, 7, 6, 3, 4, 8, 5, 7, 5, 6, 8, 8
];

δij =
[
  [99.00,99.00,7.04,9.54,6.17,2.02,4.53,2.58,0.36,5.09,3.45,13.37,10.83,10.66,12.30,13.61,13.25,4.75],
  [99.00,99.00,6.19,8.34,7.46,12.16,13.77,10.69,11.16,12.55,12.49,3.87,6.71,3.67,7.87,7.56,4.23,6.83],
  [7.04,6.19,99.00,3.41,1.34,8.82,11.14,8.10,7.27,6.60,7.00,6.87,3.86,4.01,5.43,6.59,6.60,5.44],
  [9.54,8.34,3.41,99.00,3.51,11.50,13.96,11.10,9.84,7.15,8.30,7.33,2.38,4.95,3.15,4.84,6.84,8.82],
  [6.17,7.46,1.34,3.51,99.00,8.07,10.49,7.59,6.44,5.26,5.73,8.19,4.69,5.32,6.13,7.50,7.89,5.55],
  [2.02,12.16,8.82,11.50,8.07,99.00,2.51,1.76,1.69,6.90,5.12,14.80,12.66,12.21,14.18,15.41,14.74,5.39],
  [4.53,13.77,11.14,13.96,10.49,2.51,99.00,3.18,4.19,9.27,7.44,16.74,15.00,14.29,16.55,17.71,16.74,6.97],
  [2.58,10.69,8.10,11.10,7.59,1.76,3.18,99.00,2.25,7.64,6.03,13.57,11.95,11.12,13.52,14.61,13.56,3.86],
  [0.36,11.16,7.27,9.84,6.44,1.69,4.19,2.25,99.00,5.45,3.79,13.51,11.08,10.83,12.57,13.85,13.40,4.68],
  [5.09,12.55,6.60,7.15,5.26,6.90,9.27,7.64,5.45,99.00,1.84,13.41,9.26,10.56,10.30,11.95,13.08,8.26],
  [3.45,12.49,7.00,8.30,5.73,5.12,7.44,6.03,3.79,1.84,99.00,13.87,10.19,11.00,11.40,12.97,13.60,7.32],
  [13.37,3.87,6.87,7.33,8.19,14.80,16.74,13.57,13.51,13.41,13.87,99.00,5.04,2.87,5.46,4.44,0.59,9.84],
  [10.83,6.71,3.86,2.38,4.69,12.66,15.00,11.95,11.08,9.26,10.19,5.04,99.00,3.06,1.62,2.81,4.52,9.03],
  [10.66,3.67,4.01,4.95,5.32,12.21,14.29,11.12,10.83,10.56,11.00,2.87,3.06,99.00,4.23,4.23,2.62,7.59],
  [12.30,7.87,5.43,3.15,6.13,14.18,16.55,13.52,12.57,10.30,11.40,5.46,1.62,4.23,99.00,1.75,4.88,10.64],
  [13.61,7.56,6.59,4.84,7.50,15.41,17.71,14.61,13.85,11.95,12.97,4.44,2.81,4.23,1.75,99.00,3.86,11.45],
  [13.25,4.23,6.60,6.84,7.89,14.74,16.74,13.56,13.40,13.08,13.60,0.59,4.52,2.62,4.88,3.86,99.00,9.89],
  [4.75,6.83,5.44,8.82,5.55,5.39,6.97,3.86,4.68,8.26,7.32,9.84,9.03,7.59,10.64,11.45,9.89,99.00]
];
