// Chosen Depots: [1, 2]
// Chosen Demand Points (Original DP No): [6, 11, 20, 91, 102, 105, 117, 120, 131, 147, 161, 166]
// Original Weights: [9, 5, 6, 6, 6, 6, 7, 7, 2, 5, 8, 6]

|W| = 2;
|D| = 12;
V = 54;
C = 3;
|K| = 1;
M = 100;
S = 0.25;
|TR| = 4;
δmax = 18.3;
Runtime = 4;

// Priority weights for selected demand points
pj = [
  9, 5, 6, 6, 6, 6, 7, 7, 2, 5, 8, 6
];

δij =
[
  [99.00,99.00,18.10,9.24,5.52,1.03,1.23,0.36,3.26,4.21,5.42,10.83,13.25,1.30],
  [99.00,99.00,8.14,6.43,7.11,11.79,11.52,11.16,12.79,13.76,13.72,6.71,4.23,9.95],
  [18.10,8.14,99.00,9.79,12.87,18.97,18.81,18.25,20.39,21.41,18.92,8.59,4.85,17.17],
  [9.24,6.43,9.79,99.00,3.73,10.23,10.23,9.49,12.16,13.20,9.13,1.59,5.31,8.69],
  [5.52,7.11,12.87,3.73,99.00,6.51,6.50,5.76,8.44,9.48,6.62,5.32,8.06,4.97],
  [1.03,11.79,18.97,10.23,6.51,99.00,0.50,0.75,2.29,3.19,6.04,11.82,14.12,1.84],
  [1.23,11.52,18.81,10.23,6.50,0.50,99.00,0.87,2.05,3.03,6.47,11.82,13.97,1.64],
  [0.36,11.16,18.25,9.49,5.76,0.75,0.87,99.00,2.92,3.88,5.75,11.08,13.40,1.23],
  [3.26,12.79,20.39,12.16,8.44,2.29,2.05,2.92,99.00,1.05,8.16,13.74,15.60,3.47],
  [4.21,13.76,21.41,13.20,9.48,3.19,3.03,3.88,1.05,99.00,8.79,14.79,16.63,4.51],
  [5.42,13.72,18.92,9.13,6.62,6.04,6.47,5.75,8.16,8.79,99.00,10.46,14.30,6.38],
  [10.83,6.71,8.59,1.59,5.32,11.82,11.82,11.08,13.74,14.79,10.46,99.00,4.52,10.27],
  [13.25,4.23,4.85,5.31,8.06,14.12,13.97,13.40,15.60,16.63,14.30,4.52,99.00,12.33],
  [1.30,9.95,17.17,8.69,4.97,1.84,1.64,1.23,3.47,4.51,6.38,10.27,12.33,99.00]
];
