// Chosen Depots: [1, 2]
// Chosen Demand Points (Original DP No): [16, 25, 31, 89, 96, 104, 106, 121, 124, 134, 150, 151]
// Original Weights: [4, 5, 6, 7, 7, 7, 7, 6, 3, 4, 7, 8]

|W| = 2;
|D| = 12;
V = 54;
C = 3;
|K| = 1;
M = 100;
S = 0.25;
|TR| = 4;
δmax = 18.3;
Runtime = 4;

// Priority weights for selected demand points
pj = [
  4, 5, 6, 7, 7, 7, 7, 6, 3, 4, 7, 8
];

δij =
[
  [99.00,99.00,7.41,7.21,6.00,4.43,4.53,2.81,2.46,0.99,4.44,3.27,13.09,10.58],
  [99.00,99.00,8.33,6.74,6.09,13.73,13.77,12.45,12.14,10.69,12.99,13.57,5.00,3.07],
  [7.41,8.33,99.00,1.64,3.23,11.76,11.86,10.12,9.73,7.83,6.20,7.84,7.27,5.89],
  [7.21,6.74,1.64,99.00,1.87,11.35,11.44,9.72,9.33,7.42,7.01,8.32,6.34,4.51],
  [6.00,6.09,3.23,1.87,99.00,9.84,9.92,8.25,7.87,6.01,6.93,7.76,7.10,4.70],
  [4.43,13.73,11.76,11.35,9.84,99.00,0.12,1.65,2.03,3.94,8.25,6.29,16.71,14.01],
  [4.53,13.77,11.86,11.44,9.92,0.12,99.00,1.75,2.13,4.04,8.36,6.40,16.78,14.08],
  [2.81,12.45,10.12,9.72,8.25,1.65,1.75,99.00,0.38,2.30,6.88,5.10,15.20,12.53],
  [2.46,12.14,9.73,9.33,7.87,2.03,2.13,0.38,99.00,1.91,6.61,4.90,14.83,12.17],
  [0.99,10.69,7.83,7.42,6.01,3.94,4.04,2.30,1.91,99.00,5.41,4.23,13.04,10.43],
  [4.44,12.99,6.20,7.01,6.93,8.25,8.36,6.88,6.61,5.41,99.00,2.21,13.32,11.41],
  [3.27,13.57,7.84,8.32,7.76,6.29,6.40,5.10,4.90,4.23,2.21,99.00,14.63,12.44],
  [13.09,5.00,7.27,6.34,7.10,16.71,16.78,15.20,14.83,13.04,13.32,14.63,99.00,2.79],
  [10.58,3.07,5.89,4.51,4.70,14.01,14.08,12.53,12.17,10.43,11.41,12.44,2.79,99.00]
];
