// Chosen Depots: [1, 2]
// Chosen Demand Points (Original DP No): [12, 17, 96, 117, 139, 144, 165, 169]
// Original Weights: [6, 5, 7, 7, 4, 8, 6, 8]

|W| = 2;
|D| = 8;
V = 54;
C = 3;
|K| = 1;
M = 100;
S = 0.25;
|TR| = 3;
δmax = 18.3;
Runtime = 2;

// Priority weights for selected demand points
pj = [
  6, 5, 7, 7, 4, 8, 6, 8
];

δij =
[
  [99.00,99.00,9.16,6.15,4.53,3.26,12.27,13.22,1.06,4.75],
  [99.00,99.00,6.12,8.33,13.77,12.79,8.88,4.76,10.11,6.83],
  [9.16,6.12,99.00,3.54,13.29,12.04,3.70,4.78,8.56,7.38],
  [6.15,8.33,3.54,99.00,10.60,9.31,6.14,8.27,5.82,6.18],
  [4.53,13.77,13.29,10.60,99.00,1.29,16.63,16.84,4.79,6.97],
  [3.26,12.79,12.04,9.31,1.29,99.00,15.35,15.68,3.51,5.96],
  [12.27,8.88,3.70,6.14,16.63,15.35,99.00,5.39,11.84,11.06],
  [13.22,4.76,4.78,8.27,16.84,15.68,5.39,99.00,12.42,10.07],
  [1.06,10.11,8.56,5.82,4.79,3.51,11.84,12.42,99.00,3.69],
  [4.75,6.83,7.38,6.18,6.97,5.96,11.06,10.07,3.69,99.00]
];
