// Chosen Depots: [1, 2]
// Chosen Demand Points (Original DP No): [16, 31, 108, 122, 132, 136, 162, 163]
// Original Weights: [4, 6, 7, 8, 4, 2, 8, 8]

|W| = 2;
|D| = 8;
V = 54;
C = 3;
|K| = 1;
M = 100;
S = 0.25;
|TR| = 3;
δmax = 18.3;
Runtime = 2;

// Priority weights for selected demand points
pj = [
  4, 6, 7, 8, 4, 2, 8, 8
];

δij =
[
  [99.00,99.00,7.41,6.00,4.35,3.86,3.51,5.95,13.05,4.12],
  [99.00,99.00,8.33,6.09,13.23,9.10,12.30,13.42,3.85,7.83],
  [7.41,8.33,99.00,3.23,11.57,8.85,6.00,5.88,7.90,7.77],
  [6.00,6.09,3.23,99.00,9.52,6.12,6.29,7.35,7.15,4.88],
  [4.35,13.23,11.57,9.52,99.00,4.13,7.57,9.98,15.98,5.41],
  [3.86,9.10,8.85,6.12,4.13,99.00,7.14,9.48,11.98,1.36],
  [3.51,12.30,6.00,6.29,7.57,7.14,99.00,2.45,13.26,6.98],
  [5.95,13.42,5.88,7.35,9.98,9.48,2.45,99.00,13.71,9.16],
  [13.05,3.85,7.90,7.15,15.98,11.98,13.26,13.71,99.00,10.63],
  [4.12,7.83,7.77,4.88,5.41,1.36,6.98,9.16,10.63,99.00]
];
