// Chosen Depots: [1, 2]
// Chosen Demand Points (Original DP No): [6, 10, 20, 23, 27, 28, 30, 91, 100, 115, 116, 118, 120, 124, 125, 137, 138, 149, 153, 165]
// Original Weights: [9, 4, 6, 6, 7, 5, 5, 6, 7, 7, 7, 7, 7, 3, 2, 3, 3, 6, 8, 6]

|W| = 2;
|D| = 20;
V = 54;
C = 3;
|K| = 1;
M = 100;
S = 0.25;
|TR| = 7;
δmax = 18.3;
Runtime = 8;

// Priority weights for selected demand points
pj = [
  9, 4, 6, 6, 7, 5, 5, 6, 7, 7, 7, 7, 7, 3, 2, 3, 3, 6, 8, 6
];

δij =
[
  [99.00,99.00,18.10,9.07,5.52,7.04,6.11,6.17,7.81,1.03,2.70,4.28,2.70,4.65,4.21,4.44,6.34,3.84,3.89,13.24,11.66,1.06],
  [99.00,99.00,8.14,9.37,7.11,6.19,5.12,7.46,7.88,11.79,12.68,13.17,10.14,13.75,13.76,12.99,13.15,13.33,13.59,6.76,3.44,10.11],
  [18.10,8.14,99.00,12.21,12.87,11.39,12.10,12.63,11.83,18.97,20.16,20.92,17.79,21.50,21.41,18.51,17.78,19.20,19.50,6.12,6.44,17.26],
  [9.07,9.37,12.21,99.00,4.43,3.85,6.57,3.47,1.83,10.09,11.76,13.23,10.55,13.67,13.27,7.16,5.82,8.12,8.43,6.12,7.04,8.83],
  [5.52,7.11,12.87,4.43,99.00,1.53,2.56,0.96,2.70,6.51,8.02,9.28,6.35,9.78,9.48,5.96,6.08,6.45,6.74,7.73,6.51,4.94],
  [7.04,6.19,11.39,3.85,1.53,99.00,2.76,1.34,2.03,8.02,9.49,10.69,7.67,11.20,10.93,7.25,7.04,7.85,8.14,6.20,5.08,6.41],
  [6.11,5.12,12.10,6.57,2.56,2.76,99.00,3.36,4.74,6.90,8.06,8.93,5.78,9.49,9.35,8.00,8.50,8.25,8.49,7.97,5.71,5.19],
  [6.17,7.46,12.63,3.47,0.96,1.34,3.36,99.00,1.77,7.18,8.75,10.09,7.23,10.57,10.24,5.93,5.72,6.57,6.87,7.21,6.40,5.70],
  [7.81,7.88,11.83,1.83,2.70,2.03,4.74,1.77,99.00,8.83,10.44,11.82,8.99,12.29,11.94,6.78,5.98,7.60,7.90,6.02,6.02,7.41],
  [1.03,11.79,18.97,10.09,6.51,8.02,6.90,7.18,8.83,99.00,1.70,3.34,2.49,3.67,3.19,5.09,7.12,4.34,4.32,14.22,12.53,1.71],
  [2.70,12.68,20.16,11.76,8.02,9.49,8.06,8.75,10.44,1.70,99.00,1.70,2.61,1.97,1.51,6.62,8.71,5.75,5.67,15.66,13.76,3.08],
  [4.28,13.17,20.92,13.23,9.28,10.69,8.93,10.09,11.82,3.34,1.70,99.00,3.15,0.58,0.87,8.32,10.41,7.44,7.35,16.76,14.62,4.41],
  [2.70,10.14,17.79,10.55,6.35,7.67,5.78,7.23,8.99,2.49,2.61,3.15,99.00,3.71,3.64,7.09,8.88,6.54,6.58,13.65,11.48,2.05],
  [4.65,13.75,21.50,13.67,9.78,11.20,9.49,10.57,12.29,3.67,1.97,0.58,3.71,99.00,0.64,8.52,10.65,7.61,7.49,17.29,15.19,4.87],
  [4.21,13.76,21.41,13.27,9.48,10.93,9.35,10.24,11.94,3.19,1.51,0.87,3.64,0.64,99.00,7.94,10.08,7.01,6.89,17.07,15.06,4.54],
  [4.44,12.99,18.51,7.16,5.96,7.25,8.00,5.93,6.78,5.09,6.62,8.32,7.09,8.52,7.94,99.00,2.18,1.08,1.35,12.80,12.33,5.11],
  [6.34,13.15,17.78,5.82,6.08,7.04,8.50,5.72,5.98,7.12,8.71,10.41,8.88,10.65,10.08,2.18,99.00,3.23,3.46,11.83,11.92,6.83],
  [3.84,13.33,19.20,8.12,6.45,7.85,8.25,6.57,7.60,4.34,5.75,7.44,6.54,7.61,7.01,1.08,3.23,99.00,0.31,13.60,12.93,4.68],
  [3.89,13.59,19.50,8.43,6.74,8.14,8.49,6.87,7.90,4.32,5.67,7.35,6.58,7.49,6.89,1.35,3.46,0.31,99.00,13.91,13.22,4.77],
  [13.24,6.76,6.12,6.12,7.73,6.20,7.97,7.21,6.02,14.22,15.66,16.76,13.65,17.29,17.07,12.80,11.83,13.60,13.91,99.00,3.33,12.59],
  [11.66,3.44,6.44,7.04,6.51,5.08,5.71,6.40,6.02,12.53,13.76,14.62,11.48,15.19,15.06,12.33,11.92,12.93,13.22,3.33,99.00,10.83],
  [1.06,10.11,17.26,8.83,4.94,6.41,5.19,5.70,7.41,1.71,3.08,4.41,2.05,4.87,4.54,5.11,6.83,4.68,4.77,12.59,10.83,99.00]
];
