// Chosen Depots: [1, 2]
// Chosen Demand Points (Original DP No): [1, 20, 87, 88, 90, 99, 105, 122, 138, 151, 153, 158, 160, 163, 165, 168]
// Original Weights: [9, 6, 7, 6, 6, 6, 6, 8, 3, 8, 8, 8, 6, 8, 6, 5]

|W| = 2;
|D| = 16;
V = 54;
C = 3;
|K| = 1;
M = 100;
S = 0.25;
|TR| = 6;
δmax = 18.3;
Runtime = 6;

// Priority weights for selected demand points
pj = [
  9, 6, 7, 6, 6, 6, 6, 8, 3, 8, 8, 8, 6, 8, 6, 5
];

δij =
[
  [99.00,99.00,19.31,5.52,3.22,1.64,2.02,1.26,0.36,3.86,3.89,10.58,11.66,12.31,13.61,4.12,1.06,1.47],
  [99.00,99.00,9.07,7.11,11.71,11.70,12.16,12.15,11.16,9.10,13.59,3.07,3.44,3.71,7.56,7.83,10.11,10.35],
  [19.31,9.07,99.00,14.14,20.53,20.24,20.73,20.50,19.45,18.02,20.79,8.73,7.67,7.02,7.73,16.69,18.45,18.22],
  [5.52,7.11,14.14,99.00,7.84,6.86,7.34,6.78,5.76,6.31,6.74,5.52,6.51,7.13,8.09,5.19,4.94,4.21],
  [3.22,11.71,20.53,7.84,99.00,1.69,1.61,2.63,2.86,2.67,6.79,12.01,13.11,13.75,15.74,3.87,3.09,4.55],
  [1.64,11.70,20.24,6.86,1.69,99.00,0.49,0.99,1.28,3.30,5.11,11.57,12.66,13.31,14.92,4.08,1.92,3.08],
  [2.02,12.16,20.73,7.34,1.61,0.49,99.00,1.08,1.69,3.61,5.22,12.06,13.15,13.80,15.41,4.48,2.41,3.49],
  [1.26,12.15,20.50,6.78,2.63,0.99,1.08,99.00,1.05,4.16,4.16,11.78,12.86,13.51,14.87,4.78,2.06,2.69],
  [0.36,11.16,19.45,5.76,2.86,1.28,1.69,1.05,99.00,3.63,4.18,10.73,11.81,12.46,13.85,3.99,1.05,1.81],
  [3.86,9.10,18.02,6.31,2.67,3.30,3.61,4.16,3.63,99.00,7.74,9.66,10.75,11.37,13.72,1.36,3.00,4.50],
  [3.89,13.59,20.79,6.74,6.79,5.11,5.22,4.16,4.18,7.74,99.00,12.25,13.22,13.84,14.06,7.79,4.77,3.56],
  [10.58,3.07,8.73,5.52,12.01,11.57,12.06,11.78,10.73,9.66,12.25,99.00,1.10,1.74,4.77,8.30,9.74,9.50],
  [11.66,3.44,7.67,6.51,13.11,12.66,13.15,12.86,11.81,10.75,13.22,1.10,99.00,0.65,4.12,9.39,10.83,10.55],
  [12.31,3.71,7.02,7.13,13.75,13.31,13.80,13.51,12.46,11.37,13.84,1.74,0.65,99.00,3.93,10.01,11.47,11.20],
  [13.61,7.56,7.73,8.09,15.74,14.92,15.41,14.87,13.85,13.72,14.06,4.77,4.12,3.93,99.00,12.38,13.00,12.26],
  [4.12,7.83,16.69,5.19,3.87,4.08,4.48,4.78,3.99,1.36,7.79,8.30,9.39,10.01,12.38,99.00,3.09,4.29],
  [1.06,10.11,18.45,4.94,3.09,1.92,2.41,2.06,1.05,3.00,4.77,9.74,10.83,11.47,13.00,3.09,99.00,1.58],
  [1.47,10.35,18.22,4.21,4.55,3.08,3.49,2.69,1.81,4.50,3.56,9.50,10.55,11.20,12.26,4.29,1.58,99.00]
];
