// Chosen Depots: [1, 2]
// Chosen Demand Points (Original DP No): [10, 11, 24, 88, 89, 105, 128, 151]
// Original Weights: [4, 5, 5, 6, 7, 6, 2, 8]

|W| = 2;
|D| = 8;
V = 54;
C = 3;
|K| = 1;
M = 100;
S = 0.25;
|TR| = 3;
δmax = 18.3;
Runtime = 2;

// Priority weights for selected demand points
pj = [
  4, 5, 5, 6, 7, 6, 2, 8
];

δij =
[
  [99.00,99.00,9.07,9.24,6.93,1.64,4.43,0.36,7.10,10.58],
  [99.00,99.00,9.37,6.43,8.35,11.70,13.73,11.16,13.25,3.07],
  [9.07,9.37,99.00,3.01,2.27,10.64,13.47,9.39,5.40,6.59],
  [9.24,6.43,3.01,99.00,2.96,10.59,13.33,9.49,7.82,3.58],
  [6.93,8.35,2.27,2.96,99.00,8.46,11.28,7.24,5.03,6.04],
  [1.64,11.70,10.64,10.59,8.46,99.00,2.83,1.28,8.67,11.57],
  [4.43,13.73,13.47,13.33,11.28,2.83,99.00,4.09,11.19,14.01],
  [0.36,11.16,9.39,9.49,7.24,1.28,4.09,99.00,7.45,10.73],
  [7.10,13.25,5.40,7.82,5.03,8.67,11.19,7.45,99.00,11.07],
  [10.58,3.07,6.59,3.58,6.04,11.57,14.01,10.73,11.07,99.00]
];
