// Chosen Depots: [1, 2]
// Chosen Demand Points (Original DP No): [18, 26, 106, 130, 155, 158, 160, 165]
// Original Weights: [4, 4, 7, 4, 5, 8, 6, 6]

|W| = 2;
|D| = 8;
V = 54;
C = 3;
|K| = 1;
M = 100;
S = 0.25;
|TR| = 3;
δmax = 18.3;
Runtime = 2;

// Priority weights for selected demand points
pj = [
  4, 4, 7, 4, 5, 8, 6, 6
];

δij =
[
  [99.00,99.00,8.48,9.54,2.46,3.46,12.30,12.31,13.61,1.06],
  [99.00,99.00,9.26,8.34,12.14,13.26,7.87,3.71,7.56,10.11],
  [8.48,9.26,99.00,1.59,10.86,7.83,4.72,7.56,6.42,8.25],
  [9.54,8.34,1.59,99.00,11.83,9.27,3.15,6.20,4.84,9.17],
  [2.46,12.14,10.86,11.83,99.00,5.35,14.45,13.91,15.64,2.67],
  [3.46,13.26,7.83,9.27,5.35,99.00,12.37,13.60,13.93,4.34],
  [12.30,7.87,4.72,3.15,14.45,12.37,99.00,4.62,1.75,11.78],
  [12.31,3.71,7.56,6.20,13.91,13.60,4.62,99.00,3.93,11.47],
  [13.61,7.56,6.42,4.84,15.64,13.93,1.75,3.93,99.00,13.00],
  [1.06,10.11,8.25,9.17,2.67,4.34,11.78,11.47,13.00,99.00]
];
