// Chosen Depots: [1, 2]
// Chosen Demand Points (Original DP No): [13, 21, 25, 90, 93, 101, 103, 109, 123, 128, 135, 143, 156, 159, 161, 170]
// Original Weights: [6, 6, 5, 6, 7, 7, 7, 7, 6, 2, 4, 8, 7, 7, 8, 8]

|W| = 2;
|D| = 16;
V = 54;
C = 3;
|K| = 1;
M = 100;
S = 0.25;
|TR| = 6;
δmax = 18.3;
Runtime = 6;

// Priority weights for selected demand points
pj = [
  6, 6, 5, 6, 7, 7, 7, 7, 6, 2, 4, 8, 7, 7, 8, 8
];

δij =
[
  [99.00,99.00,7.40,8.30,7.21,2.02,3.60,2.39,2.57,3.63,2.62,7.10,3.45,13.37,12.20,10.82,13.25,4.61],
  [99.00,99.00,5.89,5.99,6.74,12.16,12.96,11.24,12.24,13.40,12.84,13.25,12.49,3.87,4.12,4.28,4.23,7.19],
  [7.40,5.89,99.00,0.97,0.85,9.15,10.49,8.73,9.50,10.73,9.85,7.41,7.40,6.48,5.06,3.58,6.21,6.01],
  [8.30,5.99,0.97,99.00,1.20,10.09,11.44,9.69,10.45,11.67,10.77,7.62,8.04,5.98,4.47,2.98,5.64,6.96],
  [7.21,6.74,0.85,1.20,99.00,9.06,10.46,8.75,9.45,10.67,9.74,6.59,6.84,7.13,5.65,4.15,6.81,6.39],
  [2.02,12.16,9.15,10.09,9.06,99.00,1.58,1.19,0.61,1.63,0.71,8.93,5.12,14.80,13.74,12.43,14.74,5.10],
  [3.60,12.96,10.49,11.44,10.46,1.58,99.00,1.80,1.04,0.55,1.21,10.48,6.64,15.85,14.89,13.64,15.83,5.77],
  [2.39,11.24,8.73,9.69,8.75,1.19,1.80,99.00,1.01,2.16,1.70,9.48,5.80,14.07,13.09,11.84,14.04,4.09],
  [2.57,12.24,9.50,10.45,9.45,0.61,1.04,1.01,99.00,1.24,0.73,9.53,5.73,15.00,13.99,12.71,14.96,5.10],
  [3.63,13.40,10.73,11.67,10.67,1.63,0.55,2.16,1.24,99.00,1.04,10.33,6.47,16.22,15.22,13.94,16.18,6.22],
  [2.62,12.84,9.85,10.77,9.74,0.71,1.21,1.70,0.73,1.04,99.00,9.31,5.46,15.50,14.45,13.13,15.44,5.74],
  [7.10,13.25,7.41,7.62,6.59,8.93,10.48,9.48,9.53,10.33,9.31,99.00,3.87,13.53,11.96,10.51,13.13,10.00],
  [3.45,12.49,7.40,8.04,6.84,5.12,6.64,5.80,5.73,6.47,5.46,3.87,99.00,13.87,12.45,10.97,13.60,7.34],
  [13.37,3.87,6.48,5.98,7.13,14.80,15.85,14.07,15.00,16.22,15.50,13.53,13.87,99.00,1.60,3.02,0.59,10.26],
  [12.20,4.12,5.06,4.47,5.65,13.74,14.89,13.09,13.99,15.22,14.45,11.96,12.45,1.60,99.00,1.49,1.18,9.49],
  [10.82,4.28,3.58,2.98,4.15,12.43,13.64,11.84,12.71,13.94,13.13,10.51,10.97,3.02,1.49,99.00,2.66,8.42],
  [13.25,4.23,6.21,5.64,6.81,14.74,15.83,14.04,14.96,16.18,15.44,13.13,13.60,0.59,1.18,2.66,99.00,10.31],
  [4.61,7.19,6.01,6.96,6.39,5.10,5.77,4.09,5.10,6.22,5.74,10.00,7.34,10.26,9.49,8.42,10.31,99.00]
];
