// Chosen Depots: [1, 2]
// Chosen Demand Points (Original DP No): [1, 10, 23, 30, 92, 93, 97, 110, 117, 121, 122, 142, 148, 152, 161, 162]
// Original Weights: [9, 4, 6, 5, 5, 7, 7, 7, 7, 6, 8, 8, 6, 7, 8, 8]

|W| = 2;
|D| = 16;
V = 54;
C = 3;
|K| = 1;
M = 100;
S = 0.25;
|TR| = 6;
δmax = 18.3;
Runtime = 6;

// Priority weights for selected demand points
pj = [
  9, 4, 6, 5, 5, 7, 7, 7, 7, 6, 8, 8, 6, 7, 8, 8
];

δij =
[
  [99.00,99.00,19.31,9.07,7.04,7.81,1.44,3.60,2.58,4.20,3.26,0.99,3.86,11.71,10.90,10.66,13.25,13.05],
  [99.00,99.00,9.07,9.37,6.19,7.88,12.55,12.96,10.69,13.45,12.79,10.69,9.10,2.64,5.26,3.67,4.23,3.85],
  [19.31,9.07,99.00,13.53,12.66,13.14,20.72,21.74,19.45,22.27,21.52,19.13,18.02,7.62,8.98,8.71,6.09,6.26],
  [9.07,9.37,13.53,99.00,3.85,1.83,10.04,12.61,10.86,13.22,12.28,9.56,10.68,7.73,4.93,6.12,8.11,8.18],
  [7.04,6.19,12.66,3.85,99.00,2.03,8.35,10.17,8.10,10.79,9.89,7.17,7.44,5.44,3.89,4.01,6.60,6.49],
  [7.81,7.88,13.14,1.83,2.03,99.00,8.93,11.23,9.35,11.85,10.92,8.17,9.00,6.60,4.19,4.99,7.33,7.32],
  [1.44,12.55,20.72,10.04,8.35,8.93,99.00,3.22,3.22,3.73,2.90,2.06,4.87,13.14,12.23,12.06,14.65,14.46],
  [3.60,12.96,21.74,12.61,10.17,11.23,3.22,99.00,2.29,0.62,0.34,3.06,3.94,14.14,13.88,13.36,15.83,15.58],
  [2.58,10.69,19.45,10.86,8.10,9.35,3.22,2.29,99.00,2.83,2.09,1.62,1.85,11.87,11.70,11.12,13.56,13.30],
  [4.20,13.45,22.27,13.22,10.79,11.85,3.73,0.62,2.83,99.00,0.94,3.69,4.38,14.69,14.48,13.94,16.39,16.14],
  [3.26,12.79,21.52,12.28,9.89,10.92,2.90,0.34,2.09,0.94,99.00,2.75,3.83,13.92,13.61,13.12,15.60,15.35],
  [0.99,10.69,19.13,9.56,7.17,8.17,2.06,3.06,1.62,3.69,2.75,99.00,2.91,11.51,10.95,10.57,13.11,12.89],
  [3.86,9.10,18.02,10.68,7.44,9.00,4.87,3.94,1.85,4.38,3.83,2.91,99.00,10.52,10.74,9.95,12.27,11.98],
  [11.71,2.64,7.62,7.73,5.44,6.60,13.14,14.14,11.87,14.69,13.92,11.51,10.52,99.00,3.00,1.62,1.80,1.48],
  [10.90,5.26,8.98,4.93,3.89,4.19,12.23,13.88,11.70,14.48,13.61,10.95,10.74,3.00,99.00,1.59,3.20,3.25],
  [10.66,3.67,8.71,6.12,4.01,4.99,12.06,13.36,11.12,13.94,13.12,10.57,9.95,1.62,1.59,99.00,2.62,2.49],
  [13.25,4.23,6.09,8.11,6.60,7.33,14.65,15.83,13.56,16.39,15.60,13.11,12.27,1.80,3.20,2.62,99.00,0.37],
  [13.05,3.85,6.26,8.18,6.49,7.32,14.46,15.58,13.30,16.14,15.35,12.89,11.98,1.48,3.25,2.49,0.37,99.00]
];
