// Chosen Depots: [1, 2]
// Chosen Demand Points (Original DP No): [13, 24, 92, 99, 100, 105, 111, 116, 117, 120, 125, 131, 133, 135, 136, 139, 146, 152, 158, 161]
// Original Weights: [6, 5, 5, 6, 7, 6, 7, 7, 7, 7, 2, 2, 4, 4, 2, 4, 8, 7, 8, 8]

|W| = 2;
|D| = 20;
V = 54;
C = 3;
|K| = 1;
M = 100;
S = 0.25;
|TR| = 7;
δmax = 18.3;
Runtime = 8;

// Priority weights for selected demand points
pj = [
  6, 5, 5, 6, 7, 6, 7, 7, 7, 7, 2, 2, 4, 4, 2, 4, 8, 7, 8, 8
];

δij =
[
  [99.00,99.00,7.40,6.93,1.44,1.26,2.70,0.36,2.79,2.70,3.26,4.21,6.34,5.42,3.51,3.45,5.95,12.27,11.96,10.66,12.31,13.25],
  [99.00,99.00,5.89,8.35,12.55,12.15,12.68,11.16,12.72,10.14,12.79,13.76,13.15,13.72,12.30,12.49,13.42,8.88,3.06,3.67,3.71,4.23],
  [7.40,5.89,99.00,2.46,8.72,8.65,9.82,7.62,9.90,7.95,10.21,11.25,7.39,8.20,7.16,7.40,7.75,5.47,5.16,3.61,5.30,6.21],
  [6.93,8.35,2.46,99.00,8.01,8.16,9.60,7.24,9.68,8.29,10.10,11.10,5.13,6.18,5.57,5.83,5.58,5.39,7.33,5.74,7.34,8.17],
  [1.44,12.55,8.72,8.01,99.00,0.77,2.26,1.42,2.35,3.55,2.90,3.59,6.49,5.26,3.59,3.44,5.97,13.39,13.38,12.06,13.71,14.65],
  [1.26,12.15,8.65,8.16,0.77,99.00,1.64,1.05,1.73,2.82,2.27,3.09,7.08,5.93,4.18,4.05,6.60,13.52,13.15,11.88,13.51,14.45],
  [2.70,12.68,9.82,9.60,2.26,1.64,99.00,2.37,0.09,2.61,0.64,1.51,8.71,7.51,5.81,5.67,8.22,14.89,14.00,12.83,14.41,15.35],
  [0.36,11.16,7.62,7.24,1.42,1.05,2.37,99.00,2.46,2.41,2.92,3.88,6.70,5.75,3.85,3.79,6.30,12.56,12.10,10.83,12.46,13.40],
  [2.79,12.72,9.90,9.68,2.35,1.73,0.09,2.46,99.00,2.63,0.56,1.42,8.80,7.60,5.90,5.76,8.31,14.97,14.05,12.90,14.47,15.41],
  [2.70,10.14,7.95,8.29,3.55,2.82,2.61,2.41,2.63,99.00,2.65,3.64,8.88,8.08,6.14,6.12,8.55,13.30,11.65,10.61,12.11,13.03],
  [3.26,12.79,10.21,10.10,2.90,2.27,0.64,2.92,0.56,2.65,99.00,1.05,9.35,8.16,6.44,6.31,8.86,15.35,14.23,13.12,14.67,15.60],
  [4.21,13.76,11.25,11.10,3.59,3.09,1.51,3.88,1.42,3.64,1.05,99.00,10.08,8.79,7.18,7.03,9.55,16.38,15.26,14.16,15.70,16.63],
  [6.34,13.15,7.39,5.13,6.49,7.08,8.71,6.70,8.80,8.88,9.35,10.08,99.00,1.64,2.91,3.05,0.70,9.48,12.45,10.86,12.47,13.30],
  [5.42,13.72,8.20,6.18,5.26,5.93,7.51,5.75,7.60,8.08,8.16,8.79,1.64,99.00,1.95,1.97,0.94,10.92,13.35,11.78,13.44,14.30],
  [3.51,12.30,7.16,5.57,3.59,4.18,5.81,3.85,5.90,6.14,6.44,7.18,2.91,1.95,99.00,0.26,2.45,10.79,12.29,10.77,12.46,13.37],
  [3.45,12.49,7.40,5.83,3.44,4.05,5.67,3.79,5.76,6.12,6.31,7.03,3.05,1.97,0.26,99.00,2.55,11.05,12.52,11.00,12.70,13.60],
  [5.95,13.42,7.75,5.58,5.97,6.60,8.22,6.30,8.31,8.55,8.86,9.55,0.70,0.94,2.45,2.55,99.00,10.12,12.86,11.28,12.91,13.76],
  [12.27,8.88,5.47,5.39,13.39,13.52,14.89,12.56,14.97,13.30,15.35,16.38,9.48,10.92,10.79,11.05,10.12,99.00,6.21,5.21,5.75,6.04],
  [11.96,3.06,5.16,7.33,13.38,13.15,14.00,12.10,14.05,11.65,14.23,15.26,12.45,13.35,12.29,12.52,12.86,6.21,99.00,1.59,0.65,1.41],
  [10.66,3.67,3.61,5.74,12.06,11.88,12.83,10.83,12.90,10.61,13.12,14.16,10.86,11.78,10.77,11.00,11.28,5.21,1.59,99.00,1.69,2.62],
  [12.31,3.71,5.30,7.34,13.71,13.51,14.41,12.46,14.47,12.11,14.67,15.70,12.47,13.44,12.46,12.70,12.91,5.75,0.65,1.69,99.00,0.94],
  [13.25,4.23,6.21,8.17,14.65,14.45,15.35,13.40,15.41,13.03,15.60,16.63,13.30,14.30,13.37,13.60,13.76,6.04,1.41,2.62,0.94,99.00]
];
