// Chosen Depots: [1, 2]
// Chosen Demand Points (Original DP No): [2, 21, 25, 90, 98, 99, 102, 112, 114, 117, 119, 125, 131, 135, 136, 138, 145, 167, 170, 171]
// Original Weights: [9, 6, 5, 6, 6, 6, 6, 7, 7, 7, 8, 2, 2, 4, 2, 3, 7, 9, 8, 8]

|W| = 2;
|D| = 20;
V = 54;
C = 3;
|K| = 1;
M = 100;
S = 0.25;
|TR| = 7;
δmax = 18.3;
Runtime = 8;

// Priority weights for selected demand points
pj = [
  9, 6, 5, 6, 6, 6, 6, 7, 7, 7, 8, 2, 2, 4, 2, 3, 7, 9, 8, 8
];

δij =
[
  [99.00,99.00,19.21,8.30,7.21,2.02,2.57,1.26,1.23,3.68,3.82,3.26,3.14,6.34,5.42,3.45,5.95,3.89,11.87,5.18,4.61,4.08],
  [99.00,99.00,8.93,5.99,6.74,12.16,13.06,12.15,11.52,12.55,12.73,12.79,9.42,13.15,13.72,12.49,13.42,13.59,4.28,7.40,7.19,8.24],
  [19.21,8.93,99.00,11.56,12.75,20.62,21.48,20.40,19.88,21.26,21.45,21.41,18.13,19.07,20.18,19.58,19.58,20.72,7.53,16.27,15.94,17.01],
  [8.30,5.99,11.56,99.00,1.20,10.09,10.82,9.55,9.26,11.26,11.44,11.15,8.48,7.71,8.67,8.04,8.14,9.18,4.04,7.80,6.96,7.85],
  [7.21,6.74,12.75,1.20,99.00,9.06,9.76,8.47,8.22,10.32,10.50,10.17,7.68,6.62,7.50,6.84,7.01,7.98,5.23,7.29,6.39,7.18],
  [2.02,12.16,20.62,10.09,9.06,99.00,0.91,1.08,0.84,1.76,1.87,1.25,2.98,8.14,7.01,5.12,7.67,5.22,13.45,5.33,5.10,4.22],
  [2.57,13.06,21.48,10.82,9.76,0.91,99.00,1.34,1.61,1.99,2.01,1.28,3.88,8.25,6.98,5.20,7.72,5.09,14.27,6.23,6.02,5.12],
  [1.26,12.15,20.40,9.55,8.47,1.08,1.34,99.00,0.81,2.84,2.94,2.27,3.47,7.08,5.93,4.05,6.60,4.16,13.09,5.74,5.35,4.61],
  [1.23,11.52,19.88,9.26,8.22,0.84,1.61,0.81,99.00,2.45,2.59,2.05,2.66,7.51,6.47,4.54,7.08,4.79,12.66,4.95,4.60,3.82],
  [3.68,12.55,21.26,11.26,10.32,1.76,1.99,2.84,2.45,99.00,0.19,0.71,3.14,9.90,8.76,6.89,9.44,6.95,14.34,5.26,5.36,4.31],
  [3.82,12.73,21.45,11.44,10.50,1.87,2.01,2.94,2.59,0.19,99.00,0.73,3.32,10.01,8.85,6.99,9.54,7.03,14.52,5.43,5.54,4.49],
  [3.26,12.79,21.41,11.15,10.17,1.25,1.28,2.27,2.05,0.71,0.73,99.00,3.37,9.35,8.16,6.31,8.86,6.31,14.37,5.62,5.61,4.60],
  [3.14,9.42,18.13,8.48,7.68,2.98,3.88,3.47,2.66,3.14,3.32,3.37,99.00,9.08,8.41,6.46,8.81,7.02,11.28,2.34,2.24,1.25],
  [6.34,13.15,19.07,7.71,6.62,8.14,8.25,7.08,7.51,9.90,10.01,9.35,9.08,99.00,1.64,3.05,0.70,3.46,11.68,10.36,9.47,9.53],
  [5.42,13.72,20.18,8.67,7.50,7.01,6.98,5.93,6.47,8.76,8.85,8.16,8.41,1.64,99.00,1.97,0.94,1.94,12.70,10.00,9.17,9.05],
  [3.45,12.49,19.58,8.04,6.84,5.12,5.20,4.05,4.54,6.89,6.99,6.31,6.46,3.05,1.97,99.00,2.55,1.14,12.05,8.13,7.34,7.15],
  [5.95,13.42,19.58,8.14,7.01,7.67,7.72,6.60,7.08,9.44,9.54,8.86,8.81,0.70,0.94,2.55,99.00,2.81,12.15,10.23,9.36,9.35],
  [3.89,13.59,20.72,9.18,7.98,5.22,5.09,4.16,4.79,6.95,7.03,6.31,7.02,3.46,1.94,1.14,2.81,99.00,13.19,8.88,8.16,7.84],
  [11.87,4.28,7.53,4.04,5.23,13.45,14.27,13.09,12.66,14.34,14.52,14.37,11.28,11.68,12.70,12.05,12.15,13.19,99.00,9.87,9.29,10.34],
  [5.18,7.40,16.27,7.80,7.29,5.33,6.23,5.74,4.95,5.26,5.43,5.62,2.34,10.36,10.00,8.13,10.23,8.88,9.87,99.00,0.96,1.13],
  [4.61,7.19,15.94,6.96,6.39,5.10,6.02,5.35,4.60,5.36,5.54,5.61,2.24,9.47,9.17,7.34,9.36,8.16,9.29,0.96,99.00,1.07],
  [4.08,8.24,17.01,7.85,7.18,4.22,5.12,4.61,3.82,4.31,4.49,4.60,1.25,9.53,9.05,7.15,9.35,7.84,10.34,1.13,1.07,99.00]
];
