// Chosen Depots: [1, 2]
// Chosen Demand Points (Original DP No): [13, 18, 21, 87, 91, 92, 93, 106, 111, 112, 116, 120, 122, 124, 126, 128, 131, 149, 164, 171]
// Original Weights: [6, 4, 6, 7, 6, 5, 7, 7, 7, 7, 7, 7, 8, 3, 3, 2, 2, 6, 9, 8]

|W| = 2;
|D| = 20;
V = 54;
C = 3;
|K| = 1;
M = 100;
S = 0.25;
|TR| = 7;
δmax = 18.3;
Runtime = 8;

// Priority weights for selected demand points
pj = [
  6, 4, 6, 7, 6, 5, 7, 7, 7, 7, 7, 7, 8, 3, 3, 2, 2, 6, 9, 8
];

δij =
[
  [99.00,99.00,7.40,8.48,8.30,3.22,1.03,1.44,3.60,2.46,2.79,3.68,2.70,4.21,3.86,4.44,5.05,7.10,5.42,13.24,4.80,4.08],
  [99.00,99.00,5.89,9.26,5.99,11.71,11.79,12.55,12.96,12.14,12.72,12.55,10.14,13.76,9.10,12.99,13.43,13.25,13.72,6.76,7.77,8.24],
  [7.40,5.89,99.00,3.62,0.97,9.51,8.37,8.72,10.49,9.38,9.90,10.30,7.95,11.25,7.67,7.64,7.97,7.41,8.20,5.85,6.96,6.89],
  [8.48,9.26,3.62,99.00,3.27,11.32,9.50,9.45,12.02,10.86,11.26,11.99,9.99,12.68,10.15,6.63,6.67,5.02,6.75,6.46,9.80,9.52],
  [8.30,5.99,0.97,3.27,99.00,10.47,9.28,9.59,11.44,10.33,10.83,11.26,8.92,12.20,8.64,8.20,8.46,7.62,8.67,4.95,7.90,7.85],
  [3.22,11.71,9.51,11.32,10.47,99.00,2.48,3.39,1.28,1.11,1.46,0.85,1.63,2.06,2.67,7.56,8.16,10.31,8.51,15.26,4.04,3.48],
  [1.03,11.79,8.37,9.50,9.28,2.48,99.00,1.06,2.63,1.54,1.79,2.79,2.49,3.19,3.82,5.09,5.69,7.90,6.04,14.22,4.97,4.25],
  [1.44,12.55,8.72,9.45,9.59,3.39,1.06,99.00,3.22,2.32,2.35,3.52,3.55,3.59,4.87,4.37,4.93,7.30,5.26,14.54,5.99,5.26],
  [3.60,12.96,10.49,12.02,11.44,1.28,2.63,3.22,99.00,1.16,0.88,0.57,2.83,0.81,3.94,7.58,8.15,10.48,8.48,16.29,5.32,4.75],
  [2.46,12.14,9.38,10.86,10.33,1.11,1.54,2.32,1.16,99.00,0.58,1.25,2.07,1.87,3.37,6.61,7.19,9.44,7.53,15.21,4.71,4.06],
  [2.79,12.72,9.90,11.26,10.83,1.46,1.79,2.35,0.88,0.58,99.00,1.23,2.63,1.42,3.91,6.71,7.27,9.61,7.60,15.73,5.27,4.62],
  [3.68,12.55,10.30,11.99,11.26,0.85,2.79,3.52,0.57,1.25,1.23,99.00,2.48,1.25,3.48,7.85,8.43,10.69,8.76,16.07,4.85,4.31],
  [2.70,10.14,7.95,9.99,8.92,1.63,2.49,3.55,2.83,2.07,2.63,2.48,99.00,3.64,1.36,7.09,7.72,9.58,8.08,13.65,2.65,1.99],
  [4.21,13.76,11.25,12.68,12.20,2.06,3.19,3.59,0.81,1.87,1.42,1.25,3.64,99.00,4.72,7.94,8.48,10.89,8.79,17.07,6.10,5.54],
  [3.86,9.10,7.67,10.15,8.64,2.67,3.82,4.87,3.94,3.37,3.91,3.48,1.36,4.72,99.00,8.10,8.73,10.37,9.10,13.16,1.37,0.89],
  [4.44,12.99,7.64,6.63,8.20,7.56,5.09,4.37,7.58,6.61,6.71,7.85,7.09,7.94,8.10,99.00,0.62,3.01,1.00,12.80,8.72,8.06],
  [5.05,13.43,7.97,6.67,8.46,8.16,5.69,4.93,8.15,7.19,7.27,8.43,7.72,8.48,8.73,0.62,99.00,2.61,0.37,12.95,9.33,8.68],
  [7.10,13.25,7.41,5.02,7.62,10.31,7.90,7.30,10.48,9.44,9.61,10.69,9.58,10.89,10.37,3.01,2.61,99.00,2.44,11.49,10.70,10.13],
  [5.42,13.72,8.20,6.75,8.67,8.51,6.04,5.26,8.48,7.53,7.60,8.76,8.08,8.79,9.10,1.00,0.37,2.44,99.00,13.09,9.70,9.05],
  [13.24,6.76,5.85,6.46,4.95,15.26,14.22,14.54,16.29,15.21,15.73,16.07,13.65,17.07,13.16,12.80,12.95,11.49,13.09,99.00,12.19,12.31],
  [4.80,7.77,6.96,9.80,7.90,4.04,4.97,5.99,5.32,4.71,5.27,4.85,2.65,6.10,1.37,8.72,9.33,10.70,9.70,12.19,99.00,0.73],
  [4.08,8.24,6.89,9.52,7.85,3.48,4.25,5.26,4.75,4.06,4.62,4.31,1.99,5.54,0.89,8.06,8.68,10.13,9.05,12.31,0.73,99.00]
];
