// Chosen Depots: [1, 2]
// Chosen Demand Points (Original DP No): [13, 31, 92, 99, 111, 112, 123, 134, 137, 138, 139, 145]
// Original Weights: [6, 6, 5, 6, 7, 7, 6, 4, 3, 3, 4, 7]

|W| = 2;
|D| = 12;
V = 54;
C = 3;
|K| = 1;
M = 100;
S = 0.25;
|TR| = 4;
δmax = 18.3;
Runtime = 4;

// Priority weights for selected demand points
pj = [
  6, 6, 5, 6, 7, 7, 6, 4, 3, 3, 4, 7
];

δij =
[
  [99.00,99.00,7.40,6.00,1.44,1.26,2.79,3.68,2.62,3.27,3.84,3.89,12.27,11.87],
  [99.00,99.00,5.89,6.09,12.55,12.15,12.72,12.55,12.84,13.57,13.33,13.59,8.88,4.28],
  [7.40,5.89,99.00,1.56,8.72,8.65,9.90,10.30,9.85,8.80,8.25,8.54,5.47,4.67],
  [6.00,6.09,1.56,99.00,7.37,7.23,8.40,8.76,8.37,7.76,7.36,7.63,7.00,5.88],
  [1.44,12.55,8.72,7.37,99.00,0.77,2.35,3.52,2.02,2.58,3.50,3.43,13.39,13.25],
  [1.26,12.15,8.65,7.23,0.77,99.00,1.73,2.84,1.47,3.33,4.20,4.16,13.52,13.09],
  [2.79,12.72,9.90,8.40,2.35,1.73,99.00,1.23,0.37,4.87,5.84,5.76,14.97,14.14],
  [3.68,12.55,10.30,8.76,3.52,2.84,1.23,99.00,1.60,6.08,7.02,6.95,15.54,14.34],
  [2.62,12.84,9.85,8.37,2.02,1.47,0.37,1.60,99.00,4.52,5.51,5.41,14.86,14.15],
  [3.27,13.57,8.80,7.76,2.58,3.33,4.87,6.08,4.52,99.00,1.14,0.94,12.67,13.47],
  [3.84,13.33,8.25,7.36,3.50,4.20,5.84,7.02,5.51,1.14,99.00,0.31,11.77,12.89],
  [3.89,13.59,8.54,7.63,3.43,4.16,5.76,6.95,5.41,0.94,0.31,99.00,12.08,13.19],
  [12.27,8.88,5.47,7.00,13.39,13.52,14.97,15.54,14.86,12.67,11.77,12.08,99.00,4.87],
  [11.87,4.28,4.67,5.88,13.25,13.09,14.14,14.34,14.15,13.47,12.89,13.19,4.87,99.00]
];
