// Chosen Depots: [1, 2]
// Chosen Demand Points (Original DP No): [1, 14, 21, 24, 103, 111, 117, 126, 131, 150, 162, 168]
// Original Weights: [9, 5, 6, 5, 7, 7, 7, 3, 2, 7, 8, 5]

|W| = 2;
|D| = 12;
V = 54;
C = 3;
|K| = 1;
M = 100;
S = 0.25;
|TR| = 4;
δmax = 18.3;
Runtime = 4;

// Priority weights for selected demand points
pj = [
  9, 5, 6, 5, 7, 7, 7, 3, 2, 7, 8, 5
];

δij =
[
  [99.00,99.00,19.31,5.42,8.30,6.93,2.57,2.79,3.26,5.05,5.42,13.09,13.05,1.47],
  [99.00,99.00,9.07,7.73,5.99,8.35,12.24,12.72,12.79,13.43,13.72,5.00,3.85,10.35],
  [19.31,9.07,99.00,14.54,11.62,14.06,20.91,21.37,21.52,20.05,20.23,6.49,6.26,18.22],
  [5.42,7.73,14.54,99.00,3.01,1.80,7.75,8.09,8.47,5.77,6.03,8.09,8.37,4.03],
  [8.30,5.99,11.62,3.01,99.00,2.59,10.45,10.83,11.15,8.46,8.67,5.14,5.58,6.98],
  [6.93,8.35,14.06,1.80,2.59,99.00,9.38,9.68,10.10,6.01,6.18,7.58,8.14,5.48],
  [2.57,12.24,20.91,7.75,10.45,9.38,99.00,0.49,0.72,7.28,7.61,14.94,14.71,4.01],
  [2.79,12.72,21.37,8.09,10.83,9.68,0.49,99.00,0.56,7.27,7.60,15.38,15.17,4.26],
  [3.26,12.79,21.52,8.47,11.15,10.10,0.72,0.56,99.00,7.83,8.16,15.61,15.35,4.72],
  [5.05,13.43,20.05,5.77,8.46,6.01,7.28,7.27,7.83,99.00,0.37,13.56,14.03,4.26],
  [5.42,13.72,20.23,6.03,8.67,6.18,7.61,7.60,8.16,0.37,99.00,13.75,14.24,4.63],
  [13.09,5.00,6.49,8.09,5.14,7.58,14.94,15.38,15.61,13.56,13.75,99.00,1.38,11.90],
  [13.05,3.85,6.26,8.37,5.58,8.14,14.71,15.17,15.35,14.03,14.24,1.38,99.00,11.96],
  [1.47,10.35,18.22,4.03,6.98,5.48,4.01,4.26,4.72,4.26,4.63,11.90,11.96,99.00]
];
