// Chosen Depots: [1, 2]
// Chosen Demand Points (Original DP No): [1, 2, 3, 18, 105, 108, 109, 110, 114, 122, 129, 138, 142, 150, 155, 162]
// Original Weights: [9, 9, 9, 4, 6, 7, 7, 7, 7, 8, 2, 3, 8, 7, 5, 8]

|W| = 2;
|D| = 16;
V = 54;
C = 3;
|K| = 1;
M = 100;
S = 0.25;
|TR| = 6;
δmax = 18.3;
Runtime = 6;

// Priority weights for selected demand points
pj = [
  9, 9, 9, 4, 6, 7, 7, 7, 7, 8, 2, 3, 8, 7, 5, 8
];

δij =
[
  [99.00,99.00,19.31,19.21,17.00,8.48,0.36,4.35,3.63,4.20,3.82,3.86,6.83,3.89,11.71,13.09,12.30,13.05],
  [99.00,99.00,9.07,8.93,6.60,9.26,11.16,13.23,13.40,13.45,12.73,9.10,14.13,13.59,2.64,5.00,7.87,3.85],
  [19.31,9.07,99.00,0.19,2.47,13.83,19.45,22.09,22.12,22.27,21.56,18.02,20.03,20.79,7.62,6.49,9.44,6.26],
  [19.21,8.93,0.19,99.00,2.33,13.80,19.35,21.97,22.01,22.16,21.45,17.89,20.00,20.72,7.52,6.44,9.44,6.17],
  [17.00,6.60,2.47,2.33,99.00,12.12,17.13,19.67,19.72,19.86,19.14,15.57,18.20,18.69,5.29,4.63,8.12,4.06],
  [8.48,9.26,13.83,13.80,12.12,99.00,8.80,12.73,12.11,12.64,12.16,10.15,6.27,7.88,7.77,7.49,4.72,8.32],
  [0.36,11.16,19.45,19.35,17.13,8.80,99.00,4.00,3.31,3.86,3.46,3.63,7.18,4.18,11.84,13.27,12.57,13.20],
  [4.35,13.23,22.09,21.97,19.67,12.73,4.00,99.00,1.12,0.45,0.58,4.13,10.80,7.41,14.53,16.32,16.18,15.98],
  [3.63,13.40,22.12,22.01,19.72,12.11,3.31,1.12,99.00,0.73,1.04,4.43,9.79,6.36,14.51,16.18,15.78,15.94],
  [4.20,13.45,22.27,22.16,19.86,12.64,3.86,0.45,0.73,99.00,0.73,4.38,10.51,7.09,14.69,16.43,16.19,16.14],
  [3.82,12.73,21.56,21.45,19.14,12.16,3.46,0.58,1.04,0.73,99.00,3.65,10.37,7.03,13.99,15.76,15.60,15.44],
  [3.86,9.10,18.02,17.89,15.57,10.15,3.63,4.13,4.43,4.38,3.65,99.00,10.38,7.74,10.52,12.43,12.81,11.98],
  [6.83,14.13,20.03,20.00,18.20,6.27,7.18,10.80,9.79,10.51,10.37,10.38,99.00,3.49,13.38,13.60,10.96,14.23],
  [3.89,13.59,20.79,20.72,18.69,7.88,4.18,7.41,6.36,7.09,7.03,7.74,3.49,99.00,13.51,14.31,12.47,14.63],
  [11.71,2.64,7.62,7.52,5.29,7.77,11.84,14.53,14.51,14.69,13.99,10.52,13.38,13.51,99.00,2.38,5.42,1.48],
  [13.09,5.00,6.49,6.44,4.63,7.49,13.27,16.32,16.18,16.43,15.76,12.43,13.60,14.31,2.38,99.00,3.82,1.38],
  [12.30,7.87,9.44,9.44,8.12,4.72,12.57,16.18,15.78,16.19,15.60,12.81,10.96,12.47,5.42,3.82,99.00,5.10],
  [13.05,3.85,6.26,6.17,4.06,8.32,13.20,15.98,15.94,16.14,15.44,11.98,14.23,14.63,1.48,1.38,5.10,99.00]
];
