// Chosen Depots: [1, 2]
// Chosen Demand Points (Original DP No): [25, 27, 87, 96, 115, 119, 133, 147, 155, 159, 168, 169]
// Original Weights: [5, 7, 7, 7, 7, 8, 4, 5, 5, 7, 5, 8]

|W| = 2;
|D| = 12;
V = 54;
C = 3;
|K| = 1;
M = 100;
S = 0.25;
|TR| = 4;
δmax = 18.3;
Runtime = 4;

// Priority weights for selected demand points
pj = [
  5, 7, 7, 7, 7, 8, 4, 5, 5, 7, 5, 8
];

δij =
[
  [99.00,99.00,7.21,6.11,3.22,4.53,4.28,3.14,3.51,10.83,12.30,10.82,1.47,4.75],
  [99.00,99.00,6.74,5.12,11.71,13.77,13.17,9.42,12.30,6.71,7.87,4.28,10.35,6.83],
  [7.21,6.74,99.00,3.40,9.56,11.44,11.00,7.68,6.60,3.61,5.12,4.15,5.85,6.00],
  [6.11,5.12,3.40,99.00,7.41,9.47,8.93,5.20,7.24,6.12,7.74,5.15,5.25,2.92],
  [3.22,11.71,9.56,7.41,99.00,2.08,1.52,2.29,6.67,13.07,14.64,12.54,4.55,4.89],
  [4.53,13.77,11.44,9.47,2.08,99.00,0.63,4.37,7.59,15.00,16.55,14.57,6.00,6.97],
  [4.28,13.17,11.00,8.93,1.52,0.63,99.00,3.79,7.50,14.54,16.11,14.05,5.72,6.37],
  [3.14,9.42,7.68,5.20,2.29,4.37,3.79,99.00,6.45,11.07,12.67,10.35,3.83,2.60],
  [3.51,12.30,6.60,7.24,6.67,7.59,7.50,6.45,99.00,9.93,11.14,10.73,2.69,7.23],
  [10.83,6.71,3.61,6.12,13.07,15.00,14.54,11.07,9.93,99.00,1.62,2.48,9.46,9.03],
  [12.30,7.87,5.12,7.74,14.64,16.55,16.11,12.67,11.14,1.62,99.00,3.61,10.91,10.64],
  [10.82,4.28,4.15,5.15,12.54,14.57,14.05,10.35,10.73,2.48,3.61,99.00,9.63,7.98],
  [1.47,10.35,5.85,5.25,4.55,6.00,5.72,3.83,2.69,9.46,10.91,9.63,99.00,4.62],
  [4.75,6.83,6.00,2.92,4.89,6.97,6.37,2.60,7.23,9.03,10.64,7.98,4.62,99.00]
];
