// Chosen Depots: [1, 2]
// Chosen Demand Points (Original DP No): [10, 11, 23, 29, 87, 107, 110, 117, 124, 135, 149, 168]
// Original Weights: [4, 5, 6, 5, 7, 8, 7, 7, 3, 4, 6, 5]

|W| = 2;
|D| = 12;
V = 54;
C = 3;
|K| = 1;
M = 100;
S = 0.25;
|TR| = 4;
δmax = 18.3;
Runtime = 4;

// Priority weights for selected demand points
pj = [
  4, 5, 6, 5, 7, 8, 7, 7, 3, 4, 6, 5
];

δij =
[
  [99.00,99.00,9.07,9.24,7.04,6.88,3.22,3.04,4.20,3.26,4.44,3.45,13.24,1.47],
  [99.00,99.00,9.37,6.43,6.19,8.14,11.71,10.10,13.45,12.79,12.99,12.49,6.76,10.35],
  [9.07,9.37,99.00,3.01,3.85,2.41,11.90,10.81,13.22,12.28,7.16,7.43,6.12,7.60],
  [9.24,6.43,3.01,99.00,2.29,2.86,11.51,10.14,13.07,12.16,8.76,8.71,4.11,7.88],
  [7.04,6.19,3.85,2.29,99.00,1.98,9.21,7.85,10.79,9.89,7.25,7.00,6.20,5.75],
  [6.88,8.14,2.41,2.86,1.98,99.00,9.56,8.42,10.96,10.02,5.90,5.88,6.92,5.43],
  [3.22,11.71,11.90,11.51,9.21,9.56,99.00,1.61,1.75,1.20,7.56,6.59,15.26,4.55],
  [3.04,10.10,10.81,10.14,7.85,8.42,1.61,99.00,3.36,2.72,7.44,6.46,13.78,3.97],
  [4.20,13.45,13.22,13.07,10.79,10.96,1.75,3.36,99.00,0.94,8.10,7.17,16.90,5.66],
  [3.26,12.79,12.28,12.16,9.89,10.02,1.20,2.72,0.94,99.00,7.26,6.31,16.02,4.72],
  [4.44,12.99,7.16,8.76,7.25,5.90,7.56,7.44,8.10,7.26,99.00,0.98,12.80,3.64],
  [3.45,12.49,7.43,8.71,7.00,5.88,6.59,6.46,7.17,6.31,0.98,99.00,12.80,2.74],
  [13.24,6.76,6.12,4.11,6.20,6.92,15.26,13.78,16.90,16.02,12.80,12.80,99.00,11.93],
  [1.47,10.35,7.60,7.88,5.75,5.43,4.55,3.97,5.66,4.72,3.64,2.74,11.93,99.00]
];
