// Chosen Depots: [1, 2]
// Chosen Demand Points (Original DP No): [3, 18, 27, 29, 89, 97, 106, 110, 155, 159, 160, 163]
// Original Weights: [9, 4, 7, 5, 7, 7, 7, 7, 5, 7, 6, 8]

|W| = 2;
|D| = 12;
V = 54;
C = 3;
|K| = 1;
M = 100;
S = 0.25;
|TR| = 4;
δmax = 18.3;
Runtime = 4;

// Priority weights for selected demand points
pj = [
  9, 4, 7, 5, 7, 7, 7, 7, 5, 7, 6, 8
];

δij =
[
  [99.00,99.00,17.00,8.48,6.11,6.88,4.43,2.58,2.46,4.20,12.30,10.82,13.61,4.12],
  [99.00,99.00,6.60,9.26,5.12,8.14,13.73,10.69,12.14,13.45,7.87,4.28,7.56,7.83],
  [17.00,6.60,99.00,12.12,10.92,11.99,20.14,17.04,18.41,19.86,8.12,6.62,6.57,14.26],
  [8.48,9.26,12.12,99.00,6.17,1.89,12.88,10.29,10.86,12.64,4.72,5.77,6.42,9.10],
  [6.11,5.12,10.92,6.17,99.00,4.41,9.40,6.29,7.56,9.12,7.74,5.15,8.54,3.85],
  [6.88,8.14,11.99,1.89,4.41,99.00,11.21,8.50,9.18,10.96,5.58,5.38,7.09,7.21],
  [4.43,13.73,20.14,12.88,9.40,11.21,99.00,3.11,2.03,0.28,16.46,14.50,17.62,5.90],
  [2.58,10.69,17.04,10.29,6.29,8.50,3.11,99.00,1.53,2.83,13.52,11.41,14.61,2.88],
  [2.46,12.14,18.41,10.86,7.56,9.18,2.03,1.53,99.00,1.78,14.45,12.59,15.64,4.37],
  [4.20,13.45,19.86,12.64,9.12,10.96,0.28,2.83,1.78,99.00,16.19,14.22,17.35,5.62],
  [12.30,7.87,8.12,4.72,7.74,5.58,16.46,13.52,14.45,16.19,99.00,3.61,1.75,11.51],
  [10.82,4.28,6.62,5.77,5.15,5.38,14.50,11.41,12.59,14.22,3.61,99.00,3.67,8.96],
  [13.61,7.56,6.57,6.42,8.54,7.09,17.62,14.61,15.64,17.35,1.75,3.67,99.00,12.38],
  [4.12,7.83,14.26,9.10,3.85,7.21,5.90,2.88,4.37,5.62,11.51,8.96,12.38,99.00]
];
