// Chosen Depots: [1, 2]
// Chosen Demand Points (Original DP No): [25, 27, 88, 102, 116, 134, 149, 162]
// Original Weights: [5, 7, 6, 6, 7, 4, 6, 8]

|W| = 2;
|D| = 8;
V = 54;
C = 3;
|K| = 1;
M = 100;
S = 0.25;
|TR| = 3;
δmax = 18.3;
Runtime = 2;

// Priority weights for selected demand points
pj = [
  5, 7, 6, 6, 7, 4, 6, 8
];

δij =
[
  [99.00,99.00,7.21,6.11,1.64,1.23,2.70,3.27,13.24,13.05],
  [99.00,99.00,6.74,5.12,11.70,11.52,10.14,13.57,6.76,3.85],
  [7.21,6.74,99.00,3.40,8.58,8.22,8.05,8.32,6.10,6.74],
  [6.11,5.12,3.40,99.00,6.97,6.71,5.78,8.45,7.97,7.05],
  [1.64,11.70,8.58,6.97,99.00,0.41,1.93,4.31,14.51,14.02],
  [1.23,11.52,8.22,6.71,0.41,99.00,2.01,4.03,14.17,13.75],
  [2.70,10.14,8.05,5.78,1.93,2.01,99.00,5.91,13.65,12.77],
  [3.27,13.57,8.32,8.45,4.31,4.03,5.91,99.00,14.34,14.86],
  [13.24,6.76,6.10,7.97,14.51,14.17,13.65,14.34,99.00,3.39],
  [13.05,3.85,6.74,7.05,14.02,13.75,12.77,14.86,3.39,99.00]
];
