// Chosen Depots: [1, 2]
// Chosen Demand Points (Original DP No): [31, 113, 114, 121, 122, 128, 137, 145, 147, 165, 169, 170]
// Original Weights: [6, 7, 7, 6, 8, 2, 3, 7, 5, 6, 8, 8]

|W| = 2;
|D| = 12;
V = 54;
C = 3;
|K| = 1;
M = 100;
S = 0.25;
|TR| = 4;
δmax = 18.3;
Runtime = 4;

// Priority weights for selected demand points
pj = [
  6, 7, 7, 6, 8, 2, 3, 7, 5, 6, 8, 8
];

δij =
[
  [99.00,99.00,6.00,3.80,3.82,0.99,3.86,7.10,3.84,11.87,10.83,1.06,4.75,4.61],
  [99.00,99.00,6.09,13.79,12.73,10.69,9.10,13.25,13.33,4.28,6.71,10.11,6.83,7.19],
  [6.00,6.09,99.00,9.51,8.94,6.01,6.12,7.31,7.36,5.88,5.12,5.27,4.13,4.53],
  [3.80,13.79,9.51,99.00,1.45,3.50,4.85,10.32,6.40,15.26,14.51,4.26,6.96,6.62],
  [3.82,12.73,8.94,1.45,99.00,3.18,3.65,10.81,7.10,14.52,14.04,3.92,5.92,5.54],
  [0.99,10.69,6.01,3.50,3.18,99.00,2.91,8.00,4.84,11.81,11.01,0.76,4.08,3.87],
  [3.86,9.10,6.12,4.85,3.65,2.91,99.00,10.37,7.66,11.21,11.20,3.00,2.38,1.96],
  [7.10,13.25,7.31,10.32,10.81,8.00,10.37,99.00,4.07,11.51,8.93,7.52,9.83,10.00],
  [3.84,13.33,7.36,6.40,7.10,4.84,7.66,4.07,99.00,12.89,10.98,4.68,8.02,8.01],
  [11.87,4.28,5.88,15.26,14.52,11.81,11.21,11.51,12.89,99.00,3.05,11.09,8.85,9.29],
  [10.83,6.71,5.12,14.51,14.04,11.01,11.20,8.93,10.98,3.05,99.00,10.25,9.03,9.46],
  [1.06,10.11,5.27,4.26,3.92,0.76,3.00,7.52,4.68,11.09,10.25,99.00,3.69,3.56],
  [4.75,6.83,4.13,6.96,5.92,4.08,2.38,9.83,8.02,8.85,9.03,3.69,99.00,0.44],
  [4.61,7.19,4.53,6.62,5.54,3.87,1.96,10.00,8.01,9.29,9.46,3.56,0.44,99.00]
];
