// Chosen Depots: [1, 2]
// Chosen Demand Points (Original DP No): [6, 17, 25, 26, 96, 98, 103, 108, 125, 135, 148, 149, 156, 160, 162, 171]
// Original Weights: [9, 5, 5, 4, 7, 6, 7, 7, 2, 4, 6, 6, 7, 6, 8, 8]

|W| = 2;
|D| = 16;
V = 54;
C = 3;
|K| = 1;
M = 100;
S = 0.25;
|TR| = 6;
δmax = 18.3;
Runtime = 6;

// Priority weights for selected demand points
pj = [
  9, 5, 5, 4, 7, 6, 7, 7, 2, 4, 6, 6, 7, 6, 8, 8
];

δij =
[
  [99.00,99.00,18.10,6.15,7.21,9.54,4.53,2.57,2.57,4.35,6.34,3.45,10.90,13.24,12.20,13.61,13.05,4.08],
  [99.00,99.00,8.14,8.33,6.74,8.34,13.77,13.06,12.24,13.23,13.15,12.49,5.26,6.76,4.12,7.56,3.85,8.24],
  [18.10,8.14,99.00,13.20,11.52,10.94,21.50,20.41,19.76,20.99,17.78,18.36,7.67,6.12,5.94,6.43,5.06,16.06],
  [6.15,8.33,13.20,99.00,1.74,3.39,10.60,8.72,8.59,10.31,4.90,5.22,5.54,7.58,7.37,7.78,8.47,7.09],
  [7.21,6.74,11.52,1.74,99.00,2.83,11.44,9.76,9.45,11.08,6.62,6.84,3.90,6.10,5.65,6.41,6.74,7.18],
  [9.54,8.34,10.94,3.39,2.83,99.00,13.96,12.11,11.95,13.65,6.98,8.30,3.68,4.88,5.74,4.84,6.92,9.99],
  [4.53,13.77,21.50,10.60,11.44,13.96,99.00,2.25,2.01,0.60,10.49,7.44,14.84,17.25,15.81,17.71,16.48,5.53],
  [2.57,13.06,20.41,8.72,9.76,12.11,2.25,99.00,1.12,2.33,8.25,5.20,13.38,15.75,14.57,16.14,15.36,5.12],
  [2.57,12.24,19.76,8.59,9.45,11.95,2.01,1.12,99.00,1.79,8.75,5.73,12.92,15.33,13.99,15.76,14.71,4.14],
  [4.35,13.23,20.99,10.31,11.08,13.65,0.60,2.33,1.79,99.00,10.48,7.44,14.41,16.83,15.34,17.30,15.98,4.99],
  [6.34,13.15,17.78,4.90,6.62,6.98,10.49,8.25,8.75,10.48,99.00,3.05,10.17,11.83,12.12,11.81,13.27,9.53],
  [3.45,12.49,18.36,5.22,6.84,8.30,7.44,5.20,5.73,7.44,3.05,99.00,10.74,12.80,12.45,12.97,13.49,7.15],
  [10.90,5.26,7.67,5.54,3.90,3.68,14.84,13.38,12.92,14.41,10.17,10.74,99.00,2.43,2.06,3.00,3.25,9.89],
  [13.24,6.76,6.12,7.58,6.10,4.88,17.25,15.75,15.33,16.83,11.83,12.80,2.43,99.00,2.66,0.80,3.39,12.31],
  [12.20,4.12,5.94,7.37,5.65,5.74,15.81,14.57,13.99,15.34,12.12,12.45,2.06,2.66,99.00,3.46,1.19,10.55],
  [13.61,7.56,6.43,7.78,6.41,4.84,17.71,16.14,15.76,17.30,11.81,12.97,3.00,0.80,3.46,99.00,4.17,12.88],
  [13.05,3.85,5.06,8.47,6.74,6.92,16.48,15.36,14.71,15.98,13.27,13.49,3.25,3.39,1.19,4.17,99.00,11.10],
  [4.08,8.24,16.06,7.09,7.18,9.99,5.53,5.12,4.14,4.99,9.53,7.15,9.89,12.31,10.55,12.88,11.10,99.00]
];
