// Chosen Depots: [1, 2]
// Chosen Demand Points (Original DP No): [14, 27, 30, 91, 97, 101, 103, 118, 119, 129, 135, 156, 161, 163, 165, 168]
// Original Weights: [5, 7, 5, 6, 7, 7, 7, 7, 8, 2, 4, 7, 8, 8, 6, 5]

|W| = 2;
|D| = 16;
V = 54;
C = 3;
|K| = 1;
M = 100;
S = 0.25;
|TR| = 6;
δmax = 18.3;
Runtime = 6;

// Priority weights for selected demand points
pj = [
  5, 7, 5, 6, 7, 7, 7, 7, 8, 2, 4, 7, 8, 8, 6, 5
];

δij =
[
  [99.00,99.00,5.42,6.11,7.81,1.03,2.58,2.39,2.57,4.65,3.14,6.83,3.45,12.20,13.25,4.12,1.06,1.47],
  [99.00,99.00,7.73,5.12,7.88,11.79,10.69,11.24,12.24,13.75,9.42,14.13,12.49,4.12,4.23,7.83,10.11,10.35],
  [5.42,7.73,99.00,3.22,2.47,6.43,6.88,7.11,7.75,9.83,6.27,6.40,5.12,7.34,8.48,5.58,4.96,4.03],
  [6.11,5.12,3.22,99.00,4.74,6.90,6.29,6.75,7.67,9.49,5.20,9.43,7.42,6.34,7.29,3.85,5.19,5.25],
  [7.81,7.88,2.47,4.74,99.00,8.83,9.35,9.58,10.20,12.29,8.70,6.93,6.81,6.16,7.33,7.88,7.41,6.36],
  [1.03,11.79,6.43,6.90,8.83,99.00,2.17,1.77,1.64,3.67,3.12,7.52,4.12,13.09,14.12,4.41,1.71,2.50],
  [2.58,10.69,6.88,6.29,9.35,2.17,99.00,0.60,1.60,3.19,1.29,9.41,6.03,12.64,13.56,2.88,2.15,3.71],
  [2.39,11.24,7.11,6.75,9.58,1.77,0.60,99.00,1.01,2.78,1.88,9.20,5.80,13.09,14.04,3.45,2.22,3.68],
  [2.57,12.24,7.75,7.67,10.20,1.64,1.60,1.01,99.00,2.10,2.89,9.12,5.73,13.99,14.96,4.46,2.80,4.01],
  [4.65,13.75,9.83,9.49,12.29,3.67,3.19,2.78,2.10,99.00,4.36,10.93,7.60,15.83,16.75,5.93,4.87,6.11],
  [3.14,9.42,6.27,5.20,8.70,3.12,1.29,1.88,2.89,4.36,99.00,9.72,6.46,11.52,12.41,1.59,2.30,3.83],
  [6.83,14.13,6.40,9.43,6.93,7.52,9.41,9.20,9.12,10.93,9.72,99.00,3.40,13.08,14.26,10.06,7.43,5.89],
  [3.45,12.49,5.12,7.42,6.81,4.12,6.03,5.80,5.73,7.60,6.46,3.40,99.00,12.45,13.60,7.03,4.15,2.74],
  [12.20,4.12,7.34,6.34,6.16,13.09,12.64,13.09,13.99,15.83,11.52,13.08,12.45,99.00,1.18,10.07,11.40,11.05],
  [13.25,4.23,8.48,7.29,7.33,14.12,13.56,14.04,14.96,16.75,12.41,14.26,13.60,1.18,99.00,10.91,12.41,12.14],
  [4.12,7.83,5.58,3.85,7.88,4.41,2.88,3.45,4.46,5.93,1.59,10.06,7.03,10.07,10.91,99.00,3.09,4.29],
  [1.06,10.11,4.96,5.19,7.41,1.71,2.15,2.22,2.80,4.87,2.30,7.43,4.15,11.40,12.41,3.09,99.00,1.58],
  [1.47,10.35,4.03,5.25,6.36,2.50,3.71,3.68,4.01,6.11,3.83,5.89,2.74,11.05,12.14,4.29,1.58,99.00]
];
