// Chosen Depots: [1, 2]
// Chosen Demand Points (Original DP No): [14, 31, 97, 107, 108, 130, 145, 149]
// Original Weights: [5, 6, 7, 8, 7, 4, 7, 6]

|W| = 2;
|D| = 8;
V = 54;
C = 3;
|K| = 1;
M = 100;
S = 0.25;
|TR| = 3;
δmax = 18.3;
Runtime = 2;

// Priority weights for selected demand points
pj = [
  5, 6, 7, 8, 7, 4, 7, 6
];

δij =
[
  [99.00,99.00,5.42,6.00,2.58,3.04,4.35,3.46,11.87,13.24],
  [99.00,99.00,7.73,6.09,10.69,10.10,13.23,13.26,4.28,6.76],
  [5.42,7.73,99.00,1.69,6.88,6.77,9.43,6.03,6.94,7.93],
  [6.00,6.09,1.69,99.00,6.84,6.56,9.52,7.35,5.88,7.33],
  [2.58,10.69,6.88,6.84,99.00,0.71,2.71,5.98,12.38,14.13],
  [3.04,10.10,6.77,6.56,0.71,99.00,3.17,6.50,11.95,13.78],
  [4.35,13.23,9.43,9.52,2.71,3.17,99.00,7.04,15.08,16.83],
  [3.46,13.26,6.03,7.35,5.98,6.50,7.04,99.00,12.97,13.76],
  [11.87,4.28,6.94,5.88,12.38,11.95,15.08,12.97,99.00,2.50],
  [13.24,6.76,7.93,7.33,14.13,13.78,16.83,13.76,2.50,99.00]
];
