// Chosen Depots: [1, 2]
// Chosen Demand Points (Original DP No): [21, 25, 27, 90, 103, 110, 112, 121, 123, 137, 139, 147, 153, 158, 160, 162]
// Original Weights: [6, 5, 7, 6, 7, 7, 7, 6, 6, 3, 4, 5, 8, 8, 6, 8]

|W| = 2;
|D| = 16;
V = 54;
C = 3;
|K| = 1;
M = 100;
S = 0.25;
|TR| = 6;
δmax = 18.3;
Runtime = 6;

// Priority weights for selected demand points
pj = [
  6, 5, 7, 6, 7, 7, 7, 6, 6, 3, 4, 5, 8, 8, 6, 8
];

δij =
[
  [99.00,99.00,8.30,7.21,6.11,2.02,2.57,4.20,3.68,0.99,2.62,3.84,12.27,10.83,11.66,12.31,13.61,13.05],
  [99.00,99.00,5.99,6.74,5.12,12.16,12.24,13.45,12.55,10.69,12.84,13.33,8.88,6.71,3.44,3.71,7.56,3.85],
  [8.30,5.99,99.00,1.20,3.70,10.09,10.45,12.05,11.26,8.44,10.77,8.88,4.52,2.60,4.22,4.78,5.32,5.58],
  [7.21,6.74,1.20,99.00,3.40,9.06,9.45,11.08,10.32,7.42,9.74,7.68,5.25,3.61,5.35,5.94,6.41,6.74],
  [6.11,5.12,3.70,3.40,99.00,7.46,7.67,9.12,8.25,5.86,8.16,8.25,8.20,6.12,5.71,6.36,8.54,7.05],
  [2.02,12.16,10.09,9.06,7.46,99.00,0.61,2.18,1.76,1.65,0.71,5.27,14.21,12.66,13.15,13.80,15.41,14.50],
  [2.57,12.24,10.45,9.45,7.67,0.61,99.00,1.66,1.16,2.04,0.73,5.88,14.63,13.03,13.38,14.02,15.76,14.71],
  [4.20,13.45,12.05,11.08,9.12,2.18,1.66,99.00,0.91,3.69,1.71,7.20,16.28,14.64,14.83,15.47,17.35,16.14],
  [3.68,12.55,11.26,10.32,8.25,1.76,1.16,0.91,99.00,3.02,1.60,7.02,15.54,13.86,13.95,14.59,16.54,15.25],
  [0.99,10.69,8.44,7.42,5.86,1.65,2.04,3.69,3.02,99.00,2.35,4.84,12.60,11.01,11.53,12.17,13.76,12.89],
  [2.62,12.84,10.77,9.74,8.16,0.71,0.73,1.71,1.60,2.35,99.00,5.51,14.86,13.34,13.86,14.50,16.10,15.21],
  [3.84,13.33,8.88,7.68,8.25,5.27,5.88,7.20,7.02,4.84,5.51,99.00,11.77,10.98,12.93,13.55,13.75,14.34],
  [12.27,8.88,4.52,5.25,8.20,14.21,14.63,16.28,15.54,12.60,14.86,11.77,99.00,2.27,5.65,5.75,2.73,6.26],
  [10.83,6.71,2.60,3.61,6.12,12.66,13.03,14.64,13.86,11.01,13.34,10.98,2.27,99.00,3.70,3.97,2.81,4.64],
  [11.66,3.44,4.22,5.35,5.71,13.15,13.38,14.83,13.95,11.53,13.86,12.93,5.65,3.70,99.00,0.65,4.12,1.42],
  [12.31,3.71,4.78,5.94,6.36,13.80,14.02,15.47,14.59,12.17,14.50,13.55,5.75,3.97,0.65,99.00,3.93,0.80],
  [13.61,7.56,5.32,6.41,8.54,15.41,15.76,17.35,16.54,13.76,16.10,13.75,2.73,2.81,4.12,3.93,99.00,4.17],
  [13.05,3.85,5.58,6.74,7.05,14.50,14.71,16.14,15.25,12.89,15.21,14.34,6.26,4.64,1.42,0.80,4.17,99.00]
];
