// Chosen Depots: [1, 2]
// Chosen Demand Points (Original DP No): [14, 21, 24, 89, 92, 94, 111, 114, 115, 117, 118, 142, 150, 165, 166, 171]
// Original Weights: [5, 6, 5, 7, 5, 6, 7, 7, 7, 7, 7, 8, 7, 6, 6, 8]

|W| = 2;
|D| = 16;
V = 54;
C = 3;
|K| = 1;
M = 100;
S = 0.25;
|TR| = 6;
δmax = 18.3;
Runtime = 6;

// Priority weights for selected demand points
pj = [
  5, 6, 5, 7, 5, 6, 7, 7, 7, 7, 7, 8, 7, 6, 6, 8
];

δij =
[
  [99.00,99.00,5.42,8.30,6.93,4.43,1.44,1.70,2.79,3.82,4.28,3.26,4.65,11.71,13.09,1.06,1.30,4.08],
  [99.00,99.00,7.73,5.99,8.35,13.73,12.55,12.58,12.72,12.73,13.17,12.79,13.75,2.64,5.00,10.11,9.95,8.24],
  [5.42,7.73,99.00,3.01,1.80,9.66,6.64,7.11,8.09,8.85,9.35,8.47,9.83,7.28,8.09,4.96,5.03,6.00],
  [8.30,5.99,3.01,99.00,2.59,12.32,9.59,10.00,10.83,11.44,11.95,11.15,12.46,4.73,5.14,7.68,7.69,7.85],
  [6.93,8.35,1.80,2.59,99.00,11.28,8.01,8.57,9.68,10.53,11.02,10.10,11.47,7.31,7.58,6.61,6.71,7.79],
  [4.43,13.73,9.66,12.32,11.28,99.00,3.89,3.09,1.64,1.00,0.64,1.19,0.29,14.98,16.71,4.70,4.65,5.49],
  [1.44,12.55,6.64,9.59,8.01,3.89,99.00,0.81,2.35,3.60,3.95,2.90,4.16,13.14,14.47,2.46,2.66,5.26],
  [1.70,12.58,7.11,10.00,8.57,3.09,0.81,99.00,1.53,2.80,3.14,2.09,3.36,13.33,14.77,2.51,2.64,4.95],
  [2.79,12.72,8.09,10.83,9.68,1.64,2.35,1.53,99.00,1.28,1.61,0.56,1.88,13.76,15.38,3.16,3.15,4.62],
  [3.82,12.73,8.85,11.44,10.53,1.00,3.60,2.80,1.28,99.00,0.50,0.73,1.05,13.99,15.76,3.92,3.83,4.49],
  [4.28,13.17,9.35,11.95,11.02,0.64,3.95,3.14,1.61,0.50,99.00,1.06,0.58,14.47,16.25,4.41,4.33,4.93],
  [3.26,12.79,8.47,11.15,10.10,1.19,2.90,2.09,0.56,0.73,1.06,99.00,1.39,13.92,15.61,3.51,3.47,4.60],
  [4.65,13.75,9.83,12.46,11.47,0.29,4.16,3.36,1.88,1.05,0.58,1.39,99.00,15.04,16.81,4.87,4.81,5.51],
  [11.71,2.64,7.28,4.73,7.31,14.98,13.14,13.33,13.76,13.99,14.47,13.92,15.04,99.00,2.38,10.83,10.73,9.63],
  [13.09,5.00,8.09,5.14,7.58,16.71,14.47,14.77,15.38,15.76,16.25,15.61,16.81,2.38,99.00,12.32,12.26,11.55],
  [1.06,10.11,4.96,7.68,6.61,4.70,2.46,2.51,3.16,3.92,4.41,3.51,4.87,10.83,12.32,99.00,0.28,3.09],
  [1.30,9.95,5.03,7.69,6.71,4.65,2.66,2.64,3.15,3.83,4.33,3.47,4.81,10.73,12.26,0.28,99.00,2.81],
  [4.08,8.24,6.00,7.85,7.79,5.49,5.26,4.95,4.62,4.49,4.93,4.60,5.51,9.63,11.55,3.09,2.81,99.00]
];
