// Chosen Depots: [1, 2]
// Chosen Demand Points (Original DP No): [23, 88, 90, 135, 142, 147, 156, 169]
// Original Weights: [6, 6, 6, 4, 8, 5, 7, 8]

|W| = 2;
|D| = 8;
V = 54;
C = 3;
|K| = 1;
M = 100;
S = 0.25;
|TR| = 3;
δmax = 18.3;
Runtime = 2;

// Priority weights for selected demand points
pj = [
  6, 6, 6, 4, 8, 5, 7, 8
];

δij =
[
  [99.00,99.00,7.04,1.64,2.02,3.45,11.71,10.83,12.20,4.75],
  [99.00,99.00,6.19,11.70,12.16,12.49,2.64,6.71,4.12,6.83],
  [7.04,6.19,99.00,8.33,8.82,7.00,5.44,3.86,5.46,5.44],
  [1.64,11.70,8.33,99.00,0.49,4.91,12.62,12.18,13.25,4.96],
  [2.02,12.16,8.82,0.49,99.00,5.12,13.11,12.66,13.74,5.39],
  [3.45,12.49,7.00,4.91,5.12,99.00,12.37,10.19,12.45,7.32],
  [11.71,2.64,5.44,12.62,13.11,12.37,99.00,4.51,1.48,8.14],
  [10.83,6.71,3.86,12.18,12.66,10.19,4.51,99.00,3.47,9.03],
  [12.20,4.12,5.46,13.25,13.74,12.45,1.48,3.47,99.00,9.06],
  [4.75,6.83,5.44,4.96,5.39,7.32,8.14,9.03,9.06,99.00]
];
