// Chosen Depots: [1, 2]
// Chosen Demand Points (Original DP No): [2, 14, 18, 25, 29, 88, 92, 97, 98, 114, 117, 135, 136, 151, 158, 159]
// Original Weights: [9, 5, 4, 5, 5, 6, 5, 7, 6, 7, 7, 4, 2, 8, 8, 7]

|W| = 2;
|D| = 16;
V = 54;
C = 3;
|K| = 1;
M = 100;
S = 0.25;
|TR| = 6;
δmax = 18.3;
Runtime = 6;

// Priority weights for selected demand points
pj = [
  9, 5, 4, 5, 5, 6, 5, 7, 6, 7, 7, 4, 2, 8, 8, 7
];

δij =
[
  [99.00,99.00,19.21,5.42,8.48,7.21,6.88,1.64,1.44,2.58,2.57,3.82,3.26,3.45,5.95,10.58,12.31,10.82],
  [99.00,99.00,8.93,7.73,9.26,6.74,8.14,11.70,12.55,10.69,13.06,12.73,12.79,12.49,13.42,3.07,3.71,4.28],
  [19.21,8.93,99.00,14.47,13.80,12.75,13.89,20.14,20.63,19.34,21.48,21.45,21.41,19.58,19.58,8.64,6.94,8.62],
  [5.42,7.73,14.47,99.00,3.53,1.83,1.66,6.85,6.64,6.88,7.99,8.85,8.47,5.12,5.69,6.01,7.57,5.86],
  [8.48,9.26,13.80,3.53,99.00,2.83,1.89,10.05,9.45,10.29,11.02,12.16,11.70,6.87,5.99,6.58,7.56,5.77],
  [7.21,6.74,12.75,1.83,2.83,99.00,1.40,8.58,8.46,8.45,9.76,10.50,10.17,6.84,7.01,4.51,5.94,4.15],
  [6.88,8.14,13.89,1.66,1.89,1.40,99.00,8.39,7.98,8.50,9.45,10.44,10.02,5.88,5.72,5.86,7.19,5.38],
  [1.64,11.70,20.14,6.85,10.05,8.58,8.39,99.00,1.76,1.51,1.36,2.18,1.64,4.91,7.45,11.57,13.31,11.94],
  [1.44,12.55,20.63,6.64,9.45,8.46,7.98,1.76,99.00,3.22,1.76,3.60,2.90,3.44,5.97,11.99,13.71,12.19],
  [2.58,10.69,19.34,6.88,10.29,8.45,8.50,1.51,3.22,99.00,2.63,2.14,2.09,6.03,8.52,10.90,12.64,11.41],
  [2.57,13.06,21.48,7.99,11.02,9.76,9.45,1.36,1.76,2.63,99.00,2.01,1.28,5.20,7.72,12.90,14.64,13.24],
  [3.82,12.73,21.45,8.85,12.16,10.50,10.44,2.18,3.60,2.14,2.01,99.00,0.73,6.99,9.54,13.04,14.78,13.55],
  [3.26,12.79,21.41,8.47,11.70,10.17,10.02,1.64,2.90,2.09,1.28,0.73,99.00,6.31,8.86,12.93,14.67,13.38],
  [3.45,12.49,19.58,5.12,6.87,6.84,5.88,4.91,3.44,6.03,5.20,6.99,6.31,99.00,2.55,11.11,12.70,10.97],
  [5.95,13.42,19.58,5.69,5.99,7.01,5.72,7.45,5.97,8.52,7.72,9.54,8.86,2.55,99.00,11.52,12.91,11.10],
  [10.58,3.07,8.64,6.01,6.58,4.51,5.86,11.57,11.99,10.90,12.90,13.04,12.93,11.11,11.52,99.00,1.74,1.22],
  [12.31,3.71,6.94,7.57,7.56,5.94,7.19,13.31,13.71,12.64,14.64,14.78,14.67,12.70,12.91,1.74,99.00,1.82],
  [10.82,4.28,8.62,5.86,5.77,4.15,5.38,11.94,12.19,11.41,13.24,13.55,13.38,10.97,11.10,1.22,1.82,99.00]
];
