// Chosen Depots: [1, 2]
// Chosen Demand Points (Original DP No): [2, 28, 111, 112, 123, 135, 143, 159]
// Original Weights: [9, 5, 7, 7, 6, 4, 8, 7]

|W| = 2;
|D| = 8;
V = 54;
C = 3;
|K| = 1;
M = 100;
S = 0.25;
|TR| = 3;
δmax = 18.3;
Runtime = 2;

// Priority weights for selected demand points
pj = [
  9, 5, 7, 7, 6, 4, 8, 7
];

δij =
[
  [99.00,99.00,19.21,6.17,2.79,3.68,2.62,3.45,13.37,10.82],
  [99.00,99.00,8.93,7.46,12.72,12.55,12.84,12.49,3.87,4.28],
  [19.21,8.93,99.00,13.86,21.26,21.26,21.32,19.58,5.84,8.62],
  [6.17,7.46,13.86,99.00,8.84,9.41,8.74,5.73,8.19,5.24],
  [2.79,12.72,21.26,8.84,99.00,1.23,0.37,5.76,15.46,13.14],
  [3.68,12.55,21.26,9.41,1.23,99.00,1.60,6.89,15.52,13.37],
  [2.62,12.84,21.32,8.74,0.37,1.60,99.00,5.46,15.50,13.13],
  [3.45,12.49,19.58,5.73,5.76,6.89,5.46,99.00,13.87,10.97],
  [13.37,3.87,5.84,8.19,15.46,15.52,15.50,13.87,99.00,3.02],
  [10.82,4.28,8.62,5.24,13.14,13.37,13.13,10.97,3.02,99.00]
];
