// Chosen Depots: [1, 2]
// Chosen Demand Points (Original DP No): [2, 22, 23, 25, 88, 90, 92, 95, 96, 107, 116, 119, 126, 127, 131, 136, 138, 144, 155, 166]
// Original Weights: [9, 6, 6, 5, 6, 6, 5, 7, 7, 8, 7, 8, 3, 3, 2, 2, 3, 8, 5, 6]

|W| = 2;
|D| = 20;
V = 54;
C = 3;
|K| = 1;
M = 100;
S = 0.25;
|TR| = 7;
δmax = 18.3;
Runtime = 8;

// Priority weights for selected demand points
pj = [
  9, 6, 6, 5, 6, 6, 5, 7, 7, 8, 7, 8, 3, 3, 2, 2, 3, 8, 5, 6
];

δij =
[
  [99.00,99.00,19.21,6.76,7.04,7.21,1.64,2.02,1.44,4.45,4.53,3.04,2.70,3.14,5.05,5.09,5.42,5.95,3.89,13.22,12.30,1.30],
  [99.00,99.00,8.93,6.36,6.19,6.74,11.70,12.16,12.55,13.62,13.77,10.10,10.14,9.42,13.43,12.55,13.72,13.42,13.59,4.76,7.87,9.95],
  [19.21,8.93,99.00,12.87,12.59,12.75,20.14,20.62,20.63,22.34,22.49,18.81,18.79,18.13,20.00,18.96,20.18,19.58,20.72,6.19,9.44,18.25],
  [6.76,6.36,12.87,99.00,0.29,0.74,8.06,8.55,8.07,10.75,10.88,7.61,7.43,7.03,7.33,6.37,7.58,7.16,7.87,6.70,5.68,6.15],
  [7.04,6.19,12.59,0.29,99.00,0.67,8.33,8.82,8.35,11.02,11.14,7.85,7.67,7.26,7.58,6.60,7.82,7.39,8.14,6.42,5.43,6.42],
  [7.21,6.74,12.75,0.74,0.67,99.00,8.58,9.06,8.46,11.32,11.44,8.25,8.05,7.68,7.29,6.28,7.50,7.01,7.98,6.57,5.12,6.70],
  [1.64,11.70,20.14,8.06,8.33,8.58,99.00,0.49,1.76,2.83,2.93,2.20,1.93,2.64,6.48,6.64,6.83,7.45,5.11,14.28,13.70,1.94],
  [2.02,12.16,20.62,8.55,8.82,9.06,0.49,99.00,1.80,2.42,2.51,2.47,2.25,2.98,6.67,6.90,7.01,7.67,5.22,14.77,14.18,2.43],
  [1.44,12.55,20.63,8.07,8.35,8.46,1.76,1.80,99.00,3.96,4.00,3.86,3.55,4.16,4.93,5.27,5.26,5.97,3.43,14.61,13.50,2.66],
  [4.45,13.62,22.34,10.75,11.02,11.32,2.83,2.42,3.96,99.00,0.15,3.54,3.56,4.22,8.88,9.22,9.19,9.93,7.30,16.70,16.43,4.62],
  [4.53,13.77,22.49,10.88,11.14,11.44,2.93,2.51,4.00,0.15,99.00,3.69,3.70,4.37,8.91,9.27,9.22,9.97,7.33,16.84,16.55,4.74],
  [3.04,10.10,18.81,7.61,7.85,8.25,2.20,2.47,3.86,3.54,3.69,99.00,0.35,0.68,8.06,7.99,8.43,8.90,6.93,13.22,13.27,2.15],
  [2.70,10.14,18.79,7.43,7.67,8.05,1.93,2.25,3.55,3.56,3.70,0.35,99.00,0.74,7.72,7.64,8.08,8.55,6.58,13.15,13.10,1.82],
  [3.14,9.42,18.13,7.03,7.26,7.68,2.64,2.98,4.16,4.22,4.37,0.68,0.74,99.00,8.04,7.87,8.41,8.81,7.02,12.54,12.67,2.03],
  [5.05,13.43,20.00,7.33,7.58,7.29,6.48,6.67,4.93,8.88,8.91,8.06,7.72,8.04,99.00,1.07,0.37,1.12,1.69,13.82,11.37,6.01],
  [5.09,12.55,18.96,6.37,6.60,6.28,6.64,6.90,5.27,9.22,9.27,7.99,7.64,7.87,1.07,99.00,1.23,0.99,2.47,12.79,10.30,5.86],
  [5.42,13.72,20.18,7.58,7.82,7.50,6.83,7.01,5.26,9.19,9.22,8.43,8.08,8.41,0.37,1.23,99.00,0.94,1.94,14.01,11.46,6.38],
  [5.95,13.42,19.58,7.16,7.39,7.01,7.45,7.67,5.97,9.93,9.97,8.90,8.55,8.81,1.12,0.99,0.94,99.00,2.81,13.43,10.71,6.79],
  [3.89,13.59,20.72,7.87,8.14,7.98,5.11,5.22,3.43,7.30,7.33,6.93,6.58,7.02,1.69,2.47,1.94,2.81,99.00,14.54,12.47,5.05],
  [13.22,4.76,6.19,6.70,6.42,6.57,14.28,14.77,14.61,16.70,16.84,13.22,13.15,12.54,13.82,12.79,14.01,13.43,14.54,99.00,4.22,12.36],
  [12.30,7.87,9.44,5.68,5.43,5.12,13.70,14.18,13.50,16.43,16.55,13.27,13.10,12.67,11.37,10.30,11.46,10.71,12.47,4.22,99.00,11.81],
  [1.30,9.95,18.25,6.15,6.42,6.70,1.94,2.43,2.66,4.62,4.74,2.15,1.82,2.03,6.01,5.86,6.38,6.79,5.05,12.36,11.81,99.00]
];
