// Chosen Depots: [1, 2]
// Chosen Demand Points (Original DP No): [13, 18, 22, 91, 116, 129, 145, 148, 150, 161, 166, 168]
// Original Weights: [6, 4, 6, 6, 7, 2, 7, 6, 7, 8, 6, 5]

|W| = 2;
|D| = 12;
V = 54;
C = 3;
|K| = 1;
M = 100;
S = 0.25;
|TR| = 4;
δmax = 18.3;
Runtime = 4;

// Priority weights for selected demand points
pj = [
  6, 4, 6, 6, 7, 2, 7, 6, 7, 8, 6, 5
];

δij =
[
  [99.00,99.00,7.40,8.48,6.76,1.03,2.70,6.83,11.87,10.90,13.09,13.25,1.30,1.47],
  [99.00,99.00,5.89,9.26,6.36,11.79,10.14,14.13,4.28,5.26,5.00,4.23,9.95,10.35],
  [7.40,5.89,99.00,3.62,0.68,8.37,7.95,8.37,4.67,3.51,5.83,6.21,6.75,6.12],
  [8.48,9.26,3.62,99.00,3.52,9.50,9.99,6.27,6.68,5.08,7.49,8.27,8.37,7.01],
  [6.76,6.36,0.68,3.52,99.00,7.74,7.43,7.81,5.34,4.17,6.51,6.88,6.15,5.46],
  [1.03,11.79,8.37,9.50,7.74,99.00,2.49,7.52,12.78,11.86,14.01,14.12,1.84,2.50],
  [2.70,10.14,7.95,9.99,7.43,2.49,99.00,9.45,11.87,11.23,13.10,13.03,1.82,3.64],
  [6.83,14.13,8.37,6.27,7.81,7.52,9.45,99.00,12.64,11.11,13.60,14.26,7.69,5.89],
  [11.87,4.28,4.67,6.68,5.34,12.78,11.87,12.64,99.00,1.62,1.24,1.62,11.03,10.70],
  [10.90,5.26,3.51,5.08,4.17,11.86,11.23,11.11,1.62,99.00,2.49,3.20,10.19,9.63],
  [13.09,5.00,5.83,7.49,6.51,14.01,13.10,13.60,1.24,2.49,99.00,1.09,12.26,11.90],
  [13.25,4.23,6.21,8.27,6.88,14.12,13.03,14.26,1.62,3.20,1.09,99.00,12.33,12.14],
  [1.30,9.95,6.75,8.37,6.15,1.84,1.82,7.69,11.03,10.19,12.26,12.33,99.00,1.83],
  [1.47,10.35,6.12,7.01,5.46,2.50,3.64,5.89,10.70,9.63,11.90,12.14,1.83,99.00]
];
