// Chosen Depots: [1, 2]
// Chosen Demand Points (Original DP No): [11, 12, 13, 20, 87, 143, 144, 161]
// Original Weights: [5, 6, 6, 6, 7, 8, 8, 8]

|W| = 2;
|D| = 8;
V = 54;
C = 3;
|K| = 1;
M = 100;
S = 0.25;
|TR| = 3;
δmax = 18.3;
Runtime = 2;

// Priority weights for selected demand points
pj = [
  5, 6, 6, 6, 7, 8, 8, 8
];

δij =
[
  [99.00,99.00,9.24,9.16,7.40,5.52,3.22,13.37,13.22,13.25],
  [99.00,99.00,6.43,6.12,5.89,7.11,11.71,3.87,4.76,4.23],
  [9.24,6.43,99.00,0.32,2.03,3.73,11.51,5.73,4.93,5.31],
  [9.16,6.12,0.32,99.00,1.86,3.64,11.36,5.53,4.78,5.13],
  [7.40,5.89,2.03,1.86,99.00,1.91,9.51,6.48,6.03,6.21],
  [5.52,7.11,3.73,3.64,1.91,99.00,7.84,8.29,7.92,8.06],
  [3.22,11.71,11.51,11.36,9.51,7.84,99.00,14.67,14.78,14.67],
  [13.37,3.87,5.73,5.53,6.48,8.29,14.67,99.00,1.28,0.59],
  [13.22,4.76,4.93,4.78,6.03,7.92,14.78,1.28,99.00,0.69],
  [13.25,4.23,5.31,5.13,6.21,8.06,14.67,0.59,0.69,99.00]
];
