// Chosen Depots: [1, 2]
// Chosen Demand Points (Original DP No): [11, 12, 14, 21, 30, 94, 95, 97, 106, 107, 110, 115, 118, 119, 120, 124, 137, 139, 155, 166]
// Original Weights: [5, 6, 5, 6, 5, 6, 7, 7, 7, 8, 7, 7, 7, 8, 7, 3, 3, 4, 5, 6]

|W| = 2;
|D| = 20;
V = 54;
C = 3;
|K| = 1;
M = 100;
S = 0.25;
|TR| = 7;
δmax = 18.3;
Runtime = 8;

// Priority weights for selected demand points
pj = [
  5, 6, 5, 6, 5, 6, 7, 7, 7, 8, 7, 7, 7, 8, 7, 3, 3, 4, 5, 6
];

δij =
[
  [99.00,99.00,9.24,9.16,5.42,8.30,7.81,1.70,4.45,2.58,2.46,3.04,4.20,4.28,4.65,3.14,4.21,4.44,3.84,12.27,12.30,1.30],
  [99.00,99.00,6.43,6.12,7.73,5.99,7.88,12.58,13.62,10.69,12.14,10.10,13.45,13.17,13.75,9.42,13.76,12.99,13.33,8.88,7.87,9.95],
  [9.24,6.43,99.00,0.32,3.85,1.07,2.05,10.94,13.30,10.39,11.33,10.14,13.07,12.97,13.48,9.54,13.20,8.76,9.52,3.46,3.14,8.69],
  [9.16,6.12,0.32,99.00,3.81,0.89,2.20,10.86,13.17,10.24,11.21,9.97,12.94,12.84,13.35,9.37,13.08,8.84,9.58,3.70,3.30,8.57],
  [5.42,7.73,3.85,3.81,99.00,3.01,2.47,7.11,9.64,6.88,7.63,6.77,9.40,9.35,9.83,6.27,9.49,5.41,5.97,6.88,6.88,5.03],
  [8.30,5.99,1.07,0.89,3.01,99.00,1.91,10.00,12.28,9.35,10.33,9.09,12.05,11.95,12.46,8.48,12.20,8.20,8.88,4.52,4.19,7.69],
  [7.81,7.88,2.05,2.20,2.47,1.91,99.00,9.47,12.09,9.35,10.08,9.23,11.85,11.82,12.29,8.70,11.94,6.78,7.60,4.47,4.63,7.49],
  [1.70,12.58,10.94,10.86,7.11,10.00,9.47,99.00,3.16,2.68,1.56,3.36,2.93,3.14,3.36,3.77,2.80,5.18,4.31,13.94,13.99,2.64],
  [4.45,13.62,13.30,13.17,9.64,12.28,12.09,3.16,99.00,3.03,2.02,3.54,0.24,0.48,0.20,4.22,0.49,8.33,7.41,16.52,16.43,4.62],
  [2.58,10.69,10.39,10.24,6.88,9.35,9.35,2.68,3.03,99.00,1.53,0.71,2.83,2.64,3.19,1.29,3.09,7.02,6.39,13.69,13.52,1.97],
  [2.46,12.14,11.33,11.21,7.63,10.33,10.08,1.56,2.02,1.53,99.00,2.23,1.78,1.82,2.22,2.81,1.87,6.61,5.80,14.51,14.45,2.64],
  [3.04,10.10,10.14,9.97,6.77,9.09,9.23,3.36,3.54,0.71,2.23,99.00,3.36,3.10,3.68,0.68,3.67,7.44,6.89,13.50,13.27,2.15],
  [4.20,13.45,13.07,12.94,9.40,12.05,11.85,2.93,0.24,2.83,1.78,3.36,99.00,0.44,0.45,4.04,0.43,8.10,7.20,16.28,16.19,4.39],
  [4.28,13.17,12.97,12.84,9.35,11.95,11.82,3.14,0.48,2.64,1.82,3.10,0.44,99.00,0.58,3.79,0.87,8.32,7.44,16.22,16.11,4.33],
  [4.65,13.75,13.48,13.35,9.83,12.46,12.29,3.36,0.20,3.19,2.22,3.68,0.45,0.58,99.00,4.36,0.64,8.52,7.61,16.71,16.61,4.81],
  [3.14,9.42,9.54,9.37,6.27,8.48,8.70,3.77,4.22,1.29,2.81,0.68,4.04,3.79,4.36,99.00,4.34,7.41,6.95,12.92,12.67,2.03],
  [4.21,13.76,13.20,13.08,9.49,12.20,11.94,2.80,0.49,3.09,1.87,3.67,0.43,0.87,0.64,4.34,99.00,7.94,7.01,16.38,16.32,4.51],
  [4.44,12.99,8.76,8.84,5.41,8.20,6.78,5.18,8.33,7.02,6.61,7.44,8.10,8.32,8.52,7.41,7.94,99.00,1.08,10.83,11.28,5.38],
  [3.84,13.33,9.52,9.58,5.97,8.88,7.60,4.31,7.41,6.39,5.80,6.89,7.20,7.44,7.61,6.95,7.01,1.08,99.00,11.77,12.16,4.95],
  [12.27,8.88,3.46,3.70,6.88,4.52,4.47,13.94,16.52,13.69,14.51,13.50,16.28,16.22,16.71,12.92,16.38,10.83,11.77,99.00,1.16,11.90],
  [12.30,7.87,3.14,3.30,6.88,4.19,4.63,13.99,16.43,13.52,14.45,13.27,16.19,16.11,16.61,12.67,16.32,11.28,12.16,1.16,99.00,11.81],
  [1.30,9.95,8.69,8.57,5.03,7.69,7.49,2.64,4.62,1.97,2.64,2.15,4.39,4.33,4.81,2.03,4.51,5.38,4.95,11.90,11.81,99.00]
];
