// Chosen Depots: [1, 2, 3, 6]
// Chosen Demand Points (Original DP No): [1, 2, 3, 8, 12, 14, 15, 16, 19, 20, 22, 23, 26, 27, 30, 31, 89, 91, 92, 95, 98, 99, 100, 103, 104, 105, 106, 107, 108, 111, 113, 114, 116, 117, 123, 125, 126, 130, 132, 133, 134, 135, 136, 138, 141, 142, 144, 147, 150, 152, 153, 154, 155, 159, 163, 164, 165, 167, 168, 169]
// Original Weights: [9, 9, 9, 4, 6, 5, 7, 4, 5, 6, 6, 6, 4, 7, 5, 6, 7, 6, 5, 7, 6, 6, 7, 7, 7, 6, 7, 8, 7, 7, 7, 7, 7, 7, 6, 2, 3, 4, 4, 4, 4, 4, 2, 3, 4, 8, 8, 5, 7, 7, 8, 4, 5, 7, 8, 9, 6, 9, 5, 8]

|W| = 4;
|D| = 60;
V = 54;
C = 3;
|K| = 1;
M = 100;
S = 0.25;
|TR| = 12;
δmax = 18.3;
Runtime = 25;

// Priority weights for selected demand points
pj = [
  9, 9, 9, 4, 6, 5, 7, 4, 5, 6, 6, 6, 4, 7, 5, 6, 7, 6, 5, 7, 6, 6, 7, 7, 7, 6, 7, 8, 7, 7, 7, 7, 7, 7, 6, 2, 3, 4, 4, 4, 4, 4, 2, 3, 4, 8, 8, 5, 7, 7, 8, 4, 5, 7, 8, 9, 6, 9, 5, 8
];

δij =
[
  [99.00,99.00,99.00,99.00,19.31,19.21,17.00,17.26,9.16,5.42,6.09,7.41,8.42,5.52,6.76,7.04,9.54,6.11,7.81,6.00,4.43,1.03,1.44,4.45,2.57,1.26,2.70,2.57,2.81,0.36,2.46,3.04,4.35,2.79,3.80,3.82,2.70,3.26,2.62,6.34,5.05,3.46,3.51,3.51,3.27,3.45,5.95,3.89,11.81,11.71,13.22,10.83,13.09,10.66,11.66,10.88,12.30,10.82,4.12,4.80,1.06,5.18,1.47,4.75],
  [99.00,99.00,99.00,99.00,9.07,8.93,6.60,11.93,6.12,7.73,5.71,8.33,6.83,7.11,6.36,6.19,8.34,5.12,7.88,6.09,13.73,11.79,12.55,13.62,13.06,12.15,12.68,12.24,12.45,11.16,12.14,10.10,13.23,12.72,13.79,12.73,10.14,12.79,12.84,13.15,13.43,13.26,12.30,12.30,13.57,12.49,13.42,13.59,9.48,2.64,4.76,6.71,5.00,3.67,3.44,9.26,7.87,4.28,7.83,7.77,10.11,7.40,10.35,6.83],
  [99.00,99.00,99.00,99.00,13.23,13.22,11.78,7.52,3.84,5.27,6.45,3.03,3.36,5.60,4.96,4.86,1.62,7.61,2.93,6.07,14.68,11.29,11.22,14.68,12.81,11.47,12.97,12.78,13.03,10.60,12.66,12.02,14.52,13.05,14.06,13.95,11.77,13.49,12.89,6.62,8.11,9.45,8.25,8.25,10.13,8.50,7.28,9.46,1.98,8.06,7.61,3.65,7.23,6.49,7.29,1.17,3.80,5.98,10.78,11.46,10.04,11.45,8.80,10.15],
  [99.00,99.00,99.00,99.00,24.98,24.93,22.99,20.10,13.99,10.64,12.46,11.27,12.99,11.18,12.23,12.49,13.02,13.08,11.86,12.13,9.89,8.11,7.06,10.04,8.16,7.82,8.87,9.19,9.24,8.27,9.17,10.91,10.32,8.93,8.91,10.13,10.60,9.42,8.56,6.07,4.93,4.97,5.85,5.85,4.86,5.66,5.45,4.60,14.66,17.92,18.76,15.21,18.49,16.48,17.56,13.77,16.16,16.37,12.17,12.88,9.09,13.25,8.10,12.67],
  [19.31,9.07,13.23,24.98,99.00,0.19,2.47,9.10,10.99,14.54,13.24,13.74,11.99,14.14,12.94,12.66,12.26,13.27,13.14,13.40,22.56,20.16,20.72,22.46,21.59,20.50,21.31,20.91,21.15,19.45,20.80,18.93,22.09,21.37,22.48,21.56,18.91,21.52,21.43,19.10,20.05,20.57,19.41,19.41,21.07,19.65,19.62,20.79,11.50,7.62,6.25,9.91,6.49,8.71,7.67,12.07,9.44,8.68,16.69,16.75,18.45,16.40,18.22,15.66],
  [19.21,8.93,13.22,24.93,0.19,99.00,2.33,9.20,10.94,14.47,13.15,13.70,11.94,14.06,12.87,12.59,12.24,13.17,13.10,13.32,22.44,20.06,20.63,22.34,21.48,20.40,21.20,20.80,21.03,19.35,20.69,18.81,21.97,21.26,22.37,21.45,18.79,21.41,21.32,19.07,20.00,20.50,19.34,19.34,21.00,19.58,19.58,20.72,11.52,7.52,6.19,9.88,6.44,8.63,7.58,12.07,9.44,8.62,16.57,16.62,18.35,16.27,18.13,15.54],
  [17.00,6.60,11.78,22.99,2.47,2.33,99.00,9.14,9.07,12.42,10.98,11.86,10.08,11.97,10.82,10.55,10.62,10.92,11.27,11.18,20.14,17.82,18.43,20.04,19.23,18.17,18.93,18.52,18.75,17.13,18.41,16.50,19.67,18.98,20.08,19.14,16.50,19.12,19.05,17.24,18.06,18.44,17.31,17.31,18.91,17.55,17.71,18.69,10.26,5.29,4.31,8.24,4.63,6.54,5.47,10.67,8.12,6.62,14.26,14.29,16.11,13.94,15.97,13.23],
  [17.26,11.93,7.52,20.10,9.10,9.20,9.14,99.00,8.38,11.85,11.96,9.90,8.90,11.87,10.74,10.50,7.75,12.78,9.46,11.79,21.49,18.27,18.38,21.46,19.83,18.50,19.86,19.59,19.85,17.54,19.47,18.35,21.23,19.94,21.02,20.65,18.17,20.31,19.84,14.10,15.62,16.91,15.70,15.70,17.58,15.95,14.78,16.95,5.61,9.29,7.26,6.69,6.96,8.68,8.52,6.57,5.08,8.11,16.58,17.06,16.80,16.90,15.82,15.70],
  [9.16,6.12,3.84,13.99,10.99,10.94,9.07,8.38,99.00,3.81,3.59,2.79,1.01,3.64,2.42,2.15,2.23,4.50,2.20,3.41,13.21,10.15,10.43,13.17,11.69,10.42,11.64,11.33,11.60,9.40,11.21,9.97,12.91,11.71,12.82,12.33,9.80,12.04,11.65,8.17,9.06,9.70,8.50,8.50,10.26,8.75,8.65,9.88,3.84,4.48,4.78,1.71,4.51,2.86,3.85,3.33,3.30,2.53,8.22,8.74,8.56,8.62,7.82,7.38],
  [5.42,7.73,5.27,10.64,14.54,14.47,12.42,11.85,3.81,99.00,2.14,2.23,3.01,0.66,1.61,1.88,4.22,3.22,2.47,1.69,9.66,6.43,6.64,9.64,7.99,6.68,8.01,7.75,8.01,5.69,7.63,6.77,9.43,8.09,9.17,8.85,6.53,8.47,7.99,5.44,5.77,6.03,4.89,4.89,6.53,5.12,5.69,6.26,6.52,7.28,8.30,5.43,8.09,5.88,6.96,5.63,6.88,5.86,5.58,6.30,4.96,6.35,4.03,5.07],
  [6.09,5.71,6.45,12.46,13.24,13.15,10.98,11.96,3.59,2.14,99.00,3.67,3.30,1.48,1.49,1.62,5.03,1.20,3.55,0.46,9.80,6.99,7.49,9.74,8.48,7.30,8.32,7.97,8.23,6.26,7.85,6.43,9.45,8.39,9.51,8.88,6.28,8.65,8.38,7.55,7.72,7.63,6.61,6.61,8.02,6.82,7.76,7.94,7.18,5.70,7.14,5.28,7.02,4.57,5.58,6.44,6.89,4.76,4.64,5.19,5.30,5.11,4.99,3.83],
  [7.41,8.33,3.03,11.27,13.74,13.70,11.86,9.90,2.79,2.23,3.67,99.00,1.79,2.60,2.25,2.29,2.14,4.87,0.60,3.23,11.76,8.44,8.49,11.75,9.98,8.65,10.08,9.85,10.12,7.72,9.73,9.00,11.57,10.16,11.21,11.00,8.75,10.57,10.02,5.39,6.36,7.22,6.00,6.00,7.84,6.26,5.88,7.34,4.39,7.15,7.56,3.97,7.27,5.55,6.59,3.47,5.15,5.29,7.77,8.47,7.09,8.48,5.96,7.19],
  [8.42,6.83,3.36,12.99,11.99,11.94,10.08,8.90,1.01,3.01,3.30,1.79,99.00,2.97,1.89,1.69,1.80,4.38,1.20,3.02,12.59,9.43,9.65,12.56,10.98,9.68,10.97,10.69,10.96,8.68,10.57,9.49,12.32,11.05,12.14,11.74,9.29,11.41,10.97,7.17,8.07,8.76,7.55,7.55,9.34,7.81,7.64,8.93,3.87,5.41,5.79,2.43,5.51,3.80,4.82,3.16,3.88,3.51,7.90,8.49,7.90,8.41,7.04,7.13],
  [5.52,7.11,5.60,11.18,14.14,14.06,11.97,11.87,3.64,0.66,1.48,2.60,2.97,99.00,1.25,1.53,4.41,2.56,2.70,1.04,9.62,6.51,6.82,9.59,8.06,6.78,8.02,7.73,7.99,5.76,7.61,6.57,9.36,8.10,9.19,8.78,6.35,8.44,8.02,6.08,6.35,6.48,5.38,5.38,6.94,5.60,6.32,6.74,6.68,6.77,7.92,5.32,7.74,5.44,6.51,5.83,6.84,5.47,5.19,5.87,4.94,5.89,4.21,4.60],
  [6.76,6.36,4.96,12.23,12.94,12.87,10.82,10.74,2.42,1.61,1.49,2.25,1.89,1.25,99.00,0.29,3.55,2.67,2.07,1.14,10.79,7.74,8.07,10.75,9.28,8.02,9.22,8.91,9.18,6.99,8.79,7.61,10.50,9.29,10.40,9.92,7.43,9.62,9.23,6.84,7.33,7.64,6.50,6.50,8.13,6.73,7.16,7.87,5.75,5.69,6.70,4.12,6.51,4.27,5.35,4.98,5.68,4.26,6.01,6.62,6.14,6.56,5.46,5.27],
  [7.04,6.19,4.86,12.49,12.66,12.59,10.55,10.50,2.15,1.88,1.62,2.29,1.69,1.53,0.29,99.00,3.41,2.76,2.03,1.33,11.06,8.02,8.35,11.02,9.56,8.30,9.49,9.18,9.44,7.27,9.06,7.85,10.76,9.57,10.67,10.18,7.67,9.89,9.51,7.04,7.58,7.91,6.77,6.77,8.41,7.00,7.39,8.14,5.57,5.44,6.42,3.86,6.23,4.01,5.08,4.82,5.43,3.98,6.21,6.79,6.41,6.72,5.75,5.44],
  [9.54,8.34,1.62,13.02,12.26,12.24,10.62,7.75,2.23,4.22,5.03,2.14,1.80,4.41,3.55,3.41,99.00,6.15,1.75,4.69,13.86,10.57,10.63,13.85,12.11,10.78,12.19,11.95,12.21,9.84,11.83,10.96,13.65,12.27,13.33,13.07,10.74,12.67,12.15,6.98,8.22,9.27,8.04,8.04,9.91,8.30,7.57,9.35,2.29,6.55,6.35,2.38,6.00,4.95,5.81,1.43,3.15,4.49,9.53,10.16,9.17,10.12,8.09,8.82],
  [6.11,5.12,7.61,13.08,13.27,13.17,10.92,12.78,4.50,3.22,1.20,4.87,4.38,2.56,2.67,2.76,6.15,99.00,4.74,1.65,9.40,6.90,7.55,9.33,8.32,7.25,8.06,7.67,7.91,6.22,7.56,5.87,9.00,8.12,9.23,8.44,5.78,8.31,8.16,8.50,8.48,8.16,7.24,7.24,8.45,7.42,8.64,8.49,8.23,5.65,7.37,6.12,7.32,4.83,5.71,7.54,7.74,5.15,3.85,4.28,5.19,4.13,5.25,2.92],
  [7.81,7.88,2.93,11.86,13.14,13.10,11.27,9.46,2.20,2.47,3.55,0.60,1.20,2.70,2.07,2.03,1.75,4.74,99.00,3.15,12.11,8.83,8.93,12.09,10.38,9.05,10.44,10.20,10.46,8.10,10.08,9.23,11.89,10.52,11.59,11.32,8.99,10.92,10.40,5.98,6.95,7.77,6.55,6.55,8.38,6.81,6.47,7.90,4.05,6.60,6.97,3.39,6.68,4.99,6.02,3.16,4.63,4.72,7.88,8.54,7.41,8.53,6.36,7.23],
  [6.00,6.09,6.07,12.13,13.40,13.32,11.18,11.79,3.41,1.69,0.46,3.23,3.02,1.04,1.14,1.33,4.69,1.65,3.15,99.00,9.84,6.93,7.37,9.79,8.45,7.23,8.32,7.99,8.25,6.19,7.87,6.56,9.52,8.40,9.51,8.94,6.39,8.69,8.37,7.12,7.34,7.35,6.29,6.29,7.76,6.51,7.35,7.63,6.88,5.92,7.24,5.12,7.10,4.70,5.74,6.12,6.72,4.83,4.88,5.48,5.27,5.42,4.82,4.13],
  [4.43,13.73,14.68,9.89,22.56,22.44,20.14,21.49,13.21,9.66,9.80,11.76,12.59,9.62,10.79,11.06,13.86,9.40,12.11,9.84,99.00,3.43,3.89,0.17,2.13,3.35,1.73,1.91,1.65,4.09,2.03,3.64,0.61,1.64,0.99,1.00,3.65,1.19,1.89,10.38,8.79,6.86,7.48,7.48,6.29,7.33,9.85,7.21,16.14,14.98,16.77,14.91,16.71,14.22,15.11,15.23,16.46,14.50,5.90,6.02,4.70,6.43,5.89,6.92],
  [1.03,11.79,11.29,8.11,20.16,20.06,17.82,18.27,10.15,6.43,6.99,8.44,9.43,6.51,7.74,8.02,10.57,6.90,8.83,6.93,3.43,99.00,1.06,3.46,1.55,0.37,1.70,1.64,1.86,0.75,1.54,2.80,3.41,1.79,2.77,2.91,2.49,2.29,1.59,7.12,5.69,3.91,4.22,4.22,3.54,4.12,6.67,4.32,12.83,12.54,14.12,11.82,14.01,11.55,12.53,11.90,13.31,11.74,4.41,4.97,1.71,5.38,2.50,5.19],
  [1.44,12.55,11.22,7.06,20.72,20.63,18.43,18.38,10.43,6.64,7.49,8.49,9.65,6.82,8.07,8.35,10.63,7.55,8.93,7.37,3.89,1.06,99.00,3.96,1.76,0.77,2.26,2.39,2.54,1.42,2.32,3.86,4.02,2.35,3.04,3.60,3.55,2.90,2.02,6.49,4.93,3.04,3.59,3.59,2.58,3.44,5.97,3.43,12.86,13.14,14.61,12.07,14.47,12.06,13.07,11.91,13.50,12.19,5.38,5.99,2.46,6.39,2.61,6.10],
  [4.45,13.62,14.68,10.04,22.46,22.34,20.04,21.46,13.17,9.64,9.74,11.75,12.56,9.59,10.75,11.02,13.85,9.33,12.09,9.79,0.17,3.46,3.96,99.00,2.21,3.40,1.77,1.90,1.64,4.10,2.02,3.54,0.45,1.68,1.13,0.90,3.56,1.19,1.95,10.45,8.88,6.95,7.55,7.55,6.39,7.40,9.93,7.30,16.13,14.89,16.70,14.87,16.64,14.15,15.03,15.22,16.43,14.43,5.80,5.90,4.68,6.31,5.91,6.82],
  [2.57,13.06,12.81,8.16,21.59,21.48,19.23,19.83,11.69,7.99,8.48,9.98,10.98,8.06,9.28,9.56,12.11,8.32,10.38,8.45,2.13,1.55,1.76,2.21,99.00,1.34,0.72,1.12,1.10,2.30,1.15,3.34,2.33,0.77,1.29,2.01,3.15,1.28,0.41,8.25,6.66,4.74,5.36,5.36,4.19,5.20,7.72,5.09,14.37,13.97,15.60,13.37,15.50,13.03,13.99,13.44,14.86,13.24,5.40,5.80,3.18,6.23,4.02,6.31],
  [1.26,12.15,11.47,7.82,20.50,20.40,18.17,18.50,10.42,6.68,7.30,8.65,9.68,6.78,8.02,8.30,10.78,7.25,9.05,7.23,3.35,0.37,0.77,3.40,1.34,99.00,1.64,1.68,1.87,1.05,1.60,3.12,3.40,1.73,2.61,2.94,2.82,2.27,1.47,7.08,5.59,3.76,4.18,4.18,3.33,4.05,6.60,4.16,13.04,12.88,14.44,12.09,14.32,11.88,12.86,12.10,13.56,12.05,4.78,5.33,2.06,5.74,2.69,5.56],
  [2.70,12.68,12.97,8.87,21.31,21.20,18.93,19.86,11.64,8.01,8.32,10.08,10.97,8.02,9.22,9.49,12.19,8.06,10.44,8.32,1.73,1.70,2.26,1.77,0.72,1.64,99.00,0.47,0.38,2.37,0.54,2.76,1.77,0.09,1.19,1.36,2.61,0.64,0.31,8.71,7.18,5.29,5.81,5.81,4.79,5.67,8.22,5.67,14.47,13.70,15.40,13.33,15.31,12.83,13.76,13.54,14.86,13.07,4.91,5.25,3.08,5.68,4.17,5.87],
  [2.57,12.24,12.78,9.19,20.91,20.80,18.52,19.59,11.33,7.75,7.97,9.85,10.69,7.73,8.91,9.18,11.95,7.67,10.20,7.99,1.91,1.64,2.39,1.90,1.12,1.68,0.47,99.00,0.26,2.22,0.12,2.29,1.79,0.49,1.57,1.27,2.15,0.72,0.73,8.75,7.28,5.43,5.84,5.84,4.96,5.73,8.28,5.82,14.24,13.30,15.02,13.03,14.94,12.46,13.38,13.32,14.57,12.71,4.46,4.78,2.80,5.21,4.01,5.42],
  [2.81,12.45,13.03,9.24,21.15,21.03,18.75,19.85,11.60,8.01,8.23,10.12,10.96,7.99,9.18,9.44,12.21,7.91,10.46,8.25,1.65,1.86,2.54,1.64,1.10,1.87,0.38,0.26,99.00,2.46,0.38,2.46,1.55,0.35,1.33,1.07,2.34,0.46,0.69,8.95,7.45,5.59,6.04,6.04,5.10,5.92,8.47,5.97,14.50,13.54,15.27,13.30,15.20,12.71,13.63,13.58,14.83,12.96,4.66,4.95,3.06,5.38,4.27,5.63],
  [0.36,11.16,10.60,8.27,19.45,19.35,17.13,17.54,9.40,5.69,6.26,7.72,8.68,5.76,6.99,7.27,9.84,6.22,8.10,6.19,4.09,0.75,1.42,4.10,2.30,1.05,2.37,2.22,2.46,99.00,2.10,2.75,4.00,2.46,3.49,3.46,2.41,2.92,2.31,6.70,5.39,3.75,3.85,3.85,3.51,3.79,6.30,4.18,12.11,11.84,13.39,11.08,13.27,10.83,11.81,11.18,12.57,11.01,3.99,4.63,1.05,5.03,1.81,4.68],
  [2.46,12.14,12.66,9.17,20.80,20.69,18.41,19.47,11.21,7.63,7.85,9.73,10.57,7.61,8.79,9.06,11.83,7.56,10.08,7.87,2.03,1.54,2.32,2.02,1.15,1.60,0.54,0.12,0.38,2.10,99.00,2.23,1.90,0.58,1.68,1.37,2.07,0.84,0.78,8.65,7.19,5.35,5.75,5.75,4.90,5.64,8.19,5.75,14.12,13.19,14.91,12.91,14.83,12.34,13.27,13.20,14.45,12.59,4.37,4.71,2.67,5.14,3.90,5.33],
  [3.04,10.10,12.02,10.91,18.93,18.81,16.50,18.35,9.97,6.77,6.43,9.00,9.49,6.57,7.61,7.85,10.96,5.87,9.23,6.56,3.64,2.80,3.86,3.54,3.34,3.12,2.76,2.29,2.46,2.75,2.23,99.00,3.17,2.77,3.74,2.64,0.35,2.72,3.00,9.22,8.06,6.50,6.49,6.49,6.25,6.46,8.90,6.93,13.25,11.37,13.22,11.68,13.18,10.69,11.54,12.38,13.27,11.01,2.26,2.49,2.39,2.92,3.97,3.28],
  [4.35,13.23,14.52,10.32,22.09,21.97,19.67,21.23,12.91,9.43,9.45,11.57,12.32,9.36,10.50,10.76,13.65,9.00,11.89,9.52,0.61,3.41,4.02,0.45,2.33,3.40,1.77,1.79,1.55,4.00,1.90,3.17,99.00,1.67,1.43,0.58,3.22,1.13,2.00,10.48,8.95,7.04,7.57,7.57,6.51,7.44,9.98,7.41,15.94,14.53,16.36,14.62,16.32,13.82,14.69,15.03,16.18,14.12,5.41,5.49,4.49,5.89,5.79,6.44],
  [2.79,12.72,13.05,8.93,21.37,21.26,18.98,19.94,11.71,8.09,8.39,10.16,11.05,8.10,9.29,9.57,12.27,8.12,10.52,8.40,1.64,1.79,2.35,1.68,0.77,1.73,0.09,0.49,0.35,2.46,0.58,2.77,1.67,99.00,1.12,1.28,2.63,0.56,0.37,8.80,7.27,5.38,5.90,5.90,4.87,5.76,8.31,5.76,14.55,13.76,15.46,13.41,15.38,12.90,13.83,13.63,14.94,13.14,4.94,5.27,3.16,5.69,4.26,5.90],
  [3.80,13.79,14.06,8.91,22.48,22.37,20.08,21.02,12.82,9.17,9.51,11.21,12.14,9.19,10.40,10.67,13.33,9.23,11.59,9.51,0.99,2.77,3.04,1.13,1.29,2.61,1.19,1.57,1.33,3.49,1.68,3.74,1.43,1.12,99.00,1.45,3.66,1.03,1.18,9.50,7.88,5.94,6.62,6.62,5.34,6.46,8.96,6.27,15.60,14.87,16.58,14.51,16.50,14.02,14.94,14.67,16.03,14.26,5.98,6.23,4.26,6.65,5.27,6.96],
  [3.82,12.73,13.95,10.13,21.56,21.45,19.14,20.65,12.33,8.85,8.88,11.00,11.74,8.78,9.92,10.18,13.07,8.44,11.32,8.94,1.00,2.91,3.60,0.90,2.01,2.94,1.36,1.27,1.07,3.46,1.37,2.64,0.58,1.28,1.45,99.00,2.66,0.73,1.64,10.01,8.52,6.64,7.11,7.11,6.14,6.99,9.54,7.03,15.36,13.99,15.81,14.04,15.76,13.26,14.14,14.46,15.60,13.55,4.90,5.02,3.92,5.43,5.25,5.92],
  [2.70,10.14,11.77,10.60,18.91,18.79,16.50,18.17,9.80,6.53,6.28,8.75,9.29,6.35,7.43,7.67,10.74,5.78,8.99,6.39,3.65,2.49,3.55,3.56,3.15,2.82,2.61,2.15,2.34,2.41,2.07,0.35,3.22,2.63,3.66,2.66,99.00,2.65,2.83,8.88,7.72,6.15,6.14,6.14,5.91,6.12,8.55,6.58,13.02,11.33,13.15,11.51,13.10,10.61,11.48,12.15,13.10,10.91,2.32,2.65,2.05,3.08,3.64,3.31],
  [3.26,12.79,13.49,9.42,21.52,21.41,19.12,20.31,12.04,8.47,8.65,10.57,11.41,8.44,9.62,9.89,12.67,8.31,10.92,8.69,1.19,2.29,2.90,1.19,1.28,2.27,0.64,0.72,0.46,2.92,0.84,2.72,1.13,0.56,1.03,0.73,2.65,99.00,0.91,9.35,7.83,5.94,6.44,6.44,5.43,6.31,8.86,6.31,14.96,13.92,15.68,13.74,15.61,13.12,14.03,14.04,15.28,13.38,4.96,5.20,3.51,5.62,4.72,5.96],
  [2.62,12.84,12.89,8.56,21.43,21.32,19.05,19.84,11.65,7.99,8.38,10.02,10.97,8.02,9.23,9.51,12.15,8.16,10.40,8.37,1.89,1.59,2.02,1.95,0.41,1.47,0.31,0.73,0.69,2.31,0.78,3.00,2.00,0.37,1.18,1.64,2.83,0.91,99.00,8.50,6.95,5.04,5.60,5.60,4.52,5.46,7.99,5.41,14.42,13.81,15.48,13.34,15.39,12.91,13.86,13.49,14.85,13.13,5.11,5.48,3.10,5.91,4.09,6.05],
  [6.34,13.15,6.62,6.07,19.10,19.07,17.24,14.10,8.17,5.44,7.55,5.39,7.17,6.08,6.84,7.04,6.98,8.50,5.98,7.12,10.38,7.12,6.49,10.45,8.25,7.08,8.71,8.75,8.95,6.70,8.65,9.22,10.48,8.80,9.50,10.01,8.88,9.35,8.50,99.00,1.78,3.67,2.91,2.91,4.36,3.05,0.70,3.46,8.60,12.41,12.95,9.23,12.66,10.86,11.92,7.70,10.10,10.66,9.31,10.13,6.83,10.36,5.26,9.33],
  [5.05,13.43,8.11,4.93,20.05,20.00,18.06,15.62,9.06,5.77,7.72,6.36,8.07,6.35,7.33,7.58,8.22,8.48,6.95,7.34,8.79,5.69,4.93,8.88,6.66,5.59,7.18,7.28,7.45,5.39,7.19,8.06,8.95,7.27,7.88,8.52,7.72,7.83,6.95,1.78,99.00,1.95,1.58,1.58,2.62,1.60,1.12,1.69,10.05,13.02,13.82,10.32,13.56,11.56,12.64,9.11,11.37,11.44,8.54,9.33,5.74,9.63,4.26,8.74],
  [3.46,13.26,9.45,4.97,20.57,20.50,18.44,16.91,9.70,6.03,7.63,7.22,8.76,6.48,7.64,7.91,9.27,8.16,7.77,7.35,6.86,3.91,3.04,6.95,4.74,3.76,5.29,5.43,5.59,3.75,5.35,6.50,7.04,5.38,5.94,6.64,6.15,5.94,5.04,3.67,1.95,99.00,1.23,1.23,0.72,0.97,3.06,0.43,11.30,13.24,14.32,11.15,14.11,11.90,12.98,10.34,12.37,11.89,7.36,8.11,4.34,8.46,3.15,7.77],
  [3.51,12.30,8.25,5.85,19.41,19.34,17.31,15.70,8.50,4.89,6.61,6.00,7.55,5.38,6.50,6.77,8.04,7.24,6.55,6.29,7.48,4.22,3.59,7.55,5.36,4.18,5.81,5.84,6.04,3.85,5.75,6.49,7.57,5.90,6.62,7.11,6.14,6.44,5.60,2.91,1.58,1.23,99.00,0.00,1.89,0.26,2.45,1.38,10.08,12.15,13.16,9.93,12.93,10.77,11.85,9.13,11.14,10.73,6.98,7.77,4.15,8.07,2.69,7.23],
  [3.51,12.30,8.25,5.85,19.41,19.34,17.31,15.70,8.50,4.89,6.61,6.00,7.55,5.38,6.50,6.77,8.04,7.24,6.55,6.29,7.48,4.22,3.59,7.55,5.36,4.18,5.81,5.84,6.04,3.85,5.75,6.49,7.57,5.90,6.62,7.11,6.14,6.44,5.60,2.91,1.58,1.23,0.00,99.00,1.89,0.26,2.45,1.38,10.08,12.15,13.16,9.93,12.93,10.77,11.85,9.13,11.14,10.73,6.98,7.77,4.15,8.07,2.69,7.23],
  [3.27,13.57,10.13,4.86,21.07,21.00,18.91,17.58,10.26,6.53,8.02,7.84,9.34,6.94,8.13,8.41,9.91,8.45,8.38,7.76,6.29,3.54,2.58,6.39,4.19,3.33,4.79,4.96,5.10,3.51,4.90,6.25,6.51,4.87,5.34,6.14,5.91,5.43,4.52,4.36,2.62,0.72,1.89,1.89,99.00,1.63,3.74,0.94,11.97,13.68,14.83,11.74,14.63,12.38,13.44,11.02,13.00,12.39,7.33,8.04,4.24,8.41,3.29,7.82],
  [3.45,12.49,8.50,5.66,19.65,19.58,17.55,15.95,8.75,5.12,6.82,6.26,7.81,5.60,6.73,7.00,8.30,7.42,6.81,6.51,7.33,4.12,3.44,7.40,5.20,4.05,5.67,5.73,5.92,3.79,5.64,6.46,7.44,5.76,6.46,6.99,6.12,6.31,5.46,3.05,1.60,0.97,0.26,0.26,1.63,99.00,2.55,1.14,10.34,12.37,13.40,10.19,13.18,11.00,12.08,9.39,11.40,10.97,7.03,7.82,4.15,8.13,2.74,7.32],
  [5.95,13.42,7.28,5.45,19.62,19.58,17.71,14.78,8.65,5.69,7.76,5.88,7.64,6.32,7.16,7.39,7.57,8.64,6.47,7.35,9.85,6.67,5.97,9.93,7.72,6.60,8.22,8.28,8.47,6.30,8.19,8.90,9.98,8.31,8.96,9.54,8.55,8.86,7.99,0.70,1.12,3.06,2.45,2.45,3.74,2.55,99.00,2.81,9.25,12.80,13.43,9.78,13.15,11.28,12.35,8.34,10.71,11.10,9.16,9.97,6.53,10.23,4.98,9.25],
  [3.89,13.59,9.46,4.60,20.79,20.72,18.69,16.95,9.88,6.26,7.94,7.34,8.93,6.74,7.87,8.14,9.35,8.49,7.90,7.63,7.21,4.32,3.43,7.30,5.09,4.16,5.67,5.82,5.97,4.18,5.75,6.93,7.41,5.76,6.27,7.03,6.58,6.31,5.41,3.46,1.69,0.43,1.38,1.38,0.94,1.14,2.81,99.00,11.34,13.51,14.54,11.29,14.31,12.14,13.22,10.39,12.47,12.11,7.79,8.54,4.77,8.88,3.56,8.18],
  [11.81,9.48,1.98,14.66,11.50,11.52,10.26,5.61,3.84,6.52,7.18,4.39,3.87,6.68,5.75,5.57,2.29,8.23,4.05,6.88,16.14,12.83,12.86,16.13,14.37,13.04,14.47,14.24,14.50,12.11,14.12,13.25,15.94,14.55,15.60,15.36,13.02,14.96,14.42,8.60,10.05,11.30,10.08,10.08,11.97,10.34,9.25,11.34,99.00,7.24,6.31,2.77,5.91,5.83,6.39,0.96,2.14,5.24,11.76,12.36,11.46,12.29,10.35,11.01],
  [11.71,2.64,8.06,17.92,7.62,7.52,5.29,9.29,4.48,7.28,5.70,7.15,5.41,6.77,5.69,5.44,6.55,5.65,6.60,5.92,14.98,12.54,13.14,14.89,13.97,12.88,13.70,13.30,13.54,11.84,13.19,11.37,14.53,13.76,14.87,13.99,11.33,13.92,13.81,12.41,13.02,13.24,12.15,12.15,13.68,12.37,12.80,13.51,7.24,99.00,2.19,4.51,2.38,1.62,0.86,7.19,5.42,2.07,9.17,9.32,10.83,9.01,10.68,8.14],
  [13.22,4.76,7.61,18.76,6.25,6.19,4.31,7.26,4.78,8.30,7.14,7.56,5.79,7.92,6.70,6.42,6.35,7.37,6.97,7.24,16.77,14.12,14.61,16.70,15.60,14.44,15.40,15.02,15.27,13.39,14.91,13.22,16.36,15.46,16.58,15.81,13.15,15.68,15.48,12.95,13.82,14.32,13.16,13.16,14.83,13.40,13.43,14.54,6.31,2.19,99.00,3.99,0.40,2.57,1.70,6.56,4.22,2.44,11.08,11.31,12.42,11.03,12.06,10.07],
  [10.83,6.71,3.65,15.21,9.91,9.88,8.24,6.69,1.71,5.43,5.28,3.97,2.43,5.32,4.12,3.86,2.38,6.12,3.39,5.12,14.91,11.82,12.07,14.87,13.37,12.09,13.33,13.03,13.30,11.08,12.91,11.68,14.62,13.41,14.51,14.04,11.51,13.74,13.34,9.23,10.32,11.15,9.93,9.93,11.74,10.19,9.78,11.29,2.77,4.51,3.99,99.00,3.63,3.06,3.70,2.69,1.62,2.48,9.90,10.39,10.25,10.25,9.46,9.03],
  [13.09,5.00,7.23,18.49,6.49,6.44,4.63,6.96,4.51,8.09,7.02,7.27,5.51,7.74,6.51,6.23,6.00,7.32,6.68,7.10,16.71,14.01,14.47,16.64,15.50,14.32,15.31,14.94,15.20,13.27,14.83,13.18,16.32,15.38,16.50,15.76,13.10,15.61,15.39,12.66,13.56,14.11,12.93,12.93,14.63,13.18,13.15,14.31,5.91,2.38,0.40,3.63,99.00,2.49,1.77,6.17,3.82,2.28,11.07,11.33,12.32,11.06,11.90,10.07],
  [10.66,3.67,6.49,16.48,8.71,8.63,6.54,8.68,2.86,5.88,4.57,5.55,3.80,5.44,4.27,4.01,4.95,4.83,4.99,4.70,14.22,11.55,12.06,14.15,13.03,11.88,12.83,12.46,12.71,10.83,12.34,10.69,13.82,12.90,14.02,13.26,10.61,13.12,12.91,10.86,11.56,11.90,10.77,10.77,12.38,11.00,11.28,12.14,5.83,1.62,2.57,3.06,2.49,99.00,1.08,5.68,4.23,0.62,8.59,8.88,9.86,8.63,9.52,7.59],
  [11.66,3.44,7.29,17.56,7.67,7.58,5.47,8.52,3.85,6.96,5.58,6.59,4.82,6.51,5.35,5.08,5.81,5.71,6.02,5.74,15.11,12.53,13.07,15.03,13.99,12.86,13.76,13.38,13.63,11.81,13.27,11.54,14.69,13.83,14.94,14.14,11.48,14.03,13.86,11.92,12.64,12.98,11.85,11.85,13.44,12.08,12.35,13.22,6.39,0.86,1.70,3.70,1.77,1.08,99.00,6.39,4.56,1.34,9.39,9.61,10.83,9.33,10.55,8.37],
  [10.88,9.26,1.17,13.77,12.07,12.07,10.67,6.57,3.33,5.63,6.44,3.47,3.16,5.83,4.98,4.82,1.43,7.54,3.16,6.12,15.23,11.90,11.91,15.22,13.44,12.10,13.54,13.32,13.58,11.18,13.20,12.38,15.03,13.63,14.67,14.46,12.15,14.04,13.49,7.70,9.11,10.34,9.13,9.13,11.02,9.39,8.34,10.39,0.96,7.19,6.56,2.69,6.17,5.68,6.39,99.00,2.63,5.13,10.96,11.59,10.55,11.54,9.41,10.25],
  [12.30,7.87,3.80,16.16,9.44,9.44,8.12,5.08,3.30,6.88,6.89,5.15,3.88,6.84,5.68,5.43,3.15,7.74,4.63,6.72,16.46,13.31,13.50,16.43,14.86,13.56,14.86,14.57,14.83,12.57,14.45,13.27,16.18,14.94,16.03,15.60,13.10,15.28,14.85,10.10,11.37,12.37,11.14,11.14,13.00,11.40,10.71,12.47,2.14,5.42,4.22,1.62,3.82,4.23,4.56,2.63,99.00,3.61,11.51,12.01,11.78,11.86,10.91,10.64],
  [10.82,4.28,5.98,16.37,8.68,8.62,6.62,8.11,2.53,5.86,4.76,5.29,3.51,5.47,4.26,3.98,4.49,5.15,4.72,4.83,14.50,11.74,12.19,14.43,13.24,12.05,13.07,12.71,12.96,11.01,12.59,11.01,14.12,13.14,14.26,13.55,10.91,13.38,13.13,10.66,11.44,11.89,10.73,10.73,12.39,10.97,11.10,12.11,5.24,2.07,2.44,2.48,2.28,0.62,1.34,5.13,3.61,99.00,8.96,9.29,10.06,9.06,9.63,7.98],
  [4.12,7.83,10.78,12.17,16.69,16.57,14.26,16.58,8.22,5.58,4.64,7.77,7.90,5.19,6.01,6.21,9.53,3.85,7.88,4.88,5.90,4.41,5.38,5.80,5.40,4.78,4.91,4.46,4.66,3.99,4.37,2.26,5.41,4.94,5.98,4.90,2.32,4.96,5.11,9.31,8.54,7.36,6.98,6.98,7.33,7.03,9.16,7.79,11.76,9.17,11.08,9.90,11.07,8.59,9.39,10.96,11.51,8.96,99.00,0.82,3.09,1.10,4.29,1.03],
  [4.80,7.77,11.46,12.88,16.75,16.62,14.29,17.06,8.74,6.30,5.19,8.47,8.49,5.87,6.62,6.79,10.16,4.28,8.54,5.48,6.02,4.97,5.99,5.90,5.80,5.33,5.25,4.78,4.95,4.63,4.71,2.49,5.49,5.27,6.23,5.02,2.65,5.20,5.48,10.13,9.33,8.11,7.77,7.77,8.04,7.82,9.97,8.54,12.36,9.32,11.31,10.39,11.33,8.88,9.61,11.59,12.01,9.29,0.82,99.00,3.80,0.43,5.08,1.37],
  [1.06,10.11,10.04,9.09,18.45,18.35,16.11,16.80,8.56,4.96,5.30,7.09,7.90,4.94,6.14,6.41,9.17,5.19,7.41,5.27,4.70,1.71,2.46,4.68,3.18,2.06,3.08,2.80,3.06,1.05,2.67,2.39,4.49,3.16,4.26,3.92,2.05,3.51,3.10,6.83,5.74,4.34,4.15,4.15,4.24,4.15,6.53,4.77,11.46,10.83,12.42,10.25,12.32,9.86,10.83,10.55,11.78,10.06,3.09,3.80,99.00,4.16,1.58,3.69],
  [5.18,7.40,11.45,13.25,16.40,16.27,13.94,16.90,8.62,6.35,5.11,8.48,8.41,5.89,6.56,6.72,10.12,4.13,8.53,5.42,6.43,5.38,6.39,6.31,6.23,5.74,5.68,5.21,5.38,5.03,5.14,2.92,5.89,5.69,6.65,5.43,3.08,5.62,5.91,10.36,9.63,8.46,8.07,8.07,8.41,8.13,10.23,8.88,12.29,9.01,11.03,10.25,11.06,8.63,9.33,11.54,11.86,9.06,1.10,0.43,4.16,99.00,5.39,1.30],
  [1.47,10.35,8.80,8.10,18.22,18.13,15.97,15.82,7.82,4.03,4.99,5.96,7.04,4.21,5.46,5.75,8.09,5.25,6.36,4.82,5.89,2.50,2.61,5.91,4.02,2.69,4.17,4.01,4.27,1.81,3.90,3.97,5.79,4.26,5.27,5.25,3.64,4.72,4.09,5.26,4.26,3.15,2.69,2.69,3.29,2.74,4.98,3.56,10.35,10.68,12.06,9.46,11.90,9.52,10.55,9.41,10.91,9.63,4.29,5.08,1.58,5.39,99.00,4.62],
  [4.75,6.83,10.15,12.67,15.66,15.54,13.23,15.70,7.38,5.07,3.83,7.19,7.13,4.60,5.27,5.44,8.82,2.92,7.23,4.13,6.92,5.19,6.10,6.82,6.31,5.56,5.87,5.42,5.63,4.68,5.33,3.28,6.44,5.90,6.96,5.92,3.31,5.96,6.05,9.33,8.74,7.77,7.23,7.23,7.82,7.32,9.25,8.18,11.01,8.14,10.07,9.03,10.07,7.59,8.37,10.25,10.64,7.98,1.03,1.37,3.69,1.30,4.62,99.00]
];
