// Chosen Depots: [1, 2, 3, 6]
// Chosen Demand Points (Original DP No): [1, 2, 3, 12, 13, 15, 16, 17, 18, 19, 21, 23, 26, 27, 28, 29, 92, 97, 100, 101, 105, 111, 117, 118, 121, 122, 123, 124, 125, 127, 128, 130, 131, 132, 134, 137, 138, 144, 146, 147, 148, 151, 152, 154, 155, 157, 158, 160, 162, 164]
// Original Weights: [9, 9, 9, 6, 6, 7, 4, 5, 4, 5, 6, 6, 4, 7, 5, 5, 5, 7, 7, 7, 6, 7, 7, 7, 6, 8, 6, 3, 2, 3, 2, 4, 2, 4, 4, 3, 3, 8, 8, 5, 6, 8, 7, 4, 5, 7, 8, 6, 8, 9]

|W| = 4;
|D| = 50;
V = 54;
C = 3;
|K| = 2;
M = 100;
S = 0.25;
|TR| = 11;
δmax = 18.3;
Runtime = 20;

// Priority weights for selected demand points
pj = [
  9, 9, 9, 6, 6, 7, 4, 5, 4, 5, 6, 6, 4, 7, 5, 5, 5, 7, 7, 7, 6, 7, 7, 7, 6, 8, 6, 3, 2, 3, 2, 4, 2, 4, 4, 3, 3, 8, 8, 5, 6, 8, 7, 4, 5, 7, 8, 6, 8, 9
];

δij =
[
  [99.00,99.00,99.00,99.00,19.31,19.21,17.00,9.16,7.40,6.09,7.41,6.15,8.48,8.42,8.30,7.04,9.54,6.11,6.17,6.88,1.44,2.58,2.70,2.39,0.36,2.79,3.26,4.65,0.99,3.86,2.62,4.44,6.34,5.09,7.10,3.46,5.42,3.51,3.27,3.84,3.89,13.22,11.96,10.83,10.90,10.58,10.66,10.88,12.30,11.63,12.31,13.61,13.05,4.80],
  [99.00,99.00,99.00,99.00,9.07,8.93,6.60,6.12,5.89,5.71,8.33,8.33,9.26,6.83,5.99,6.19,8.34,5.12,7.46,8.14,12.55,10.69,12.68,11.24,11.16,12.72,12.79,13.75,10.69,9.10,12.84,12.99,13.15,12.55,13.25,13.26,13.72,12.30,13.57,13.33,13.59,4.76,3.06,6.71,5.26,3.07,3.67,9.26,7.87,4.21,3.71,7.56,3.85,7.77],
  [99.00,99.00,99.00,99.00,13.23,13.22,11.78,3.84,4.86,6.45,3.03,4.25,1.80,3.36,4.22,4.86,1.62,7.61,4.64,3.61,11.22,12.08,12.97,12.25,10.60,13.05,13.49,14.88,10.77,11.88,12.89,8.16,6.62,7.08,6.09,9.45,8.13,8.25,10.13,9.15,9.46,7.61,7.89,3.65,5.10,7.01,6.49,1.17,3.80,6.55,7.61,5.54,8.29,11.46],
  [99.00,99.00,99.00,99.00,24.98,24.93,22.99,13.99,12.87,12.46,11.27,10.49,11.44,12.99,13.40,12.49,13.02,13.08,11.16,11.04,7.06,10.28,8.87,9.81,8.27,8.93,9.42,10.18,8.99,11.89,8.56,5.23,6.07,5.97,6.60,4.97,4.75,5.85,4.86,4.83,4.60,18.76,18.03,15.21,16.01,16.65,16.48,13.77,16.16,17.21,18.15,17.85,18.95,12.88],
  [19.31,9.07,13.23,24.98,99.00,0.19,2.47,10.99,12.27,13.24,13.74,14.51,13.83,11.99,11.62,12.66,12.26,13.27,13.92,13.94,20.72,19.45,21.31,19.96,19.45,21.37,21.52,22.61,19.13,18.02,21.43,19.81,19.10,19.01,18.83,20.57,20.23,19.41,21.07,20.49,20.79,6.25,7.35,9.91,8.98,8.73,8.71,12.07,9.44,7.84,7.02,7.73,6.26,16.75],
  [19.21,8.93,13.22,24.93,0.19,99.00,2.33,10.94,12.20,13.15,13.70,14.45,13.80,11.94,11.56,12.59,12.24,13.17,13.86,13.89,20.63,19.34,21.20,19.85,19.35,21.26,21.41,22.49,19.02,17.89,21.32,19.76,19.07,18.96,18.80,20.50,20.18,19.34,21.00,20.43,20.72,6.19,7.25,9.88,8.93,8.64,8.63,12.07,9.44,7.77,6.94,7.74,6.17,16.62],
  [17.00,6.60,11.78,22.99,2.47,2.33,99.00,9.07,10.15,10.98,11.86,12.50,12.12,10.08,9.60,10.55,10.62,10.92,11.85,11.99,18.43,17.04,18.93,17.56,17.13,18.98,19.12,20.18,16.77,15.57,19.05,17.78,17.24,17.04,17.05,18.44,18.27,17.31,18.91,18.40,18.69,4.31,5.07,8.24,7.09,6.48,6.54,10.67,8.12,5.79,4.85,6.57,4.06,14.29],
  [9.16,6.12,3.84,13.99,10.99,10.94,9.07,99.00,1.86,3.59,2.79,3.54,3.29,1.01,0.89,2.15,2.23,4.50,3.09,2.95,10.43,10.24,11.64,10.58,9.40,11.71,12.04,13.35,9.32,9.51,11.65,8.84,8.17,8.02,8.00,9.70,9.24,8.50,10.26,9.58,9.88,4.78,4.42,1.71,2.02,3.30,2.86,3.33,3.30,3.31,4.34,4.45,5.12,8.74],
  [7.40,5.89,4.86,12.87,12.27,12.20,10.15,1.86,99.00,1.77,2.48,2.50,3.62,1.57,0.97,0.40,3.35,2.82,1.72,2.25,8.72,8.39,9.82,8.73,7.62,9.90,10.21,11.51,7.50,7.67,9.85,7.64,7.39,6.98,7.41,8.31,8.20,7.16,8.80,8.25,8.54,6.03,5.16,3.56,3.51,3.78,3.61,4.72,5.16,4.43,5.30,6.26,6.10,6.96],
  [6.09,5.71,6.45,12.46,13.24,13.15,10.98,3.59,1.77,99.00,3.67,3.03,4.97,3.30,2.72,1.62,5.03,1.20,2.17,3.21,7.49,6.75,8.32,7.14,6.26,8.39,8.65,9.91,6.03,5.92,8.38,7.28,7.55,6.86,7.75,7.63,8.01,6.61,8.02,7.67,7.94,7.14,5.91,5.28,4.96,4.51,4.57,6.44,6.89,5.55,6.23,7.87,6.98,5.19],
  [7.41,8.33,3.03,11.27,13.74,13.70,11.86,2.79,2.48,3.67,99.00,1.26,1.34,1.79,2.43,2.29,2.14,4.87,1.64,0.58,8.49,9.08,10.08,9.28,7.72,10.16,10.57,11.95,7.83,8.85,10.02,6.20,5.39,5.30,5.22,7.22,6.51,6.00,7.84,7.03,7.34,7.56,7.14,3.97,4.78,5.89,5.55,3.47,5.15,6.10,7.11,6.72,7.90,8.47],
  [6.15,8.33,4.25,10.49,14.51,14.45,12.50,3.54,2.50,3.03,1.26,99.00,2.47,2.58,2.90,2.15,3.39,4.19,0.88,0.73,7.25,7.83,8.81,8.02,6.46,8.90,9.31,10.69,6.57,7.68,8.76,5.31,4.90,4.54,4.93,6.18,5.77,4.97,6.76,6.04,6.34,8.27,7.60,4.98,5.54,6.25,6.02,4.73,6.30,6.72,7.67,7.78,8.47,7.40],
  [8.48,9.26,1.80,11.44,13.83,13.80,12.12,3.29,3.62,4.97,1.34,2.47,99.00,2.43,3.27,3.50,1.59,6.17,2.98,1.89,9.45,10.29,11.17,10.46,8.80,11.26,11.70,13.08,8.98,10.15,11.10,6.63,5.39,5.61,5.02,7.83,6.75,6.62,8.50,7.58,7.88,7.83,7.70,3.92,5.08,6.58,6.15,2.52,4.72,6.50,7.56,6.42,8.32,9.80],
  [8.42,6.83,3.36,12.99,11.99,11.94,10.08,1.01,1.57,3.30,1.79,2.58,2.43,99.00,0.87,1.69,1.80,4.38,2.26,1.96,9.65,9.69,10.97,9.99,8.68,11.05,11.41,12.75,8.66,9.12,10.97,7.86,7.17,7.02,7.00,8.76,8.24,7.55,9.34,8.62,8.93,5.79,5.38,2.43,3.02,4.18,3.80,3.16,3.88,4.31,5.33,5.25,6.12,8.49],
  [8.30,5.99,4.22,13.40,11.62,11.56,9.60,0.89,0.97,2.72,2.43,2.90,3.27,0.87,99.00,1.27,2.62,3.70,2.32,2.42,9.59,9.35,10.76,9.69,8.53,10.83,11.15,12.46,8.44,8.64,10.77,8.20,7.71,7.44,7.62,8.98,8.67,7.80,9.51,8.88,9.18,5.37,4.75,2.60,2.71,3.46,3.16,3.91,4.19,3.81,4.78,5.32,5.58,7.90],
  [7.04,6.19,4.86,12.49,12.66,12.59,10.55,2.15,0.40,1.62,2.29,2.15,3.50,1.69,1.27,99.00,3.41,2.76,1.34,1.98,8.35,8.10,9.49,8.43,7.27,9.57,9.89,11.20,7.17,7.44,9.51,7.25,7.04,6.60,7.08,7.91,7.82,6.77,8.41,7.85,8.14,6.42,5.55,3.86,3.89,4.16,4.01,4.82,5.43,4.82,5.70,6.59,6.49,6.79],
  [9.54,8.34,1.62,13.02,12.26,12.24,10.62,2.23,3.35,5.03,2.14,3.39,1.59,1.80,2.62,3.41,99.00,6.15,3.51,2.67,10.63,11.10,12.19,11.33,9.84,12.27,12.67,14.04,9.92,10.70,12.15,8.14,6.98,7.15,6.61,9.27,8.31,8.04,9.91,9.04,9.35,6.35,6.41,2.38,3.68,5.45,4.95,1.43,3.15,5.13,6.20,4.84,6.92,10.16],
  [6.11,5.12,7.61,13.08,13.27,13.17,10.92,4.50,2.82,1.20,4.87,4.19,6.17,4.38,3.70,2.76,6.15,99.00,3.36,4.41,7.55,6.29,8.06,6.75,6.22,8.12,8.31,9.49,5.86,5.19,8.16,8.00,8.50,7.70,8.77,8.16,8.80,7.24,8.45,8.25,8.49,7.37,5.94,6.12,5.55,4.62,4.83,7.54,7.74,5.86,6.36,8.54,7.05,4.28],
  [6.17,7.46,4.64,11.16,13.92,13.86,11.85,3.09,1.72,2.17,1.64,0.88,2.98,2.26,2.32,1.34,3.51,3.36,99.00,1.10,7.39,7.59,8.75,7.84,6.44,8.84,9.21,10.57,6.46,7.24,8.74,5.93,5.72,5.26,5.79,6.66,6.48,5.49,7.19,6.57,6.87,7.67,6.88,4.69,5.03,5.50,5.32,4.93,6.13,6.09,7.00,7.50,7.80,6.83],
  [6.88,8.14,3.61,11.04,13.94,13.89,11.99,2.95,2.25,3.21,0.58,0.73,1.89,1.96,2.42,1.98,2.67,4.41,1.10,99.00,7.98,8.50,9.53,8.71,7.17,9.61,10.02,11.39,7.27,8.27,9.48,5.90,5.29,5.07,5.21,6.85,6.29,5.63,7.45,6.68,6.99,7.72,7.17,4.30,4.96,5.86,5.58,4.02,5.58,6.20,7.19,7.09,7.99,7.91],
  [1.44,12.55,11.22,7.06,20.72,20.63,18.43,10.43,8.72,7.49,8.49,7.25,9.45,9.65,9.59,8.35,10.63,7.55,7.39,7.98,99.00,3.22,2.26,2.78,1.42,2.35,2.90,4.16,2.06,4.87,2.02,4.37,6.49,5.27,7.30,3.04,5.26,3.59,2.58,3.50,3.43,14.61,13.38,12.07,12.23,11.99,12.06,11.91,13.50,13.01,13.71,14.87,14.46,5.99],
  [2.58,10.69,12.08,10.28,19.45,19.34,17.04,10.24,8.39,6.75,9.08,7.83,10.29,9.69,9.35,8.10,11.10,6.29,7.59,8.50,3.22,99.00,2.07,0.60,2.25,2.09,2.09,3.19,1.62,1.85,2.30,7.02,8.88,7.64,9.61,5.98,8.00,6.08,5.68,6.39,6.41,13.66,12.18,11.95,11.70,10.90,11.12,12.50,13.52,12.14,12.64,14.61,13.30,3.18],
  [2.70,12.68,12.97,8.87,21.31,21.20,18.93,11.64,9.82,8.32,10.08,8.81,11.17,10.97,10.76,9.49,12.19,8.06,8.75,9.53,2.26,2.07,99.00,1.47,2.37,0.09,0.64,1.97,2.32,3.90,0.31,6.62,8.71,7.48,9.51,5.29,7.51,5.81,4.79,5.75,5.67,15.40,14.00,13.33,13.26,12.67,12.83,13.54,14.86,13.84,14.41,16.08,15.11,5.25],
  [2.39,11.24,12.25,9.81,19.96,19.85,17.56,10.58,8.73,7.14,9.28,8.02,10.46,9.99,9.69,8.43,11.33,6.75,7.84,8.71,2.78,0.60,1.47,99.00,2.03,1.50,1.56,2.78,1.54,2.45,1.70,6.78,8.73,7.48,9.48,5.67,7.75,5.88,5.31,6.09,6.08,14.12,12.67,12.29,12.10,11.37,11.57,12.73,13.85,12.59,13.11,14.98,13.79,3.78],
  [0.36,11.16,10.60,8.27,19.45,19.35,17.13,9.40,7.62,6.26,7.72,6.46,8.80,8.68,8.53,7.27,9.84,6.22,6.44,7.17,1.42,2.25,2.37,2.03,99.00,2.46,2.92,4.31,0.72,3.63,2.31,4.77,6.70,5.45,7.45,3.75,5.75,3.85,3.51,4.15,4.18,13.39,12.10,11.08,11.11,10.73,10.83,11.18,12.57,11.81,12.46,13.85,13.20,4.63],
  [2.79,12.72,13.05,8.93,21.37,21.26,18.98,11.71,9.90,8.39,10.16,8.90,11.26,11.05,10.83,9.57,12.27,8.12,8.84,9.61,2.35,2.09,0.09,1.50,2.46,99.00,0.56,1.88,2.40,3.91,0.37,6.71,8.80,7.57,9.61,5.38,7.60,5.90,4.87,5.84,5.76,15.46,14.05,13.41,13.33,12.73,12.90,13.63,14.94,13.90,14.47,16.15,15.17,5.27],
  [3.26,12.79,13.49,9.42,21.52,21.41,19.12,12.04,10.21,8.65,10.57,9.31,11.70,11.41,11.15,9.89,12.67,8.31,9.21,10.02,2.90,2.09,0.64,1.56,2.92,0.56,99.00,1.39,2.75,3.83,0.91,7.26,9.35,8.11,10.15,5.94,8.16,6.44,5.43,6.40,6.31,15.68,14.23,13.74,13.61,12.93,13.12,14.04,15.28,14.13,14.67,16.46,15.35,5.20],
  [4.65,13.75,14.88,10.18,22.61,22.49,20.18,13.35,11.51,9.91,11.95,10.69,13.08,12.75,12.46,11.20,14.04,9.49,10.57,11.39,4.16,3.19,1.97,2.78,4.31,1.88,1.39,99.00,4.12,4.66,2.15,8.52,10.65,9.42,11.46,7.14,9.39,7.75,6.58,7.61,7.49,16.86,15.36,15.06,14.88,14.09,14.31,15.42,16.61,15.34,15.82,17.76,16.49,6.01],
  [0.99,10.69,10.77,8.99,19.13,19.02,16.77,9.32,7.50,6.03,7.83,6.57,8.98,8.66,8.44,7.17,9.92,5.86,6.46,7.27,2.06,1.62,2.32,1.54,0.72,2.40,2.75,4.12,99.00,2.91,2.35,5.41,7.26,6.02,8.00,4.45,6.40,4.47,4.23,4.84,4.88,13.14,11.79,11.01,10.95,10.43,10.57,11.29,12.54,11.57,12.17,13.76,12.89,3.94],
  [3.86,9.10,11.88,11.89,18.02,17.89,15.57,9.51,7.67,5.92,8.85,7.68,10.15,9.12,8.64,7.44,10.70,5.19,7.24,8.27,4.87,1.85,3.90,2.45,3.63,3.91,3.83,4.66,2.91,99.00,4.15,8.10,9.73,8.53,10.37,7.30,9.10,7.14,7.13,7.66,7.74,12.44,10.86,11.20,10.74,9.66,9.95,12.13,12.81,10.99,11.37,13.72,11.98,1.37],
  [2.62,12.84,12.89,8.56,21.43,21.32,19.05,11.65,9.85,8.38,10.02,8.76,11.10,10.97,10.77,9.51,12.15,8.16,8.74,9.48,2.02,2.30,0.31,1.70,2.31,0.37,0.91,2.15,2.35,4.15,99.00,6.39,8.50,7.27,9.31,5.04,7.27,5.60,4.52,5.51,5.41,15.48,14.10,13.34,13.31,12.76,12.91,13.49,14.85,13.91,14.50,16.10,15.21,5.48],
  [4.44,12.99,8.16,5.23,19.81,19.76,17.78,8.84,7.64,7.28,6.20,5.31,6.63,7.86,8.20,7.25,8.14,8.00,5.93,5.90,4.37,7.02,6.62,6.78,4.77,6.71,7.26,8.52,5.41,8.10,6.39,99.00,2.18,1.12,3.01,1.50,1.00,0.96,2.21,1.08,1.35,13.57,12.80,10.17,10.85,11.41,11.25,9.12,11.28,12.01,12.93,12.91,13.73,8.72],
  [6.34,13.15,6.62,6.07,19.10,19.07,17.24,8.17,7.39,7.55,5.39,4.90,5.39,7.17,7.71,7.04,6.98,8.50,5.72,5.29,6.49,8.88,8.71,8.73,6.70,8.80,9.35,10.65,7.26,9.73,8.50,2.18,99.00,1.25,0.84,3.67,1.64,2.91,4.36,3.23,3.46,12.95,12.45,9.23,10.17,11.13,10.86,7.70,10.10,11.47,12.47,11.81,13.27,10.13],
  [5.09,12.55,7.08,5.97,19.01,18.96,17.04,8.02,6.98,6.86,5.30,4.54,5.61,7.02,7.44,6.60,7.15,7.70,5.26,5.07,5.27,7.64,7.48,7.48,5.45,7.57,8.11,9.42,6.02,8.53,7.27,1.12,1.25,99.00,2.04,2.58,1.23,1.68,3.30,2.19,2.47,12.79,12.13,9.26,10.03,10.76,10.56,8.06,10.30,11.25,12.21,11.95,13.01,8.98],
  [7.10,13.25,6.09,6.60,18.83,18.80,17.05,8.00,7.41,7.75,5.22,4.93,5.02,7.00,7.62,7.08,6.61,8.77,5.79,5.21,7.30,9.61,9.51,9.48,7.45,9.61,10.15,11.46,8.00,10.37,9.31,3.01,0.84,2.04,99.00,4.50,2.44,3.71,5.20,4.07,4.29,12.74,12.36,8.93,9.96,11.07,10.77,7.21,9.69,11.31,12.34,11.42,13.12,10.70],
  [3.46,13.26,9.45,4.97,20.57,20.50,18.44,9.70,8.31,7.63,7.22,6.18,7.83,8.76,8.98,7.91,9.27,8.16,6.66,6.85,3.04,5.98,5.29,5.67,3.75,5.38,5.94,7.14,4.45,7.30,5.04,1.50,3.67,2.58,4.50,99.00,2.25,1.23,0.72,0.46,0.43,14.32,13.40,11.15,11.68,11.99,11.90,10.34,12.37,12.73,13.60,13.93,14.39,8.11],
  [5.42,13.72,8.13,4.75,20.23,20.18,18.27,9.24,8.20,8.01,6.51,5.77,6.75,8.24,8.67,7.82,8.31,8.80,6.48,6.29,5.26,8.00,7.51,7.75,5.75,7.60,8.16,9.39,6.40,9.10,7.27,1.00,1.64,1.23,2.44,2.25,99.00,1.95,2.89,1.78,1.94,14.01,13.35,10.46,11.26,11.98,11.78,9.17,11.46,12.48,13.44,13.14,14.24,9.70],
  [3.51,12.30,8.25,5.85,19.41,19.34,17.31,8.50,7.16,6.61,6.00,4.97,6.62,7.55,7.80,6.77,8.04,7.24,5.49,5.63,3.59,6.08,5.81,5.88,3.85,5.90,6.44,7.75,4.47,7.14,5.60,0.96,2.91,1.68,3.71,1.23,1.95,99.00,1.89,1.08,1.38,13.16,12.29,9.93,10.49,10.89,10.77,9.13,11.14,11.57,12.46,12.71,13.26,7.77],
  [3.27,13.57,10.13,4.86,21.07,21.00,18.91,10.26,8.80,8.02,7.84,6.76,8.50,9.34,9.51,8.41,9.91,8.45,7.19,7.45,2.58,5.68,4.79,5.31,3.51,4.87,5.43,6.58,4.23,7.13,4.52,2.21,4.36,3.30,5.20,0.72,2.89,1.89,99.00,1.14,0.94,14.83,13.85,11.74,12.22,12.44,12.38,11.02,13.00,13.23,14.07,14.54,14.86,8.04],
  [3.84,13.33,9.15,4.83,20.49,20.43,18.40,9.58,8.25,7.67,7.03,6.04,7.58,8.62,8.88,7.85,9.04,8.25,6.57,6.68,3.50,6.39,5.75,6.09,4.15,5.84,6.40,7.61,4.84,7.66,5.51,1.08,3.23,2.19,4.07,0.46,1.78,1.08,1.14,99.00,0.31,14.24,13.37,10.98,11.57,11.97,11.86,10.08,12.16,12.66,13.55,13.75,14.34,8.43],
  [3.89,13.59,9.46,4.60,20.79,20.72,18.69,9.88,8.54,7.94,7.34,6.34,7.88,8.93,9.18,8.14,9.35,8.49,6.87,6.99,3.43,6.41,5.67,6.08,4.18,5.76,6.31,7.49,4.88,7.74,5.41,1.35,3.46,2.47,4.29,0.43,1.94,1.38,0.94,0.31,99.00,14.54,13.66,11.29,11.87,12.25,12.14,10.39,12.47,12.95,13.84,14.06,14.63,8.54],
  [13.22,4.76,7.61,18.76,6.25,6.19,4.31,4.78,6.03,7.14,7.56,8.27,7.83,5.79,5.37,6.42,6.35,7.37,7.67,7.72,14.61,13.66,15.40,14.12,13.39,15.46,15.68,16.86,13.14,12.44,15.48,13.57,12.95,12.79,12.74,14.32,14.01,13.16,14.83,14.24,14.54,99.00,1.76,3.99,2.79,2.78,2.57,6.56,4.22,1.60,1.13,3.17,1.02,11.31],
  [11.96,3.06,7.89,18.03,7.35,7.25,5.07,4.42,5.16,5.91,7.14,7.60,7.70,5.38,4.75,5.55,6.41,5.94,6.88,7.17,13.38,12.18,14.00,12.67,12.10,14.05,14.23,15.36,11.79,10.86,14.10,12.80,12.45,12.13,12.36,13.40,13.35,12.29,13.85,13.37,13.66,1.76,99.00,4.30,2.80,1.41,1.59,6.99,5.11,1.39,0.65,4.54,1.12,9.68],
  [10.83,6.71,3.65,15.21,9.91,9.88,8.24,1.71,3.56,5.28,3.97,4.98,3.92,2.43,2.60,3.86,2.38,6.12,4.69,4.30,12.07,11.95,13.33,12.29,11.08,13.41,13.74,15.06,11.01,11.20,13.34,10.17,9.23,9.26,8.93,11.15,10.46,9.93,11.74,10.98,11.29,3.99,4.30,99.00,1.51,3.65,3.06,2.69,1.62,2.93,3.97,2.81,4.64,10.39],
  [10.90,5.26,5.10,16.01,8.98,8.93,7.09,2.02,3.51,4.96,4.78,5.54,5.08,3.02,2.71,3.89,3.68,5.55,5.03,4.96,12.23,11.70,13.26,12.10,11.11,13.33,13.61,14.88,10.95,10.74,13.31,10.85,10.17,10.03,9.96,11.68,11.26,10.49,12.22,11.57,11.87,2.79,2.80,1.51,99.00,2.19,1.59,4.20,2.67,1.46,2.52,3.00,3.25,9.79],
  [10.58,3.07,7.01,16.65,8.73,8.64,6.48,3.30,3.78,4.51,5.89,6.25,6.58,4.18,3.46,4.16,5.45,4.62,5.50,5.86,11.99,10.90,12.67,11.37,10.73,12.73,12.93,14.09,10.43,9.66,12.76,11.41,11.13,10.76,11.07,11.99,11.98,10.89,12.44,11.97,12.25,2.78,1.41,3.65,2.19,99.00,0.60,6.24,4.83,1.45,1.74,4.77,2.47,8.54],
  [10.66,3.67,6.49,16.48,8.71,8.63,6.54,2.86,3.61,4.57,5.55,6.02,6.15,3.80,3.16,4.01,4.95,4.83,5.32,5.58,12.06,11.12,12.83,11.57,10.83,12.90,13.12,14.31,10.57,9.95,12.91,11.25,10.86,10.56,10.77,11.90,11.78,10.77,12.38,11.86,12.14,2.57,1.59,3.06,1.59,0.60,99.00,5.68,4.23,1.04,1.69,4.23,2.49,8.88],
  [10.88,9.26,1.17,13.77,12.07,12.07,10.67,3.33,4.72,6.44,3.47,4.73,2.52,3.16,3.91,4.82,1.43,7.54,4.93,4.02,11.91,12.50,13.54,12.73,11.18,13.63,14.04,15.42,11.29,12.13,13.49,9.12,7.70,8.06,7.21,10.34,9.17,9.13,11.02,10.08,10.39,6.56,6.99,2.69,4.20,6.24,5.68,99.00,2.63,5.62,6.65,4.37,7.29,11.59],
  [12.30,7.87,3.80,16.16,9.44,9.44,8.12,3.30,5.16,6.89,5.15,6.30,4.72,3.88,4.19,5.43,3.15,7.74,6.13,5.58,13.50,13.52,14.86,13.85,12.57,14.94,15.28,16.61,12.54,12.81,14.85,11.28,10.10,10.30,9.69,12.37,11.46,11.14,13.00,12.16,12.47,4.22,5.11,1.62,2.67,4.83,4.23,2.63,99.00,3.74,4.62,1.75,5.10,12.01],
  [11.63,4.21,6.55,17.21,7.84,7.77,5.79,3.31,4.43,5.55,6.10,6.72,6.50,4.31,3.81,4.82,5.13,5.86,6.09,6.20,13.01,12.14,13.84,12.59,11.81,13.90,14.13,15.34,11.57,10.99,13.91,12.01,11.47,11.25,11.31,12.73,12.48,11.57,13.23,12.66,12.95,1.60,1.39,2.93,1.46,1.45,1.04,5.62,3.74,99.00,1.06,3.39,1.82,9.91],
  [12.31,3.71,7.61,18.15,7.02,6.94,4.85,4.34,5.30,6.23,7.11,7.67,7.56,5.33,4.78,5.70,6.20,6.36,7.00,7.19,13.71,12.64,14.41,13.11,12.46,14.47,14.67,15.82,12.17,11.37,14.50,12.93,12.47,12.21,12.34,13.60,13.44,12.46,14.07,13.55,13.84,1.13,0.65,3.97,2.52,1.74,1.69,6.65,4.62,1.06,99.00,3.93,0.80,10.21],
  [13.61,7.56,5.54,17.85,7.73,7.74,6.57,4.45,6.26,7.87,6.72,7.78,6.42,5.25,5.32,6.59,4.84,8.54,7.50,7.09,14.87,14.61,16.08,14.98,13.85,16.15,16.46,17.76,13.76,13.72,16.10,12.91,11.81,11.95,11.42,13.93,13.14,12.71,14.54,13.75,14.06,3.17,4.54,2.81,3.00,4.77,4.23,4.37,1.75,3.39,3.93,99.00,4.17,12.79],
  [13.05,3.85,8.29,18.95,6.26,6.17,4.06,5.12,6.10,6.98,7.90,8.47,8.32,6.12,5.58,6.49,6.92,7.05,7.80,7.99,14.46,13.30,15.11,13.79,13.20,15.17,15.35,16.49,12.89,11.98,15.21,13.73,13.27,13.01,13.12,14.39,14.24,13.26,14.86,14.34,14.63,1.02,1.12,4.64,3.25,2.47,2.49,7.29,5.10,1.82,0.80,4.17,99.00,10.79],
  [4.80,7.77,11.46,12.88,16.75,16.62,14.29,8.74,6.96,5.19,8.47,7.40,9.80,8.49,7.90,6.79,10.16,4.28,6.83,7.91,5.99,3.18,5.25,3.78,4.63,5.27,5.20,6.01,3.94,1.37,5.48,8.72,10.13,8.98,10.70,8.11,9.70,7.77,8.04,8.43,8.54,11.31,9.68,10.39,9.79,8.54,8.88,11.59,12.01,9.91,10.21,12.79,10.79,99.00]
];
