// Chosen Depots: [1, 2, 3, 6]
// Chosen Demand Points (Original DP No): [2, 3, 6, 14, 15, 19, 23, 24, 25, 26, 31, 91, 92, 93, 95, 98, 99, 101, 108, 113, 114, 115, 123, 129, 130, 131, 133, 134, 135, 136, 137, 140, 142, 143, 144, 146, 149, 150, 151, 153, 157, 160, 162, 165, 166, 167, 168, 169, 170, 171]
// Original Weights: [9, 9, 9, 5, 7, 5, 6, 5, 5, 4, 6, 6, 5, 7, 7, 6, 6, 7, 7, 7, 7, 7, 6, 2, 4, 2, 4, 4, 4, 2, 3, 4, 8, 8, 8, 8, 6, 7, 8, 8, 7, 6, 8, 6, 6, 9, 5, 8, 8, 8]

|W| = 4;
|D| = 50;
V = 54;
C = 3;
|K| = 2;
M = 100;
S = 0.25;
|TR| = 11;
δmax = 18.3;
Runtime = 20;

// Priority weights for selected demand points
pj = [
  9, 9, 9, 5, 7, 5, 6, 5, 5, 4, 6, 6, 5, 7, 7, 6, 6, 7, 7, 7, 7, 7, 6, 2, 4, 2, 4, 4, 4, 2, 3, 4, 8, 8, 8, 8, 6, 7, 8, 8, 7, 6, 8, 6, 6, 9, 5, 8, 8, 8
];

δij =
[
  [99.00,99.00,99.00,99.00,19.21,17.00,18.10,5.42,6.09,8.42,7.04,6.93,7.21,9.54,6.00,1.03,1.44,3.60,4.45,2.57,1.26,2.39,4.35,3.80,3.82,4.28,2.62,6.83,3.46,5.42,3.51,3.27,3.45,5.95,3.84,11.81,11.71,13.37,13.22,11.96,13.24,13.09,10.58,11.66,11.63,13.61,13.05,1.06,1.30,5.18,1.47,4.75,4.61,4.08],
  [99.00,99.00,99.00,99.00,8.93,6.60,8.14,7.73,5.71,6.83,6.19,8.35,6.74,8.34,6.09,11.79,12.55,12.96,13.62,13.06,12.15,11.24,13.23,13.79,12.73,13.17,12.84,14.13,13.26,13.72,12.30,13.57,12.49,13.42,13.33,9.48,2.64,3.87,4.76,3.06,6.76,5.00,3.07,3.44,4.21,7.56,3.85,10.11,9.95,7.40,10.35,6.83,7.19,8.24],
  [99.00,99.00,99.00,99.00,13.22,11.78,11.91,5.27,6.45,3.36,4.86,3.48,4.22,1.62,6.07,11.29,11.22,13.82,14.68,12.81,11.47,12.25,14.52,14.06,13.95,14.45,12.89,7.39,9.45,8.13,8.25,10.13,8.50,7.28,9.15,1.98,8.06,8.69,7.61,7.89,5.79,7.23,7.01,7.29,6.55,5.54,8.29,10.04,10.16,11.45,8.80,10.15,10.52,11.22],
  [99.00,99.00,99.00,99.00,24.93,22.99,23.67,10.64,12.46,12.99,12.49,10.93,12.22,13.02,12.13,8.11,7.06,9.64,10.04,8.16,7.82,9.81,10.32,8.91,10.13,10.28,8.56,5.30,4.97,4.75,5.85,4.86,5.66,5.45,4.83,14.66,17.92,19.34,18.76,18.03,17.83,18.49,16.65,17.56,17.21,17.85,18.95,9.09,9.35,13.25,8.10,12.67,12.61,12.15],
  [19.21,8.93,13.22,24.93,99.00,2.33,1.31,14.47,13.15,11.94,12.59,14.01,12.75,12.24,13.32,20.06,20.63,21.62,22.34,21.48,20.40,19.85,21.97,22.37,21.45,21.91,21.32,20.00,20.50,20.18,19.34,21.00,19.58,19.58,20.43,11.52,7.52,5.84,6.19,7.25,7.43,6.44,8.64,7.58,7.77,7.74,6.17,18.35,18.25,16.27,18.13,15.54,15.94,17.01],
  [17.00,6.60,11.78,22.99,2.33,99.00,1.75,12.42,10.98,10.08,10.55,12.13,10.78,10.62,11.18,17.82,18.43,19.33,20.04,19.23,18.17,17.56,19.67,20.08,19.14,19.60,19.05,18.20,18.44,18.27,17.31,18.91,17.55,17.71,18.40,10.26,5.29,3.68,4.31,5.07,6.07,4.63,6.48,5.47,5.79,6.57,4.06,16.11,16.00,13.94,15.97,13.23,13.63,14.70],
  [18.10,8.14,11.91,23.67,1.31,1.75,99.00,13.26,12.02,10.68,11.39,12.75,11.52,10.94,12.16,18.97,19.51,20.61,21.35,20.41,19.30,18.82,20.99,21.33,20.45,20.92,20.26,18.71,19.29,18.92,18.12,19.79,18.36,18.30,19.20,10.21,6.46,4.76,4.97,6.16,6.12,5.19,7.52,6.44,6.56,6.43,5.06,17.26,17.17,15.37,16.98,14.57,14.98,16.06],
  [5.42,7.73,5.27,10.64,14.47,12.42,13.26,99.00,2.14,3.01,1.88,1.80,1.83,4.22,1.69,6.43,6.64,8.78,9.64,7.99,6.68,7.11,9.43,9.17,8.85,9.35,7.99,6.40,6.03,6.03,4.89,6.53,5.12,5.69,5.97,6.52,7.28,8.75,8.30,7.41,7.93,8.09,6.01,6.96,6.70,8.23,8.37,4.96,5.03,6.35,4.03,5.07,5.39,6.00],
  [6.09,5.71,6.45,12.46,13.15,10.98,12.02,2.14,99.00,3.30,1.62,3.42,2.23,5.03,0.46,6.99,7.49,8.92,9.74,8.48,7.30,7.14,9.45,9.51,8.88,9.38,8.38,8.50,7.63,8.01,6.61,8.02,6.82,7.76,7.67,7.18,5.70,7.32,7.14,5.91,7.38,7.02,4.51,5.58,5.55,7.87,6.98,5.30,5.25,5.11,4.99,3.83,4.24,5.12],
  [8.42,6.83,3.36,12.99,11.94,10.08,10.68,3.01,3.30,99.00,1.69,2.07,1.24,1.80,3.02,9.43,9.65,11.71,12.56,10.98,9.68,9.99,12.32,12.14,11.74,12.25,10.97,8.12,8.76,8.24,7.55,9.34,7.81,7.64,8.62,3.87,5.41,6.53,5.79,5.38,5.00,5.51,4.18,4.82,4.31,5.25,6.12,7.90,7.94,8.41,7.04,7.13,7.54,8.37],
  [7.04,6.19,4.86,12.49,12.59,10.55,11.39,1.88,1.62,1.69,99.00,2.19,0.67,3.41,1.33,8.02,8.35,10.17,11.02,9.56,8.30,8.43,10.76,10.67,10.18,10.69,9.51,8.02,7.91,7.82,6.77,8.41,7.00,7.39,7.85,5.57,5.44,6.87,6.42,5.55,6.20,6.23,4.16,5.08,4.82,6.59,6.49,6.41,6.42,6.72,5.75,5.44,5.84,6.68],
  [6.93,8.35,3.48,10.93,14.01,12.13,12.75,1.80,3.42,2.07,2.19,99.00,1.61,2.62,2.97,7.96,8.01,10.41,11.28,9.50,8.16,8.81,11.10,10.73,10.53,11.02,9.54,6.10,6.79,6.18,5.57,7.41,5.83,5.58,6.62,4.88,7.31,8.54,7.85,7.33,6.99,7.58,6.04,6.80,6.35,7.14,8.14,6.61,6.71,8.11,5.48,6.82,7.16,7.79],
  [7.21,6.74,4.22,12.22,12.75,10.78,11.52,1.83,2.23,1.24,0.67,1.61,99.00,2.83,1.87,8.21,8.46,10.46,11.32,9.76,8.47,8.75,11.08,10.91,10.50,11.00,9.74,7.59,7.78,7.50,6.60,8.32,6.84,7.01,7.68,5.04,5.79,7.13,6.57,5.85,6.10,6.34,4.51,5.35,5.00,6.41,6.74,6.66,6.70,7.29,5.85,6.00,6.39,7.18],
  [9.54,8.34,1.62,13.02,12.24,10.62,10.94,4.22,5.03,1.80,3.41,2.62,2.83,99.00,4.69,10.57,10.63,12.98,13.85,12.11,10.78,11.33,13.65,13.33,13.07,13.57,12.15,7.86,9.27,8.31,8.04,9.91,8.30,7.57,9.04,2.29,6.55,7.33,6.35,6.41,4.88,6.00,5.45,5.81,5.13,4.84,6.92,9.17,9.25,10.12,8.09,8.82,9.21,9.99],
  [6.00,6.09,6.07,12.13,13.32,11.18,12.16,1.69,0.46,3.02,1.33,2.97,1.87,4.69,99.00,6.93,7.37,8.96,9.79,8.45,7.23,7.19,9.52,9.51,8.94,9.45,8.37,8.08,7.35,7.63,6.29,7.76,6.51,7.35,7.36,6.88,5.92,7.50,7.24,6.11,7.33,7.10,4.70,5.74,5.64,7.78,7.15,5.27,5.25,5.42,4.82,4.13,4.53,5.36],
  [1.03,11.79,11.29,8.11,20.06,17.82,18.97,6.43,6.99,9.43,8.02,7.96,8.21,10.57,6.93,99.00,1.06,2.63,3.46,1.55,0.37,1.77,3.41,2.77,2.91,3.34,1.59,7.52,3.91,6.04,4.22,3.54,4.12,6.67,4.34,12.83,12.54,14.22,14.12,12.81,14.22,14.01,11.44,12.53,12.54,14.60,13.91,1.71,1.84,5.38,2.50,5.19,4.97,4.25],
  [1.44,12.55,11.22,7.06,20.63,18.43,19.51,6.64,7.49,9.65,8.35,8.01,8.46,10.63,7.37,1.06,99.00,3.22,3.96,1.76,0.77,2.78,4.02,3.04,3.60,3.95,2.02,6.78,3.04,5.26,3.59,2.58,3.44,5.97,3.50,12.86,13.14,14.79,14.61,13.38,14.54,14.47,11.99,13.07,13.01,14.87,14.46,2.46,2.66,6.39,2.61,6.10,5.92,5.26],
  [3.60,12.96,13.82,9.64,21.62,19.33,20.61,8.78,8.92,11.71,10.17,10.41,10.46,12.98,8.96,2.63,3.22,99.00,0.86,1.55,2.60,1.80,0.80,0.98,0.50,0.73,1.21,10.00,6.25,8.48,6.77,5.73,6.64,9.18,6.71,15.27,14.14,15.85,15.92,14.46,16.29,15.86,13.16,14.26,14.38,16.74,15.58,3.82,3.77,5.74,5.05,6.13,5.77,4.75],
  [4.45,13.62,14.68,10.04,22.34,20.04,21.35,9.64,9.74,12.56,11.02,11.28,11.32,13.85,9.79,3.46,3.96,0.86,99.00,2.21,3.40,2.60,0.45,1.13,0.90,0.48,1.95,10.73,6.95,9.19,7.55,6.39,7.40,9.93,7.41,16.13,14.89,16.60,16.70,15.21,17.12,16.64,13.93,15.03,15.17,17.58,16.33,4.68,4.62,6.31,5.91,6.82,6.44,5.38],
  [2.57,13.06,12.81,8.16,21.48,19.23,20.41,7.99,8.48,10.98,9.56,9.50,9.76,12.11,8.45,1.55,1.76,1.55,2.21,99.00,1.34,2.04,2.33,1.29,2.01,2.27,0.41,8.52,4.74,6.98,5.36,4.19,5.20,7.72,5.20,14.37,13.97,15.66,15.60,14.25,15.75,15.50,12.90,13.99,14.03,16.14,15.36,3.18,3.25,6.23,4.02,6.31,6.02,5.12],
  [1.26,12.15,11.47,7.82,20.40,18.17,19.30,6.68,7.30,9.68,8.30,8.16,8.47,10.78,7.23,0.37,0.77,2.60,3.40,1.34,99.00,2.01,3.40,2.61,2.94,3.33,1.47,7.44,3.76,5.93,4.18,3.33,4.05,6.60,4.20,13.04,12.88,14.56,14.44,13.15,14.50,14.32,11.78,12.86,12.85,14.87,14.24,2.06,2.20,5.74,2.69,5.56,5.35,4.61],
  [2.39,11.24,12.25,9.81,19.85,17.56,18.82,7.11,7.14,9.99,8.43,8.81,8.75,11.33,7.19,1.77,2.78,1.80,2.60,2.04,2.01,99.00,2.34,2.54,1.76,2.26,1.70,9.20,5.67,7.75,5.88,5.31,5.80,8.33,6.09,13.63,12.36,14.07,14.12,12.67,14.51,14.06,11.37,12.47,12.59,14.98,13.79,2.22,2.10,4.21,3.68,4.42,4.09,3.13],
  [4.35,13.23,14.52,10.32,21.97,19.67,20.99,9.43,9.45,12.32,10.76,11.10,11.08,13.65,9.52,3.41,4.02,0.80,0.45,2.33,3.40,2.34,99.00,1.43,0.58,0.08,2.00,10.80,7.04,9.27,7.57,6.51,7.44,9.98,7.50,15.94,14.53,16.24,16.36,14.86,16.83,16.32,13.59,14.69,14.85,17.30,15.98,4.49,4.40,5.89,5.79,6.44,6.05,4.99],
  [3.80,13.79,14.06,8.91,22.37,20.08,21.33,9.17,9.51,12.14,10.67,10.73,10.91,13.33,9.51,2.77,3.04,0.98,1.13,1.29,2.61,2.54,1.43,99.00,1.45,1.41,1.18,9.73,5.94,8.18,6.62,5.34,6.46,8.96,6.40,15.60,14.87,16.57,16.58,15.17,16.84,16.50,13.84,14.94,15.03,17.26,16.28,4.26,4.27,6.65,5.27,6.96,6.62,5.62],
  [3.82,12.73,13.95,10.13,21.45,19.14,20.45,8.85,8.88,11.74,10.18,10.53,10.50,13.07,8.94,2.91,3.60,0.50,0.90,2.01,2.94,1.76,0.58,1.45,99.00,0.50,1.64,10.37,6.64,8.85,7.11,6.14,6.99,9.54,7.10,15.36,13.99,15.70,15.81,14.32,16.26,15.76,13.04,14.14,14.29,16.73,15.44,3.92,3.83,5.43,5.25,5.92,5.54,4.49],
  [4.28,13.17,14.45,10.28,21.91,19.60,20.92,9.35,9.38,12.25,10.69,11.02,11.00,13.57,9.45,3.34,3.95,0.73,0.48,2.27,3.33,2.26,0.08,1.41,0.50,99.00,1.94,10.74,6.98,9.21,7.50,6.45,7.37,9.92,7.44,15.86,14.47,16.18,16.29,14.80,16.76,16.25,13.53,14.62,14.78,17.23,15.92,4.41,4.33,5.84,5.72,6.37,5.99,4.93],
  [2.62,12.84,12.89,8.56,21.32,19.05,20.26,7.99,8.38,10.97,9.51,9.54,9.74,12.15,8.37,1.59,2.02,1.21,1.95,0.41,1.47,1.70,2.00,1.18,1.64,1.94,99.00,8.80,5.04,7.27,5.60,4.52,5.46,7.99,5.51,14.42,13.81,15.50,15.48,14.10,15.69,15.39,12.76,13.86,13.91,16.10,15.21,3.10,3.13,5.91,4.09,6.05,5.74,4.82],
  [6.83,14.13,7.39,5.30,20.00,18.20,18.71,6.40,8.50,8.12,8.02,6.10,7.59,7.86,8.08,7.52,6.78,10.00,10.73,8.52,7.44,9.20,10.80,9.73,10.37,10.74,8.80,99.00,3.80,1.55,3.33,4.43,3.40,0.91,3.33,9.37,13.38,14.64,13.90,13.42,12.72,13.60,12.11,12.89,12.43,12.68,14.23,7.43,7.69,11.13,5.89,10.14,10.25,10.25],
  [3.46,13.26,9.45,4.97,20.50,18.44,19.29,6.03,7.63,8.76,7.91,6.79,7.78,9.27,7.35,3.91,3.04,6.25,6.95,4.74,3.76,5.67,7.04,5.94,6.64,6.98,5.04,3.80,99.00,2.25,1.23,0.72,0.97,3.06,0.46,11.30,13.24,14.76,14.32,13.40,13.76,14.11,11.99,12.98,12.73,13.93,14.39,4.34,4.61,8.46,3.15,7.77,7.74,7.41],
  [5.42,13.72,8.13,4.75,20.18,18.27,18.92,6.03,8.01,8.24,7.82,6.18,7.50,8.31,7.63,6.04,5.26,8.48,9.19,6.98,5.93,7.75,9.27,8.18,8.85,9.21,7.27,1.55,2.25,99.00,1.95,2.89,1.97,0.94,1.78,10.09,13.26,14.63,14.01,13.35,13.09,13.75,11.98,12.86,12.48,13.14,14.24,6.11,6.38,10.00,4.63,9.10,9.17,9.05],
  [3.51,12.30,8.25,5.85,19.34,17.31,18.12,4.89,6.61,7.55,6.77,5.57,6.60,8.04,6.29,4.22,3.59,6.77,7.55,5.36,4.18,5.88,7.57,6.62,7.11,7.50,5.60,3.33,1.23,1.95,99.00,1.89,0.26,2.45,1.08,10.08,12.15,13.64,13.16,12.29,12.54,12.93,10.89,11.85,11.57,12.71,13.26,4.15,4.42,8.07,2.69,7.23,7.27,7.11],
  [3.27,13.57,10.13,4.86,21.00,18.91,19.79,6.53,8.02,9.34,8.41,7.41,8.32,9.91,7.76,3.54,2.58,5.73,6.39,4.19,3.33,5.31,6.51,5.34,6.14,6.45,4.52,4.43,0.72,2.89,1.89,99.00,1.63,3.74,1.14,11.97,13.68,15.23,14.83,13.85,14.34,14.63,12.44,13.44,13.23,14.54,14.86,4.24,4.52,8.41,3.29,7.82,7.75,7.33],
  [3.45,12.49,8.50,5.66,19.58,17.55,18.36,5.12,6.82,7.81,7.00,5.83,6.84,8.30,6.51,4.12,3.44,6.64,7.40,5.20,4.05,5.80,7.44,6.46,6.99,7.37,5.46,3.40,0.97,1.97,0.26,1.63,99.00,2.55,0.86,10.34,12.37,13.87,13.40,12.52,12.80,13.18,11.11,12.08,11.81,12.97,13.49,4.15,4.43,8.13,2.74,7.32,7.34,7.15],
  [5.95,13.42,7.28,5.45,19.58,17.71,18.30,5.69,7.76,7.64,7.39,5.58,7.01,7.57,7.35,6.67,5.97,9.18,9.93,7.72,6.60,8.33,9.98,8.96,9.54,9.92,7.99,0.91,3.06,0.94,2.45,3.74,2.55,99.00,2.60,9.25,12.80,14.11,13.43,12.86,12.39,13.15,11.52,12.35,11.93,12.40,13.71,6.53,6.79,10.23,4.98,9.25,9.36,9.35],
  [3.84,13.33,9.15,4.83,20.43,18.40,19.20,5.97,7.67,8.62,7.85,6.62,7.68,9.04,7.36,4.34,3.50,6.71,7.41,5.20,4.20,6.09,7.50,6.40,7.10,7.44,5.51,3.33,0.46,1.78,1.08,1.14,0.86,2.60,99.00,11.03,13.23,14.72,14.24,13.37,13.60,14.02,11.97,12.93,12.66,13.75,14.34,4.68,4.95,8.76,3.40,8.02,8.01,7.73],
  [11.81,9.48,1.98,14.66,11.52,10.26,10.21,6.52,7.18,3.87,5.57,4.88,5.04,2.29,6.88,12.83,12.86,15.27,16.13,14.37,13.04,13.63,15.94,15.60,15.36,15.86,14.42,9.37,11.30,10.09,10.08,11.97,10.34,9.25,11.03,99.00,7.24,7.51,6.31,6.98,4.19,5.91,6.42,6.39,5.59,3.78,7.13,11.46,11.54,12.29,10.35,11.01,11.41,12.23],
  [11.71,2.64,8.06,17.92,7.52,5.29,6.46,7.28,5.70,5.41,5.44,7.31,5.79,6.55,5.92,12.54,13.14,14.14,14.89,13.97,12.88,12.36,14.53,14.87,13.99,14.47,13.81,13.38,13.24,13.26,12.15,13.68,12.37,12.80,13.23,7.24,99.00,1.71,2.19,0.43,4.13,2.38,1.28,0.86,1.68,4.93,1.48,10.83,10.73,9.01,10.68,8.14,8.56,9.63],
  [13.37,3.87,8.69,19.34,5.84,3.68,4.76,8.75,7.32,6.53,6.87,8.54,7.13,7.33,7.50,14.22,14.79,15.85,16.60,15.66,14.56,14.07,16.24,16.57,15.70,16.18,15.50,14.64,14.76,14.63,13.64,15.23,13.87,14.11,14.72,7.51,1.71,99.00,1.28,1.41,3.68,1.67,2.80,1.79,2.23,4.44,0.41,12.51,12.42,10.70,12.30,9.84,10.26,11.33],
  [13.22,4.76,7.61,18.76,6.19,4.31,4.97,8.30,7.14,5.79,6.42,7.85,6.57,6.35,7.24,14.12,14.61,15.92,16.70,15.60,14.44,14.12,16.36,16.58,15.81,16.29,15.48,13.90,14.32,14.01,13.16,14.83,13.40,13.43,14.24,6.31,2.19,1.28,99.00,1.76,2.40,0.40,2.78,1.70,1.60,3.17,1.02,12.42,12.36,11.03,12.06,10.07,10.50,11.56],
  [11.96,3.06,7.89,18.03,7.25,5.07,6.16,7.41,5.91,5.38,5.55,7.33,5.85,6.41,6.11,12.81,13.38,14.46,15.21,14.25,13.15,12.67,14.86,15.17,14.32,14.80,14.10,13.42,13.40,13.35,12.29,13.85,12.52,12.86,13.37,6.98,0.43,1.41,1.76,99.00,3.74,1.96,1.41,0.60,1.39,4.54,1.12,11.10,11.01,9.38,10.90,8.49,8.91,9.98],
  [13.24,6.76,5.79,17.83,7.43,6.07,6.12,7.93,7.38,5.00,6.20,6.99,6.10,4.88,7.33,14.22,14.54,16.29,17.12,15.75,14.50,14.51,16.83,16.84,16.26,16.76,15.69,12.72,13.76,13.09,12.54,14.34,12.80,12.39,13.60,4.19,4.13,3.68,2.40,3.74,99.00,2.01,4.02,3.33,2.61,0.80,3.39,12.59,12.58,11.98,11.93,10.86,11.30,12.31],
  [13.09,5.00,7.23,18.49,6.44,4.63,5.19,8.09,7.02,5.51,6.23,7.58,6.34,6.00,7.10,14.01,14.47,15.86,16.64,15.50,14.32,14.06,16.32,16.50,15.76,16.25,15.39,13.60,14.11,13.75,12.93,14.63,13.18,13.15,14.02,5.91,2.38,1.67,0.40,1.96,2.01,99.00,2.79,1.77,1.47,2.79,1.38,12.32,12.26,11.06,11.90,10.07,10.50,11.55],
  [10.58,3.07,7.01,16.65,8.64,6.48,7.52,6.01,4.51,4.18,4.16,6.04,4.51,5.45,4.70,11.44,11.99,13.16,13.93,12.90,11.78,11.37,13.59,13.84,13.04,13.53,12.76,12.11,11.99,11.98,10.89,12.44,11.11,11.52,11.97,6.42,1.28,2.80,2.78,1.41,4.02,2.79,99.00,1.10,1.45,4.77,2.47,9.74,9.65,8.27,9.50,7.29,7.72,8.78],
  [11.66,3.44,7.29,17.56,7.58,5.47,6.44,6.96,5.58,4.82,5.08,6.80,5.35,5.81,5.74,12.53,13.07,14.26,15.03,13.99,12.86,12.47,14.69,14.94,14.14,14.62,13.86,12.89,12.98,12.86,11.85,13.44,12.08,12.35,12.93,6.39,0.86,1.79,1.70,0.60,3.33,1.77,1.10,99.00,0.82,4.12,1.42,10.83,10.75,9.33,10.55,8.37,8.80,9.86],
  [11.63,4.21,6.55,17.21,7.77,5.79,6.56,6.70,5.55,4.31,4.82,6.35,5.00,5.13,5.64,12.54,13.01,14.38,15.17,14.03,12.85,12.59,14.85,15.03,14.29,14.78,13.91,12.43,12.73,12.48,11.57,13.23,11.81,11.93,12.66,5.59,1.68,2.23,1.60,1.39,2.61,1.47,1.45,0.82,99.00,3.39,1.82,10.85,10.79,9.66,10.46,8.63,9.07,10.11],
  [13.61,7.56,5.54,17.85,7.74,6.57,6.43,8.23,7.87,5.25,6.59,7.14,6.41,4.84,7.78,14.60,14.87,16.74,17.58,16.14,14.87,14.98,17.30,17.26,16.73,17.23,16.10,12.68,13.93,13.14,12.71,14.54,12.97,12.40,13.75,3.78,4.93,4.44,3.17,4.54,0.80,2.79,4.77,4.12,3.39,99.00,4.17,13.00,13.00,12.60,12.26,11.45,11.88,12.88],
  [13.05,3.85,8.29,18.95,6.17,4.06,5.06,8.37,6.98,6.12,6.49,8.14,6.74,6.92,7.15,13.91,14.46,15.58,16.33,15.36,14.24,13.79,15.98,16.28,15.44,15.92,15.21,14.23,14.39,14.24,13.26,14.86,13.49,13.71,14.34,7.13,1.48,0.41,1.02,1.12,3.39,1.38,2.47,1.42,1.82,4.17,99.00,12.20,12.11,10.49,11.96,9.60,10.03,11.10],
  [1.06,10.11,10.04,9.09,18.35,16.11,17.26,4.96,5.30,7.90,6.41,6.61,6.66,9.17,5.27,1.71,2.46,3.82,4.68,3.18,2.06,2.22,4.49,4.26,3.92,4.41,3.10,7.43,4.34,6.11,4.15,4.24,4.15,6.53,4.68,11.46,10.83,12.51,12.42,11.10,12.59,12.32,9.74,10.83,10.85,13.00,12.20,99.00,0.28,4.16,1.58,3.69,3.56,3.09],
  [1.30,9.95,10.16,9.35,18.25,16.00,17.17,5.03,5.25,7.94,6.42,6.71,6.70,9.25,5.25,1.84,2.66,3.77,4.62,3.25,2.20,2.10,4.40,4.27,3.83,4.33,3.13,7.69,4.61,6.38,4.42,4.52,4.43,6.79,4.95,11.54,10.73,12.42,12.36,11.01,12.58,12.26,9.65,10.75,10.79,13.00,12.11,0.28,99.00,3.90,1.83,3.46,3.31,2.81],
  [5.18,7.40,11.45,13.25,16.27,13.94,15.37,6.35,5.11,8.41,6.72,8.11,7.29,10.12,5.42,5.38,6.39,5.74,6.31,6.23,5.74,4.21,5.89,6.65,5.43,5.84,5.91,11.13,8.46,10.00,8.07,8.41,8.13,10.23,8.76,12.29,9.01,10.70,11.03,9.38,11.98,11.06,8.27,9.33,9.66,12.60,10.49,4.16,3.90,99.00,5.39,1.30,0.96,1.13],
  [1.47,10.35,8.80,8.10,18.13,15.97,16.98,4.03,4.99,7.04,5.75,5.48,5.85,8.09,4.82,2.50,2.61,5.05,5.91,4.02,2.69,3.68,5.79,5.27,5.25,5.72,4.09,5.89,3.15,4.63,2.69,3.29,2.74,4.98,3.40,10.35,10.68,12.30,12.06,10.90,11.93,11.90,9.50,10.55,10.46,12.26,11.96,1.58,1.83,5.39,99.00,4.62,4.62,4.42],
  [4.75,6.83,10.15,12.67,15.54,13.23,14.57,5.07,3.83,7.13,5.44,6.82,6.00,8.82,4.13,5.19,6.10,6.13,6.82,6.31,5.56,4.42,6.44,6.96,5.92,6.37,6.05,10.14,7.77,9.10,7.23,7.82,7.32,9.25,8.02,11.01,8.14,9.84,10.07,8.49,10.86,10.07,7.29,8.37,8.63,11.45,9.60,3.69,3.46,1.30,4.62,99.00,0.44,1.49],
  [4.61,7.19,10.52,12.61,15.94,13.63,14.98,5.39,4.24,7.54,5.84,7.16,6.39,9.21,4.53,4.97,5.92,5.77,6.44,6.02,5.35,4.09,6.05,6.62,5.54,5.99,5.74,10.25,7.74,9.17,7.27,7.75,7.34,9.36,8.01,11.41,8.56,10.26,10.50,8.91,11.30,10.50,7.72,8.80,9.07,11.88,10.03,3.56,3.31,0.96,4.62,0.44,99.00,1.07],
  [4.08,8.24,11.22,12.15,17.01,14.70,16.06,6.00,5.12,8.37,6.68,7.79,7.18,9.99,5.36,4.25,5.26,4.75,5.38,5.12,4.61,3.13,4.99,5.62,4.49,4.93,4.82,10.25,7.41,9.05,7.11,7.33,7.15,9.35,7.73,12.23,9.63,11.33,11.56,9.98,12.31,11.55,8.78,9.86,10.11,12.88,11.10,3.09,2.81,1.13,4.42,1.49,1.07,99.00]
];
