// Chosen Depots: [1, 2, 3, 6]
// Chosen Demand Points (Original DP No): [2, 6, 12, 16, 17, 22, 24, 26, 27, 29, 30, 88, 89, 91, 92, 93, 94, 96, 97, 101, 102, 103, 106, 114, 115, 116, 117, 120, 122, 125, 126, 138, 140, 141, 142, 144, 146, 147, 150, 155, 157, 158, 159, 161, 162, 164, 165, 166, 170, 171]
// Original Weights: [9, 9, 6, 4, 5, 6, 5, 4, 7, 5, 5, 6, 7, 6, 5, 7, 6, 7, 7, 7, 6, 7, 7, 7, 7, 7, 7, 7, 8, 2, 3, 3, 4, 4, 8, 8, 8, 5, 7, 5, 7, 8, 7, 8, 8, 9, 6, 6, 8, 8]

|W| = 4;
|D| = 50;
V = 54;
C = 3;
|K| = 1;
M = 100;
S = 0.25;
|TR| = 11;
δmax = 18.3;
Runtime = 20;

// Priority weights for selected demand points
pj = [
  9, 9, 6, 4, 5, 6, 5, 4, 7, 5, 5, 6, 7, 6, 5, 7, 6, 7, 7, 7, 6, 7, 7, 7, 7, 7, 7, 7, 8, 2, 3, 3, 4, 4, 8, 8, 8, 5, 7, 5, 7, 8, 7, 8, 8, 9, 6, 6, 8, 8
];

δij =
[
  [99.00,99.00,99.00,99.00,19.21,18.10,9.16,7.41,6.15,6.76,6.93,9.54,6.11,6.88,7.81,1.64,4.43,1.03,1.44,3.60,1.70,4.53,2.58,2.39,1.23,2.57,2.46,3.82,4.28,2.70,3.26,4.21,3.86,6.34,5.05,3.89,11.81,11.81,11.71,13.22,11.96,10.83,13.09,12.30,11.63,12.31,10.82,13.25,13.05,4.80,1.06,1.30,4.61,4.08],
  [99.00,99.00,99.00,99.00,8.93,8.14,6.12,8.33,8.33,6.36,8.35,8.34,5.12,8.14,7.88,11.70,13.73,11.79,12.55,12.96,12.58,13.77,10.69,11.24,11.52,12.24,12.14,12.73,13.17,10.14,12.79,13.76,9.10,13.15,13.43,13.59,9.48,9.48,2.64,4.76,3.06,6.71,5.00,7.87,4.21,3.71,4.28,4.23,3.85,7.77,10.11,9.95,7.19,8.24],
  [99.00,99.00,99.00,99.00,13.22,11.91,3.84,3.03,4.25,4.96,3.48,1.62,7.61,3.61,2.93,11.85,14.68,11.29,11.22,13.82,11.85,14.78,12.08,12.25,11.45,12.78,12.66,13.95,14.45,11.77,13.49,14.47,11.88,6.62,8.11,9.46,1.98,1.98,8.06,7.61,7.89,3.65,7.23,3.80,6.55,7.61,5.98,8.16,8.29,11.46,10.04,10.16,10.52,11.22],
  [99.00,99.00,99.00,99.00,24.93,23.67,13.99,11.27,10.49,12.23,10.93,13.02,13.08,11.04,11.86,8.79,9.89,8.11,7.06,9.64,7.66,9.99,10.28,9.81,8.61,9.19,9.17,10.13,10.28,10.60,9.42,9.55,11.89,6.07,4.93,4.60,14.66,14.66,17.92,18.76,18.03,15.21,18.49,16.16,17.21,18.15,16.37,19.03,18.95,12.88,9.09,9.35,12.61,12.15],
  [19.21,8.93,13.22,24.93,99.00,1.31,10.94,13.70,14.45,12.87,14.01,12.24,13.17,13.89,13.10,20.14,22.44,20.06,20.63,21.62,20.85,22.49,19.34,19.85,19.88,20.80,20.69,21.45,21.91,18.79,21.41,22.43,17.89,19.07,20.00,20.72,11.52,11.52,7.52,6.19,7.25,9.88,6.44,9.44,7.77,6.94,8.62,6.01,6.17,16.62,18.35,18.25,15.94,17.01],
  [18.10,8.14,11.91,23.67,1.31,99.00,9.68,12.42,13.20,11.67,12.75,10.94,12.10,12.63,11.83,19.07,21.44,18.97,19.51,20.61,19.75,21.50,18.33,18.82,18.81,19.76,19.65,20.45,20.92,17.79,20.39,21.41,16.94,17.78,18.75,19.50,10.21,10.21,6.46,4.97,6.16,8.59,5.19,8.13,6.56,5.79,7.41,4.85,5.06,15.70,17.26,17.17,14.98,16.06],
  [9.16,6.12,3.84,13.99,10.94,9.68,99.00,2.79,3.54,2.42,3.07,2.23,4.50,2.95,2.20,10.48,13.21,10.15,10.43,12.33,10.86,13.29,10.24,10.58,10.13,11.33,11.21,12.33,12.84,9.80,12.04,13.08,9.51,8.17,9.06,9.88,3.84,3.84,4.48,4.78,4.42,1.71,4.51,3.30,3.31,4.34,2.53,5.13,5.12,8.74,8.56,8.57,7.80,8.71],
  [7.41,8.33,3.03,11.27,13.70,12.42,2.79,99.00,1.26,2.25,0.48,2.14,4.87,0.58,0.60,8.94,11.76,8.44,8.49,10.89,9.06,11.86,9.08,9.28,8.55,9.85,9.73,11.00,11.50,8.75,10.57,11.58,8.85,5.39,6.36,7.34,4.39,4.39,7.15,7.56,7.14,3.97,7.27,5.15,6.10,7.11,5.29,7.92,7.90,8.47,7.09,7.18,7.54,8.20],
  [6.15,8.33,4.25,10.49,14.45,13.20,3.54,1.26,99.00,1.97,0.79,3.39,4.19,0.73,1.68,7.67,10.50,7.18,7.25,9.63,7.80,10.60,7.83,8.02,7.28,8.59,8.47,9.74,10.24,7.52,9.31,10.31,7.68,4.90,5.56,6.34,5.66,5.66,7.53,8.27,7.60,4.98,8.02,6.30,6.72,7.67,5.88,8.54,8.47,7.40,5.82,5.93,6.50,7.09],
  [6.76,6.36,4.96,12.23,12.87,11.67,2.42,2.25,1.97,99.00,2.10,3.55,2.67,1.89,2.07,8.06,10.79,7.74,8.07,9.91,8.46,10.88,7.84,8.17,7.71,8.91,8.79,9.92,10.43,7.43,9.62,10.66,7.23,6.84,7.33,7.87,5.75,5.75,5.69,6.70,5.80,4.12,6.51,5.68,5.10,5.97,4.26,6.88,6.76,6.62,6.14,6.15,5.67,6.48],
  [6.93,8.35,3.48,10.93,14.01,12.75,3.07,0.48,0.79,2.10,99.00,2.62,4.62,0.22,0.98,8.46,11.28,7.96,8.01,10.41,8.57,11.38,8.61,8.81,8.07,9.38,9.26,10.53,11.02,8.29,10.10,11.10,8.42,5.13,6.01,6.93,4.88,4.88,7.31,7.85,7.33,4.36,7.58,5.60,6.35,7.34,5.53,8.17,8.14,8.08,6.61,6.71,7.16,7.79],
  [9.54,8.34,1.62,13.02,12.24,10.94,2.23,2.14,3.39,3.55,2.62,99.00,6.15,2.67,1.75,11.04,13.86,10.57,10.63,12.98,11.19,13.96,11.10,11.33,10.66,11.95,11.83,13.07,13.57,10.74,12.67,13.69,10.70,6.98,8.22,9.35,2.29,2.29,6.55,6.35,6.41,2.38,6.00,3.15,5.13,6.20,4.49,6.84,6.92,10.16,9.17,9.25,9.21,9.99],
  [6.11,5.12,7.61,13.08,13.17,12.10,4.50,4.87,4.19,2.67,4.62,6.15,99.00,4.41,4.74,6.97,9.40,6.90,7.55,8.55,7.70,9.47,6.29,6.75,6.71,7.67,7.56,8.44,8.93,5.78,8.31,9.35,5.19,8.50,8.48,8.49,8.23,8.23,5.65,7.37,5.94,6.12,7.32,7.74,5.86,6.36,5.15,7.29,7.05,4.28,5.19,5.08,3.35,4.34],
  [6.88,8.14,3.61,11.04,13.89,12.63,2.95,0.58,0.73,1.89,0.22,2.67,4.41,99.00,0.96,8.39,11.21,7.90,7.98,10.33,8.53,11.30,8.50,8.71,8.00,9.30,9.18,10.44,10.93,8.17,10.02,11.03,8.27,5.29,6.11,6.99,4.94,4.94,7.14,7.72,7.17,4.30,7.45,5.58,6.20,7.19,5.38,8.03,7.99,7.91,6.52,6.61,6.99,7.64],
  [7.81,7.88,2.93,11.86,13.10,11.83,2.20,0.60,1.68,2.07,0.98,1.75,4.74,0.96,99.00,9.29,12.11,8.83,8.93,11.23,9.47,12.20,9.35,9.58,8.91,10.20,10.08,11.32,11.82,8.99,10.92,11.94,9.00,5.98,6.95,7.90,4.05,4.05,6.60,6.97,6.58,3.39,6.68,4.63,5.51,6.54,4.72,7.33,7.32,8.54,7.41,7.49,7.60,8.32],
  [1.64,11.70,11.85,8.79,20.14,19.07,10.48,8.94,7.67,8.06,8.46,11.04,6.97,8.39,9.29,99.00,2.83,0.79,1.76,1.97,1.17,2.93,1.51,1.02,0.41,0.93,0.82,2.18,2.64,1.93,1.64,2.64,3.30,7.89,6.48,5.11,13.33,13.33,12.62,14.28,12.91,12.18,14.19,13.70,12.72,13.31,11.94,14.25,14.02,4.54,1.92,1.94,4.69,3.85],
  [4.43,13.73,14.68,9.89,22.44,21.44,13.21,11.76,10.50,10.79,11.28,13.86,9.40,11.21,12.11,2.83,99.00,3.43,3.89,0.88,3.09,0.12,3.11,2.66,3.23,1.91,2.03,1.00,0.64,3.65,1.19,0.35,4.66,10.38,8.79,7.21,16.14,16.14,14.98,16.77,15.30,14.91,16.71,16.46,15.24,15.75,14.50,16.67,16.42,6.02,4.70,4.65,6.54,5.49],
  [1.03,11.79,11.29,8.11,20.06,18.97,10.15,8.44,7.18,7.74,7.96,10.57,6.90,7.90,8.83,0.79,3.43,99.00,1.06,2.63,0.80,3.54,2.17,1.77,0.50,1.64,1.54,2.91,3.34,2.49,2.29,3.19,3.82,7.12,5.69,4.32,12.83,12.83,12.54,14.12,12.81,11.82,14.01,13.31,12.54,13.18,11.74,14.12,13.91,4.97,1.71,1.84,4.97,4.25],
  [1.44,12.55,11.22,7.06,20.63,19.51,10.43,8.49,7.25,8.07,8.01,10.63,7.55,7.98,8.93,1.76,3.89,1.06,99.00,3.22,0.81,4.00,3.22,2.78,1.55,2.39,2.32,3.60,3.95,3.55,2.90,3.59,4.87,6.49,4.93,3.43,12.86,12.86,13.14,14.61,13.38,12.07,14.47,13.50,13.01,13.71,12.19,14.65,14.46,5.99,2.46,2.66,5.92,5.26],
  [3.60,12.96,13.82,9.64,21.62,20.61,12.33,10.89,9.63,9.91,10.41,12.98,8.55,10.33,11.23,1.97,0.88,2.63,3.22,99.00,2.41,0.97,2.29,1.80,2.38,1.04,1.16,0.50,0.73,2.83,0.34,0.81,3.94,9.68,8.15,6.62,15.27,15.27,14.14,15.92,14.46,14.03,15.86,15.58,14.38,14.90,13.64,15.83,15.58,5.32,3.82,3.77,5.77,4.75],
  [1.70,12.58,11.85,7.66,20.85,19.75,10.86,9.06,7.80,8.46,8.57,11.19,7.70,8.53,9.47,1.17,3.09,0.80,0.81,2.41,99.00,3.20,2.68,2.16,1.13,1.61,1.56,2.80,3.14,3.09,2.09,2.80,4.45,7.29,5.74,4.23,13.44,13.44,13.33,14.89,13.60,12.52,14.77,13.99,13.31,13.96,12.50,14.90,14.69,5.66,2.51,2.64,5.73,4.95],
  [4.53,13.77,14.78,9.99,22.49,21.50,13.29,11.86,10.60,10.88,11.38,13.96,9.47,11.30,12.20,2.93,0.12,3.54,4.00,0.97,3.20,99.00,3.18,2.74,3.33,2.01,2.13,1.05,0.63,3.70,1.29,0.45,4.69,10.49,8.91,7.33,16.24,16.24,15.04,16.84,15.36,15.00,16.78,16.55,15.31,15.81,14.57,16.74,16.48,6.05,4.79,4.74,6.59,5.53],
  [2.58,10.69,12.08,10.28,19.34,18.33,10.24,9.08,7.83,7.84,8.61,11.10,6.29,8.50,9.35,1.51,3.11,2.17,3.22,2.29,2.68,3.18,99.00,0.60,1.68,1.60,1.53,2.14,2.64,0.56,2.09,3.09,1.85,8.88,7.63,6.41,13.39,13.39,11.87,13.66,12.18,11.95,13.61,13.52,12.14,12.64,11.41,13.56,13.30,3.18,2.15,1.97,3.52,2.54],
  [2.39,11.24,12.25,9.81,19.85,18.82,10.58,9.28,8.02,8.17,8.81,11.33,6.75,8.71,9.58,1.02,2.66,1.77,2.78,1.80,2.16,2.74,0.60,99.00,1.29,1.01,0.93,1.76,2.26,1.14,1.56,2.60,2.45,8.73,7.39,6.08,13.63,13.63,12.36,14.12,12.67,12.29,14.06,13.85,12.59,13.11,11.84,14.04,13.79,3.78,2.22,2.10,4.09,3.13],
  [1.23,11.52,11.45,8.61,19.88,18.81,10.13,8.55,7.28,7.71,8.07,10.66,6.71,8.00,8.91,0.41,3.23,0.50,1.55,2.38,1.13,3.33,1.68,1.29,99.00,1.34,1.23,2.59,3.05,2.01,2.05,3.03,3.35,7.51,6.12,4.79,12.94,12.94,12.37,13.99,12.64,11.82,13.89,13.34,12.42,13.03,11.64,13.97,13.75,4.54,1.58,1.64,4.60,3.82],
  [2.57,12.24,12.78,9.19,20.80,19.76,11.33,9.85,8.59,8.91,9.38,11.95,7.67,9.30,10.20,0.93,1.91,1.64,2.39,1.04,1.61,2.01,1.60,1.01,1.34,99.00,0.12,1.27,1.71,2.15,0.72,1.75,3.43,8.75,7.28,5.82,14.24,14.24,13.30,15.02,13.60,13.03,14.94,14.57,13.47,14.02,12.71,14.96,14.71,4.78,2.80,2.76,5.10,4.14],
  [2.46,12.14,12.66,9.17,20.69,19.65,11.21,9.73,8.47,8.79,9.26,11.83,7.56,9.18,10.08,0.82,2.03,1.54,2.32,1.16,1.56,2.13,1.53,0.93,1.23,0.12,99.00,1.37,1.82,2.07,0.84,1.87,3.37,8.65,7.19,5.75,14.12,14.12,13.19,14.91,13.49,12.91,14.83,14.45,13.36,13.91,12.59,14.84,14.60,4.71,2.67,2.64,5.01,4.06],
  [3.82,12.73,13.95,10.13,21.45,20.45,12.33,11.00,9.74,9.92,10.53,13.07,8.44,10.44,11.32,2.18,1.00,2.91,3.60,0.50,2.80,1.05,2.14,1.76,2.59,1.27,1.37,99.00,0.50,2.66,0.73,1.10,3.65,10.01,8.52,7.03,15.36,15.36,13.99,15.81,14.32,14.04,15.76,15.60,14.29,14.78,13.55,15.70,15.44,5.02,3.92,3.83,5.54,4.49],
  [4.28,13.17,14.45,10.28,21.91,20.92,12.84,11.50,10.24,10.43,11.02,13.57,8.93,10.93,11.82,2.64,0.64,3.34,3.95,0.73,3.14,0.63,2.64,2.26,3.05,1.71,1.82,0.50,99.00,3.15,1.06,0.87,4.08,10.41,8.88,7.35,15.86,15.86,14.47,16.29,14.80,14.54,16.25,16.11,14.78,15.26,14.05,16.18,15.92,5.43,4.41,4.33,5.99,4.93],
  [2.70,10.14,11.77,10.60,18.79,17.79,9.80,8.75,7.52,7.43,8.29,10.74,5.78,8.17,8.99,1.93,3.65,2.49,3.55,2.83,3.09,3.70,0.56,1.14,2.01,2.15,2.07,2.66,3.15,99.00,2.65,3.64,1.36,8.88,7.72,6.58,13.02,13.02,11.33,13.15,11.65,11.51,13.10,13.10,11.64,12.11,10.91,13.03,12.77,2.65,2.05,1.82,2.96,1.99],
  [3.26,12.79,13.49,9.42,21.41,20.39,12.04,10.57,9.31,9.62,10.10,12.67,8.31,10.02,10.92,1.64,1.19,2.29,2.90,0.34,2.09,1.29,2.09,1.56,2.05,0.72,0.84,0.73,1.06,2.65,99.00,1.05,3.83,9.35,7.83,6.31,14.96,14.96,13.92,15.68,14.23,13.74,15.61,15.28,14.13,14.67,13.38,15.60,15.35,5.20,3.51,3.47,5.61,4.60],
  [4.21,13.76,14.47,9.55,22.43,21.41,13.08,11.58,10.31,10.66,11.10,13.69,9.35,11.03,11.94,2.64,0.35,3.19,3.59,0.81,2.80,0.45,3.09,2.60,3.03,1.75,1.87,1.10,0.87,3.64,1.05,99.00,4.72,10.08,8.48,6.89,15.97,15.97,14.95,16.72,15.26,14.79,16.65,16.32,15.18,15.70,14.43,16.63,16.38,6.10,4.54,4.51,6.57,5.54],
  [3.86,9.10,11.88,11.89,17.89,16.94,9.51,8.85,7.68,7.23,8.42,10.70,5.19,8.27,9.00,3.30,4.66,3.82,4.87,3.94,4.45,4.69,1.85,2.45,3.35,3.43,3.37,3.65,4.08,1.36,3.83,4.72,99.00,9.73,8.73,7.74,12.96,12.96,10.52,12.44,10.86,11.20,12.43,12.81,10.99,11.37,10.32,12.27,11.98,1.37,3.00,2.72,1.96,0.89],
  [6.34,13.15,6.62,6.07,19.07,17.78,8.17,5.39,4.90,6.84,5.13,6.98,8.50,5.29,5.98,7.89,10.38,7.12,6.49,9.68,7.29,10.49,8.88,8.73,7.51,8.75,8.65,10.01,10.41,8.88,9.35,10.08,9.73,99.00,1.78,3.46,8.60,8.60,12.41,12.95,12.45,9.23,12.66,10.10,11.47,12.47,10.66,13.30,13.27,10.13,6.83,7.08,9.47,9.53],
  [5.05,13.43,8.11,4.93,20.00,18.75,9.06,6.36,5.56,7.33,6.01,8.22,8.48,6.11,6.95,6.48,8.79,5.69,4.93,8.15,5.74,8.91,7.63,7.39,6.12,7.28,7.19,8.52,8.88,7.72,7.83,8.48,8.73,1.78,99.00,1.69,10.05,10.05,13.02,13.82,13.12,10.32,13.56,11.37,12.28,13.23,11.44,14.10,14.03,9.33,5.74,6.01,8.80,8.68],
  [3.89,13.59,9.46,4.60,20.72,19.50,9.88,7.34,6.34,7.87,6.93,9.35,8.49,6.99,7.90,5.11,7.21,4.32,3.43,6.62,4.23,7.33,6.41,6.08,4.79,5.82,5.75,7.03,7.35,6.58,6.31,6.89,7.74,3.46,1.69,99.00,11.34,11.34,13.51,14.54,13.66,11.29,14.31,12.47,12.95,13.84,12.11,14.74,14.63,8.54,4.77,5.05,8.16,7.84],
  [11.81,9.48,1.98,14.66,11.52,10.21,3.84,4.39,5.66,5.75,4.88,2.29,8.23,4.94,4.05,13.33,16.14,12.83,12.86,15.27,13.44,16.24,13.39,13.63,12.94,14.24,14.12,15.36,15.86,13.02,14.96,15.97,12.96,8.60,10.05,11.34,99.00,0.00,7.24,6.31,6.98,2.77,5.91,2.14,5.59,6.57,5.24,6.94,7.13,12.36,11.46,11.54,11.41,12.23],
  [11.81,9.48,1.98,14.66,11.52,10.21,3.84,4.39,5.66,5.75,4.88,2.29,8.23,4.94,4.05,13.33,16.14,12.83,12.86,15.27,13.44,16.24,13.39,13.63,12.94,14.24,14.12,15.36,15.86,13.02,14.96,15.97,12.96,8.60,10.05,11.34,0.00,99.00,7.24,6.31,6.98,2.77,5.91,2.14,5.59,6.57,5.24,6.94,7.13,12.36,11.46,11.54,11.41,12.23],
  [11.71,2.64,8.06,17.92,7.52,6.46,4.48,7.15,7.53,5.69,7.31,6.55,5.65,7.14,6.60,12.62,14.98,12.54,13.14,14.14,13.33,15.04,11.87,12.36,12.37,13.30,13.19,13.99,14.47,11.33,13.92,14.95,10.52,12.41,13.02,13.51,7.24,7.24,99.00,2.19,0.43,4.51,2.38,5.42,1.68,1.08,2.07,1.80,1.48,9.32,10.83,10.73,8.56,9.63],
  [13.22,4.76,7.61,18.76,6.19,4.97,4.78,7.56,8.27,6.70,7.85,6.35,7.37,7.72,6.97,14.28,16.77,14.12,14.61,15.92,14.89,16.84,13.66,14.12,13.99,15.02,14.91,15.81,16.29,13.15,15.68,16.72,12.44,12.95,13.82,14.54,6.31,6.31,2.19,99.00,1.76,3.99,0.40,4.22,1.60,1.13,2.44,0.69,1.02,11.31,12.42,12.36,10.50,11.56],
  [11.96,3.06,7.89,18.03,7.25,6.16,4.42,7.14,7.60,5.80,7.33,6.41,5.94,7.17,6.58,12.91,15.30,12.81,13.38,14.46,13.60,15.36,12.18,12.67,12.64,13.60,13.49,14.32,14.80,11.65,14.23,15.26,10.86,12.45,13.12,13.66,6.98,6.98,0.43,1.76,99.00,4.30,1.96,5.11,1.39,0.65,1.93,1.41,1.12,9.68,11.10,11.01,8.91,9.98],
  [10.83,6.71,3.65,15.21,9.88,8.59,1.71,3.97,4.98,4.12,4.36,2.38,6.12,4.30,3.39,12.18,14.91,11.82,12.07,14.03,12.52,15.00,11.95,12.29,11.82,13.03,12.91,14.04,14.54,11.51,13.74,14.79,11.20,9.23,10.32,11.29,2.77,2.77,4.51,3.99,4.30,99.00,3.63,1.62,2.93,3.97,2.48,4.52,4.64,10.39,10.25,10.27,9.46,10.39],
  [13.09,5.00,7.23,18.49,6.44,5.19,4.51,7.27,8.02,6.51,7.58,6.00,7.32,7.45,6.68,14.19,16.71,14.01,14.47,15.86,14.77,16.78,13.61,14.06,13.89,14.94,14.83,15.76,16.25,13.10,15.61,16.65,12.43,12.66,13.56,14.31,5.91,5.91,2.38,0.40,1.96,3.63,99.00,3.82,1.47,1.30,2.28,1.09,1.38,11.33,12.32,12.26,10.50,11.55],
  [12.30,7.87,3.80,16.16,9.44,8.13,3.30,5.15,6.30,5.68,5.60,3.15,7.74,5.58,4.63,13.70,16.46,13.31,13.50,15.58,13.99,16.55,13.52,13.85,13.34,14.57,14.45,15.60,16.11,13.10,15.28,16.32,12.81,10.10,11.37,12.47,2.14,2.14,5.42,4.22,5.11,1.62,3.82,99.00,3.74,4.62,3.61,4.88,5.10,12.01,11.78,11.81,11.07,12.00],
  [11.63,4.21,6.55,17.21,7.77,6.56,3.31,6.10,6.72,5.10,6.35,5.13,5.86,6.20,5.51,12.72,15.24,12.54,13.01,14.38,13.31,15.31,12.14,12.59,12.42,13.47,13.36,14.29,14.78,11.64,14.13,15.18,10.99,11.47,12.28,12.95,5.59,5.59,1.68,1.60,1.39,2.93,1.47,3.74,99.00,1.06,0.85,1.83,1.82,9.91,10.85,10.79,9.07,10.11],
  [12.31,3.71,7.61,18.15,6.94,5.79,4.34,7.11,7.67,5.97,7.34,6.20,6.36,7.19,6.54,13.31,15.75,13.18,13.71,14.90,13.96,15.81,12.64,13.11,13.03,14.02,13.91,14.78,15.26,12.11,14.67,15.70,11.37,12.47,13.23,13.84,6.57,6.57,1.08,1.13,0.65,3.97,1.30,4.62,1.06,99.00,1.82,0.94,0.80,10.21,11.47,11.39,9.42,10.48],
  [10.82,4.28,5.98,16.37,8.62,7.41,2.53,5.29,5.88,4.26,5.53,4.49,5.15,5.38,4.72,11.94,14.50,11.74,12.19,13.64,12.50,14.57,11.41,11.84,11.64,12.71,12.59,13.55,14.05,10.91,13.38,14.43,10.32,10.66,11.44,12.11,5.24,5.24,2.07,2.44,1.93,2.48,2.28,3.61,0.85,1.82,99.00,2.66,2.61,9.29,10.06,10.01,8.42,9.45],
  [13.25,4.23,8.16,19.03,6.01,4.85,5.13,7.92,8.54,6.88,8.17,6.84,7.29,8.03,7.33,14.25,16.67,14.12,14.65,15.83,14.90,16.74,13.56,14.04,13.97,14.96,14.84,15.70,16.18,13.03,15.60,16.63,12.27,13.30,14.10,14.74,6.94,6.94,1.80,0.69,1.41,4.52,1.09,4.88,1.83,0.94,2.66,99.00,0.37,11.09,12.41,12.33,10.31,11.38],
  [13.05,3.85,8.29,18.95,6.17,5.06,5.12,7.90,8.47,6.76,8.14,6.92,7.05,7.99,7.32,14.02,16.42,13.91,14.46,15.58,14.69,16.48,13.30,13.79,13.75,14.71,14.60,15.44,15.92,12.77,15.35,16.38,11.98,13.27,14.03,14.63,7.13,7.13,1.48,1.02,1.12,4.64,1.38,5.10,1.82,0.80,2.61,0.37,99.00,10.79,12.20,12.11,10.03,11.10],
  [4.80,7.77,11.46,12.88,16.62,15.70,8.74,8.47,7.40,6.62,8.08,10.16,4.28,7.91,8.54,4.54,6.02,4.97,5.99,5.32,5.66,6.05,3.18,3.78,4.54,4.78,4.71,5.02,5.43,2.65,5.20,6.10,1.37,10.13,9.33,8.54,12.36,12.36,9.32,11.31,9.68,10.39,11.33,12.01,9.91,10.21,9.29,11.09,10.79,99.00,3.80,3.53,0.95,0.73],
  [1.06,10.11,10.04,9.09,18.35,17.26,8.56,7.09,5.82,6.14,6.61,9.17,5.19,6.52,7.41,1.92,4.70,1.71,2.46,3.82,2.51,4.79,2.15,2.22,1.58,2.80,2.67,3.92,4.41,2.05,3.51,4.54,3.00,6.83,5.74,4.77,11.46,11.46,10.83,12.42,11.10,10.25,12.32,11.78,10.85,11.47,10.06,12.41,12.20,3.80,99.00,0.28,3.56,3.09],
  [1.30,9.95,10.16,9.35,18.25,17.17,8.57,7.18,5.93,6.15,6.71,9.25,5.08,6.61,7.49,1.94,4.65,1.84,2.66,3.77,2.64,4.74,1.97,2.10,1.64,2.76,2.64,3.83,4.33,1.82,3.47,4.51,2.72,7.08,6.01,5.05,11.54,11.54,10.73,12.36,11.01,10.27,12.26,11.81,10.79,11.39,10.01,12.33,12.11,3.53,0.28,99.00,3.31,2.81],
  [4.61,7.19,10.52,12.61,15.94,14.98,7.80,7.54,6.50,5.67,7.16,9.21,3.35,6.99,7.60,4.69,6.54,4.97,5.92,5.77,5.73,6.59,3.52,4.09,4.60,5.10,5.01,5.54,5.99,2.96,5.61,6.57,1.96,9.47,8.80,8.16,11.41,11.41,8.56,10.50,8.91,9.46,10.50,11.07,9.07,9.42,8.42,10.31,10.03,0.95,3.56,3.31,99.00,1.07],
  [4.08,8.24,11.22,12.15,17.01,16.06,8.71,8.20,7.09,6.48,7.79,9.99,4.34,7.64,8.32,3.85,5.49,4.25,5.26,4.75,4.95,5.53,2.54,3.13,3.82,4.14,4.06,4.49,4.93,1.99,4.60,5.54,0.89,9.53,8.68,7.84,12.23,12.23,9.63,11.56,9.98,10.39,11.55,12.00,10.11,10.48,9.45,11.38,11.10,0.73,3.09,2.81,1.07,99.00]
];
