// Chosen Depots: [1, 2, 3, 6]
// Chosen Demand Points (Original DP No): [1, 10, 11, 13, 14, 15, 17, 18, 19, 22, 24, 26, 28, 87, 89, 92, 93, 95, 96, 97, 100, 101, 102, 105, 108, 112, 113, 114, 118, 119, 121, 123, 127, 129, 132, 134, 135, 137, 138, 139, 141, 143, 144, 145, 146, 147, 149, 152, 153, 154, 157, 158, 159, 160, 162, 164, 165, 166, 170, 171]
// Original Weights: [9, 4, 5, 6, 5, 7, 5, 4, 5, 6, 5, 4, 5, 7, 7, 5, 7, 7, 7, 7, 7, 7, 6, 6, 7, 7, 7, 7, 7, 8, 6, 6, 3, 2, 4, 4, 4, 3, 3, 4, 4, 8, 8, 7, 8, 5, 6, 7, 8, 4, 7, 8, 7, 6, 8, 9, 6, 6, 8, 8]

|W| = 4;
|D| = 60;
V = 54;
C = 3;
|K| = 1;
M = 100;
S = 0.25;
|TR| = 12;
δmax = 18.3;
Runtime = 25;

// Priority weights for selected demand points
pj = [
  9, 4, 5, 6, 5, 7, 5, 4, 5, 6, 5, 4, 5, 7, 7, 5, 7, 7, 7, 7, 7, 7, 6, 6, 7, 7, 7, 7, 7, 8, 6, 6, 3, 2, 4, 4, 4, 3, 3, 4, 4, 8, 8, 7, 8, 5, 6, 7, 8, 4, 7, 8, 7, 6, 8, 9, 6, 6, 8, 8
];

δij =
[
  [99.00,99.00,99.00,99.00,19.31,9.07,9.24,7.40,5.42,6.09,6.15,8.48,8.42,6.76,6.93,9.54,6.17,3.22,4.43,1.44,3.60,4.45,4.53,2.58,2.70,2.39,1.23,0.36,4.35,3.68,3.80,3.82,4.65,3.14,0.99,2.62,5.09,6.83,3.51,3.27,3.45,3.84,3.89,12.27,11.81,13.37,13.22,11.87,11.96,10.83,13.24,10.66,11.66,10.88,11.63,12.31,10.82,13.61,13.05,4.80,1.06,1.30,4.61,4.08],
  [99.00,99.00,99.00,99.00,9.07,9.37,6.43,5.89,7.73,5.71,8.33,9.26,6.83,6.36,8.35,8.34,7.46,11.71,13.73,12.55,12.96,13.62,13.77,10.69,12.68,11.24,11.52,11.16,13.23,12.55,13.79,12.73,13.75,9.42,10.69,12.84,12.55,14.13,12.30,13.57,12.49,13.33,13.59,8.88,9.48,3.87,4.76,4.28,3.06,6.71,6.76,3.67,3.44,9.26,4.21,3.71,4.28,7.56,3.85,7.77,10.11,9.95,7.19,8.24],
  [99.00,99.00,99.00,99.00,13.23,1.22,3.53,4.86,5.27,6.45,4.25,1.80,3.36,4.96,3.48,1.62,4.64,13.12,14.68,11.22,13.82,14.68,14.78,12.08,12.97,12.25,11.45,10.60,14.52,13.79,14.06,13.95,14.88,11.53,10.77,12.89,7.08,7.39,8.25,10.13,8.50,9.15,9.46,2.94,1.98,8.69,7.61,6.68,7.89,3.65,5.79,6.49,7.29,1.17,6.55,7.61,5.98,5.54,8.29,11.46,10.04,10.16,10.52,11.22],
  [99.00,99.00,99.00,99.00,24.98,11.89,13.89,12.87,10.64,12.46,10.49,11.44,12.99,12.23,10.93,13.02,11.16,10.29,9.89,7.06,9.64,10.04,9.99,10.28,8.87,9.81,8.61,8.27,10.32,10.13,8.91,10.13,10.18,11.17,8.99,8.56,5.97,5.30,5.85,4.86,5.66,4.83,4.60,15.55,14.66,19.34,18.76,17.44,18.03,15.21,17.83,16.48,17.56,13.77,17.21,18.15,16.37,17.85,18.95,12.88,9.09,9.35,12.61,12.15],
  [19.31,9.07,13.23,24.98,99.00,13.53,11.10,12.27,14.54,13.24,14.51,13.83,11.99,12.94,14.06,12.26,13.92,20.53,22.56,20.72,21.74,22.46,22.61,19.45,21.31,19.96,19.99,19.45,22.09,21.38,22.48,21.56,22.61,18.24,19.13,21.43,19.01,20.03,19.41,21.07,19.65,20.49,20.79,10.45,11.50,5.94,6.25,7.60,7.35,9.91,7.44,8.71,7.67,12.07,7.84,7.02,8.68,7.73,6.26,16.75,18.45,18.35,16.06,17.14],
  [9.07,9.37,1.22,11.89,13.53,99.00,3.01,3.91,4.07,5.38,3.03,0.59,2.56,3.90,2.27,1.28,3.47,11.90,13.47,10.04,12.61,13.47,13.57,10.86,11.76,11.04,10.24,9.39,13.31,12.57,12.86,12.74,13.67,10.33,9.56,11.68,6.12,6.66,7.17,9.06,7.43,8.12,8.43,3.69,2.91,8.59,7.63,6.55,7.63,3.66,6.12,6.12,7.04,1.96,6.38,7.44,5.70,6.02,8.18,10.30,8.83,8.94,9.37,10.04],
  [9.24,6.43,3.53,13.89,11.10,3.01,99.00,2.03,3.85,3.79,3.49,3.04,0.90,2.55,2.96,1.92,3.11,11.51,13.33,10.49,12.45,13.30,13.42,10.39,11.75,10.71,10.23,9.49,13.05,12.29,12.92,12.47,13.48,9.54,9.43,11.75,7.91,8.97,8.46,10.24,8.71,9.52,9.83,3.46,3.55,5.73,4.93,3.70,4.66,1.59,4.11,3.12,4.08,3.01,3.50,4.55,2.74,4.38,5.32,8.97,8.67,8.69,8.02,8.92],
  [7.40,5.89,4.86,12.87,12.27,3.91,2.03,99.00,2.28,1.77,2.50,3.62,1.57,0.68,2.46,3.35,1.72,9.51,11.37,8.72,10.49,11.33,11.45,8.39,9.82,8.73,8.33,7.62,11.06,10.30,11.01,10.48,11.51,7.51,7.50,9.85,6.98,8.37,7.16,8.80,7.40,8.25,8.54,5.47,5.42,6.48,6.03,4.67,5.16,3.56,5.85,3.61,4.69,4.72,4.43,5.30,3.58,6.26,6.10,6.96,6.75,6.75,6.01,6.89],
  [5.42,7.73,5.27,10.64,14.54,4.07,3.85,2.28,99.00,2.14,1.11,3.53,3.01,1.61,1.80,4.22,0.75,7.95,9.66,6.64,8.78,9.64,9.75,6.88,8.01,7.11,6.48,5.69,9.43,8.68,9.17,8.85,9.83,6.27,5.72,7.99,4.84,6.40,4.89,6.53,5.12,5.97,6.26,6.88,6.52,8.75,8.30,6.94,7.41,5.43,7.93,5.88,6.96,5.63,6.70,7.57,5.86,8.23,8.37,6.30,4.96,5.03,5.39,6.00],
  [6.09,5.71,6.45,12.46,13.24,5.38,3.79,1.77,2.14,99.00,3.03,4.97,3.30,1.49,3.42,5.03,2.17,7.88,9.80,7.49,8.92,9.74,9.87,6.75,8.32,7.14,6.88,6.26,9.45,8.69,9.51,8.88,9.91,5.80,6.03,8.38,6.86,8.50,6.61,8.02,6.82,7.67,7.94,7.24,7.18,7.32,7.14,5.79,5.91,5.28,7.38,4.57,5.58,6.44,5.55,6.23,4.76,7.87,6.98,5.19,5.30,5.25,4.24,5.12],
  [6.15,8.33,4.25,10.49,14.51,3.03,3.49,2.50,1.11,3.03,99.00,2.47,2.58,1.97,0.79,3.39,0.88,8.88,10.50,7.25,9.63,10.49,10.60,7.83,8.81,8.02,7.28,6.46,10.31,9.57,9.94,9.74,10.69,7.30,6.57,8.76,4.54,5.87,4.97,6.76,5.22,6.04,6.34,6.14,5.66,8.87,8.27,6.94,7.60,4.98,7.58,6.02,7.09,4.73,6.72,7.67,5.88,7.78,8.47,7.40,5.82,5.93,6.50,7.09],
  [8.48,9.26,1.80,11.44,13.83,0.59,3.04,3.62,3.53,4.97,2.47,99.00,2.43,3.52,1.73,1.59,2.98,11.32,12.88,9.45,12.02,12.88,12.98,10.29,11.17,10.46,9.65,8.80,12.73,11.99,12.27,12.16,13.08,9.78,8.98,11.10,5.61,6.27,6.62,8.50,6.87,7.58,7.88,4.20,3.47,8.73,7.83,6.68,7.70,3.92,6.46,6.15,7.11,2.52,6.50,7.56,5.77,6.42,8.32,9.80,8.25,8.37,8.88,9.52],
  [8.42,6.83,3.36,12.99,11.99,2.56,0.90,1.57,3.01,3.30,2.58,2.43,99.00,1.89,2.07,1.80,2.26,10.80,12.59,9.65,11.71,12.56,12.68,9.69,10.97,9.99,9.45,8.68,12.32,11.57,12.14,11.74,12.75,8.91,8.66,10.97,7.02,8.12,7.55,9.34,7.81,8.62,8.93,4.01,3.87,6.53,5.79,4.52,5.38,2.43,5.00,3.80,4.82,3.16,4.31,5.33,3.51,5.25,6.12,8.49,7.90,7.94,7.54,8.37],
  [6.76,6.36,4.96,12.23,12.94,3.90,2.55,0.68,1.61,1.49,1.97,3.52,1.89,99.00,2.10,3.55,1.12,8.96,10.79,8.07,9.91,10.75,10.88,7.84,9.22,8.17,7.71,6.99,10.50,9.74,10.40,9.92,10.94,7.03,6.90,9.23,6.37,7.81,6.50,8.13,6.73,7.58,7.87,5.90,5.75,7.14,6.70,5.34,5.80,4.12,6.48,4.27,5.35,4.98,5.10,5.97,4.26,6.86,6.76,6.62,6.14,6.15,5.67,6.48],
  [6.93,8.35,3.48,10.93,14.06,2.27,2.96,2.46,1.80,3.42,0.79,1.73,2.07,2.10,99.00,2.62,1.29,9.66,11.28,8.01,10.41,11.28,11.38,8.61,9.60,8.81,8.07,7.24,11.10,10.36,10.73,10.53,11.47,8.06,7.35,9.54,4.95,6.10,5.57,7.41,5.83,6.62,6.93,5.39,4.88,8.54,7.85,6.56,7.33,4.36,6.99,5.74,6.80,3.95,6.35,7.34,5.53,7.14,8.14,8.08,6.61,6.71,7.16,7.79],
  [9.54,8.34,1.62,13.02,12.26,1.28,1.92,3.35,4.22,5.03,3.39,1.59,1.80,3.55,2.62,99.00,3.51,12.18,13.86,10.63,12.98,13.85,13.96,11.10,12.19,11.33,10.66,9.84,13.65,12.90,13.33,13.07,14.04,10.43,9.92,12.15,7.15,7.86,8.04,9.91,8.30,9.04,9.35,2.77,2.29,7.33,6.35,5.29,6.41,2.38,4.88,4.95,5.81,1.43,5.13,6.20,4.49,4.84,6.92,10.16,9.17,9.25,9.21,9.99],
  [6.17,7.46,4.64,11.16,13.92,3.47,3.11,1.72,0.75,2.17,0.88,2.98,2.26,1.12,1.29,3.51,99.00,8.67,10.40,7.39,9.52,10.37,10.49,7.59,8.75,7.84,7.23,6.44,10.16,9.41,9.92,9.58,10.57,6.93,6.46,8.74,5.26,6.69,5.49,7.19,5.73,6.57,6.87,6.14,5.80,8.19,7.67,6.32,6.88,4.69,7.21,5.32,6.40,4.93,6.09,7.00,5.24,7.50,7.80,6.83,5.70,5.76,5.90,6.58],
  [3.22,11.71,13.12,10.29,20.53,11.90,11.51,9.51,7.95,7.88,8.88,11.32,10.80,8.96,9.66,12.18,8.67,99.00,2.03,3.39,1.28,1.93,2.08,1.13,1.49,0.88,2.05,2.86,1.59,0.85,2.22,1.03,2.08,2.29,2.41,1.80,8.30,9.99,6.67,5.97,6.59,6.82,6.79,14.79,14.47,14.67,14.78,13.50,13.28,13.07,15.26,12.24,13.11,13.58,13.27,13.75,12.54,15.74,14.41,4.04,3.09,2.96,4.52,3.48],
  [4.43,13.73,14.68,9.89,22.56,13.47,13.33,11.37,9.66,9.80,10.50,12.88,12.59,10.79,11.28,13.86,10.40,2.03,99.00,3.89,0.88,0.17,0.12,3.11,1.73,2.66,3.23,4.09,0.61,1.18,0.99,1.00,0.29,4.32,3.94,1.89,9.15,10.65,7.48,6.29,7.33,7.33,7.21,16.54,16.14,16.68,16.77,15.48,15.30,14.91,17.17,14.22,15.11,15.23,15.24,15.75,14.50,17.62,16.42,6.02,4.70,4.65,6.54,5.49],
  [1.44,12.55,11.22,7.06,20.72,10.04,10.49,8.72,6.64,7.49,7.25,9.45,9.65,8.07,8.01,10.63,7.39,3.39,3.89,99.00,3.22,3.96,4.00,3.22,2.26,2.78,1.55,1.42,4.02,3.52,3.04,3.60,4.16,4.16,2.06,2.02,5.27,6.78,3.59,2.58,3.44,3.50,3.43,13.39,12.86,14.79,14.61,13.25,13.38,12.07,14.54,12.06,13.07,11.91,13.01,13.71,12.19,14.87,14.46,5.99,2.46,2.66,5.92,5.26],
  [3.60,12.96,13.82,9.64,21.74,12.61,12.45,10.49,8.78,8.92,9.63,12.02,11.71,9.91,10.41,12.98,9.52,1.28,0.88,3.22,99.00,0.86,0.97,2.29,0.97,1.80,2.38,3.25,0.80,0.57,0.98,0.50,1.06,3.54,3.06,1.21,8.44,10.00,6.77,5.73,6.64,6.71,6.62,15.66,15.27,15.85,15.92,14.62,14.46,14.03,16.29,13.36,14.26,14.36,14.38,14.90,13.64,16.74,15.58,5.32,3.82,3.77,5.77,4.75],
  [4.45,13.62,14.68,10.04,22.46,13.47,13.30,11.33,9.64,9.74,10.49,12.88,12.56,10.75,11.28,13.85,10.37,1.93,0.17,3.96,0.86,99.00,0.15,3.03,1.77,2.60,3.24,4.10,0.45,1.08,1.13,0.90,0.20,4.22,3.93,1.95,9.22,10.73,7.55,6.39,7.40,7.41,7.30,16.52,16.13,16.60,16.70,15.41,15.21,14.87,17.12,14.15,15.03,15.22,15.17,15.67,14.43,17.58,16.33,5.90,4.68,4.62,6.44,5.38],
  [4.53,13.77,14.78,9.99,22.61,13.57,13.42,11.45,9.75,9.87,10.60,12.98,12.68,10.88,11.38,13.96,10.49,2.08,0.12,4.00,0.97,0.15,99.00,3.18,1.84,2.74,3.33,4.19,0.60,1.23,1.10,1.05,0.19,4.37,4.04,2.00,9.27,10.76,7.59,6.40,7.44,7.44,7.33,16.63,16.24,16.74,16.84,15.55,15.36,15.00,17.25,14.29,15.17,15.33,15.31,15.81,14.57,17.71,16.48,6.05,4.79,4.74,6.59,5.53],
  [2.58,10.69,12.08,10.28,19.45,10.86,10.39,8.39,6.88,6.75,7.83,10.29,9.69,7.84,8.61,11.10,7.59,1.13,3.11,3.22,2.29,3.03,3.18,99.00,2.07,0.60,1.68,2.25,2.71,1.96,3.10,2.14,3.19,1.29,1.62,2.30,7.64,9.41,6.08,5.68,6.03,6.39,6.41,13.69,13.39,13.57,13.66,12.38,12.18,11.95,14.13,11.12,12.00,12.50,12.14,12.64,11.41,14.61,13.30,3.18,2.15,1.97,3.52,2.54],
  [2.70,12.68,12.97,8.87,21.31,11.76,11.75,9.82,8.01,8.32,8.81,11.17,10.97,9.22,9.60,12.19,8.75,1.49,1.73,2.26,0.97,1.77,1.84,2.07,99.00,1.47,1.53,2.37,1.77,1.30,1.19,1.36,1.97,3.35,2.32,0.31,7.48,9.04,5.81,4.79,5.67,5.75,5.67,14.89,14.47,15.40,15.40,14.08,14.00,13.33,15.66,12.83,13.76,13.54,13.84,14.41,13.07,16.08,15.11,5.25,3.08,3.08,5.55,4.60],
  [2.39,11.24,12.25,9.81,19.96,11.04,10.71,8.73,7.11,7.14,8.02,10.46,9.99,8.17,8.81,11.33,7.84,0.88,2.66,2.78,1.80,2.60,2.74,0.60,1.47,99.00,1.29,2.03,2.34,1.58,2.54,1.76,2.78,1.88,1.54,1.70,7.48,9.20,5.88,5.31,5.80,6.09,6.08,13.97,13.63,14.07,14.12,12.82,12.67,12.29,14.51,11.57,12.47,12.73,12.59,13.11,11.84,14.98,13.79,3.78,2.22,2.10,4.09,3.13],
  [1.23,11.52,11.45,8.61,19.99,10.24,10.23,8.33,6.48,6.88,7.28,9.65,9.45,7.71,8.07,10.66,7.23,2.05,3.23,1.55,2.38,3.24,3.33,1.68,1.53,1.29,99.00,0.87,3.13,2.45,2.69,2.59,3.44,2.66,0.86,1.52,6.26,7.94,4.63,4.03,4.54,4.80,4.79,13.36,12.94,14.05,13.99,12.66,12.64,11.82,14.17,11.43,12.38,12.01,12.42,13.03,11.64,14.58,13.75,4.54,1.58,1.64,4.60,3.82],
  [0.36,11.16,10.60,8.27,19.45,9.39,9.49,7.62,5.69,6.26,6.46,8.80,8.68,6.99,7.24,9.84,6.44,2.86,4.09,1.42,3.25,4.10,4.19,2.25,2.37,2.03,0.87,99.00,4.00,3.32,3.49,3.46,4.31,2.91,0.72,2.31,5.45,7.18,3.85,3.51,3.79,4.15,4.18,12.56,12.11,13.51,13.39,12.05,12.10,11.08,13.47,10.83,11.81,11.18,11.81,12.46,11.01,13.85,13.20,4.63,1.05,1.23,4.51,3.91],
  [4.35,13.23,14.52,10.32,22.09,13.31,13.05,11.06,9.43,9.45,10.31,12.73,12.32,10.50,11.10,13.65,10.16,1.59,0.61,4.02,0.80,0.45,0.60,2.71,1.77,2.34,3.13,4.00,99.00,0.76,1.43,0.58,0.52,3.85,3.75,2.00,9.24,10.80,7.57,6.51,7.44,7.50,7.41,16.30,15.94,16.24,16.36,15.08,14.86,14.62,16.83,13.82,14.69,15.03,14.85,15.33,14.12,17.30,15.98,5.49,4.49,4.40,6.05,4.99],
  [3.68,12.55,13.79,10.13,21.38,12.57,12.29,10.30,8.68,8.69,9.57,11.99,11.57,9.74,10.36,12.90,9.41,0.85,1.18,3.52,0.57,1.08,1.23,1.96,1.30,1.58,2.45,3.32,0.76,99.00,1.55,0.19,1.24,3.14,3.02,1.60,8.66,10.27,7.00,6.08,6.89,7.02,6.95,15.54,15.19,15.52,15.62,14.34,14.13,13.86,16.07,13.08,13.95,14.29,14.10,14.59,13.37,16.54,15.25,4.85,3.75,3.65,5.36,4.31],
  [3.80,13.79,14.06,8.91,22.48,12.86,12.92,11.01,9.17,9.51,9.94,12.27,12.14,10.40,10.73,13.33,9.92,2.22,0.99,3.04,0.98,1.13,1.10,3.10,1.19,2.54,2.69,3.49,1.43,1.55,99.00,1.45,1.28,4.39,3.50,1.18,8.29,9.73,6.62,5.34,6.46,6.40,6.27,16.04,15.60,16.57,16.58,15.26,15.17,14.51,16.84,14.02,14.94,14.67,15.03,15.59,14.26,17.26,16.28,6.23,4.26,4.27,6.62,5.62],
  [3.82,12.73,13.95,10.13,21.56,12.74,12.47,10.48,8.85,8.88,9.74,12.16,11.74,9.92,10.53,13.07,9.58,1.03,1.00,3.60,0.50,0.90,1.05,2.14,1.36,1.76,2.59,3.46,0.58,0.19,1.45,99.00,1.05,3.32,3.18,1.64,8.77,10.37,7.11,6.14,6.99,7.10,7.03,15.72,15.36,15.70,15.81,14.52,14.32,14.04,16.26,13.26,14.14,14.46,14.29,14.78,13.55,16.73,15.44,5.02,3.92,3.83,5.54,4.49],
  [4.65,13.75,14.88,10.18,22.61,13.67,13.48,11.51,9.83,9.91,10.69,13.08,12.75,10.94,11.47,14.04,10.57,2.08,0.29,4.16,1.06,0.20,0.19,3.19,1.97,2.78,3.44,4.31,0.52,1.24,1.28,1.05,99.00,4.36,4.12,2.15,9.42,10.93,7.75,6.58,7.60,7.61,7.49,16.71,16.33,16.75,16.86,15.57,15.36,15.06,17.29,14.31,15.19,15.42,15.34,15.82,14.60,17.76,16.49,6.01,4.87,4.81,6.57,5.51],
  [3.14,9.42,11.53,11.17,18.24,10.33,9.54,7.51,6.27,5.80,7.30,9.78,8.91,7.03,8.06,10.43,6.93,2.29,4.32,4.16,3.54,4.22,4.37,1.29,3.35,1.88,2.66,2.91,3.85,3.14,4.39,3.32,4.36,99.00,2.18,3.57,7.87,9.72,6.45,6.41,6.46,6.95,7.02,12.92,12.70,12.40,12.54,11.28,11.02,11.07,13.14,10.02,10.86,11.85,11.05,11.49,10.35,13.66,12.14,1.92,2.30,2.03,2.24,1.25],
  [0.99,10.69,10.77,8.99,19.13,9.56,9.43,7.50,5.72,6.03,6.57,8.98,8.66,6.90,7.35,9.92,6.46,2.41,3.94,2.06,3.06,3.93,4.04,1.62,2.32,1.54,0.86,0.72,3.75,3.02,3.50,3.18,4.12,2.18,99.00,2.35,6.02,7.79,4.47,4.23,4.43,4.84,4.88,12.60,12.21,13.19,13.14,11.81,11.79,11.01,13.34,10.57,11.53,11.29,11.57,12.17,10.78,13.76,12.89,3.94,0.76,0.78,3.87,3.21],
  [2.62,12.84,12.89,8.56,21.43,11.68,11.75,9.85,7.99,8.38,8.76,11.10,10.97,9.23,9.54,12.15,8.74,1.80,1.89,2.02,1.21,1.95,2.00,2.30,0.31,1.70,1.52,2.31,2.00,1.60,1.18,1.64,2.15,3.57,2.35,99.00,7.27,8.80,5.60,4.52,5.46,5.51,5.41,14.86,14.42,15.50,15.48,14.15,14.10,13.34,15.69,12.91,13.86,13.49,13.91,14.50,13.13,16.10,15.21,5.48,3.10,3.13,5.74,4.82],
  [5.09,12.55,7.08,5.97,19.01,6.12,7.91,6.98,4.84,6.86,4.54,5.61,7.02,6.37,4.95,7.15,5.26,8.30,9.15,5.27,8.44,9.22,9.27,7.64,7.48,7.48,6.26,5.45,9.24,8.66,8.29,8.77,9.42,7.87,6.02,7.27,99.00,1.89,1.68,3.30,1.84,2.19,2.47,9.80,9.00,13.41,12.79,11.48,12.13,9.26,11.88,10.56,11.63,8.06,11.25,12.21,10.42,11.95,13.01,8.98,5.60,5.86,8.37,8.37],
  [6.83,14.13,7.39,5.30,20.03,6.66,8.97,8.37,6.40,8.50,5.87,6.27,8.12,7.81,6.10,7.86,6.69,9.99,10.65,6.78,10.00,10.73,10.76,9.41,9.04,9.20,7.94,7.18,10.80,10.27,9.73,10.37,10.93,9.72,7.79,8.80,1.89,99.00,3.33,4.43,3.40,3.33,3.49,10.29,9.37,14.64,13.90,12.64,13.42,10.14,12.72,11.83,12.89,8.50,12.43,13.44,11.62,12.68,14.23,10.87,7.43,7.69,10.25,10.25],
  [3.51,12.30,8.25,5.85,19.41,7.17,8.46,7.16,4.89,6.61,4.97,6.62,7.55,6.50,5.57,8.04,5.49,6.67,7.48,3.59,6.77,7.55,7.59,6.08,5.81,5.88,4.63,3.85,7.57,7.00,6.62,7.11,7.75,6.45,4.47,5.60,1.68,3.33,99.00,1.89,0.26,1.08,1.38,10.79,10.08,13.64,13.16,11.81,12.29,9.93,12.54,10.77,11.85,9.13,11.57,12.46,10.73,12.71,13.26,7.77,4.15,4.42,7.27,7.11],
  [3.27,13.57,10.13,4.86,21.07,9.06,10.24,8.80,6.53,8.02,6.76,8.50,9.34,8.13,7.41,9.91,7.19,5.97,6.29,2.58,5.73,6.39,6.40,5.68,4.79,5.31,4.03,3.51,6.51,6.08,5.34,6.14,6.58,6.41,4.23,4.52,3.30,4.43,1.89,99.00,1.63,1.14,0.94,12.67,11.97,15.23,14.83,13.47,13.85,11.74,14.34,12.38,13.44,11.02,13.23,14.07,12.39,14.54,14.86,8.04,4.24,4.52,7.75,7.33],
  [3.45,12.49,8.50,5.66,19.65,7.43,8.71,7.40,5.12,6.82,5.22,6.87,7.81,6.73,5.83,8.30,5.73,6.59,7.33,3.44,6.64,7.40,7.44,6.03,5.67,5.80,4.54,3.79,7.44,6.89,6.46,6.99,7.60,6.46,4.43,5.46,1.84,3.40,0.26,1.63,99.00,0.86,1.14,11.05,10.34,13.87,13.40,12.05,12.52,10.19,12.80,11.00,12.08,9.39,11.81,12.70,10.97,12.97,13.49,7.82,4.15,4.43,7.34,7.15],
  [3.84,13.33,9.15,4.83,20.49,8.12,9.52,8.25,5.97,7.67,6.04,7.58,8.62,7.58,6.62,9.04,6.57,6.82,7.33,3.50,6.71,7.41,7.44,6.39,5.75,6.09,4.80,4.15,7.50,7.02,6.40,7.10,7.61,6.95,4.84,5.51,2.19,3.33,1.08,1.14,0.86,99.00,0.31,11.77,11.03,14.72,14.24,12.89,13.37,10.98,13.60,11.86,12.93,10.08,12.66,13.55,11.81,13.75,14.34,8.43,4.68,4.95,8.01,7.73],
  [3.89,13.59,9.46,4.60,20.79,8.43,9.83,8.54,6.26,7.94,6.34,7.88,8.93,7.87,6.93,9.35,6.87,6.79,7.21,3.43,6.62,7.30,7.33,6.41,5.67,6.08,4.79,4.18,7.41,6.95,6.27,7.03,7.49,7.02,4.88,5.41,2.47,3.49,1.38,0.94,1.14,0.31,99.00,12.08,11.34,15.01,14.54,13.19,13.66,11.29,13.91,12.14,13.22,10.39,12.95,13.84,12.11,14.06,14.63,8.54,4.77,5.05,8.16,7.84],
  [12.27,8.88,2.94,15.55,10.45,3.69,3.46,5.47,6.88,7.24,6.14,4.20,4.01,5.90,5.39,2.77,6.14,14.79,16.54,13.39,15.66,16.52,16.63,13.69,14.89,13.97,13.36,12.56,16.30,15.54,16.04,15.72,16.71,12.92,12.60,14.86,9.80,10.29,10.79,12.67,11.05,11.77,12.08,99.00,1.05,6.62,5.39,4.87,6.21,2.27,3.17,5.21,5.65,1.79,4.83,5.75,4.60,2.73,6.26,12.43,11.84,11.90,11.48,12.35],
  [11.81,9.48,1.98,14.66,11.50,2.91,3.55,5.42,6.52,7.18,5.66,3.47,3.87,5.75,4.88,2.29,5.80,14.47,16.14,12.86,15.27,16.13,16.24,13.39,14.47,13.63,12.94,12.11,15.94,15.19,15.60,15.36,16.33,12.70,12.21,14.42,9.00,9.37,10.08,11.97,10.34,11.03,11.34,1.05,99.00,7.51,6.31,5.66,6.98,2.77,4.19,5.83,6.39,0.96,5.59,6.57,5.24,3.78,7.13,12.36,11.46,11.54,11.41,12.23],
  [13.37,3.87,8.69,19.34,5.94,8.59,5.73,6.48,8.75,7.32,8.87,8.73,6.53,7.14,8.54,7.33,8.19,14.67,16.68,14.79,15.85,16.60,16.74,13.57,15.40,14.07,14.05,13.51,16.24,15.52,16.57,15.70,16.75,12.40,13.19,15.50,13.41,14.64,13.64,15.23,13.87,14.72,15.01,6.62,7.51,99.00,1.28,2.05,1.41,5.04,3.68,2.87,1.79,7.68,2.23,1.20,3.02,4.44,0.41,11.01,12.51,12.42,10.26,11.33],
  [13.22,4.76,7.61,18.76,6.25,7.63,4.93,6.03,8.30,7.14,8.27,7.83,5.79,6.70,7.85,6.35,7.67,14.78,16.77,14.61,15.92,16.70,16.84,13.66,15.40,14.12,13.99,13.39,16.36,15.62,16.58,15.81,16.86,12.54,13.14,15.48,12.79,13.90,13.16,14.83,13.40,14.24,14.54,5.39,6.31,1.28,99.00,1.36,1.76,3.99,2.40,2.57,1.70,6.56,1.60,1.13,2.44,3.17,1.02,11.31,12.42,12.36,10.50,11.56],
  [11.87,4.28,6.68,17.44,7.60,6.55,3.70,4.67,6.94,5.79,6.94,6.68,4.52,5.34,6.56,5.29,6.32,13.50,15.48,13.25,14.62,15.41,15.55,12.38,14.08,12.82,12.66,12.05,15.08,14.34,15.26,14.52,15.57,11.28,11.81,14.15,11.48,12.64,11.81,13.47,12.05,12.89,13.19,4.87,5.66,2.05,1.36,99.00,1.35,3.05,2.50,1.26,0.84,5.73,0.24,0.93,1.08,3.29,1.64,10.13,11.09,11.03,9.29,10.34],
  [11.96,3.06,7.89,18.03,7.35,7.63,4.66,5.16,7.41,5.91,7.60,7.70,5.38,5.80,7.33,6.41,6.88,13.28,15.30,13.38,14.46,15.21,15.36,12.18,14.00,12.67,12.64,12.10,14.86,14.13,15.17,14.32,15.36,11.02,11.79,14.10,12.13,13.42,12.29,13.85,12.52,13.37,13.66,6.21,6.98,1.41,1.76,1.35,99.00,4.30,3.74,1.59,0.60,6.99,1.39,0.65,1.93,4.54,1.12,9.68,11.10,11.01,8.91,9.98],
  [10.83,6.71,3.65,15.21,9.91,3.66,1.59,3.56,5.43,5.28,4.98,3.92,2.43,4.12,4.36,2.38,4.69,13.07,14.91,12.07,14.03,14.87,15.00,11.95,13.33,12.29,11.82,11.08,14.62,13.86,14.51,14.04,15.06,11.07,11.01,13.34,9.26,10.14,9.93,11.74,10.19,10.98,11.29,2.27,2.77,5.04,3.99,3.05,4.30,99.00,2.63,3.06,3.70,2.69,2.93,3.97,2.48,2.81,4.64,10.39,10.25,10.27,9.46,10.39],
  [13.24,6.76,5.79,17.83,7.44,6.12,4.11,5.85,7.93,7.38,7.58,6.46,5.00,6.48,6.99,4.88,7.21,15.26,17.17,14.54,16.29,17.12,17.25,14.13,15.66,14.51,14.17,13.47,16.83,16.07,16.84,16.26,17.29,13.14,13.34,15.69,11.88,12.72,12.54,14.34,12.80,13.60,13.91,3.17,4.19,3.68,2.40,2.50,3.74,2.63,99.00,3.50,3.33,4.65,2.61,3.13,2.97,0.80,3.39,12.19,12.59,12.58,11.30,12.31],
  [10.66,3.67,6.49,16.48,8.71,6.12,3.12,3.61,5.88,4.57,6.02,6.15,3.80,4.27,5.74,4.95,5.32,12.24,14.22,12.06,13.36,14.15,14.29,11.12,12.83,11.57,11.43,10.83,13.82,13.08,14.02,13.26,14.31,10.02,10.57,12.91,10.56,11.83,10.77,12.38,11.00,11.86,12.14,5.21,5.83,2.87,2.57,1.26,1.59,3.06,3.50,99.00,1.08,5.68,1.04,1.69,0.62,4.23,2.49,8.88,9.86,9.79,8.03,9.08],
  [11.66,3.44,7.29,17.56,7.67,7.04,4.08,4.69,6.96,5.58,7.09,7.11,4.82,5.35,6.80,5.81,6.40,13.11,15.11,13.07,14.26,15.03,15.17,12.00,13.76,12.47,12.38,11.81,14.69,13.95,14.94,14.14,15.19,10.86,11.53,13.86,11.63,12.89,11.85,13.44,12.08,12.93,13.22,5.65,6.39,1.79,1.70,0.84,0.60,3.70,3.33,1.08,99.00,6.39,0.82,0.65,1.34,4.12,1.42,9.61,10.83,10.75,8.80,9.86],
  [10.88,9.26,1.17,13.77,12.07,1.96,3.01,4.72,5.63,6.44,4.73,2.52,3.16,4.98,3.95,1.43,4.93,13.58,15.23,11.91,14.36,15.22,15.33,12.50,13.54,12.73,12.01,11.18,15.03,14.29,14.67,14.46,15.42,11.85,11.29,13.49,8.06,8.50,9.13,11.02,9.39,10.08,10.39,1.79,0.96,7.68,6.56,5.73,6.99,2.69,4.65,5.68,6.39,99.00,5.62,6.65,5.13,4.37,7.29,11.59,10.55,10.63,10.64,11.42],
  [11.63,4.21,6.55,17.21,7.84,6.38,3.50,4.43,6.70,5.55,6.72,6.50,4.31,5.10,6.35,5.13,6.09,13.27,15.24,13.01,14.38,15.17,15.31,12.14,13.84,12.59,12.42,11.81,14.85,14.10,15.03,14.29,15.34,11.05,11.57,13.91,11.25,12.43,11.57,13.23,11.81,12.66,12.95,4.83,5.59,2.23,1.60,0.24,1.39,2.93,2.61,1.04,0.82,5.62,99.00,1.06,0.85,3.39,1.82,9.91,10.85,10.79,9.07,10.11],
  [12.31,3.71,7.61,18.15,7.02,7.44,4.55,5.30,7.57,6.23,7.67,7.56,5.33,5.97,7.34,6.20,7.00,13.75,15.75,13.71,14.90,15.67,15.81,12.64,14.41,13.11,13.03,12.46,15.33,14.59,15.59,14.78,15.82,11.49,12.17,14.50,12.21,13.44,12.46,14.07,12.70,13.55,13.84,5.75,6.57,1.20,1.13,0.93,0.65,3.97,3.13,1.69,0.65,6.65,1.06,99.00,1.82,3.93,0.80,10.21,11.47,11.39,9.42,10.48],
  [10.82,4.28,5.98,16.37,8.68,5.70,2.74,3.58,5.86,4.76,5.88,5.77,3.51,4.26,5.53,4.49,5.24,12.54,14.50,12.19,13.64,14.43,14.57,11.41,13.07,11.84,11.64,11.01,14.12,13.37,14.26,13.55,14.60,10.35,10.78,13.13,10.42,11.62,10.73,12.39,10.97,11.81,12.11,4.60,5.24,3.02,2.44,1.08,1.93,2.48,2.97,0.62,1.34,5.13,0.85,1.82,99.00,3.67,2.61,9.29,10.06,10.01,8.42,9.45],
  [13.61,7.56,5.54,17.85,7.73,6.02,4.38,6.26,8.23,7.87,7.78,6.42,5.25,6.86,7.14,4.84,7.50,15.74,17.62,14.87,16.74,17.58,17.71,14.61,16.08,14.98,14.58,13.85,17.30,16.54,17.26,16.73,17.76,13.66,13.76,16.10,11.95,12.68,12.71,14.54,12.97,13.75,14.06,2.73,3.78,4.44,3.17,3.29,4.54,2.81,0.80,4.23,4.12,4.37,3.39,3.93,3.67,99.00,4.17,12.79,13.00,13.00,11.88,12.88],
  [13.05,3.85,8.29,18.95,6.26,8.18,5.32,6.10,8.37,6.98,8.47,8.32,6.12,6.76,8.14,6.92,7.80,14.41,16.42,14.46,15.58,16.33,16.48,13.30,15.11,13.79,13.75,13.20,15.98,15.25,16.28,15.44,16.49,12.14,12.89,15.21,13.01,14.23,13.26,14.86,13.49,14.34,14.63,6.26,7.13,0.41,1.02,1.64,1.12,4.64,3.39,2.49,1.42,7.29,1.82,0.80,2.61,4.17,99.00,10.79,12.20,12.11,10.03,11.10],
  [4.80,7.77,11.46,12.88,16.75,10.30,8.97,6.96,6.30,5.19,7.40,9.80,8.49,6.62,8.08,10.16,6.83,4.04,6.02,5.99,5.32,5.90,6.05,3.18,5.25,3.78,4.54,4.63,5.49,4.85,6.23,5.02,6.01,1.92,3.94,5.48,8.98,10.87,7.77,8.04,7.82,8.43,8.54,12.43,12.36,11.01,11.31,10.13,9.68,10.39,12.19,8.88,9.61,11.59,9.91,10.21,9.29,12.79,10.79,99.00,3.80,3.53,0.95,0.73],
  [1.06,10.11,10.04,9.09,18.45,8.83,8.67,6.75,4.96,5.30,5.82,8.25,7.90,6.14,6.61,9.17,5.70,3.09,4.70,2.46,3.82,4.68,4.79,2.15,3.08,2.22,1.58,1.05,4.49,3.75,4.26,3.92,4.87,2.30,0.76,3.10,5.60,7.43,4.15,4.24,4.15,4.68,4.77,11.84,11.46,12.51,12.42,11.09,11.10,10.25,12.59,9.86,10.83,10.55,10.85,11.47,10.06,13.00,12.20,3.80,99.00,0.28,3.56,3.09],
  [1.30,9.95,10.16,9.35,18.35,8.94,8.69,6.75,5.03,5.25,5.93,8.37,7.94,6.15,6.71,9.25,5.76,2.96,4.65,2.66,3.77,4.62,4.74,1.97,3.08,2.10,1.64,1.23,4.40,3.65,4.27,3.83,4.81,2.03,0.78,3.13,5.86,7.69,4.42,4.52,4.43,4.95,5.05,11.90,11.54,12.42,12.36,11.03,11.01,10.27,12.58,9.79,10.75,10.63,10.79,11.39,10.01,13.00,12.11,3.53,0.28,99.00,3.31,2.81],
  [4.61,7.19,10.52,12.61,16.06,9.37,8.02,6.01,5.39,4.24,6.50,8.88,7.54,5.67,7.16,9.21,5.90,4.52,6.54,5.92,5.77,6.44,6.59,3.52,5.55,4.09,4.60,4.51,6.05,5.36,6.62,5.54,6.57,2.24,3.87,5.74,8.37,10.25,7.27,7.75,7.34,8.01,8.16,11.48,11.41,10.26,10.50,9.29,8.91,9.46,11.30,8.03,8.80,10.64,9.07,9.42,8.42,11.88,10.03,0.95,3.56,3.31,99.00,1.07],
  [4.08,8.24,11.22,12.15,17.14,10.04,8.92,6.89,6.00,5.12,7.09,9.52,8.37,6.48,7.79,9.99,6.58,3.48,5.49,5.26,4.75,5.38,5.53,2.54,4.60,3.13,3.82,3.91,4.99,4.31,5.62,4.49,5.51,1.25,3.21,4.82,8.37,10.25,7.11,7.33,7.15,7.73,7.84,12.35,12.23,11.33,11.56,10.34,9.98,10.39,12.31,9.08,9.86,11.42,10.11,10.48,9.45,12.88,11.10,0.73,3.09,2.81,1.07,99.00]
];
