// Chosen Depots: [1, 2, 3, 6]
// Chosen Demand Points (Original DP No): [3, 11, 13, 14, 18, 21, 22, 24, 27, 29, 30, 31, 87, 88, 89, 92, 94, 95, 98, 100, 102, 103, 107, 112, 113, 116, 117, 118, 120, 121, 122, 123, 125, 131, 135, 138, 139, 141, 144, 153, 154, 157, 159, 160, 161, 163, 167, 169, 170, 171]
// Original Weights: [9, 5, 6, 5, 4, 6, 6, 5, 7, 5, 5, 6, 7, 6, 7, 5, 6, 7, 6, 7, 6, 7, 8, 7, 7, 7, 7, 7, 7, 6, 8, 6, 2, 2, 4, 3, 4, 4, 8, 8, 4, 7, 7, 6, 8, 8, 9, 8, 8, 8]

|W| = 4;
|D| = 50;
V = 54;
C = 3;
|K| = 1;
M = 100;
S = 0.25;
|TR| = 11;
δmax = 18.3;
Runtime = 20;

// Priority weights for selected demand points
pj = [
  9, 5, 6, 5, 4, 6, 6, 5, 7, 5, 5, 6, 7, 6, 7, 5, 6, 7, 6, 7, 6, 7, 8, 7, 7, 7, 7, 7, 7, 6, 8, 6, 2, 2, 4, 3, 4, 4, 8, 8, 4, 7, 7, 6, 8, 8, 9, 8, 8, 8
];

δij =
[
  [99.00,99.00,99.00,99.00,17.00,9.24,7.40,5.42,8.48,8.30,6.76,6.93,6.11,6.88,7.81,6.00,3.22,1.64,4.43,1.44,1.70,4.45,2.57,2.70,1.23,2.57,3.04,3.68,3.80,2.70,3.26,4.65,4.21,0.99,3.86,2.62,6.34,5.42,3.45,3.89,12.27,11.81,13.22,11.66,10.88,11.63,10.82,13.61,13.25,4.12,5.18,4.75,4.61,4.08],
  [99.00,99.00,99.00,99.00,6.60,6.43,5.89,7.73,9.26,5.99,6.36,8.35,5.12,8.14,7.88,6.09,11.71,11.70,13.73,12.55,12.58,13.62,13.06,12.68,11.52,12.24,10.10,12.55,13.79,10.14,12.79,13.75,13.76,10.69,9.10,12.84,13.15,13.72,12.49,13.59,8.88,9.48,4.76,3.44,9.26,4.21,4.28,7.56,4.23,7.83,7.40,6.83,7.19,8.24],
  [99.00,99.00,99.00,99.00,11.78,3.53,4.86,5.27,1.80,4.22,4.96,3.48,7.61,3.61,2.93,6.07,13.12,11.85,14.68,11.22,11.85,14.68,12.81,12.97,11.45,12.78,12.02,13.79,14.06,11.77,13.49,14.88,14.47,10.77,11.88,12.89,6.62,8.13,8.50,9.46,2.94,1.98,7.61,7.29,1.17,6.55,5.98,5.54,8.16,10.78,11.45,10.15,10.52,11.22],
  [99.00,99.00,99.00,99.00,22.99,13.89,12.87,10.64,11.44,13.40,12.23,10.93,13.08,11.04,11.86,12.13,10.29,8.79,9.89,7.06,7.66,10.04,8.16,8.87,8.61,9.19,10.91,10.13,8.91,10.60,9.42,10.18,9.55,8.99,11.89,8.56,6.07,4.75,5.66,4.60,15.55,14.66,18.76,17.56,13.77,17.21,16.37,17.85,19.03,12.17,13.25,12.67,12.61,12.15],
  [17.00,6.60,11.78,22.99,99.00,9.23,10.15,12.42,12.12,9.60,10.82,12.13,10.92,11.99,11.27,11.18,18.11,17.87,20.14,18.43,18.62,20.04,19.23,18.93,17.63,18.52,16.50,18.96,20.08,16.50,19.12,20.18,20.13,16.77,15.57,19.05,17.24,18.27,17.55,18.69,9.24,10.26,4.31,5.47,10.67,5.79,6.62,6.57,3.96,14.26,13.94,13.23,13.63,14.70],
  [9.24,6.43,3.53,13.89,9.23,99.00,2.03,3.85,3.04,1.07,2.55,2.96,4.75,2.86,2.05,3.59,11.51,10.59,13.33,10.49,10.94,13.30,11.78,11.75,10.23,11.45,10.14,12.29,12.92,9.96,12.16,13.48,13.20,9.43,9.70,11.75,8.02,9.13,8.71,9.83,3.46,3.55,4.93,4.08,3.01,3.50,2.74,4.38,5.31,8.43,8.86,7.60,8.02,8.92],
  [7.40,5.89,4.86,12.87,10.15,2.03,99.00,2.28,3.62,0.97,0.68,2.46,2.82,2.25,2.14,1.56,9.51,8.67,11.37,8.72,9.10,11.33,9.90,9.82,8.33,9.50,8.12,10.30,11.01,7.95,10.21,11.51,11.25,7.50,7.67,9.85,7.39,8.20,7.40,8.54,5.47,5.42,6.03,4.69,4.72,4.43,3.58,6.26,6.21,6.41,6.87,5.60,6.01,6.89],
  [5.42,7.73,5.27,10.64,12.42,3.85,2.28,99.00,3.53,3.01,1.61,1.80,3.22,1.66,2.47,1.69,7.95,6.85,9.66,6.64,7.11,9.64,7.99,8.01,6.48,7.75,6.77,8.68,9.17,6.53,8.47,9.83,9.49,5.72,6.62,7.99,5.44,6.03,5.12,6.26,6.88,6.52,8.30,6.96,5.63,6.70,5.86,8.23,8.48,5.58,6.35,5.07,5.39,6.00],
  [8.48,9.26,1.80,11.44,12.12,3.04,3.62,3.53,99.00,3.27,3.52,1.73,6.17,1.89,1.47,4.55,11.32,10.05,12.88,9.45,10.07,12.88,11.02,11.17,9.65,10.98,10.25,11.99,12.27,9.99,11.70,13.08,12.68,8.98,10.15,11.10,5.39,6.75,6.87,7.88,4.20,3.47,7.83,7.11,2.52,6.50,5.77,6.42,8.27,9.10,9.82,8.53,8.88,9.52],
  [8.30,5.99,4.22,13.40,9.60,1.07,0.97,3.01,3.27,99.00,1.54,2.59,3.70,2.42,1.91,2.53,10.47,9.60,12.32,9.59,10.00,12.28,10.82,10.76,9.26,10.45,9.09,11.26,11.94,8.92,11.15,12.46,12.20,8.44,8.64,10.77,7.71,8.67,8.04,9.18,4.52,4.54,5.37,4.22,3.91,3.81,2.98,5.32,5.64,7.36,7.80,6.54,6.96,7.85],
  [6.76,6.36,4.96,12.23,10.82,2.55,0.68,1.61,3.52,1.54,99.00,2.10,2.67,1.89,2.07,1.14,8.96,8.06,10.79,8.07,8.46,10.75,9.28,9.22,7.71,8.91,7.61,9.74,10.40,7.43,9.62,10.94,10.66,6.90,7.23,9.23,6.84,7.58,6.73,7.87,5.90,5.75,6.70,5.35,4.98,5.10,4.26,6.86,6.88,6.01,6.56,5.27,5.67,6.48],
  [6.93,8.35,3.48,10.93,12.13,2.96,2.46,1.80,1.73,2.59,2.10,99.00,4.62,0.22,0.98,2.97,9.66,8.46,11.28,8.01,8.57,11.28,9.50,9.60,8.07,9.38,8.54,10.36,10.73,8.29,10.10,11.47,11.10,7.35,8.42,9.54,5.13,6.18,5.83,6.93,5.39,4.88,7.85,6.80,3.95,6.35,5.53,7.14,8.17,7.37,8.11,6.82,7.16,7.79],
  [6.11,5.12,7.61,13.08,10.92,4.75,2.82,3.22,6.17,3.70,2.67,4.62,99.00,4.41,4.74,1.65,7.41,6.97,9.40,7.55,7.70,9.33,8.32,8.06,6.71,7.67,5.87,8.25,9.23,5.78,8.31,9.49,9.35,5.86,5.19,8.16,8.50,8.80,7.42,8.49,8.20,8.23,7.37,5.71,7.54,5.86,5.15,8.54,7.29,3.85,4.13,2.92,3.35,4.34],
  [6.88,8.14,3.61,11.04,11.99,2.86,2.25,1.66,1.89,2.42,1.89,0.22,4.41,99.00,0.96,2.76,9.56,8.39,11.21,7.98,8.53,11.20,9.45,9.53,8.00,9.30,8.42,10.27,10.66,8.17,10.02,11.39,11.03,7.27,8.27,9.48,5.29,6.29,5.88,6.99,5.41,4.94,7.72,6.64,4.02,6.20,5.38,7.09,8.03,7.21,7.94,6.64,6.99,7.64],
  [7.81,7.88,2.93,11.86,11.27,2.05,2.14,2.47,1.47,1.91,2.07,0.98,4.74,0.96,99.00,3.15,10.42,9.29,12.11,8.93,9.47,12.09,10.38,10.44,8.91,10.20,9.23,11.14,11.59,8.99,10.92,12.29,11.94,8.17,9.00,10.40,5.98,7.11,6.81,7.90,4.47,4.05,6.97,6.02,3.16,5.51,4.72,6.16,7.33,7.88,8.53,7.23,7.60,8.32],
  [6.00,6.09,6.07,12.13,11.18,3.59,1.56,1.69,4.55,2.53,1.14,2.97,1.65,2.76,3.15,99.00,7.96,7.18,9.84,7.37,7.68,9.79,8.45,8.32,6.85,7.99,6.56,8.76,9.51,6.39,8.69,9.97,9.74,6.01,6.12,8.37,7.12,7.63,6.51,7.63,7.00,6.88,7.24,5.74,6.12,5.64,4.83,7.78,7.32,4.88,5.42,4.13,4.53,5.36],
  [3.22,11.71,13.12,10.29,18.11,11.51,9.51,7.95,11.32,10.47,8.96,9.66,7.41,9.56,10.42,7.96,99.00,1.69,2.03,3.39,2.66,1.93,2.20,1.49,2.05,1.10,1.61,0.85,2.22,1.63,1.20,2.08,2.06,2.41,2.67,1.80,9.55,8.51,6.59,6.79,14.79,14.47,14.78,13.11,13.58,13.27,12.54,15.74,14.67,3.87,4.46,4.89,4.52,3.48],
  [1.64,11.70,11.85,8.79,17.87,10.59,8.67,6.85,10.05,9.60,8.06,8.46,6.97,8.39,9.29,7.18,1.69,99.00,2.83,1.76,1.17,2.83,1.36,1.16,0.41,0.93,2.20,2.05,2.34,1.93,1.64,3.03,2.64,1.17,3.30,1.19,7.89,6.83,4.91,5.11,13.74,13.33,14.28,12.66,12.40,12.72,11.94,14.92,14.25,4.08,4.97,4.96,4.69,3.85],
  [4.43,13.73,14.68,9.89,20.14,13.33,11.37,9.66,12.88,12.32,10.79,11.28,9.40,11.21,12.11,9.84,2.03,2.83,99.00,3.89,3.09,0.17,2.13,1.73,3.23,1.91,3.64,1.18,0.99,3.65,1.19,0.29,0.35,3.94,4.66,1.89,10.38,9.11,7.33,7.21,16.54,16.14,16.77,15.11,15.23,15.24,14.50,17.62,16.67,5.90,6.43,6.92,6.54,5.49],
  [1.44,12.55,11.22,7.06,18.43,10.49,8.72,6.64,9.45,9.59,8.07,8.01,7.55,7.98,8.93,7.37,3.39,1.76,3.89,99.00,0.81,3.96,1.76,2.26,1.55,2.39,3.86,3.52,3.04,3.55,2.90,4.16,3.59,2.06,4.87,2.02,6.49,5.26,3.44,3.43,13.39,12.86,14.61,13.07,11.91,13.01,12.19,14.87,14.65,5.38,6.39,6.10,5.92,5.26],
  [1.70,12.58,11.85,7.66,18.62,10.94,9.10,7.11,10.07,10.00,8.46,8.57,7.70,8.53,9.47,7.68,2.66,1.17,3.09,0.81,99.00,3.16,0.99,1.45,1.13,1.61,3.36,2.72,2.27,3.09,2.09,3.36,2.80,1.90,4.45,1.21,7.29,6.07,4.25,4.23,13.94,13.44,14.89,13.31,12.50,13.31,12.50,15.31,14.90,5.14,6.08,5.96,5.73,4.95],
  [4.45,13.62,14.68,10.04,20.04,13.30,11.33,9.64,12.88,12.28,10.75,11.28,9.33,11.20,12.09,9.79,1.93,2.83,0.17,3.96,3.16,99.00,2.21,1.77,3.24,1.90,3.54,1.08,1.13,3.56,1.19,0.20,0.49,3.93,4.54,1.95,10.45,9.19,7.40,7.30,16.52,16.13,16.70,15.03,15.22,15.17,14.43,17.58,16.59,5.80,6.31,6.82,6.44,5.38],
  [2.57,13.06,12.81,8.16,19.23,11.78,9.90,7.99,11.02,10.82,9.28,9.50,8.32,9.45,10.38,8.45,2.20,1.36,2.13,1.76,0.99,2.21,99.00,0.72,1.61,1.12,3.34,1.99,1.29,3.15,1.28,2.41,1.83,2.47,4.48,0.41,8.25,6.98,5.20,5.09,14.84,14.37,15.60,13.99,13.44,14.03,13.24,16.14,15.58,5.40,6.23,6.31,6.02,5.12],
  [2.70,12.68,12.97,8.87,18.93,11.75,9.82,8.01,11.17,10.76,9.22,9.60,8.06,9.53,10.44,8.32,1.49,1.16,1.73,2.26,1.45,1.77,0.72,99.00,1.53,0.47,2.76,1.30,1.19,2.61,0.64,1.97,1.51,2.32,3.90,0.31,8.71,7.51,5.67,5.67,14.89,14.47,15.40,13.76,13.54,13.84,13.07,16.08,15.35,4.91,5.68,5.87,5.55,4.60],
  [1.23,11.52,11.45,8.61,17.63,10.23,8.33,6.48,9.65,9.26,7.71,8.07,6.71,8.00,8.91,6.85,2.05,0.41,3.23,1.55,1.13,3.24,1.61,1.53,99.00,1.34,2.31,2.45,2.69,2.01,2.05,3.44,3.03,0.86,3.35,1.52,7.51,6.47,4.54,4.79,13.36,12.94,13.99,12.38,12.01,12.42,11.64,14.58,13.97,4.01,4.95,4.84,4.60,3.82],
  [2.57,12.24,12.78,9.19,18.52,11.45,9.50,7.75,10.98,10.45,8.91,9.38,7.67,9.30,10.20,7.99,1.10,0.93,1.91,2.39,1.61,1.90,1.12,0.47,1.34,99.00,2.29,1.16,1.57,2.15,0.72,2.10,1.75,2.04,3.43,0.73,8.75,7.61,5.73,5.82,14.63,14.24,15.02,13.38,13.32,13.47,12.71,15.76,14.96,4.46,5.21,5.42,5.10,4.14],
  [3.04,10.10,12.02,10.91,16.50,10.14,8.12,6.77,10.25,9.09,7.61,8.54,5.87,8.42,9.23,6.56,1.61,2.20,3.64,3.86,3.36,3.54,3.34,2.76,2.31,2.29,99.00,2.46,3.74,0.35,2.72,3.68,3.67,2.05,1.14,3.00,9.22,8.43,6.46,6.93,13.50,13.25,13.22,11.54,12.38,11.72,11.01,14.29,13.09,2.26,2.92,3.28,2.91,1.88],
  [3.68,12.55,13.79,10.13,18.96,12.29,10.30,8.68,11.99,11.26,9.74,10.36,8.25,10.27,11.14,8.76,0.85,2.05,1.18,3.52,2.72,1.08,1.99,1.30,2.45,1.16,2.46,99.00,1.55,2.48,0.71,1.24,1.25,3.02,3.48,1.60,9.90,8.76,6.89,6.95,15.54,15.19,15.62,13.95,14.29,14.10,13.37,16.54,15.51,4.72,5.26,5.74,5.36,4.31],
  [3.80,13.79,14.06,8.91,20.08,12.92,11.01,9.17,12.27,11.94,10.40,10.73,9.23,10.66,11.59,9.51,2.22,2.34,0.99,3.04,2.27,1.13,1.29,1.19,2.69,1.57,3.74,1.55,99.00,3.66,1.03,1.28,0.65,3.50,4.85,1.18,9.50,8.18,6.46,6.27,16.04,15.60,16.58,14.94,14.67,15.03,14.26,17.26,16.52,5.98,6.65,6.96,6.62,5.62],
  [2.70,10.14,11.77,10.60,16.50,9.96,7.95,6.53,9.99,8.92,7.43,8.29,5.78,8.17,8.99,6.39,1.63,1.93,3.65,3.55,3.09,3.56,3.15,2.61,2.01,2.15,0.35,2.48,3.66,99.00,2.65,3.71,3.64,1.70,1.36,2.83,8.88,8.08,6.12,6.58,13.30,13.02,13.15,11.48,12.15,11.64,10.91,14.15,13.03,2.32,3.08,3.31,2.96,1.99],
  [3.26,12.79,13.49,9.42,19.12,12.16,10.21,8.47,11.70,11.15,9.62,10.10,8.31,10.02,10.92,8.69,1.20,1.64,1.19,2.90,2.09,1.19,1.28,0.64,2.05,0.72,2.72,0.71,1.03,2.65,99.00,1.39,1.05,2.75,3.83,0.91,9.35,8.16,6.31,6.31,15.35,14.96,15.68,14.03,14.04,14.13,13.38,16.46,15.60,4.96,5.62,5.96,5.61,4.60],
  [4.65,13.75,14.88,10.18,20.18,13.48,11.51,9.83,13.08,12.46,10.94,11.47,9.49,11.39,12.29,9.97,2.08,3.03,0.29,4.16,3.36,0.20,2.41,1.97,3.44,2.10,3.68,1.24,1.28,3.71,1.39,99.00,0.64,4.12,4.66,2.15,10.65,9.39,7.60,7.49,16.71,16.33,16.86,15.19,15.42,15.34,14.60,17.76,16.75,5.93,6.41,6.95,6.57,5.51],
  [4.21,13.76,14.47,9.55,20.13,13.20,11.25,9.49,12.68,12.20,10.66,11.10,9.35,11.03,11.94,9.74,2.06,2.64,0.35,3.59,2.80,0.49,1.83,1.51,3.03,1.75,3.67,1.25,0.65,3.64,1.05,0.64,99.00,3.78,4.72,1.62,10.08,8.79,7.03,6.89,16.38,15.97,16.72,15.06,15.04,15.18,14.43,17.51,16.63,5.93,6.51,6.94,6.57,5.54],
  [0.99,10.69,10.77,8.99,16.77,9.43,7.50,5.72,8.98,8.44,6.90,7.35,5.86,7.27,8.17,6.01,2.41,1.17,3.94,2.06,1.90,3.93,2.47,2.32,0.86,2.04,2.05,3.02,3.50,1.70,2.75,4.12,3.78,99.00,2.91,2.35,7.26,6.40,4.43,4.88,12.60,12.21,13.14,11.53,11.29,11.57,10.78,13.76,13.11,3.32,4.34,4.08,3.87,3.21],
  [3.86,9.10,11.88,11.89,15.57,9.70,7.67,6.62,10.15,8.64,7.23,8.42,5.19,8.27,9.00,6.12,2.67,3.30,4.66,4.87,4.45,4.54,4.48,3.90,3.35,3.43,1.14,3.48,4.85,1.36,3.83,4.66,4.72,2.91,99.00,4.15,9.73,9.10,7.15,7.74,13.12,12.96,12.44,10.75,12.13,10.99,10.32,13.72,12.27,1.36,1.80,2.38,1.96,0.89],
  [2.62,12.84,12.89,8.56,19.05,11.75,9.85,7.99,11.10,10.77,9.23,9.54,8.16,9.48,10.40,8.37,1.80,1.19,1.89,2.02,1.21,1.95,0.41,0.31,1.52,0.73,3.00,1.60,1.18,2.83,0.91,2.15,1.62,2.35,4.15,99.00,8.50,7.27,5.46,5.41,14.86,14.42,15.48,13.86,13.49,13.91,13.13,16.10,15.44,5.11,5.91,6.05,5.74,4.82],
  [6.34,13.15,6.62,6.07,17.24,8.02,7.39,5.44,5.39,7.71,6.84,5.13,8.50,5.29,5.98,7.12,9.55,7.89,10.38,6.49,7.29,10.45,8.25,8.71,7.51,8.75,9.22,9.90,9.50,8.88,9.35,10.65,10.08,7.26,9.73,8.50,99.00,1.64,3.05,3.46,9.48,8.60,12.95,11.92,7.70,11.47,10.66,11.81,13.30,9.31,10.36,9.33,9.47,9.53],
  [5.42,13.72,8.13,4.75,18.27,9.13,8.20,6.03,6.75,8.67,7.58,6.18,8.80,6.29,7.11,7.63,8.51,6.83,9.11,5.26,6.07,9.19,6.98,7.51,6.47,7.61,8.43,8.76,8.18,8.08,8.16,9.39,8.79,6.40,9.10,7.27,1.64,99.00,1.97,1.94,10.92,10.09,14.01,12.86,9.17,12.48,11.64,13.14,14.30,8.91,10.00,9.10,9.17,9.05],
  [3.45,12.49,8.50,5.66,17.55,8.71,7.40,5.12,6.87,8.04,6.73,5.83,7.42,5.88,6.81,6.51,6.59,4.91,7.33,3.44,4.25,7.40,5.20,5.67,4.54,5.73,6.46,6.89,6.46,6.12,6.31,7.60,7.03,4.43,7.15,5.46,3.05,1.97,99.00,1.14,11.05,10.34,13.40,12.08,9.39,11.81,10.97,12.97,13.60,7.03,8.13,7.32,7.34,7.15],
  [3.89,13.59,9.46,4.60,18.69,9.83,8.54,6.26,7.88,9.18,7.87,6.93,8.49,6.99,7.90,7.63,6.79,5.11,7.21,3.43,4.23,7.30,5.09,5.67,4.79,5.82,6.93,6.95,6.27,6.58,6.31,7.49,6.89,4.88,7.74,5.41,3.46,1.94,1.14,99.00,12.08,11.34,14.54,13.22,10.39,12.95,12.11,14.06,14.74,7.79,8.88,8.18,8.16,7.84],
  [12.27,8.88,2.94,15.55,9.24,3.46,5.47,6.88,4.20,4.52,5.90,5.39,8.20,5.41,4.47,7.00,14.79,13.74,16.54,13.39,13.94,16.52,14.84,14.89,13.36,14.63,13.50,15.54,16.04,13.30,15.35,16.71,16.38,12.60,13.12,14.86,9.48,10.92,11.05,12.08,99.00,1.05,5.39,5.65,1.79,4.83,4.60,2.73,6.04,11.87,12.32,11.06,11.48,12.35],
  [11.81,9.48,1.98,14.66,10.26,3.55,5.42,6.52,3.47,4.54,5.75,4.88,8.23,4.94,4.05,6.88,14.47,13.33,16.14,12.86,13.44,16.13,14.37,14.47,12.94,14.24,13.25,15.19,15.60,13.02,14.96,16.33,15.97,12.21,12.96,14.42,8.60,10.09,10.34,11.34,1.05,99.00,6.31,6.39,0.96,5.59,5.24,3.78,6.94,11.76,12.29,11.01,11.41,12.23],
  [13.22,4.76,7.61,18.76,4.31,4.93,6.03,8.30,7.83,5.37,6.70,7.85,7.37,7.72,6.97,7.24,14.78,14.28,16.77,14.61,14.89,16.70,15.60,15.40,13.99,15.02,13.22,15.62,16.58,13.15,15.68,16.86,16.72,13.14,12.44,15.48,12.95,14.01,13.40,14.54,5.39,6.31,99.00,1.70,6.56,1.60,2.44,3.17,0.69,11.08,11.03,10.07,10.50,11.56],
  [11.66,3.44,7.29,17.56,5.47,4.08,4.69,6.96,7.11,4.22,5.35,6.80,5.71,6.64,6.02,5.74,13.11,12.66,15.11,13.07,13.31,15.03,13.99,13.76,12.38,13.38,11.54,13.95,14.94,11.48,14.03,15.19,15.06,11.53,10.75,13.86,11.92,12.86,12.08,13.22,5.65,6.39,1.70,99.00,6.39,0.82,1.34,4.12,1.59,9.39,9.33,8.37,8.80,9.86],
  [10.88,9.26,1.17,13.77,10.67,3.01,4.72,5.63,2.52,3.91,4.98,3.95,7.54,4.02,3.16,6.12,13.58,12.40,15.23,11.91,12.50,15.22,13.44,13.54,12.01,13.32,12.38,14.29,14.67,12.15,14.04,15.42,15.04,11.29,12.13,13.49,7.70,9.17,9.39,10.39,1.79,0.96,6.56,6.39,99.00,5.62,5.13,4.37,7.14,10.96,11.54,10.25,10.64,11.42],
  [11.63,4.21,6.55,17.21,5.79,3.50,4.43,6.70,6.50,3.81,5.10,6.35,5.86,6.20,5.51,5.64,13.27,12.72,15.24,13.01,13.31,15.17,14.03,13.84,12.42,13.47,11.72,14.10,15.03,11.64,14.13,15.34,15.18,11.57,10.99,13.91,11.47,12.48,11.81,12.95,4.83,5.59,1.60,0.82,5.62,99.00,0.85,3.39,1.83,9.63,9.66,8.63,9.07,10.11],
  [10.82,4.28,5.98,16.37,6.62,2.74,3.58,5.86,5.77,2.98,4.26,5.53,5.15,5.38,4.72,4.83,12.54,11.94,14.50,12.19,12.50,14.43,13.24,13.07,11.64,12.71,11.01,13.37,14.26,10.91,13.38,14.60,14.43,10.78,10.32,13.13,10.66,11.64,10.97,12.11,4.60,5.24,2.44,1.34,5.13,0.85,99.00,3.67,2.66,8.96,9.06,7.98,8.42,9.45],
  [13.61,7.56,5.54,17.85,6.57,4.38,6.26,8.23,6.42,5.32,6.86,7.14,8.54,7.09,6.16,7.78,15.74,14.92,17.62,14.87,15.31,17.58,16.14,16.08,14.58,15.76,14.29,16.54,17.26,14.15,16.46,17.76,17.51,13.76,13.72,16.10,11.81,13.14,12.97,14.06,2.73,3.78,3.17,4.12,4.37,3.39,3.67,99.00,3.86,12.38,12.60,11.45,11.88,12.88],
  [13.25,4.23,8.16,19.03,3.96,5.31,6.21,8.48,8.27,5.64,6.88,8.17,7.29,8.03,7.33,7.32,14.67,14.25,16.67,14.65,14.90,16.59,15.58,15.35,13.97,14.96,13.09,15.51,16.52,13.03,15.60,16.75,16.63,13.11,12.27,15.44,13.30,14.30,13.60,14.74,6.04,6.94,0.69,1.59,7.14,1.83,2.66,3.86,99.00,10.91,10.80,9.89,10.31,11.38],
  [4.12,7.83,10.78,12.17,14.26,8.43,6.41,5.58,9.10,7.36,6.01,7.37,3.85,7.21,7.88,4.88,3.87,4.08,5.90,5.38,5.14,5.80,5.40,4.91,4.01,4.46,2.26,4.72,5.98,2.32,4.96,5.93,5.93,3.32,1.36,5.11,9.31,8.91,7.03,7.79,11.87,11.76,11.08,9.39,10.96,9.63,8.96,12.38,10.91,99.00,1.10,1.03,0.64,0.49],
  [5.18,7.40,11.45,13.25,13.94,8.86,6.87,6.35,9.82,7.80,6.56,8.11,4.13,7.94,8.53,5.42,4.46,4.97,6.43,6.39,6.08,6.31,6.23,5.68,4.95,5.21,2.92,5.26,6.65,3.08,5.62,6.41,6.51,4.34,1.80,5.91,10.36,10.00,8.13,8.88,12.32,12.29,11.03,9.33,11.54,9.66,9.06,12.60,10.80,1.10,99.00,1.30,0.96,1.13],
  [4.75,6.83,10.15,12.67,13.23,7.60,5.60,5.07,8.53,6.54,5.27,6.82,2.92,6.64,7.23,4.13,4.89,4.96,6.92,6.10,5.96,6.82,6.31,5.87,4.84,5.42,3.28,5.74,6.96,3.31,5.96,6.95,6.94,4.08,2.38,6.05,9.33,9.10,7.32,8.18,11.06,11.01,10.07,8.37,10.25,8.63,7.98,11.45,9.89,1.03,1.30,99.00,0.44,1.49],
  [4.61,7.19,10.52,12.61,13.63,8.02,6.01,5.39,8.88,6.96,5.67,7.16,3.35,6.99,7.60,4.53,4.52,4.69,6.54,5.92,5.73,6.44,6.02,5.55,4.60,5.10,2.91,5.36,6.62,2.96,5.61,6.57,6.57,3.87,1.96,5.74,9.47,9.17,7.34,8.16,11.48,11.41,10.50,8.80,10.64,9.07,8.42,11.88,10.31,0.64,0.96,0.44,99.00,1.07],
  [4.08,8.24,11.22,12.15,14.70,8.92,6.89,6.00,9.52,7.85,6.48,7.79,4.34,7.64,8.32,5.36,3.48,3.85,5.49,5.26,4.95,5.38,5.12,4.60,3.82,4.14,1.88,4.31,5.62,1.99,4.60,5.51,5.54,3.21,0.89,4.82,9.53,9.05,7.15,7.84,12.35,12.23,11.56,9.86,11.42,10.11,9.45,12.88,11.38,0.49,1.13,1.49,1.07,99.00]
];
