// Chosen Depots: [1, 2, 3, 6]
// Chosen Demand Points (Original DP No): [11, 14, 15, 16, 18, 26, 28, 30, 89, 90, 97, 98, 100, 101, 104, 108, 111, 112, 123, 124, 125, 126, 129, 130, 132, 134, 136, 137, 143, 144, 149, 153, 154, 155, 157, 162, 163, 165, 168, 171]
// Original Weights: [5, 5, 7, 4, 4, 4, 5, 5, 7, 6, 7, 6, 7, 7, 7, 7, 7, 7, 6, 3, 2, 3, 2, 4, 4, 4, 2, 3, 8, 8, 6, 8, 4, 5, 7, 8, 8, 6, 5, 8]

|W| = 4;
|D| = 40;
V = 54;
C = 3;
|K| = 1;
M = 100;
S = 0.25;
|TR| = 10;
δmax = 18.3;
Runtime = 15;

// Priority weights for selected demand points
pj = [
  5, 5, 7, 4, 4, 4, 5, 5, 7, 6, 7, 6, 7, 7, 7, 7, 7, 7, 6, 3, 2, 3, 2, 4, 4, 4, 2, 3, 8, 8, 6, 8, 4, 5, 7, 8, 8, 6, 5, 8
];

δij =
[
  [99.00,99.00,99.00,99.00,9.24,5.42,6.09,7.41,8.48,9.54,6.17,7.81,4.43,2.02,2.58,2.57,2.70,2.39,2.81,4.35,2.79,3.68,2.62,4.44,6.34,5.05,6.83,3.46,3.51,3.27,5.95,3.84,13.37,13.22,13.24,11.66,10.88,12.30,11.63,13.05,4.12,1.06,1.47,4.08],
  [99.00,99.00,99.00,99.00,6.43,7.73,5.71,8.33,9.26,8.34,7.46,7.88,13.73,12.16,10.69,13.06,12.68,11.24,12.45,13.23,12.72,12.55,12.84,12.99,13.15,13.43,14.13,13.26,12.30,13.57,13.42,13.33,3.87,4.76,6.76,3.44,9.26,7.87,4.21,3.85,7.83,10.11,10.35,8.24],
  [99.00,99.00,99.00,99.00,3.53,5.27,6.45,3.03,1.80,1.62,4.64,2.93,14.68,12.28,12.08,12.81,12.97,12.25,13.03,14.52,13.05,13.79,12.89,8.16,6.62,8.11,7.39,9.45,8.25,10.13,7.28,9.15,8.69,7.61,5.79,7.29,1.17,3.80,6.55,8.29,10.78,10.04,8.80,11.22],
  [99.00,99.00,99.00,99.00,13.89,10.64,12.46,11.27,11.44,13.02,11.16,11.86,9.89,8.70,10.28,8.16,8.87,9.81,9.24,10.32,8.93,10.13,8.56,5.23,6.07,4.93,5.30,4.97,5.85,4.86,5.45,4.83,19.34,18.76,17.83,17.56,13.77,16.16,17.21,18.95,12.17,9.09,8.10,12.15],
  [9.24,6.43,3.53,13.89,99.00,3.85,3.79,2.64,3.04,1.92,3.11,2.05,13.33,11.07,10.39,11.78,11.75,10.71,11.71,13.05,11.83,12.29,11.75,8.76,8.02,8.97,8.97,9.66,8.46,10.24,8.52,9.52,5.73,4.93,4.11,4.08,3.01,3.14,3.50,5.32,8.43,8.67,7.88,8.92],
  [5.42,7.73,5.27,10.64,3.85,99.00,2.14,2.23,3.53,4.22,0.75,2.47,9.66,7.32,6.88,7.99,8.01,7.11,8.01,9.43,8.09,8.68,7.99,5.41,5.44,5.77,6.40,6.03,4.89,6.53,5.69,5.97,8.75,8.30,7.93,6.96,5.63,6.88,6.70,8.37,5.58,4.96,4.03,6.00],
  [6.09,5.71,6.45,12.46,3.79,2.14,99.00,3.67,4.97,5.03,2.17,3.55,9.80,7.68,6.75,8.48,8.32,7.14,8.23,9.45,8.39,8.69,8.38,7.28,7.55,7.72,8.50,7.63,6.61,8.02,7.76,7.67,7.32,7.14,7.38,5.58,6.44,6.89,5.55,6.98,4.64,5.30,4.99,5.12],
  [7.41,8.33,3.03,11.27,2.64,2.23,3.67,99.00,1.34,2.14,1.64,0.60,11.76,9.39,9.08,9.98,10.08,9.28,10.12,11.57,10.16,10.83,10.02,6.20,5.39,6.36,6.34,7.22,6.00,7.84,5.88,7.03,8.31,7.56,6.60,6.59,3.47,5.15,6.10,7.90,7.77,7.09,5.96,8.20],
  [8.48,9.26,1.80,11.44,3.04,3.53,4.97,1.34,99.00,1.59,2.98,1.47,12.88,10.49,10.29,11.02,11.17,10.46,11.24,12.73,11.26,11.99,11.10,6.63,5.39,6.67,6.27,7.83,6.62,8.50,5.99,7.58,8.73,7.83,6.46,7.11,2.52,4.72,6.50,8.32,9.10,8.25,7.01,9.52],
  [9.54,8.34,1.62,13.02,1.92,4.22,5.03,2.14,1.59,99.00,3.51,1.75,13.86,11.50,11.10,12.11,12.19,11.33,12.21,13.65,12.27,12.90,12.15,8.14,6.98,8.22,7.86,9.27,8.04,9.91,7.57,9.04,7.33,6.35,4.88,5.81,1.43,3.15,5.13,6.92,9.53,9.17,8.09,9.99],
  [6.17,7.46,4.64,11.16,3.11,0.75,2.17,1.64,2.98,3.51,99.00,1.77,10.40,8.07,7.59,8.74,8.75,7.84,8.76,10.16,8.84,9.41,8.74,5.93,5.72,6.25,6.69,6.66,5.49,7.19,6.05,6.57,8.19,7.67,7.21,6.40,4.93,6.13,6.09,7.80,6.14,5.70,4.78,6.58],
  [7.81,7.88,2.93,11.86,2.05,2.47,3.55,0.60,1.47,1.75,1.77,99.00,12.11,9.75,9.35,10.38,10.44,9.58,10.46,11.89,10.52,11.14,10.40,6.78,5.98,6.95,6.93,7.77,6.55,8.38,6.47,7.60,7.73,6.97,6.02,6.02,3.16,4.63,5.51,7.32,7.88,7.41,6.36,8.32],
  [4.43,13.73,14.68,9.89,13.33,9.66,9.80,11.76,12.88,13.86,10.40,12.11,99.00,2.40,3.11,2.13,1.73,2.66,1.65,0.61,1.64,1.18,1.89,8.25,10.38,8.79,10.65,6.86,7.48,6.29,9.85,7.33,16.68,16.77,17.17,15.11,15.23,16.46,15.24,16.42,5.90,4.70,5.89,5.49],
  [2.02,12.16,12.28,8.70,11.07,7.32,7.68,9.39,10.49,11.50,8.07,9.75,2.40,99.00,1.76,0.91,0.69,1.19,0.81,2.36,0.77,1.76,0.71,6.09,8.14,6.67,8.51,4.82,5.24,4.38,7.67,5.27,14.80,14.77,14.99,13.15,12.85,14.18,13.21,14.50,4.48,2.41,3.49,4.22],
  [2.58,10.69,12.08,10.28,10.39,6.88,6.75,9.08,10.29,11.10,7.59,9.35,3.11,1.76,99.00,2.63,2.07,0.60,1.79,2.71,2.09,1.96,2.30,7.02,8.88,7.63,9.41,5.98,6.08,5.68,8.52,6.39,13.57,13.66,14.13,12.00,12.50,13.52,12.14,13.30,2.88,2.15,3.71,2.54],
  [2.57,13.06,12.81,8.16,11.78,7.99,8.48,9.98,11.02,12.11,8.74,10.38,2.13,0.91,2.63,99.00,0.72,2.04,1.10,2.33,0.77,1.99,0.41,6.12,8.25,6.66,8.52,4.74,5.36,4.19,7.72,5.20,15.66,15.60,15.75,13.99,13.44,14.86,14.03,15.36,5.40,3.18,4.02,5.12],
  [2.70,12.68,12.97,8.87,11.75,8.01,8.32,10.08,11.17,12.19,8.75,10.44,1.73,0.69,2.07,0.72,99.00,1.47,0.38,1.77,0.09,1.30,0.31,6.62,8.71,7.18,9.04,5.29,5.81,4.79,8.22,5.75,15.40,15.40,15.66,13.76,13.54,14.86,13.84,15.11,4.91,3.08,4.17,4.60],
  [2.39,11.24,12.25,9.81,10.71,7.11,7.14,9.28,10.46,11.33,7.84,9.58,2.66,1.19,0.60,2.04,1.47,99.00,1.21,2.34,1.50,1.58,1.70,6.78,8.73,7.39,9.20,5.67,5.88,5.31,8.33,6.09,14.07,14.12,14.51,12.47,12.73,13.85,12.59,13.79,3.45,2.22,3.68,3.13],
  [2.81,12.45,13.03,9.24,11.71,8.01,8.23,10.12,11.24,12.21,8.76,10.46,1.65,0.81,1.79,1.10,0.38,1.21,99.00,1.55,0.35,0.98,0.69,6.88,8.95,7.45,9.30,5.59,6.04,5.10,8.47,6.04,15.24,15.27,15.59,13.63,13.58,14.83,13.72,14.96,4.66,3.06,4.27,4.32],
  [4.35,13.23,14.52,10.32,13.05,9.43,9.45,11.57,12.73,13.65,10.16,11.89,0.61,2.36,2.71,2.33,1.77,2.34,1.55,99.00,1.67,0.76,2.00,8.38,10.48,8.95,10.80,7.04,7.57,6.51,9.98,7.50,16.24,16.36,16.83,14.69,15.03,16.18,14.85,15.98,5.41,4.49,5.79,4.99],
  [2.79,12.72,13.05,8.93,11.83,8.09,8.39,10.16,11.26,12.27,8.84,10.52,1.64,0.77,2.09,0.77,0.09,1.50,0.35,1.67,99.00,1.23,0.37,6.71,8.80,7.27,9.13,5.38,5.90,4.87,8.31,5.84,15.46,15.46,15.73,13.83,13.63,14.94,13.90,15.17,4.94,3.16,4.26,4.62],
  [3.68,12.55,13.79,10.13,12.29,8.68,8.69,10.83,11.99,12.90,9.41,11.14,1.18,1.76,1.96,1.99,1.30,1.58,0.98,0.76,1.23,99.00,1.60,7.85,9.90,8.43,10.27,6.56,7.00,6.08,9.44,7.02,15.52,15.62,16.07,13.95,14.29,15.42,14.10,15.25,4.72,3.75,5.10,4.31],
  [2.62,12.84,12.89,8.56,11.75,7.99,8.38,10.02,11.10,12.15,8.74,10.40,1.89,0.71,2.30,0.41,0.31,1.70,0.69,2.00,0.37,1.60,99.00,6.39,8.50,6.95,8.80,5.04,5.60,4.52,7.99,5.51,15.50,15.48,15.69,13.86,13.49,14.85,13.91,15.21,5.11,3.10,4.09,4.82],
  [4.44,12.99,8.16,5.23,8.76,5.41,7.28,6.20,6.63,8.14,5.93,6.78,8.25,6.09,7.02,6.12,6.62,6.78,6.88,8.38,6.71,7.85,6.39,99.00,2.18,0.62,2.43,1.50,0.96,2.21,1.61,1.08,14.12,13.57,12.80,12.33,9.12,11.28,12.01,13.73,7.93,5.11,3.64,8.06],
  [6.34,13.15,6.62,6.07,8.02,5.44,7.55,5.39,5.39,6.98,5.72,5.98,10.38,8.14,8.88,8.25,8.71,8.73,8.95,10.48,8.80,9.90,8.50,2.18,99.00,1.78,0.98,3.67,2.91,4.36,0.70,3.23,13.67,12.95,11.83,11.92,7.70,10.10,11.47,13.27,9.31,6.83,5.26,9.53],
  [5.05,13.43,8.11,4.93,8.97,5.77,7.72,6.36,6.67,8.22,6.25,6.95,8.79,6.67,7.63,6.66,7.18,7.39,7.45,8.95,7.27,8.43,6.95,0.62,1.78,99.00,1.85,1.95,1.58,2.62,1.12,1.50,14.42,13.82,12.95,12.64,9.11,11.37,12.28,14.03,8.54,5.74,4.26,8.68],
  [6.83,14.13,7.39,5.30,8.97,6.40,8.50,6.34,6.27,7.86,6.69,6.93,10.65,8.51,9.41,8.52,9.04,9.20,9.30,10.80,9.13,10.27,8.80,2.43,0.98,1.85,99.00,3.80,3.33,4.43,0.91,3.33,14.64,13.90,12.72,12.89,8.50,10.96,12.43,14.23,10.06,7.43,5.89,10.25],
  [3.46,13.26,9.45,4.97,9.66,6.03,7.63,7.22,7.83,9.27,6.66,7.77,6.86,4.82,5.98,4.74,5.29,5.67,5.59,7.04,5.38,6.56,5.04,1.50,3.67,1.95,3.80,99.00,1.23,0.72,3.06,0.46,14.76,14.32,13.76,12.98,10.34,12.37,12.73,14.39,7.36,4.34,3.15,7.41],
  [3.51,12.30,8.25,5.85,8.46,4.89,6.61,6.00,6.62,8.04,5.49,6.55,7.48,5.24,6.08,5.36,5.81,5.88,6.04,7.57,5.90,7.00,5.60,0.96,2.91,1.58,3.33,1.23,99.00,1.89,2.45,1.08,13.64,13.16,12.54,11.85,9.13,11.14,11.57,13.26,6.98,4.15,2.69,7.11],
  [3.27,13.57,10.13,4.86,10.24,6.53,8.02,7.84,8.50,9.91,7.19,8.38,6.29,4.38,5.68,4.19,4.79,5.31,5.10,6.51,4.87,6.08,4.52,2.21,4.36,2.62,4.43,0.72,1.89,99.00,3.74,1.14,15.23,14.83,14.34,13.44,11.02,13.00,13.23,14.86,7.33,4.24,3.29,7.33],
  [5.95,13.42,7.28,5.45,8.52,5.69,7.76,5.88,5.99,7.57,6.05,6.47,9.85,7.67,8.52,7.72,8.22,8.33,8.47,9.98,8.31,9.44,7.99,1.61,0.70,1.12,0.91,3.06,2.45,3.74,99.00,2.60,14.11,13.43,12.39,12.35,8.34,10.71,11.93,13.71,9.16,6.53,4.98,9.35],
  [3.84,13.33,9.15,4.83,9.52,5.97,7.67,7.03,7.58,9.04,6.57,7.60,7.33,5.27,6.39,5.20,5.75,6.09,6.04,7.50,5.84,7.02,5.51,1.08,3.23,1.50,3.33,0.46,1.08,1.14,2.60,99.00,14.72,14.24,13.60,12.93,10.08,12.16,12.66,14.34,7.66,4.68,3.40,7.73],
  [13.37,3.87,8.69,19.34,5.73,8.75,7.32,8.31,8.73,7.33,8.19,7.73,16.68,14.80,13.57,15.66,15.40,14.07,15.24,16.24,15.46,15.52,15.50,14.12,13.67,14.42,14.64,14.76,13.64,15.23,14.11,14.72,99.00,1.28,3.68,1.79,7.68,5.46,2.23,0.41,10.87,12.51,12.30,11.33],
  [13.22,4.76,7.61,18.76,4.93,8.30,7.14,7.56,7.83,6.35,7.67,6.97,16.77,14.77,13.66,15.60,15.40,14.12,15.27,16.36,15.46,15.62,15.48,13.57,12.95,13.82,13.90,14.32,13.16,14.83,13.43,14.24,1.28,99.00,2.40,1.70,6.56,4.22,1.60,1.02,11.08,12.42,12.06,11.56],
  [13.24,6.76,5.79,17.83,4.11,7.93,7.38,6.60,6.46,4.88,7.21,6.02,17.17,14.99,14.13,15.75,15.66,14.51,15.59,16.83,15.73,16.07,15.69,12.80,11.83,12.95,12.72,13.76,12.54,14.34,12.39,13.60,3.68,2.40,99.00,3.33,4.65,2.05,2.61,3.39,11.82,12.59,11.93,12.31],
  [11.66,3.44,7.29,17.56,4.08,6.96,5.58,6.59,7.11,5.81,6.40,6.02,15.11,13.15,12.00,13.99,13.76,12.47,13.63,14.69,13.83,13.95,13.86,12.33,11.92,12.64,12.89,12.98,11.85,13.44,12.35,12.93,1.79,1.70,3.33,99.00,6.39,4.56,0.82,1.42,9.39,10.83,10.55,9.86],
  [10.88,9.26,1.17,13.77,3.01,5.63,6.44,3.47,2.52,1.43,4.93,3.16,15.23,12.85,12.50,13.44,13.54,12.73,13.58,15.03,13.63,14.29,13.49,9.12,7.70,9.11,8.50,10.34,9.13,11.02,8.34,10.08,7.68,6.56,4.65,6.39,99.00,2.63,5.62,7.29,10.96,10.55,9.41,11.42],
  [12.30,7.87,3.80,16.16,3.14,6.88,6.89,5.15,4.72,3.15,6.13,4.63,16.46,14.18,13.52,14.86,14.86,13.85,14.83,16.18,14.94,15.42,14.85,11.28,10.10,11.37,10.96,12.37,11.14,13.00,10.71,12.16,5.46,4.22,2.05,4.56,2.63,99.00,3.74,5.10,11.51,11.78,10.91,12.00],
  [11.63,4.21,6.55,17.21,3.50,6.70,5.55,6.10,6.50,5.13,6.09,5.51,15.24,13.21,12.14,14.03,13.84,12.59,13.72,14.85,13.90,14.10,13.91,12.01,11.47,12.28,12.43,12.73,11.57,13.23,11.93,12.66,2.23,1.60,2.61,0.82,5.62,3.74,99.00,1.82,9.63,10.85,10.46,10.11],
  [13.05,3.85,8.29,18.95,5.32,8.37,6.98,7.90,8.32,6.92,7.80,7.32,16.42,14.50,13.30,15.36,15.11,13.79,14.96,15.98,15.17,15.25,15.21,13.73,13.27,14.03,14.23,14.39,13.26,14.86,13.71,14.34,0.41,1.02,3.39,1.42,7.29,5.10,1.82,99.00,10.63,12.20,11.96,11.10],
  [4.12,7.83,10.78,12.17,8.43,5.58,4.64,7.77,9.10,9.53,6.14,7.88,5.90,4.48,2.88,5.40,4.91,3.45,4.66,5.41,4.94,4.72,5.11,7.93,9.31,8.54,10.06,7.36,6.98,7.33,9.16,7.66,10.87,11.08,11.82,9.39,10.96,11.51,9.63,10.63,99.00,3.09,4.29,0.49],
  [1.06,10.11,10.04,9.09,8.67,4.96,5.30,7.09,8.25,9.17,5.70,7.41,4.70,2.41,2.15,3.18,3.08,2.22,3.06,4.49,3.16,3.75,3.10,5.11,6.83,5.74,7.43,4.34,4.15,4.24,6.53,4.68,12.51,12.42,12.59,10.83,10.55,11.78,10.85,12.20,3.09,99.00,1.58,3.09],
  [1.47,10.35,8.80,8.10,7.88,4.03,4.99,5.96,7.01,8.09,4.78,6.36,5.89,3.49,3.71,4.02,4.17,3.68,4.27,5.79,4.26,5.10,4.09,3.64,5.26,4.26,5.89,3.15,2.69,3.29,4.98,3.40,12.30,12.06,11.93,10.55,9.41,10.91,10.46,11.96,4.29,1.58,99.00,4.42],
  [4.08,8.24,11.22,12.15,8.92,6.00,5.12,8.20,9.52,9.99,6.58,8.32,5.49,4.22,2.54,5.12,4.60,3.13,4.32,4.99,4.62,4.31,4.82,8.06,9.53,8.68,10.25,7.41,7.11,7.33,9.35,7.73,11.33,11.56,12.31,9.86,11.42,12.00,10.11,11.10,0.49,3.09,4.42,99.00]
];
