// Chosen Depots: [1, 2, 3, 6]
// Chosen Demand Points (Original DP No): [2, 8, 10, 11, 21, 22, 23, 26, 28, 30, 31, 87, 92, 97, 99, 100, 103, 106, 115, 121, 128, 129, 133, 134, 136, 138, 140, 141, 145, 149, 152, 154, 155, 156, 159, 164, 167, 168, 169, 171]
// Original Weights: [9, 4, 4, 5, 6, 6, 6, 4, 5, 5, 6, 7, 5, 7, 6, 7, 7, 7, 7, 6, 2, 2, 4, 4, 2, 3, 4, 4, 7, 6, 7, 4, 5, 7, 7, 9, 9, 5, 8, 8]

|W| = 4;
|D| = 40;
V = 54;
C = 3;
|K| = 2;
M = 100;
S = 0.25;
|TR| = 10;
δmax = 18.3;
Runtime = 15;

// Priority weights for selected demand points
pj = [
  9, 4, 4, 5, 6, 6, 6, 4, 5, 5, 6, 7, 5, 7, 6, 7, 7, 7, 7, 6, 2, 2, 4, 4, 2, 3, 4, 4, 7, 6, 7, 4, 5, 7, 7, 9, 9, 5, 8, 8
];

δij =
[
  [99.00,99.00,99.00,99.00,19.21,17.26,9.07,9.24,8.30,6.76,7.04,9.54,6.17,7.81,6.00,3.22,1.44,2.58,1.26,2.70,2.57,2.46,4.28,0.99,7.10,6.83,3.51,3.27,5.95,3.89,11.81,11.81,11.87,13.24,10.66,10.88,12.30,12.20,10.82,4.80,5.18,1.47,4.75,4.08],
  [99.00,99.00,99.00,99.00,8.93,11.93,9.37,6.43,5.99,6.36,6.19,8.34,7.46,7.88,6.09,11.71,12.55,10.69,12.15,12.68,12.24,12.14,13.17,10.69,13.25,14.13,12.30,13.57,13.42,13.59,9.48,9.48,4.28,6.76,3.67,9.26,7.87,4.12,4.28,7.77,7.40,10.35,6.83,8.24],
  [99.00,99.00,99.00,99.00,13.22,7.52,1.22,3.53,4.22,4.96,4.86,1.62,4.64,2.93,6.07,13.12,11.22,12.08,11.47,12.97,12.78,12.66,14.45,10.77,6.09,7.39,8.25,10.13,7.28,9.46,1.98,1.98,6.68,5.79,6.49,1.17,3.80,7.12,5.98,11.46,11.45,8.80,10.15,11.22],
  [99.00,99.00,99.00,99.00,24.93,20.10,11.89,13.89,13.40,12.23,12.49,13.02,11.16,11.86,12.13,10.29,7.06,10.28,7.82,8.87,9.19,9.17,10.28,8.99,6.60,5.30,5.85,4.86,5.45,4.60,14.66,14.66,17.44,17.83,16.48,13.77,16.16,17.86,16.37,12.88,13.25,8.10,12.67,12.15],
  [19.21,8.93,13.22,24.93,99.00,9.20,13.51,11.06,11.56,12.87,12.59,12.24,13.86,13.10,13.32,20.41,20.63,19.34,20.40,21.20,20.80,20.69,21.91,19.02,18.80,20.00,19.34,21.00,19.58,20.72,11.52,11.52,7.53,7.43,8.63,12.07,9.44,7.14,8.62,16.62,16.27,18.13,15.54,17.01],
  [17.26,11.93,7.52,20.10,9.20,99.00,8.53,8.21,9.26,10.74,10.50,7.75,11.10,9.46,11.79,19.70,18.38,18.59,18.50,19.86,19.59,19.47,21.15,17.56,13.51,14.81,15.70,17.58,14.78,16.95,5.61,5.61,7.71,5.21,8.68,6.57,5.08,7.81,8.11,17.06,16.90,15.82,15.70,17.07],
  [9.07,9.37,1.22,11.89,13.51,8.53,99.00,3.01,3.43,3.90,3.85,1.28,3.47,1.83,4.98,11.90,10.04,10.86,10.27,11.76,11.56,11.45,13.23,9.56,5.40,6.66,7.17,9.06,6.44,8.43,2.91,2.91,6.55,6.12,6.12,1.96,4.29,6.99,5.70,10.30,10.31,7.60,9.01,10.04],
  [9.24,6.43,3.53,13.89,11.06,8.21,3.01,99.00,1.07,2.55,2.29,1.92,3.11,2.05,3.59,11.51,10.49,10.39,10.50,11.75,11.45,11.33,12.97,9.43,7.82,8.97,8.46,10.24,8.52,9.83,3.55,3.55,3.70,4.11,3.12,3.01,3.14,4.14,2.74,8.97,8.86,7.88,7.60,8.92],
  [8.30,5.99,4.22,13.40,11.56,9.26,3.43,1.07,99.00,1.54,1.27,2.62,2.32,1.91,2.53,10.47,9.59,9.35,9.55,10.76,10.45,10.33,11.95,8.44,7.62,8.68,7.80,9.51,8.14,9.18,4.54,4.54,4.04,4.95,3.16,3.91,4.19,4.47,2.98,7.90,7.80,6.98,6.54,7.85],
  [6.76,6.36,4.96,12.23,12.87,10.74,3.90,2.55,1.54,99.00,0.29,3.55,1.12,2.07,1.14,8.96,8.07,7.84,8.02,9.22,8.91,8.79,10.43,6.90,6.90,7.81,6.50,8.13,7.16,7.87,5.75,5.75,5.34,6.48,4.27,4.98,5.68,5.73,4.26,6.62,6.56,5.46,5.27,6.48],
  [7.04,6.19,4.86,12.49,12.59,10.50,3.85,2.29,1.27,0.29,99.00,3.41,1.34,2.03,1.33,9.21,8.35,8.10,8.30,9.49,9.18,9.06,10.69,7.17,7.08,8.02,6.77,8.41,7.39,8.14,5.57,5.57,5.06,6.20,4.01,4.82,5.43,5.46,3.98,6.79,6.72,5.75,5.44,6.68],
  [9.54,8.34,1.62,13.02,12.24,7.75,1.28,1.92,2.62,3.55,3.41,99.00,3.51,1.75,4.69,12.18,10.63,11.10,10.78,12.19,11.95,11.83,13.57,9.92,6.61,7.86,8.04,9.91,7.57,9.35,2.29,2.29,5.29,4.88,4.95,1.43,3.15,5.74,4.49,10.16,10.12,8.09,8.82,9.99],
  [6.17,7.46,4.64,11.16,13.86,11.10,3.47,3.11,2.32,1.12,1.34,3.51,99.00,1.77,1.71,8.67,7.39,7.59,7.43,8.75,8.49,8.37,10.09,6.46,5.79,6.69,5.49,7.19,6.05,6.87,5.80,5.80,6.32,7.21,5.32,4.93,6.13,6.73,5.24,6.83,6.85,4.78,5.55,6.58],
  [7.81,7.88,2.93,11.86,13.10,9.46,1.83,2.05,1.91,2.07,2.03,1.75,1.77,99.00,3.15,10.42,8.93,9.35,9.05,10.44,10.20,10.08,11.82,8.17,5.80,6.93,6.55,8.38,6.47,7.90,4.05,4.05,5.72,6.02,4.99,3.16,4.63,6.16,4.72,8.54,8.53,6.36,7.23,8.32],
  [6.00,6.09,6.07,12.13,13.32,11.79,4.98,3.59,2.53,1.14,1.33,4.69,1.71,3.15,99.00,7.96,7.37,6.84,7.23,8.32,7.99,7.87,9.45,6.01,7.31,8.08,6.29,7.76,7.35,7.63,6.88,6.88,5.88,7.33,4.70,6.12,6.72,6.23,4.83,5.48,5.42,4.82,4.13,5.36],
  [3.22,11.71,13.12,10.29,20.41,19.70,11.90,11.51,10.47,8.96,9.21,12.18,8.67,10.42,7.96,99.00,3.39,1.13,2.63,1.49,1.10,1.11,1.52,2.41,10.31,9.99,6.67,5.97,9.13,6.79,14.47,14.47,13.50,15.26,12.24,13.58,14.64,13.75,12.54,4.04,4.46,4.55,4.89,3.48],
  [1.44,12.55,11.22,7.06,20.63,18.38,10.04,10.49,9.59,8.07,8.35,10.63,7.39,8.93,7.37,3.39,99.00,3.22,0.77,2.26,2.39,2.32,3.95,2.06,7.30,6.78,3.59,2.58,5.97,3.43,12.86,12.86,13.25,14.54,12.06,11.91,13.50,13.59,12.19,5.99,6.39,2.61,6.10,5.26],
  [2.58,10.69,12.08,10.28,19.34,18.59,10.86,10.39,9.35,7.84,8.10,11.10,7.59,9.35,6.84,1.13,3.22,99.00,2.46,2.07,1.60,1.53,2.64,1.62,9.61,9.41,6.08,5.68,8.52,6.41,13.39,13.39,12.38,14.13,11.12,12.50,13.52,12.64,11.41,3.18,3.61,3.71,3.86,2.54],
  [1.26,12.15,11.47,7.82,20.40,18.50,10.27,10.50,9.55,8.02,8.30,10.78,7.43,9.05,7.23,2.63,0.77,2.46,99.00,1.64,1.68,1.60,3.33,1.49,7.88,7.44,4.18,3.33,6.60,4.16,13.04,13.04,13.09,14.50,11.88,12.10,13.56,13.42,12.05,5.33,5.74,2.69,5.56,4.61],
  [2.70,12.68,12.97,8.87,21.20,19.86,11.76,11.75,10.76,9.22,9.49,12.19,8.75,10.44,8.32,1.49,2.26,2.07,1.64,99.00,0.47,0.54,1.70,2.32,9.51,9.04,5.81,4.79,8.22,5.67,14.47,14.47,14.08,15.66,12.83,13.54,14.86,14.37,13.07,5.25,5.68,4.17,5.87,4.60],
  [2.57,12.24,12.78,9.19,20.80,19.59,11.56,11.45,10.45,8.91,9.18,11.95,8.49,10.20,7.99,1.10,2.39,1.60,1.68,0.47,99.00,0.12,1.71,2.04,9.53,9.12,5.84,4.96,8.28,5.82,14.24,14.24,13.71,15.33,12.46,13.32,14.57,13.99,12.71,4.78,5.21,4.01,5.42,4.14],
  [2.46,12.14,12.66,9.17,20.69,19.47,11.45,11.33,10.33,8.79,9.06,11.83,8.37,10.08,7.87,1.11,2.32,1.53,1.60,0.54,0.12,99.00,1.82,1.91,9.44,9.03,5.75,4.90,8.19,5.75,14.12,14.12,13.59,15.21,12.34,13.20,14.45,13.88,12.59,4.71,5.14,3.90,5.33,4.06],
  [4.28,13.17,14.45,10.28,21.91,21.15,13.23,12.97,11.95,10.43,10.69,13.57,10.09,11.82,9.45,1.52,3.95,2.64,3.33,1.70,1.71,1.82,99.00,3.67,11.21,10.74,7.50,6.45,9.92,7.35,15.86,15.86,15.01,16.76,13.75,14.96,16.11,15.27,14.05,5.43,5.84,5.72,6.37,4.93],
  [0.99,10.69,10.77,8.99,19.02,17.56,9.56,9.43,8.44,6.90,7.17,9.92,6.46,8.17,6.01,2.41,2.06,1.62,1.49,2.32,2.04,1.91,3.67,99.00,8.00,7.79,4.47,4.23,6.90,4.88,12.21,12.21,11.81,13.34,10.57,11.29,12.54,12.11,10.78,3.94,4.34,2.14,4.08,3.21],
  [7.10,13.25,6.09,6.60,18.80,13.51,5.40,7.82,7.62,6.90,7.08,6.61,5.79,5.80,7.31,10.31,7.30,9.61,7.88,9.51,9.53,9.44,11.21,8.00,99.00,1.30,3.71,5.20,1.50,4.29,8.07,8.07,11.51,11.49,10.77,7.21,9.69,11.96,10.51,10.70,10.91,5.94,9.83,10.13],
  [6.83,14.13,7.39,5.30,20.00,14.81,6.66,8.97,8.68,7.81,8.02,7.86,6.69,6.93,8.08,9.99,6.78,9.41,7.44,9.04,9.12,9.03,10.74,7.79,1.30,99.00,3.33,4.43,0.91,3.49,9.37,9.37,12.64,12.72,11.83,8.50,10.96,13.08,11.62,10.87,11.13,5.89,10.14,10.25],
  [3.51,12.30,8.25,5.85,19.34,15.70,7.17,8.46,7.80,6.50,6.77,8.04,5.49,6.55,6.29,6.67,3.59,6.08,4.18,5.81,5.84,5.75,7.50,4.47,3.71,3.33,99.00,1.89,2.45,1.38,10.08,10.08,11.81,12.54,10.77,9.13,11.14,12.21,10.73,7.77,8.07,2.69,7.23,7.11],
  [3.27,13.57,10.13,4.86,21.00,17.58,9.06,10.24,9.51,8.13,8.41,9.91,7.19,8.38,7.76,5.97,2.58,5.68,3.33,4.79,4.96,4.90,6.45,4.23,5.20,4.43,1.89,99.00,3.74,0.94,11.97,11.97,13.47,14.34,12.38,11.02,13.00,13.86,12.39,8.04,8.41,3.29,7.82,7.33],
  [5.95,13.42,7.28,5.45,19.58,14.78,6.44,8.52,8.14,7.16,7.39,7.57,6.05,6.47,7.35,9.13,5.97,8.52,6.60,8.22,8.28,8.19,9.92,6.90,1.50,0.91,2.45,3.74,99.00,2.81,9.25,9.25,12.15,12.39,11.28,8.34,10.71,12.58,11.10,9.97,10.23,4.98,9.25,9.35],
  [3.89,13.59,9.46,4.60,20.72,16.95,8.43,9.83,9.18,7.87,8.14,9.35,6.87,7.90,7.63,6.79,3.43,6.41,4.16,5.67,5.82,5.75,7.35,4.88,4.29,3.49,1.38,0.94,2.81,99.00,11.34,11.34,13.19,13.91,12.14,10.39,12.47,13.59,12.11,8.54,8.88,3.56,8.18,7.84],
  [11.81,9.48,1.98,14.66,11.52,5.61,2.91,3.55,4.54,5.75,5.57,2.29,5.80,4.05,6.88,14.47,12.86,13.39,13.04,14.47,14.24,14.12,15.86,12.21,8.07,9.37,10.08,11.97,9.25,11.34,99.00,0.00,5.66,4.19,5.83,0.96,2.14,6.05,5.24,12.36,12.29,10.35,11.01,12.23],
  [11.81,9.48,1.98,14.66,11.52,5.61,2.91,3.55,4.54,5.75,5.57,2.29,5.80,4.05,6.88,14.47,12.86,13.39,13.04,14.47,14.24,14.12,15.86,12.21,8.07,9.37,10.08,11.97,9.25,11.34,0.00,99.00,5.66,4.19,5.83,0.96,2.14,6.05,5.24,12.36,12.29,10.35,11.01,12.23],
  [11.87,4.28,6.68,17.44,7.53,7.71,6.55,3.70,4.04,5.34,5.06,5.29,6.32,5.72,5.88,13.50,13.25,12.38,13.09,14.08,13.71,13.59,15.01,11.81,11.51,12.64,11.81,13.47,12.15,13.19,5.66,5.66,99.00,2.50,1.26,5.73,3.76,0.45,1.08,10.13,9.87,10.70,8.85,10.34],
  [13.24,6.76,5.79,17.83,7.43,5.21,6.12,4.11,4.95,6.48,6.20,4.88,7.21,6.02,7.33,15.26,14.54,14.13,14.50,15.66,15.33,15.21,16.76,13.34,11.49,12.72,12.54,14.34,12.39,13.91,4.19,4.19,2.50,99.00,3.50,4.65,2.05,2.66,2.97,12.19,11.98,11.93,10.86,12.31],
  [10.66,3.67,6.49,16.48,8.63,8.68,6.12,3.12,3.16,4.27,4.01,4.95,5.32,4.99,4.70,12.24,12.06,11.12,11.88,12.83,12.46,12.34,13.75,10.57,10.77,11.83,10.77,12.38,11.28,12.14,5.83,5.83,1.26,3.50,99.00,5.68,4.23,1.54,0.62,8.88,8.63,9.52,7.59,9.08],
  [10.88,9.26,1.17,13.77,12.07,6.57,1.96,3.01,3.91,4.98,4.82,1.43,4.93,3.16,6.12,13.58,11.91,12.50,12.10,13.54,13.32,13.20,14.96,11.29,7.21,8.50,9.13,11.02,8.34,10.39,0.96,0.96,5.73,4.65,5.68,99.00,2.63,6.14,5.13,11.59,11.54,9.41,10.25,11.42],
  [12.30,7.87,3.80,16.16,9.44,5.08,4.29,3.14,4.19,5.68,5.43,3.15,6.13,4.63,6.72,14.64,13.50,13.52,13.56,14.86,14.57,14.45,16.11,12.54,9.69,10.96,11.14,13.00,10.71,12.47,2.14,2.14,3.76,2.05,4.23,2.63,99.00,4.09,3.61,12.01,11.86,10.91,10.64,12.00],
  [12.20,4.12,7.12,17.86,7.14,7.81,6.99,4.14,4.47,5.73,5.46,5.74,6.73,6.16,6.23,13.75,13.59,12.64,13.42,14.37,13.99,13.88,15.27,12.11,11.96,13.08,12.21,13.86,12.58,13.59,6.05,6.05,0.45,2.66,1.54,6.14,4.09,99.00,1.49,10.31,10.04,11.05,9.06,10.55],
  [10.82,4.28,5.98,16.37,8.62,8.11,5.70,2.74,2.98,4.26,3.98,4.49,5.24,4.72,4.83,12.54,12.19,11.41,12.05,13.07,12.71,12.59,14.05,10.78,10.51,11.62,10.73,12.39,11.10,12.11,5.24,5.24,1.08,2.97,0.62,5.13,3.61,1.49,99.00,9.29,9.06,9.63,7.98,9.45],
  [4.80,7.77,11.46,12.88,16.62,17.06,10.30,8.97,7.90,6.62,6.79,10.16,6.83,8.54,5.48,4.04,5.99,3.18,5.33,5.25,4.78,4.71,5.43,3.94,10.70,10.87,7.77,8.04,9.97,8.54,12.36,12.36,10.13,12.19,8.88,11.59,12.01,10.31,9.29,99.00,0.43,5.08,1.37,0.73],
  [5.18,7.40,11.45,13.25,16.27,16.90,10.31,8.86,7.80,6.56,6.72,10.12,6.85,8.53,5.42,4.46,6.39,3.61,5.74,5.68,5.21,5.14,5.84,4.34,10.91,11.13,8.07,8.41,10.23,8.88,12.29,12.29,9.87,11.98,8.63,11.54,11.86,10.04,9.06,0.43,99.00,5.39,1.30,1.13],
  [1.47,10.35,8.80,8.10,18.13,15.82,7.60,7.88,6.98,5.46,5.75,8.09,4.78,6.36,4.82,4.55,2.61,3.71,2.69,4.17,4.01,3.90,5.72,2.14,5.94,5.89,2.69,3.29,4.98,3.56,10.35,10.35,10.70,11.93,9.52,9.41,10.91,11.05,9.63,5.08,5.39,99.00,4.62,4.42],
  [4.75,6.83,10.15,12.67,15.54,15.70,9.01,7.60,6.54,5.27,5.44,8.82,5.55,7.23,4.13,4.89,6.10,3.86,5.56,5.87,5.42,5.33,6.37,4.08,9.83,10.14,7.23,7.82,9.25,8.18,11.01,11.01,8.85,10.86,7.59,10.25,10.64,9.06,7.98,1.37,1.30,4.62,99.00,1.49],
  [4.08,8.24,11.22,12.15,17.01,17.07,10.04,8.92,7.85,6.48,6.68,9.99,6.58,8.32,5.36,3.48,5.26,2.54,4.61,4.60,4.14,4.06,4.93,3.21,10.13,10.25,7.11,7.33,9.35,7.84,12.23,12.23,10.34,12.31,9.08,11.42,12.00,10.55,9.45,0.73,1.13,4.42,1.49,99.00]
];
