// Chosen Depots: [1, 2, 3, 6]
// Chosen Demand Points (Original DP No): [2, 12, 13, 16, 17, 19, 91, 95, 97, 101, 102, 107, 110, 111, 113, 121, 122, 123, 127, 128, 133, 138, 139, 140, 141, 144, 145, 146, 147, 148, 151, 153, 155, 156, 159, 160, 161, 163, 166, 167]
// Original Weights: [9, 6, 6, 4, 5, 5, 6, 7, 7, 7, 6, 8, 7, 7, 7, 6, 8, 6, 3, 2, 4, 3, 4, 4, 4, 8, 7, 8, 5, 6, 8, 8, 5, 7, 7, 6, 8, 8, 6, 9]

|W| = 4;
|D| = 40;
V = 54;
C = 3;
|K| = 1;
M = 100;
S = 0.25;
|TR| = 10;
δmax = 18.3;
Runtime = 15;

// Priority weights for selected demand points
pj = [
  9, 6, 6, 4, 5, 5, 6, 7, 7, 7, 6, 8, 7, 7, 7, 6, 8, 6, 3, 2, 4, 3, 4, 4, 4, 8, 7, 8, 5, 6, 8, 8, 5, 7, 7, 6, 8, 8, 6, 9
];

δij =
[
  [99.00,99.00,99.00,99.00,19.21,9.16,7.40,7.41,6.15,8.42,1.03,4.45,2.58,2.39,1.23,3.04,4.20,2.79,3.80,0.99,3.86,2.62,5.09,7.10,3.51,3.89,12.27,11.81,11.81,13.22,11.87,11.96,10.83,10.90,10.58,11.66,12.30,12.20,10.82,13.61,13.25,4.12,1.30,5.18],
  [99.00,99.00,99.00,99.00,8.93,6.12,5.89,8.33,8.33,6.83,11.79,13.62,10.69,11.24,11.52,10.10,13.45,12.72,13.79,10.69,9.10,12.84,12.55,13.25,12.30,13.59,8.88,9.48,9.48,4.76,4.28,3.06,6.71,5.26,3.07,3.44,7.87,4.12,4.28,7.56,4.23,7.83,9.95,7.40],
  [99.00,99.00,99.00,99.00,13.22,3.84,4.86,3.03,4.25,3.36,11.29,14.68,12.08,12.25,11.45,12.02,14.44,13.05,14.06,10.77,11.88,12.89,7.08,6.09,8.25,9.46,2.94,1.98,1.98,7.61,6.68,7.89,3.65,5.10,7.01,7.29,3.80,7.12,5.98,5.54,8.16,10.78,10.16,11.45],
  [99.00,99.00,99.00,99.00,24.93,13.99,12.87,11.27,10.49,12.99,8.11,10.04,10.28,9.81,8.61,10.91,9.89,8.93,8.91,8.99,11.89,8.56,5.97,6.60,5.85,4.60,15.55,14.66,14.66,18.76,17.44,18.03,15.21,16.01,16.65,17.56,16.16,17.86,16.37,17.85,19.03,12.17,9.35,13.25],
  [19.21,8.93,13.22,24.93,99.00,10.94,12.20,13.70,14.45,11.94,20.06,22.34,19.34,19.85,19.88,18.81,22.16,21.26,22.37,19.02,17.89,21.32,18.96,18.80,19.34,20.72,10.47,11.52,11.52,6.19,7.53,7.25,9.88,8.93,8.64,7.58,9.44,7.14,8.62,7.74,6.01,16.57,18.25,16.27],
  [9.16,6.12,3.84,13.99,10.94,99.00,1.86,2.79,3.54,1.01,10.15,13.17,10.24,10.58,10.13,9.97,12.94,11.71,12.82,9.32,9.51,11.65,8.02,8.00,8.50,9.88,3.70,3.84,3.84,4.78,3.52,4.42,1.71,2.02,3.30,3.85,3.30,3.96,2.53,4.45,5.13,8.22,8.57,8.62],
  [7.40,5.89,4.86,12.87,12.20,1.86,99.00,2.48,2.50,1.57,8.37,11.33,8.39,8.73,8.33,8.12,11.10,9.90,11.01,7.50,7.67,9.85,6.98,7.41,7.16,8.54,5.47,5.42,5.42,6.03,4.67,5.16,3.56,3.51,3.78,4.69,5.16,5.06,3.58,6.26,6.21,6.41,6.75,6.87],
  [7.41,8.33,3.03,11.27,13.70,2.79,2.48,99.00,1.26,1.79,8.44,11.75,9.08,9.28,8.55,9.00,11.51,10.16,11.21,7.83,8.85,10.02,5.30,5.22,6.00,7.34,4.91,4.39,4.39,7.56,6.30,7.14,3.97,4.78,5.89,6.59,5.15,6.75,5.29,6.72,7.92,7.77,7.18,8.48],
  [6.15,8.33,4.25,10.49,14.45,3.54,2.50,1.26,99.00,2.58,7.18,10.49,7.83,8.02,7.28,7.78,10.25,8.90,9.94,6.57,7.68,8.76,4.54,4.93,4.97,6.34,6.14,5.66,5.66,8.27,6.94,7.60,4.98,5.54,6.25,7.09,6.30,7.37,5.88,7.78,8.54,6.67,5.93,7.46],
  [8.42,6.83,3.36,12.99,11.94,1.01,1.57,1.79,2.58,99.00,9.43,12.56,9.69,9.99,9.45,9.49,12.32,11.05,12.14,8.66,9.12,10.97,7.02,7.00,7.55,8.93,4.01,3.87,3.87,5.79,4.52,5.38,2.43,3.02,4.18,4.82,3.88,4.96,3.51,5.25,6.13,7.90,7.94,8.41],
  [1.03,11.79,11.29,8.11,20.06,10.15,8.37,8.44,7.18,9.43,99.00,3.46,2.17,1.77,0.50,2.80,3.22,1.79,2.77,1.12,3.82,1.59,5.87,7.90,4.22,4.32,13.29,12.83,12.83,14.12,12.78,12.81,11.82,11.86,11.44,12.53,13.31,13.09,11.74,14.60,14.12,4.41,1.84,5.38],
  [4.45,13.62,14.68,10.04,22.34,13.17,11.33,11.75,10.49,12.56,3.46,99.00,3.03,2.60,3.24,3.54,0.24,1.68,1.13,3.93,4.54,1.95,9.22,11.26,7.55,7.30,16.52,16.13,16.13,16.70,15.41,15.21,14.87,14.70,13.93,15.03,16.43,15.67,14.43,17.58,16.59,5.80,4.62,6.31],
  [2.58,10.69,12.08,10.28,19.34,10.24,8.39,9.08,7.83,9.69,2.17,3.03,99.00,0.60,1.68,0.71,2.83,2.09,3.10,1.62,1.85,2.30,7.64,9.61,6.08,6.41,13.69,13.39,13.39,13.66,12.38,12.18,11.95,11.70,10.90,12.00,13.52,12.64,11.41,14.61,13.56,2.88,1.97,3.61],
  [2.39,11.24,12.25,9.81,19.85,10.58,8.73,9.28,8.02,9.99,1.77,2.60,0.60,99.00,1.29,1.30,2.38,1.50,2.54,1.54,2.45,1.70,7.48,9.48,5.88,6.08,13.97,13.63,13.63,14.12,12.82,12.67,12.29,12.10,11.37,12.47,13.85,13.09,11.84,14.98,14.04,3.45,2.10,4.21],
  [1.23,11.52,11.45,8.61,19.88,10.13,8.33,8.55,7.28,9.45,0.50,3.24,1.68,1.29,99.00,2.31,2.99,1.62,2.69,0.86,3.35,1.52,6.26,8.28,4.63,4.79,13.36,12.94,12.94,13.99,12.66,12.64,11.82,11.79,11.29,12.38,13.34,12.97,11.64,14.58,13.97,4.01,1.64,4.95],
  [3.04,10.10,12.02,10.91,18.81,9.97,8.12,9.00,7.78,9.49,2.80,3.54,0.71,1.30,2.31,99.00,3.36,2.77,3.74,2.05,1.14,3.00,7.99,9.92,6.49,6.93,13.50,13.25,13.25,13.22,11.95,11.70,11.68,11.35,10.44,11.54,13.27,12.19,11.01,14.29,13.09,2.26,2.15,2.92],
  [4.20,13.45,14.44,9.89,22.16,12.94,11.10,11.51,10.25,12.32,3.22,0.24,2.83,2.38,2.99,3.36,99.00,1.43,0.99,3.69,4.38,1.71,8.99,11.02,7.31,7.09,16.28,15.89,15.89,16.49,15.20,15.02,14.64,14.48,13.73,14.83,16.19,15.46,14.22,17.35,16.39,5.62,4.39,6.16],
  [2.79,12.72,13.05,8.93,21.26,11.71,9.90,10.16,8.90,11.05,1.79,1.68,2.09,1.50,1.62,2.77,1.43,99.00,1.12,2.40,3.91,0.37,7.57,9.61,5.90,5.76,14.97,14.55,14.55,15.46,14.14,14.05,13.41,13.33,12.73,13.83,14.94,14.43,13.14,16.15,15.41,4.94,3.15,5.69],
  [3.80,13.79,14.06,8.91,22.37,12.82,11.01,11.21,9.94,12.14,2.77,1.13,3.10,2.54,2.69,3.74,0.99,1.12,99.00,3.50,4.85,1.18,8.29,10.32,6.62,6.27,16.04,15.60,15.60,16.58,15.26,15.17,14.51,14.45,13.84,14.94,16.03,15.55,14.26,17.26,16.52,5.98,4.27,6.65],
  [0.99,10.69,10.77,8.99,19.02,9.32,7.50,7.83,6.57,8.66,1.12,3.93,1.62,1.54,0.86,2.05,3.69,2.40,3.50,99.00,2.91,2.35,6.02,8.00,4.47,4.88,12.60,12.21,12.21,13.14,11.81,11.79,11.01,10.95,10.43,11.53,12.54,12.11,10.78,13.76,13.11,3.32,0.78,4.34],
  [3.86,9.10,11.88,11.89,17.89,9.51,7.67,8.85,7.68,9.12,3.82,4.54,1.85,2.45,3.35,1.14,4.38,3.91,4.85,2.91,99.00,4.15,8.53,10.37,7.14,7.74,13.12,12.96,12.96,12.44,11.21,10.86,11.20,10.74,9.66,10.75,12.81,11.43,10.32,13.72,12.27,1.36,2.72,1.80],
  [2.62,12.84,12.89,8.56,21.32,11.65,9.85,10.02,8.76,10.97,1.59,1.95,2.30,1.70,1.52,3.00,1.71,0.37,1.18,2.35,4.15,99.00,7.27,9.31,5.60,5.41,14.86,14.42,14.42,15.48,14.15,14.10,13.34,13.31,12.76,13.86,14.85,14.45,13.13,16.10,15.44,5.11,3.13,5.91],
  [5.09,12.55,7.08,5.97,18.96,8.02,6.98,5.30,4.54,7.02,5.87,9.22,7.64,7.48,6.26,7.99,8.99,7.57,8.29,6.02,8.53,7.27,99.00,2.04,1.68,2.47,9.80,9.00,9.00,12.79,11.48,12.13,9.26,10.03,10.76,11.63,10.30,11.90,10.42,11.95,13.08,8.17,5.86,9.24],
  [7.10,13.25,6.09,6.60,18.80,8.00,7.41,5.22,4.93,7.00,7.90,11.26,9.61,9.48,8.28,9.92,11.02,9.61,10.32,8.00,10.37,9.31,2.04,99.00,3.71,4.29,9.00,8.07,8.07,12.74,11.51,12.36,8.93,9.96,11.07,11.81,9.69,11.96,10.51,11.42,13.13,9.88,7.77,10.91],
  [3.51,12.30,8.25,5.85,19.34,8.50,7.16,6.00,4.97,7.55,4.22,7.55,6.08,5.88,4.63,6.49,7.31,5.90,6.62,4.47,7.14,5.60,1.68,3.71,99.00,1.38,10.79,10.08,10.08,13.16,11.81,12.29,9.93,10.49,10.89,11.85,11.14,12.21,10.73,12.71,13.37,6.98,4.42,8.07],
  [3.89,13.59,9.46,4.60,20.72,9.88,8.54,7.34,6.34,8.93,4.32,7.30,6.41,6.08,4.79,6.93,7.09,5.76,6.27,4.88,7.74,5.41,2.47,4.29,1.38,99.00,12.08,11.34,11.34,14.54,13.19,13.66,11.29,11.87,12.25,13.22,12.47,13.59,12.11,14.06,14.74,7.79,5.05,8.88],
  [12.27,8.88,2.94,15.55,10.47,3.70,5.47,4.91,6.14,4.01,13.29,16.52,13.69,13.97,13.36,13.50,16.28,14.97,16.04,12.60,13.12,14.86,9.80,9.00,10.79,12.08,99.00,1.05,1.05,5.39,4.87,6.21,2.27,3.62,5.81,5.65,1.16,5.22,4.60,2.73,6.04,11.87,11.90,12.32],
  [11.81,9.48,1.98,14.66,11.52,3.84,5.42,4.39,5.66,3.87,12.83,16.13,13.39,13.63,12.94,13.25,15.89,14.55,15.60,12.21,12.96,14.42,9.00,8.07,10.08,11.34,1.05,99.00,0.00,6.31,5.66,6.98,2.77,4.26,6.42,6.39,2.14,6.05,5.24,3.78,6.94,11.76,11.54,12.29],
  [11.81,9.48,1.98,14.66,11.52,3.84,5.42,4.39,5.66,3.87,12.83,16.13,13.39,13.63,12.94,13.25,15.89,14.55,15.60,12.21,12.96,14.42,9.00,8.07,10.08,11.34,1.05,0.00,99.00,6.31,5.66,6.98,2.77,4.26,6.42,6.39,2.14,6.05,5.24,3.78,6.94,11.76,11.54,12.29],
  [13.22,4.76,7.61,18.76,6.19,4.78,6.03,7.56,8.27,5.79,14.12,16.70,13.66,14.12,13.99,13.22,16.49,15.46,16.58,13.14,12.44,15.48,12.79,12.74,13.16,14.54,5.39,6.31,6.31,99.00,1.36,1.76,3.99,2.79,2.78,1.70,4.22,1.03,2.44,3.17,0.69,11.08,12.36,11.03],
  [11.87,4.28,6.68,17.44,7.53,3.52,4.67,6.30,6.94,4.52,12.78,15.41,12.38,12.82,12.66,11.95,15.20,14.14,15.26,11.81,11.21,14.15,11.48,11.51,11.81,13.19,4.87,5.66,5.66,1.36,99.00,1.35,3.05,1.62,1.63,0.84,3.76,0.45,1.08,3.29,1.62,9.85,11.03,9.87],
  [11.96,3.06,7.89,18.03,7.25,4.42,5.16,7.14,7.60,5.38,12.81,15.21,12.18,12.67,12.64,11.70,15.02,14.05,15.17,11.79,10.86,14.10,12.13,12.36,12.29,13.66,6.21,6.98,6.98,1.76,1.35,99.00,4.30,2.80,1.41,0.60,5.11,1.09,1.93,4.54,1.41,9.51,11.01,9.38],
  [10.83,6.71,3.65,15.21,9.88,1.71,3.56,3.97,4.98,2.43,11.82,14.87,11.95,12.29,11.82,11.68,14.64,13.41,14.51,11.01,11.20,13.34,9.26,8.93,9.93,11.29,2.27,2.77,2.77,3.99,3.05,4.30,99.00,1.51,3.65,3.70,1.62,3.47,2.48,2.81,4.52,9.90,10.27,10.25],
  [10.90,5.26,5.10,16.01,8.93,2.02,3.51,4.78,5.54,3.02,11.86,14.70,11.70,12.10,11.79,11.35,14.48,13.33,14.45,10.95,10.74,13.31,10.03,9.96,10.49,11.87,3.62,4.26,4.26,2.79,1.62,2.80,1.51,99.00,2.19,2.19,2.67,2.06,0.98,3.00,3.20,9.40,10.19,9.60],
  [10.58,3.07,7.01,16.65,8.64,3.30,3.78,5.89,6.25,4.18,11.44,13.93,10.90,11.37,11.29,10.44,13.73,12.73,13.84,10.43,9.66,12.76,10.76,11.07,10.89,12.25,5.81,6.42,6.42,2.78,1.63,1.41,3.65,2.19,99.00,1.10,4.83,1.77,1.22,4.77,2.68,8.30,9.65,8.27],
  [11.66,3.44,7.29,17.56,7.58,3.85,4.69,6.59,7.09,4.82,12.53,15.03,12.00,12.47,12.38,11.54,14.83,13.83,14.94,11.53,10.75,13.86,11.63,11.81,11.85,13.22,5.65,6.39,6.39,1.70,0.84,0.60,3.70,2.19,1.10,99.00,4.56,0.75,1.34,4.12,1.59,9.39,10.75,9.33],
  [12.30,7.87,3.80,16.16,9.44,3.30,5.16,5.15,6.30,3.88,13.31,16.43,13.52,13.85,13.34,13.27,16.19,14.94,16.03,12.54,12.81,14.85,10.30,9.69,11.14,12.47,1.16,2.14,2.14,4.22,3.76,5.11,1.62,2.67,4.83,4.56,99.00,4.09,3.61,1.75,4.88,11.51,11.81,11.86],
  [12.20,4.12,7.12,17.86,7.14,3.96,5.06,6.75,7.37,4.96,13.09,15.67,12.64,13.09,12.97,12.19,15.46,14.43,15.55,12.11,11.43,14.45,11.90,11.96,12.21,13.59,5.22,6.05,6.05,1.03,0.45,1.09,3.47,2.06,1.77,0.75,4.09,99.00,1.49,3.46,1.18,10.07,11.33,10.04],
  [10.82,4.28,5.98,16.37,8.62,2.53,3.58,5.29,5.88,3.51,11.74,14.43,11.41,11.84,11.64,11.01,14.22,13.14,14.26,10.78,10.32,13.13,10.42,10.51,10.73,12.11,4.60,5.24,5.24,2.44,1.08,1.93,2.48,0.98,1.22,1.34,3.61,1.49,99.00,3.67,2.66,8.96,10.01,9.06],
  [13.61,7.56,5.54,17.85,7.74,4.45,6.26,6.72,7.78,5.25,14.60,17.58,14.61,14.98,14.58,14.29,17.35,16.15,17.26,13.76,13.72,16.10,11.95,11.42,12.71,14.06,2.73,3.78,3.78,3.17,3.29,4.54,2.81,3.00,4.77,4.12,1.75,3.46,3.67,99.00,3.86,12.38,13.00,12.60],
  [13.25,4.23,8.16,19.03,6.01,5.13,6.21,7.92,8.54,6.13,14.12,16.59,13.56,14.04,13.97,13.09,16.39,15.41,16.52,13.11,12.27,15.44,13.08,13.13,13.37,14.74,6.04,6.94,6.94,0.69,1.62,1.41,4.52,3.20,2.68,1.59,4.88,1.18,2.66,3.86,99.00,10.91,12.33,10.80],
  [4.12,7.83,10.78,12.17,16.57,8.22,6.41,7.77,6.67,7.90,4.41,5.80,2.88,3.45,4.01,2.26,5.62,4.94,5.98,3.32,1.36,5.11,8.17,9.88,6.98,7.79,11.87,11.76,11.76,11.08,9.85,9.51,9.90,9.40,8.30,9.39,11.51,10.07,8.96,12.38,10.91,99.00,2.83,1.10],
  [1.30,9.95,10.16,9.35,18.25,8.57,6.75,7.18,5.93,7.94,1.84,4.62,1.97,2.10,1.64,2.15,4.39,3.15,4.27,0.78,2.72,3.13,5.86,7.77,4.42,5.05,11.90,11.54,11.54,12.36,11.03,11.01,10.27,10.19,9.65,10.75,11.81,11.33,10.01,13.00,12.33,2.83,99.00,3.90],
  [5.18,7.40,11.45,13.25,16.27,8.62,6.87,8.48,7.46,8.41,5.38,6.31,3.61,4.21,4.95,2.92,6.16,5.69,6.65,4.34,1.80,5.91,9.24,10.91,8.07,8.88,12.32,12.29,12.29,11.03,9.87,9.38,10.25,9.60,8.27,9.33,11.86,10.04,9.06,12.60,10.80,1.10,3.90,99.00]
];
