// Chosen Depots: [1, 2, 3, 6]
// Chosen Demand Points (Original DP No): [2, 6, 10, 11, 14, 21, 22, 25, 26, 27, 29, 30, 87, 88, 91, 93, 95, 97, 98, 100, 102, 103, 104, 106, 109, 110, 111, 113, 114, 115, 118, 122, 123, 127, 130, 132, 133, 134, 136, 137, 138, 142, 143, 146, 148, 149, 150, 151, 153, 154, 156, 157, 158, 162, 163, 164, 166, 167, 168, 170]
// Original Weights: [9, 9, 4, 5, 5, 6, 6, 5, 4, 7, 5, 5, 7, 6, 6, 7, 7, 7, 6, 7, 6, 7, 7, 7, 7, 7, 7, 7, 7, 7, 7, 8, 6, 3, 4, 4, 4, 4, 2, 3, 3, 8, 8, 8, 6, 6, 7, 8, 8, 4, 7, 7, 8, 8, 8, 9, 6, 9, 5, 8]

|W| = 4;
|D| = 60;
V = 54;
C = 3;
|K| = 1;
M = 100;
S = 0.25;
|TR| = 12;
δmax = 18.3;
Runtime = 25;

// Priority weights for selected demand points
pj = [
  9, 9, 4, 5, 5, 6, 6, 5, 4, 7, 5, 5, 7, 6, 6, 7, 7, 7, 6, 7, 6, 7, 7, 7, 7, 7, 7, 7, 7, 7, 7, 8, 6, 3, 4, 4, 4, 4, 2, 3, 3, 8, 8, 8, 6, 6, 7, 8, 8, 4, 7, 7, 8, 8, 8, 9, 6, 9, 5, 8
];

δij =
[
  [99.00,99.00,99.00,99.00,19.21,18.10,9.07,9.24,5.42,8.30,6.76,7.21,9.54,6.11,6.88,7.81,3.22,1.64,1.03,3.60,4.45,2.58,2.57,2.70,1.23,2.57,2.81,2.46,3.63,4.20,2.79,3.80,3.82,4.28,4.65,3.86,2.62,5.09,3.46,3.51,3.51,3.27,5.95,3.84,3.89,11.71,13.37,11.96,10.90,13.24,13.09,10.58,11.66,10.88,12.20,11.63,12.31,13.05,4.12,4.80,1.30,5.18,1.47,4.61],
  [99.00,99.00,99.00,99.00,8.93,8.14,9.37,6.43,7.73,5.99,6.36,6.74,8.34,5.12,8.14,7.88,11.71,11.70,11.79,12.96,13.62,10.69,13.06,12.68,11.52,12.24,12.45,12.14,13.40,13.45,12.72,13.79,12.73,13.17,13.75,9.10,12.84,12.55,13.26,12.30,12.30,13.57,13.42,13.33,13.59,2.64,3.87,3.06,5.26,6.76,5.00,3.07,3.44,9.26,4.12,4.21,3.71,3.85,7.83,7.77,9.95,7.40,10.35,7.19],
  [99.00,99.00,99.00,99.00,13.22,11.91,1.22,3.53,5.27,4.22,4.96,4.22,1.62,7.61,3.61,2.93,13.12,11.85,11.29,13.82,14.68,12.08,12.81,12.97,11.45,12.78,13.03,12.66,13.90,14.44,13.05,14.06,13.95,14.45,14.88,11.88,12.89,7.08,9.45,8.25,8.25,10.13,7.28,9.15,9.46,8.06,8.69,7.89,5.10,5.79,7.23,7.01,7.29,1.17,7.12,6.55,7.61,8.29,10.78,11.46,10.16,11.45,8.80,10.52],
  [99.00,99.00,99.00,99.00,24.93,23.67,11.89,13.89,10.64,13.40,12.23,12.22,13.02,13.08,11.04,11.86,10.29,8.79,8.11,9.64,10.04,10.28,8.16,8.87,8.61,9.19,9.24,9.17,9.20,9.89,8.93,8.91,10.13,10.28,10.18,11.89,8.56,5.97,4.97,5.85,5.85,4.86,5.45,4.83,4.60,17.92,19.34,18.03,16.01,17.83,18.49,16.65,17.56,13.77,17.86,17.21,18.15,18.95,12.17,12.88,9.35,13.25,8.10,12.61],
  [19.21,8.93,13.22,24.93,99.00,1.31,13.51,11.06,14.47,11.56,12.87,12.75,12.24,13.17,13.89,13.10,20.41,20.14,20.06,21.62,22.34,19.34,21.48,21.20,19.88,20.80,21.03,20.69,22.01,22.16,21.26,22.37,21.45,21.91,22.49,17.89,21.32,18.96,20.50,19.34,19.34,21.00,19.58,20.43,20.72,7.52,5.84,7.25,8.93,7.43,6.44,8.64,7.58,12.07,7.14,7.77,6.94,6.17,16.57,16.62,18.25,16.27,18.13,15.94],
  [18.10,8.14,11.91,23.67,1.31,99.00,12.21,9.79,13.26,10.32,11.67,11.52,10.94,12.10,12.63,11.83,19.42,19.07,18.97,20.61,21.35,18.33,20.41,20.16,18.81,19.76,20.00,19.65,20.98,21.16,20.22,21.33,20.45,20.92,21.50,16.94,20.26,17.70,19.29,18.12,18.12,19.79,18.30,19.20,19.50,6.46,4.76,6.16,7.67,6.12,5.19,7.52,6.44,10.76,5.94,6.56,5.79,5.06,15.60,15.70,17.17,15.37,16.98,14.98],
  [9.07,9.37,1.22,11.89,13.51,12.21,99.00,3.01,4.07,3.43,3.90,3.18,1.28,6.57,2.41,1.83,11.90,10.64,10.09,12.61,13.47,10.86,11.61,11.76,10.24,11.56,11.82,11.45,12.69,13.22,11.85,12.86,12.74,13.23,13.67,10.68,11.68,6.12,8.39,7.17,7.17,9.06,6.44,8.12,8.43,7.73,8.59,7.63,4.93,6.12,7.28,6.59,7.04,1.96,6.99,6.38,7.44,8.18,9.61,10.30,8.94,10.31,7.60,9.37],
  [9.24,6.43,3.53,13.89,11.06,9.79,3.01,99.00,3.85,1.07,2.55,2.03,1.92,4.75,2.86,2.05,11.51,10.59,10.23,12.45,13.30,10.39,11.78,11.75,10.23,11.45,11.71,11.33,12.67,13.07,11.83,12.92,12.47,12.97,13.48,9.70,11.75,7.91,9.66,8.46,8.46,10.24,8.52,9.52,9.83,4.74,5.73,4.66,2.14,4.11,4.63,3.58,4.08,3.01,4.14,3.50,4.55,5.32,8.43,8.97,8.69,8.86,7.88,8.02],
  [5.42,7.73,5.27,10.64,14.47,13.26,4.07,3.85,99.00,3.01,1.61,1.83,4.22,3.22,1.66,2.47,7.95,6.85,6.43,8.78,9.64,6.88,7.99,8.01,6.48,7.75,8.01,7.63,8.94,9.40,8.09,9.17,8.85,9.35,9.83,6.62,7.99,4.84,6.03,4.89,4.89,6.53,5.69,5.97,6.26,7.28,8.75,7.41,5.71,7.93,8.09,6.01,6.96,5.63,7.34,6.70,7.57,8.37,5.58,6.30,5.03,6.35,4.03,5.39],
  [8.30,5.99,4.22,13.40,11.56,10.32,3.43,1.07,3.01,99.00,1.54,1.20,2.62,3.70,2.42,1.91,10.47,9.60,9.28,11.44,12.28,9.35,10.82,10.76,9.26,10.45,10.71,10.33,11.67,12.05,10.83,11.94,11.44,11.95,12.46,8.64,10.77,7.44,8.98,7.80,7.80,9.51,8.14,8.88,9.18,4.73,5.98,4.75,2.71,4.95,5.14,3.46,4.22,3.91,4.47,3.81,4.78,5.58,7.36,7.90,7.69,7.80,6.98,6.96],
  [6.76,6.36,4.96,12.23,12.87,11.67,3.90,2.55,1.61,1.54,99.00,0.74,3.55,2.67,1.89,2.07,8.96,8.06,7.74,9.91,10.75,7.84,9.28,9.22,7.71,8.91,9.18,8.79,10.14,10.52,9.29,10.40,9.92,10.43,10.94,7.23,9.23,6.37,7.64,6.50,6.50,8.13,7.16,7.58,7.87,5.69,7.14,5.80,4.17,6.48,6.51,4.42,5.35,4.98,5.73,5.10,5.97,6.76,6.01,6.62,6.15,6.56,5.46,5.67],
  [7.21,6.74,4.22,12.22,12.75,11.52,3.18,2.03,1.83,1.20,0.74,99.00,2.83,3.40,1.40,1.36,9.56,8.58,8.21,10.46,11.32,8.45,9.76,9.74,8.22,9.45,9.72,9.33,10.67,11.08,9.82,10.91,10.50,11.00,11.50,7.92,9.74,6.28,7.78,6.60,6.60,8.32,7.01,7.68,7.98,5.79,7.13,5.85,3.90,6.10,6.34,4.51,5.35,4.25,5.65,5.00,5.94,6.74,6.72,7.34,6.70,7.29,5.85,6.39],
  [9.54,8.34,1.62,13.02,12.24,10.94,1.28,1.92,4.22,2.62,3.55,2.83,99.00,6.15,2.67,1.75,12.18,11.04,10.57,12.98,13.85,11.10,12.11,12.19,10.66,11.95,12.21,11.83,13.13,13.61,12.27,13.33,13.07,13.57,14.04,10.70,12.15,7.15,9.27,8.04,8.04,9.91,7.57,9.04,9.35,6.55,7.33,6.41,3.68,4.88,6.00,5.45,5.81,1.43,5.74,5.13,6.20,6.92,9.53,10.16,9.25,10.12,8.09,9.21],
  [6.11,5.12,7.61,13.08,13.17,12.10,6.57,4.75,3.22,3.70,2.67,3.40,6.15,99.00,4.41,4.74,7.41,6.97,6.90,8.55,9.33,6.29,8.32,8.06,6.71,7.67,7.91,7.56,8.89,9.12,8.12,9.23,8.44,8.93,9.49,5.19,8.16,7.70,8.16,7.24,7.24,8.45,8.64,8.25,8.49,5.65,7.34,5.94,5.55,7.97,7.32,4.62,5.71,7.54,6.34,5.86,6.36,7.05,3.85,4.28,5.08,4.13,5.25,3.35],
  [6.88,8.14,3.61,11.04,13.89,12.63,2.41,2.86,1.66,2.42,1.89,1.40,2.67,4.41,99.00,0.96,9.56,8.39,7.90,10.33,11.20,8.50,9.45,9.53,8.00,9.30,9.56,9.18,10.46,10.96,9.61,10.66,10.44,10.93,11.39,8.27,9.48,5.07,6.85,5.63,5.63,7.45,5.72,6.68,6.99,7.14,8.39,7.17,4.96,6.92,7.45,5.86,6.64,4.02,6.86,6.20,7.19,7.99,7.21,7.91,6.61,7.94,5.43,6.99],
  [7.81,7.88,2.93,11.86,13.10,11.83,1.83,2.05,2.47,1.91,2.07,1.36,1.75,4.74,0.96,99.00,10.42,9.29,8.83,11.23,12.09,9.35,10.38,10.44,8.91,10.20,10.46,10.08,11.38,11.85,10.52,11.59,11.32,11.82,12.29,9.00,10.40,5.89,7.77,6.55,6.55,8.38,6.47,7.60,7.90,6.60,7.73,6.58,4.19,6.02,6.68,5.35,6.02,3.16,6.16,5.51,6.54,7.32,7.88,8.54,7.49,8.53,6.36,7.60],
  [3.22,11.71,13.12,10.29,20.41,19.42,11.90,11.51,7.95,10.47,8.96,9.56,12.18,7.41,9.56,10.42,99.00,1.69,2.48,1.28,1.93,1.13,2.20,1.49,2.05,1.10,1.11,1.11,1.79,1.75,1.46,2.22,1.03,1.52,2.08,2.67,1.80,8.30,6.38,6.67,6.67,5.97,9.13,6.82,6.79,12.96,14.67,13.28,12.83,15.26,14.73,12.01,13.11,13.58,13.75,13.27,13.75,14.41,3.87,4.04,2.96,4.46,4.55,4.52],
  [1.64,11.70,11.85,8.79,20.14,19.07,10.64,10.59,6.85,9.60,8.06,8.58,11.04,6.97,8.39,9.29,1.69,99.00,0.79,1.97,2.83,1.51,1.36,1.16,0.41,0.93,1.19,0.82,2.09,2.59,1.24,2.34,2.18,2.64,3.03,3.30,1.19,6.64,4.69,5.00,5.00,4.31,7.45,5.13,5.11,12.62,14.32,12.91,12.12,14.51,14.19,11.57,12.66,12.40,13.25,12.72,13.31,14.02,4.08,4.54,1.94,4.97,3.08,4.69],
  [1.03,11.79,11.29,8.11,20.06,18.97,10.09,10.23,6.43,9.28,7.74,8.21,10.57,6.90,7.90,8.83,2.48,0.79,99.00,2.63,3.46,2.17,1.55,1.70,0.50,1.64,1.86,1.54,2.62,3.22,1.79,2.77,2.91,3.34,3.67,3.82,1.59,5.87,3.91,4.22,4.22,3.54,6.67,4.34,4.32,12.54,14.22,12.81,11.86,14.22,14.01,11.44,12.53,11.90,13.09,12.54,13.18,13.91,4.41,4.97,1.84,5.38,2.50,4.97],
  [3.60,12.96,13.82,9.64,21.62,20.61,12.61,12.45,8.78,11.44,9.91,10.46,12.98,8.55,10.33,11.23,1.28,1.97,2.63,99.00,0.86,2.29,1.55,0.97,2.38,1.04,0.79,1.16,0.55,0.62,0.88,0.98,0.50,0.73,1.06,3.94,1.21,8.44,6.25,6.77,6.77,5.73,9.18,6.71,6.62,14.14,15.85,14.46,13.88,16.29,15.86,13.16,14.26,14.36,14.89,14.38,14.90,15.58,5.13,5.32,3.77,5.74,5.05,5.77],
  [4.45,13.62,14.68,10.04,22.34,21.35,13.47,13.30,9.64,12.28,10.75,11.32,13.85,9.33,11.20,12.09,1.93,2.83,3.46,0.86,99.00,3.03,2.21,1.77,3.24,1.90,1.64,2.02,0.94,0.24,1.68,1.13,0.90,0.48,0.20,4.54,1.95,9.22,6.95,7.55,7.55,6.39,9.93,7.41,7.30,14.89,16.60,15.21,14.70,17.12,16.64,13.93,15.03,15.22,15.67,15.17,15.67,16.33,5.80,5.90,4.62,6.31,5.91,6.44],
  [2.58,10.69,12.08,10.28,19.34,18.33,10.86,10.39,6.88,9.35,7.84,8.45,11.10,6.29,8.50,9.35,1.13,1.51,2.17,2.29,3.03,99.00,2.63,2.07,1.68,1.60,1.79,1.53,2.70,2.83,2.09,3.10,2.14,2.64,3.19,1.85,2.30,7.64,5.98,6.08,6.08,5.68,8.52,6.39,6.41,11.87,13.57,12.18,11.70,14.13,13.61,10.90,12.00,12.50,12.64,12.14,12.64,13.30,2.88,3.18,1.97,3.61,3.71,3.52],
  [2.57,13.06,12.81,8.16,21.48,20.41,11.61,11.78,7.99,10.82,9.28,9.76,12.11,8.32,9.45,10.38,2.20,1.36,1.55,1.55,2.21,2.63,99.00,0.72,1.61,1.12,1.10,1.15,1.28,2.00,0.77,1.29,2.01,2.27,2.41,4.48,0.41,7.03,4.74,5.36,5.36,4.19,7.72,5.20,5.09,13.97,15.66,14.25,13.38,15.75,15.50,12.90,13.99,13.44,14.57,14.03,14.64,15.36,5.40,5.80,3.25,6.23,4.02,6.02],
  [2.70,12.68,12.97,8.87,21.20,20.16,11.76,11.75,8.01,10.76,9.22,9.74,12.19,8.06,9.53,10.44,1.49,1.16,1.70,0.97,1.77,2.07,0.72,99.00,1.53,0.47,0.38,0.54,0.94,1.53,0.09,1.19,1.36,1.70,1.97,3.90,0.31,7.48,5.29,5.81,5.81,4.79,8.22,5.75,5.67,13.70,15.40,14.00,13.26,15.66,15.31,12.67,13.76,13.54,14.37,13.84,14.41,15.11,4.91,5.25,3.08,5.68,4.17,5.55],
  [1.23,11.52,11.45,8.61,19.88,18.81,10.24,10.23,6.48,9.26,7.71,8.22,10.66,6.71,8.00,8.91,2.05,0.41,0.50,2.38,3.24,1.68,1.61,1.53,99.00,1.34,1.59,1.23,2.47,2.99,1.62,2.69,2.59,3.05,3.44,3.35,1.52,6.26,4.37,4.63,4.63,4.03,7.08,4.80,4.79,12.37,14.05,12.64,11.79,14.17,13.89,11.29,12.38,12.01,12.97,12.42,13.03,13.75,4.01,4.54,1.64,4.95,2.67,4.60],
  [2.57,12.24,12.78,9.19,20.80,19.76,11.56,11.45,7.75,10.45,8.91,9.45,11.95,7.67,9.30,10.20,1.10,0.93,1.64,1.04,1.90,1.60,1.12,0.47,1.34,99.00,0.26,0.12,1.24,1.66,0.49,1.57,1.27,1.71,2.10,3.43,0.73,7.50,5.43,5.84,5.84,4.96,8.28,5.88,5.82,13.30,15.00,13.60,12.92,15.33,14.94,12.28,13.38,13.32,13.99,13.47,14.02,14.71,4.46,4.78,2.76,5.21,4.01,5.10],
  [2.81,12.45,13.03,9.24,21.03,20.00,11.82,11.71,8.01,10.71,9.18,9.72,12.21,7.91,9.56,10.46,1.11,1.19,1.86,0.79,1.64,1.79,1.10,0.38,1.59,0.26,99.00,0.38,0.98,1.40,0.35,1.33,1.07,1.48,1.85,3.59,0.69,7.71,5.59,6.04,6.04,5.10,8.47,6.04,5.97,13.54,15.24,13.84,13.18,15.59,15.20,12.53,13.63,13.58,14.24,13.72,14.27,14.96,4.66,4.95,3.02,5.38,4.27,5.30],
  [2.46,12.14,12.66,9.17,20.69,19.65,11.45,11.33,7.63,10.33,8.79,9.33,11.83,7.56,9.18,10.08,1.11,0.82,1.54,1.16,2.02,1.53,1.15,0.54,1.23,0.12,0.38,99.00,1.35,1.78,0.58,1.68,1.37,1.82,2.22,3.37,0.78,7.41,5.35,5.75,5.75,4.90,8.19,5.80,5.75,13.19,14.89,13.49,12.81,15.21,14.83,12.17,13.27,13.20,13.88,13.36,13.91,14.60,4.37,4.71,2.64,5.14,3.90,5.01],
  [3.63,13.40,13.90,9.20,22.01,20.98,12.69,12.67,8.94,11.67,10.14,10.67,13.13,8.89,10.46,11.38,1.79,2.09,2.62,0.55,0.94,2.70,1.28,0.94,2.47,1.24,0.98,1.35,99.00,0.73,0.85,0.43,1.04,1.09,1.13,4.43,1.04,8.30,6.01,6.62,6.62,5.45,9.00,6.47,6.36,14.51,16.22,14.82,14.16,16.56,16.18,13.51,14.61,14.48,15.22,14.70,15.25,15.94,5.57,5.81,3.99,6.23,5.10,6.22],
  [4.20,13.45,14.44,9.89,22.16,21.16,13.22,13.07,9.40,12.05,10.52,11.08,13.61,9.12,10.96,11.85,1.75,2.59,3.22,0.62,0.24,2.83,2.00,1.53,2.99,1.66,1.40,1.78,0.73,99.00,1.43,0.99,0.73,0.44,0.45,4.38,1.71,8.99,6.73,7.31,7.31,6.18,9.70,7.20,7.09,14.69,16.40,15.02,14.48,16.90,16.43,13.73,14.83,14.98,15.46,14.96,15.47,16.14,5.62,5.75,4.39,6.16,5.66,6.26],
  [2.79,12.72,13.05,8.93,21.26,20.22,11.85,11.83,8.09,10.83,9.29,9.82,12.27,8.12,9.61,10.52,1.46,1.24,1.79,0.88,1.68,2.09,0.77,0.09,1.62,0.49,0.35,0.58,0.85,1.43,99.00,1.12,1.28,1.61,1.88,3.91,0.37,7.57,5.38,5.90,5.90,4.87,8.31,5.84,5.76,13.76,15.46,14.05,13.33,15.73,15.38,12.73,13.83,13.63,14.43,13.90,14.47,15.17,4.94,5.27,3.15,5.69,4.26,5.58],
  [3.80,13.79,14.06,8.91,22.37,21.33,12.86,12.92,9.17,11.94,10.40,10.91,13.33,9.23,10.66,11.59,2.22,2.34,2.77,0.98,1.13,3.10,1.29,1.19,2.69,1.57,1.33,1.68,0.43,0.99,1.12,99.00,1.45,1.41,1.28,4.85,1.18,8.29,5.94,6.62,6.62,5.34,8.96,6.40,6.27,14.87,16.57,15.17,14.45,16.84,16.50,13.84,14.94,14.67,15.55,15.03,15.59,16.28,5.98,6.23,4.27,6.65,5.27,6.62],
  [3.82,12.73,13.95,10.13,21.45,20.45,12.74,12.47,8.85,11.44,9.92,10.50,13.07,8.44,10.44,11.32,1.03,2.18,2.91,0.50,0.90,2.14,2.01,1.36,2.59,1.27,1.07,1.37,1.04,0.73,1.28,1.45,99.00,0.50,1.05,3.65,1.64,8.77,6.64,7.11,7.11,6.14,9.54,7.10,7.03,13.99,15.70,14.32,13.84,16.26,15.76,13.04,14.14,14.46,14.78,14.29,14.78,15.44,4.90,5.02,3.83,5.43,5.25,5.54],
  [4.28,13.17,14.45,10.28,21.91,20.92,13.23,12.97,9.35,11.95,10.43,11.00,13.57,8.93,10.93,11.82,1.52,2.64,3.34,0.73,0.48,2.64,2.27,1.70,3.05,1.71,1.48,1.82,1.09,0.44,1.61,1.41,0.50,99.00,0.58,4.08,1.94,9.17,6.98,7.50,7.50,6.45,9.92,7.44,7.35,14.47,16.18,14.80,14.34,16.76,16.25,13.53,14.62,14.96,15.27,14.78,15.26,15.92,5.35,5.43,4.33,5.84,5.72,5.99],
  [4.65,13.75,14.88,10.18,22.49,21.50,13.67,13.48,9.83,12.46,10.94,11.50,14.04,9.49,11.39,12.29,2.08,3.03,3.67,1.06,0.20,3.19,2.41,1.97,3.44,2.10,1.85,2.22,1.13,0.45,1.88,1.28,1.05,0.58,99.00,4.66,2.15,9.42,7.14,7.75,7.75,6.58,10.13,7.61,7.49,15.04,16.75,15.36,14.88,17.29,16.81,14.09,15.19,15.42,15.83,15.34,15.82,16.49,5.93,6.01,4.81,6.41,6.11,6.57],
  [3.86,9.10,11.88,11.89,17.89,16.94,10.68,9.70,6.62,8.64,7.23,7.92,10.70,5.19,8.27,9.00,2.67,3.30,3.82,3.94,4.54,1.85,4.48,3.90,3.35,3.43,3.59,3.37,4.43,4.38,3.91,4.85,3.65,4.08,4.66,99.00,4.15,8.53,7.30,7.14,7.14,7.13,9.48,7.66,7.74,10.52,12.22,10.86,10.74,13.16,12.43,9.66,10.75,12.13,11.43,10.99,11.37,11.98,1.36,1.37,2.72,1.80,4.50,1.96],
  [2.62,12.84,12.89,8.56,21.32,20.26,11.68,11.75,7.99,10.77,9.23,9.74,12.15,8.16,9.48,10.40,1.80,1.19,1.59,1.21,1.95,2.30,0.41,0.31,1.52,0.73,0.69,0.78,1.04,1.71,0.37,1.18,1.64,1.94,2.15,4.15,99.00,7.27,5.04,5.60,5.60,4.52,7.99,5.51,5.41,13.81,15.50,14.10,13.31,15.69,15.39,12.76,13.86,13.49,14.45,13.91,14.50,15.21,5.11,5.48,3.13,5.91,4.09,5.74],
  [5.09,12.55,7.08,5.97,18.96,17.70,6.12,7.91,4.84,7.44,6.37,6.28,7.15,7.70,5.07,5.89,8.30,6.64,5.87,8.44,9.22,7.64,7.03,7.48,6.26,7.50,7.71,7.41,8.30,8.99,7.57,8.29,8.77,9.17,9.42,8.53,7.27,99.00,2.58,1.68,1.68,3.30,0.99,2.19,2.47,12.04,13.41,12.13,10.03,11.88,12.52,10.76,11.63,8.06,11.90,11.25,12.21,13.01,8.17,8.98,5.86,9.24,4.04,8.37],
  [3.46,13.26,9.45,4.97,20.50,19.29,8.39,9.66,6.03,8.98,7.64,7.78,9.27,8.16,6.85,7.77,6.38,4.69,3.91,6.25,6.95,5.98,4.74,5.29,4.37,5.43,5.59,5.35,6.01,6.73,5.38,5.94,6.64,6.98,7.14,7.30,5.04,2.58,99.00,1.23,1.23,0.72,3.06,0.46,0.43,13.24,14.76,13.40,11.68,13.76,14.11,11.99,12.98,10.34,13.37,12.73,13.60,14.39,7.36,8.11,4.61,8.46,3.15,7.74],
  [3.51,12.30,8.25,5.85,19.34,18.12,7.17,8.46,4.89,7.80,6.50,6.60,8.04,7.24,5.63,6.55,6.67,5.00,4.22,6.77,7.55,6.08,5.36,5.81,4.63,5.84,6.04,5.75,6.62,7.31,5.90,6.62,7.11,7.50,7.75,7.14,5.60,1.68,1.23,99.00,0.00,1.89,2.45,1.08,1.38,12.15,13.64,12.29,10.49,12.54,12.93,10.89,11.85,9.13,12.21,11.57,12.46,13.26,6.98,7.77,4.42,8.07,2.69,7.27],
  [3.51,12.30,8.25,5.85,19.34,18.12,7.17,8.46,4.89,7.80,6.50,6.60,8.04,7.24,5.63,6.55,6.67,5.00,4.22,6.77,7.55,6.08,5.36,5.81,4.63,5.84,6.04,5.75,6.62,7.31,5.90,6.62,7.11,7.50,7.75,7.14,5.60,1.68,1.23,0.00,99.00,1.89,2.45,1.08,1.38,12.15,13.64,12.29,10.49,12.54,12.93,10.89,11.85,9.13,12.21,11.57,12.46,13.26,6.98,7.77,4.42,8.07,2.69,7.27],
  [3.27,13.57,10.13,4.86,21.00,19.79,9.06,10.24,6.53,9.51,8.13,8.32,9.91,8.45,7.45,8.38,5.97,4.31,3.54,5.73,6.39,5.68,4.19,4.79,4.03,4.96,5.10,4.90,5.45,6.18,4.87,5.34,6.14,6.45,6.58,7.13,4.52,3.30,0.72,1.89,1.89,99.00,3.74,1.14,0.94,13.68,15.23,13.85,12.22,14.34,14.63,12.44,13.44,11.02,13.86,13.23,14.07,14.86,7.33,8.04,4.52,8.41,3.29,7.75],
  [5.95,13.42,7.28,5.45,19.58,18.30,6.44,8.52,5.69,8.14,7.16,7.01,7.57,8.64,5.72,6.47,9.13,7.45,6.67,9.18,9.93,8.52,7.72,8.22,7.08,8.28,8.47,8.19,9.00,9.70,8.31,8.96,9.54,9.92,10.13,9.48,7.99,0.99,3.06,2.45,2.45,3.74,99.00,2.60,2.81,12.80,14.11,12.86,10.66,12.39,13.15,11.52,12.35,8.34,12.58,11.93,12.91,13.71,9.16,9.97,6.79,10.23,4.98,9.36],
  [3.84,13.33,9.15,4.83,20.43,19.20,8.12,9.52,5.97,8.88,7.58,7.68,9.04,8.25,6.68,7.60,6.82,5.13,4.34,6.71,7.41,6.39,5.20,5.75,4.80,5.88,6.04,5.80,6.47,7.20,5.84,6.40,7.10,7.44,7.61,7.66,5.51,2.19,0.46,1.08,1.08,1.14,2.60,99.00,0.31,13.23,14.72,13.37,11.57,13.60,14.02,11.97,12.93,10.08,13.30,12.66,13.55,14.34,7.66,8.43,4.95,8.76,3.40,8.01],
  [3.89,13.59,9.46,4.60,20.72,19.50,8.43,9.83,6.26,9.18,7.87,7.98,9.35,8.49,6.99,7.90,6.79,5.11,4.32,6.62,7.30,6.41,5.09,5.67,4.79,5.82,5.97,5.75,6.36,7.09,5.76,6.27,7.03,7.35,7.49,7.74,5.41,2.47,0.43,1.38,1.38,0.94,2.81,0.31,99.00,13.51,15.01,13.66,11.87,13.91,14.31,12.25,13.22,10.39,13.59,12.95,13.84,14.63,7.79,8.54,5.05,8.88,3.56,8.16],
  [11.71,2.64,8.06,17.92,7.52,6.46,7.73,4.74,7.28,4.73,5.69,5.79,6.55,5.65,7.14,6.60,12.96,12.62,12.54,14.14,14.89,11.87,13.97,13.70,12.37,13.30,13.54,13.19,14.51,14.69,13.76,14.87,13.99,14.47,15.04,10.52,13.81,12.04,13.24,12.15,12.15,13.68,12.80,13.23,13.51,99.00,1.71,0.43,3.00,4.13,2.38,1.28,0.86,7.19,1.48,1.68,1.08,1.48,9.17,9.32,10.73,9.01,10.68,8.56],
  [13.37,3.87,8.69,19.34,5.84,4.76,8.59,5.73,8.75,5.98,7.14,7.13,7.33,7.34,8.39,7.73,14.67,14.32,14.22,15.85,16.60,13.57,15.66,15.40,14.05,15.00,15.24,14.89,16.22,16.40,15.46,16.57,15.70,16.18,16.75,12.22,15.50,13.41,14.76,13.64,13.64,15.23,14.11,14.72,15.01,1.71,99.00,1.41,3.66,3.68,1.67,2.80,1.79,7.68,1.60,2.23,1.20,0.41,10.87,11.01,12.42,10.70,12.30,10.26],
  [11.96,3.06,7.89,18.03,7.25,6.16,7.63,4.66,7.41,4.75,5.80,5.85,6.41,5.94,7.17,6.58,13.28,12.91,12.81,14.46,15.21,12.18,14.25,14.00,12.64,13.60,13.84,13.49,14.82,15.02,14.05,15.17,14.32,14.80,15.36,10.86,14.10,12.13,13.40,12.29,12.29,13.85,12.86,13.37,13.66,0.43,1.41,99.00,2.80,3.74,1.96,1.41,0.60,6.99,1.09,1.39,0.65,1.12,9.51,9.68,11.01,9.38,10.90,8.91],
  [10.90,5.26,5.10,16.01,8.93,7.67,4.93,2.14,5.71,2.71,4.17,3.90,3.68,5.55,4.96,4.19,12.83,12.12,11.86,13.88,14.70,11.70,13.38,13.26,11.79,12.92,13.18,12.81,14.16,14.48,13.33,14.45,13.84,14.34,14.88,10.74,13.31,10.03,11.68,10.49,10.49,12.22,10.66,11.57,11.87,3.00,3.66,2.80,99.00,2.43,2.49,2.19,2.19,4.20,2.06,1.46,2.52,3.25,9.40,9.79,10.19,9.60,9.63,8.89],
  [13.24,6.76,5.79,17.83,7.43,6.12,6.12,4.11,7.93,4.95,6.48,6.10,4.88,7.97,6.92,6.02,15.26,14.51,14.22,16.29,17.12,14.13,15.75,15.66,14.17,15.33,15.59,15.21,16.56,16.90,15.73,16.84,16.26,16.76,17.29,13.16,15.69,11.88,13.76,12.54,12.54,14.34,12.39,13.60,13.91,4.13,3.68,3.74,2.43,99.00,2.01,4.02,3.33,4.65,2.66,2.61,3.13,3.39,11.82,12.19,12.58,11.98,11.93,11.30],
  [13.09,5.00,7.23,18.49,6.44,5.19,7.28,4.63,8.09,5.14,6.51,6.34,6.00,7.32,7.45,6.68,14.73,14.19,14.01,15.86,16.64,13.61,15.50,15.31,13.89,14.94,15.20,14.83,16.18,16.43,15.38,16.50,15.76,16.25,16.81,12.43,15.39,12.52,14.11,12.93,12.93,14.63,13.15,14.02,14.31,2.38,1.67,1.96,2.49,2.01,99.00,2.79,1.77,6.17,1.03,1.47,1.30,1.38,11.07,11.33,12.26,11.06,11.90,10.50],
  [10.58,3.07,7.01,16.65,8.64,7.52,6.59,3.58,6.01,3.46,4.42,4.51,5.45,4.62,5.86,5.35,12.01,11.57,11.44,13.16,13.93,10.90,12.90,12.67,11.29,12.28,12.53,12.17,13.51,13.73,12.73,13.84,13.04,13.53,14.09,9.66,12.76,10.76,11.99,10.89,10.89,12.44,11.52,11.97,12.25,1.28,2.80,1.41,2.19,4.02,2.79,99.00,1.10,6.24,1.77,1.45,1.74,2.47,8.30,8.54,9.65,8.27,9.50,7.72],
  [11.66,3.44,7.29,17.56,7.58,6.44,7.04,4.08,6.96,4.22,5.35,5.35,5.81,5.71,6.64,6.02,13.11,12.66,12.53,14.26,15.03,12.00,13.99,13.76,12.38,13.38,13.63,13.27,14.61,14.83,13.83,14.94,14.14,14.62,15.19,10.75,13.86,11.63,12.98,11.85,11.85,13.44,12.35,12.93,13.22,0.86,1.79,0.60,2.19,3.33,1.77,1.10,99.00,6.39,0.75,0.82,0.65,1.42,9.39,9.61,10.75,9.33,10.55,8.80],
  [10.88,9.26,1.17,13.77,12.07,10.76,1.96,3.01,5.63,3.91,4.98,4.25,1.43,7.54,4.02,3.16,13.58,12.40,11.90,14.36,15.22,12.50,13.44,13.54,12.01,13.32,13.58,13.20,14.48,14.98,13.63,14.67,14.46,14.96,15.42,12.13,13.49,8.06,10.34,9.13,9.13,11.02,8.34,10.08,10.39,7.19,7.68,6.99,4.20,4.65,6.17,6.24,6.39,99.00,6.14,5.62,6.65,7.29,10.96,11.59,10.63,11.54,9.41,10.64],
  [12.20,4.12,7.12,17.86,7.14,5.94,6.99,4.14,7.34,4.47,5.73,5.65,5.74,6.34,6.86,6.16,13.75,13.25,13.09,14.89,15.67,12.64,14.57,14.37,12.97,13.99,14.24,13.88,15.22,15.46,14.43,15.55,14.78,15.27,15.83,11.43,14.45,11.90,13.37,12.21,12.21,13.86,12.58,13.30,13.59,1.48,1.60,1.09,2.06,2.66,1.03,1.77,0.75,6.14,99.00,0.65,0.53,1.19,10.07,10.31,11.33,10.04,11.05,9.49],
  [11.63,4.21,6.55,17.21,7.77,6.56,6.38,3.50,6.70,3.81,5.10,5.00,5.13,5.86,6.20,5.51,13.27,12.72,12.54,14.38,15.17,12.14,14.03,13.84,12.42,13.47,13.72,13.36,14.70,14.96,13.90,15.03,14.29,14.78,15.34,10.99,13.91,11.25,12.73,11.57,11.57,13.23,11.93,12.66,12.95,1.68,2.23,1.39,1.46,2.61,1.47,1.45,0.82,5.62,0.65,99.00,1.06,1.82,9.63,9.91,10.79,9.66,10.46,9.07],
  [12.31,3.71,7.61,18.15,6.94,5.79,7.44,4.55,7.57,4.78,5.97,5.94,6.20,6.36,7.19,6.54,13.75,13.31,13.18,14.90,15.67,12.64,14.64,14.41,13.03,14.02,14.27,13.91,15.25,15.47,14.47,15.59,14.78,15.26,15.82,11.37,14.50,12.21,13.60,12.46,12.46,14.07,12.91,13.55,13.84,1.08,1.20,0.65,2.52,3.13,1.30,1.74,0.65,6.65,0.53,1.06,99.00,0.80,10.01,10.21,11.39,9.93,11.20,9.42],
  [13.05,3.85,8.29,18.95,6.17,5.06,8.18,5.32,8.37,5.58,6.76,6.74,6.92,7.05,7.99,7.32,14.41,14.02,13.91,15.58,16.33,13.30,15.36,15.11,13.75,14.71,14.96,14.60,15.94,16.14,15.17,16.28,15.44,15.92,16.49,11.98,15.21,13.01,14.39,13.26,13.26,14.86,13.71,14.34,14.63,1.48,0.41,1.12,3.25,3.39,1.38,2.47,1.42,7.29,1.19,1.82,0.80,99.00,10.63,10.79,12.11,10.49,11.96,10.03],
  [4.12,7.83,10.78,12.17,16.57,15.60,9.61,8.43,5.58,7.36,6.01,6.72,9.53,3.85,7.21,7.88,3.87,4.08,4.41,5.13,5.80,2.88,5.40,4.91,4.01,4.46,4.66,4.37,5.57,5.62,4.94,5.98,4.90,5.35,5.93,1.36,5.11,8.17,7.36,6.98,6.98,7.33,9.16,7.66,7.79,9.17,10.87,9.51,9.40,11.82,11.07,8.30,9.39,10.96,10.07,9.63,10.01,10.63,99.00,0.82,2.83,1.10,4.29,0.64],
  [4.80,7.77,11.46,12.88,16.62,15.70,10.30,8.97,6.30,7.90,6.62,7.34,10.16,4.28,7.91,8.54,4.04,4.54,4.97,5.32,5.90,3.18,5.80,5.25,4.54,4.78,4.95,4.71,5.81,5.75,5.27,6.23,5.02,5.43,6.01,1.37,5.48,8.98,8.11,7.77,7.77,8.04,9.97,8.43,8.54,9.32,11.01,9.68,9.79,12.19,11.33,8.54,9.61,11.59,10.31,9.91,10.21,10.79,0.82,99.00,3.53,0.43,5.08,0.95],
  [1.30,9.95,10.16,9.35,18.25,17.17,8.94,8.69,5.03,7.69,6.15,6.70,9.25,5.08,6.61,7.49,2.96,1.94,1.84,3.77,4.62,1.97,3.25,3.08,1.64,2.76,3.02,2.64,3.99,4.39,3.15,4.27,3.83,4.33,4.81,2.72,3.13,5.86,4.61,4.42,4.42,4.52,6.79,4.95,5.05,10.73,12.42,11.01,10.19,12.58,12.26,9.65,10.75,10.63,11.33,10.79,11.39,12.11,2.83,3.53,99.00,3.90,1.83,3.31],
  [5.18,7.40,11.45,13.25,16.27,15.37,10.31,8.86,6.35,7.80,6.56,7.29,10.12,4.13,7.94,8.53,4.46,4.97,5.38,5.74,6.31,3.61,6.23,5.68,4.95,5.21,5.38,5.14,6.23,6.16,5.69,6.65,5.43,5.84,6.41,1.80,5.91,9.24,8.46,8.07,8.07,8.41,10.23,8.76,8.88,9.01,10.70,9.38,9.60,11.98,11.06,8.27,9.33,11.54,10.04,9.66,9.93,10.49,1.10,0.43,3.90,99.00,5.39,0.96],
  [1.47,10.35,8.80,8.10,18.13,16.98,7.60,7.88,4.03,6.98,5.46,5.85,8.09,5.25,5.43,6.36,4.55,3.08,2.50,5.05,5.91,3.71,4.02,4.17,2.67,4.01,4.27,3.90,5.10,5.66,4.26,5.27,5.25,5.72,6.11,4.50,4.09,4.04,3.15,2.69,2.69,3.29,4.98,3.40,3.56,10.68,12.30,10.90,9.63,11.93,11.90,9.50,10.55,9.41,11.05,10.46,11.20,11.96,4.29,5.08,1.83,5.39,99.00,4.62],
  [4.61,7.19,10.52,12.61,15.94,14.98,9.37,8.02,5.39,6.96,5.67,6.39,9.21,3.35,6.99,7.60,4.52,4.69,4.97,5.77,6.44,3.52,6.02,5.55,4.60,5.10,5.30,5.01,6.22,6.26,5.58,6.62,5.54,5.99,6.57,1.96,5.74,8.37,7.74,7.27,7.27,7.75,9.36,8.01,8.16,8.56,10.26,8.91,8.89,11.30,10.50,7.72,8.80,10.64,9.49,9.07,9.42,10.03,0.64,0.95,3.31,0.96,4.62,99.00]
];
