// Chosen Depots: [1, 2, 3, 6]
// Chosen Demand Points (Original DP No): [1, 6, 8, 10, 13, 16, 18, 22, 23, 29, 30, 89, 91, 93, 96, 97, 99, 103, 104, 106, 108, 110, 114, 115, 116, 117, 123, 124, 125, 126, 127, 128, 129, 131, 134, 135, 136, 138, 143, 145, 150, 151, 152, 154, 158, 160, 162, 163, 167, 169]
// Original Weights: [9, 9, 4, 4, 6, 4, 4, 6, 6, 5, 5, 7, 6, 7, 7, 7, 6, 7, 7, 7, 7, 7, 7, 7, 7, 7, 6, 3, 2, 3, 3, 2, 2, 2, 4, 4, 2, 3, 8, 7, 7, 8, 7, 4, 8, 6, 8, 8, 9, 8]

|W| = 4;
|D| = 50;
V = 54;
C = 3;
|K| = 2;
M = 100;
S = 0.25;
|TR| = 11;
δmax = 18.3;
Runtime = 20;

// Priority weights for selected demand points
pj = [
  9, 9, 4, 4, 6, 4, 4, 6, 6, 5, 5, 7, 6, 7, 7, 7, 6, 7, 7, 7, 7, 7, 7, 7, 7, 7, 6, 3, 2, 3, 3, 2, 2, 2, 4, 4, 2, 3, 8, 7, 7, 8, 7, 4, 8, 6, 8, 8, 9, 8
];

δij =
[
  [99.00,99.00,99.00,99.00,19.31,18.10,17.26,9.07,7.40,7.41,8.48,6.76,7.04,6.88,7.81,4.43,1.03,3.60,4.53,2.58,1.26,2.57,2.81,2.46,4.35,4.20,3.82,4.28,2.70,3.26,2.62,4.44,6.34,5.05,5.09,7.10,6.83,5.42,3.27,3.45,5.95,3.89,13.37,11.87,13.09,10.58,10.66,10.88,12.31,13.61,13.05,4.12,5.18,4.75],
  [99.00,99.00,99.00,99.00,9.07,8.14,11.93,9.37,5.89,8.33,9.26,6.36,6.19,8.14,7.88,13.73,11.79,12.96,13.77,10.69,12.15,12.24,12.45,12.14,13.23,13.45,12.73,13.17,10.14,12.79,12.84,12.99,13.15,13.43,12.55,13.25,14.13,13.72,13.57,12.49,13.42,13.59,3.87,4.28,5.00,3.07,3.67,9.26,3.71,7.56,3.85,7.83,7.40,6.83],
  [99.00,99.00,99.00,99.00,13.23,11.91,7.52,1.22,4.86,3.03,1.80,4.96,4.86,3.61,2.93,14.68,11.29,13.82,14.78,12.08,11.47,12.78,13.03,12.66,14.52,14.44,13.95,14.45,11.77,13.49,12.89,8.16,6.62,8.11,7.08,6.09,7.39,8.13,10.13,8.50,7.28,9.46,8.69,6.68,7.23,7.01,6.49,1.17,7.61,5.54,8.29,10.78,11.45,10.15],
  [99.00,99.00,99.00,99.00,24.98,23.67,20.10,11.89,12.87,11.27,11.44,12.23,12.49,11.04,11.86,9.89,8.11,9.64,9.99,10.28,7.82,9.19,9.24,9.17,10.32,9.89,10.13,10.28,10.60,9.42,8.56,5.23,6.07,4.93,5.97,6.60,5.30,4.75,4.86,5.66,5.45,4.60,19.34,17.44,18.49,16.65,16.48,13.77,18.15,17.85,18.95,12.17,13.25,12.67],
  [19.31,9.07,13.23,24.98,99.00,1.32,9.10,13.53,12.27,13.74,13.83,12.94,12.66,13.94,13.14,22.56,20.16,21.74,22.61,19.45,20.50,20.91,21.15,20.80,22.09,22.27,21.56,22.03,18.91,21.52,21.43,19.81,19.10,20.05,19.01,18.83,20.03,20.23,21.07,19.65,19.62,20.79,5.94,7.60,6.49,8.73,8.71,12.07,7.02,7.73,6.26,16.69,16.40,15.66],
  [18.10,8.14,11.91,23.67,1.32,99.00,8.14,12.21,10.99,12.42,12.50,11.67,11.39,12.63,11.83,21.44,18.97,20.61,21.50,18.33,19.30,19.76,20.00,19.65,20.99,21.16,20.45,20.92,17.79,20.39,20.26,18.51,17.78,18.75,17.70,17.51,18.71,18.92,19.79,18.36,18.30,19.50,4.76,6.32,5.19,7.52,7.46,10.76,5.79,6.43,5.06,15.60,15.37,14.57],
  [17.26,11.93,7.52,20.10,9.10,8.14,99.00,8.53,10.23,9.90,9.08,10.74,10.50,10.40,9.46,21.49,18.27,20.61,21.58,18.59,18.50,19.59,19.85,19.47,21.23,21.23,20.65,21.15,18.17,20.31,19.84,15.66,14.10,15.62,14.59,13.51,14.81,15.64,17.58,15.95,14.78,16.95,8.43,7.71,6.96,9.23,8.68,6.57,8.23,4.46,8.27,16.58,16.90,15.70],
  [9.07,9.37,1.22,11.89,13.53,12.21,8.53,99.00,3.91,1.84,0.59,3.90,3.85,2.41,1.83,13.47,10.09,12.61,13.57,10.86,10.27,11.56,11.82,11.45,13.31,13.22,12.74,13.23,10.55,12.28,11.68,7.16,5.82,7.17,6.12,5.40,6.66,7.24,9.06,7.43,6.44,8.43,8.59,6.55,7.28,6.59,6.12,1.96,7.44,6.02,8.18,9.61,10.31,9.01],
  [7.40,5.89,4.86,12.87,12.27,10.99,10.23,3.91,99.00,2.48,3.62,0.68,0.40,2.25,2.14,11.37,8.37,10.49,11.45,8.39,8.65,9.50,9.77,9.38,11.06,11.10,10.48,10.99,7.95,10.21,9.85,7.64,7.39,7.97,6.98,7.41,8.37,8.20,8.80,7.40,7.75,8.54,6.48,4.67,5.83,3.78,3.61,4.72,5.30,6.26,6.10,6.41,6.87,5.60],
  [7.41,8.33,3.03,11.27,13.74,12.42,9.90,1.84,2.48,99.00,1.34,2.25,2.29,0.58,0.60,11.76,8.44,10.89,11.86,9.08,8.65,9.85,10.12,9.73,11.57,11.51,11.00,11.50,8.75,10.57,10.02,6.20,5.39,6.36,5.30,5.22,6.34,6.51,7.84,6.26,5.88,7.34,8.31,6.30,7.27,5.89,5.55,3.47,7.11,6.72,7.90,7.77,8.48,7.19],
  [8.48,9.26,1.80,11.44,13.83,12.50,9.08,0.59,3.62,1.34,99.00,3.52,3.50,1.89,1.47,12.88,9.50,12.02,12.98,10.29,9.68,10.98,11.24,10.86,12.73,12.64,12.16,12.65,9.99,11.70,11.10,6.63,5.39,6.67,5.61,5.02,6.27,6.75,8.50,6.87,5.99,7.88,8.73,6.68,7.49,6.58,6.15,2.52,7.56,6.42,8.32,9.10,9.82,8.53],
  [6.76,6.36,4.96,12.23,12.94,11.67,10.74,3.90,0.68,2.25,3.52,99.00,0.29,1.89,2.07,10.79,7.74,9.91,10.88,7.84,8.02,8.91,9.18,8.79,10.50,10.52,9.92,10.43,7.43,9.62,9.23,7.00,6.84,7.33,6.37,6.90,7.81,7.58,8.13,6.73,7.16,7.87,7.14,5.34,6.51,4.42,4.27,4.98,5.97,6.86,6.76,6.01,6.56,5.27],
  [7.04,6.19,4.86,12.49,12.66,11.39,10.50,3.85,0.40,2.29,3.50,0.29,99.00,1.98,2.03,11.06,8.02,10.17,11.14,8.10,8.30,9.18,9.44,9.06,10.76,10.79,10.18,10.69,7.67,9.89,9.51,7.25,7.04,7.58,6.60,7.08,8.02,7.82,8.41,7.00,7.39,8.14,6.87,5.06,6.23,4.16,4.01,4.82,5.70,6.59,6.49,6.21,6.72,5.44],
  [6.88,8.14,3.61,11.04,13.94,12.63,10.40,2.41,2.25,0.58,1.89,1.89,1.98,99.00,0.96,11.21,7.90,10.33,11.30,8.50,8.11,9.30,9.56,9.18,11.01,10.96,10.44,10.93,8.17,10.02,9.48,5.90,5.29,6.11,5.07,5.21,6.26,6.29,7.45,5.88,5.72,6.99,8.39,6.42,7.45,5.86,5.58,4.02,7.19,7.09,7.99,7.21,7.94,6.64],
  [7.81,7.88,2.93,11.86,13.14,11.83,9.46,1.83,2.14,0.60,1.47,2.07,2.03,0.96,99.00,12.11,8.83,11.23,12.20,9.35,9.05,10.20,10.46,10.08,11.89,11.85,11.32,11.82,8.99,10.92,10.40,6.78,5.98,6.95,5.89,5.80,6.93,7.11,8.38,6.81,6.47,7.90,7.73,5.72,6.68,5.35,4.99,3.16,6.54,6.16,7.32,7.88,8.53,7.23],
  [4.43,13.73,14.68,9.89,22.56,21.44,21.49,13.47,11.37,11.76,12.88,10.79,11.06,11.21,12.11,99.00,3.43,0.88,0.12,3.11,3.35,1.91,1.65,2.03,0.61,0.28,1.00,0.64,3.65,1.19,1.89,8.25,10.38,8.79,9.15,11.19,10.65,9.11,6.29,7.33,9.85,7.21,16.68,15.48,16.71,14.01,14.22,15.23,15.75,17.62,16.42,5.90,6.43,6.92],
  [1.03,11.79,11.29,8.11,20.16,18.97,18.27,10.09,8.37,8.44,9.50,7.74,8.02,7.90,8.83,3.43,99.00,2.63,3.54,2.17,0.37,1.64,1.86,1.54,3.41,3.22,2.91,3.34,2.49,2.29,1.59,5.09,7.12,5.69,5.87,7.90,7.52,6.04,3.54,4.12,6.67,4.32,14.22,12.78,14.01,11.44,11.55,11.90,13.18,14.60,13.91,4.41,5.38,5.19],
  [3.60,12.96,13.82,9.64,21.74,20.61,20.61,12.61,10.49,10.89,12.02,9.91,10.17,10.33,11.23,0.88,2.63,99.00,0.97,2.29,2.60,1.04,0.79,1.16,0.80,0.62,0.50,0.73,2.83,0.34,1.21,7.58,9.68,8.15,8.44,10.48,10.00,8.48,5.73,6.64,9.18,6.62,15.85,14.62,15.86,13.16,13.36,14.36,14.90,16.74,15.58,5.13,5.74,6.13],
  [4.53,13.77,14.78,9.99,22.61,21.50,21.58,13.57,11.45,11.86,12.98,10.88,11.14,11.30,12.20,0.12,3.54,0.97,99.00,3.18,3.46,2.01,1.75,2.13,0.60,0.36,1.05,0.63,3.70,1.29,2.00,8.36,10.49,8.91,9.27,11.30,10.76,9.22,6.40,7.44,9.97,7.33,16.74,15.55,16.78,14.08,14.29,15.33,15.81,17.71,16.48,5.95,6.46,6.97],
  [2.58,10.69,12.08,10.28,19.45,18.33,18.59,10.86,8.39,9.08,10.29,7.84,8.10,8.50,9.35,3.11,2.17,2.29,3.18,99.00,2.46,1.60,1.79,1.53,2.71,2.83,2.14,2.64,0.56,2.09,2.30,7.02,8.88,7.63,7.64,9.61,9.41,8.00,5.68,6.03,8.52,6.41,13.57,12.38,13.61,10.90,11.12,12.50,12.64,14.61,13.30,2.88,3.61,3.86],
  [1.26,12.15,11.47,7.82,20.50,19.30,18.50,10.27,8.65,8.65,9.68,8.02,8.30,8.11,9.05,3.35,0.37,2.60,3.46,2.46,99.00,1.68,1.87,1.60,3.40,3.16,2.94,3.33,2.82,2.27,1.47,5.01,7.08,5.59,5.84,7.88,7.44,5.93,3.33,4.05,6.60,4.16,14.56,13.09,14.32,11.78,11.88,12.10,13.51,14.87,14.24,4.78,5.74,5.56],
  [2.57,12.24,12.78,9.19,20.91,19.76,19.59,11.56,9.50,9.85,10.98,8.91,9.18,9.30,10.20,1.91,1.64,1.04,2.01,1.60,1.68,99.00,0.26,0.12,1.79,1.66,1.27,1.71,2.15,0.72,0.73,6.69,8.75,7.28,7.50,9.53,9.12,7.61,4.96,5.73,8.28,5.82,15.00,13.71,14.94,12.28,12.46,13.32,14.02,15.76,14.71,4.46,5.21,5.42],
  [2.81,12.45,13.03,9.24,21.15,20.00,19.85,11.82,9.77,10.12,11.24,9.18,9.44,9.56,10.46,1.65,1.86,0.79,1.75,1.79,1.87,0.26,99.00,0.38,1.55,1.40,1.07,1.48,2.34,0.46,0.69,6.88,8.95,7.45,7.71,9.74,9.30,7.79,5.10,5.92,8.47,5.97,15.24,13.96,15.20,12.53,12.71,13.58,14.27,16.02,14.96,4.66,5.38,5.63],
  [2.46,12.14,12.66,9.17,20.80,19.65,19.47,11.45,9.38,9.73,10.86,8.79,9.06,9.18,10.08,2.03,1.54,1.16,2.13,1.53,1.60,0.12,0.38,99.00,1.90,1.78,1.37,1.82,2.07,0.84,0.78,6.61,8.65,7.19,7.41,9.44,9.03,7.53,4.90,5.64,8.19,5.75,14.89,13.59,14.83,12.17,12.34,13.20,13.91,15.64,14.60,4.37,5.14,5.33],
  [4.35,13.23,14.52,10.32,22.09,20.99,21.23,13.31,11.06,11.57,12.73,10.50,10.76,11.01,11.89,0.61,3.41,0.80,0.60,2.71,3.40,1.79,1.55,1.90,99.00,0.45,0.58,0.08,3.22,1.13,2.00,8.38,10.48,8.95,9.24,11.28,10.80,9.27,6.51,7.44,9.98,7.41,16.24,15.08,16.32,13.59,13.82,15.03,15.33,17.30,15.98,5.41,5.89,6.44],
  [4.20,13.45,14.44,9.89,22.27,21.16,21.23,13.22,11.10,11.51,12.64,10.52,10.79,10.96,11.85,0.28,3.22,0.62,0.36,2.83,3.16,1.66,1.40,1.78,0.45,99.00,0.73,0.44,3.37,0.94,1.71,8.10,10.22,8.65,8.99,11.02,10.51,8.97,6.18,7.17,9.70,7.09,16.40,15.20,16.43,13.73,13.94,14.98,15.47,17.35,16.14,5.62,6.16,6.64],
  [3.82,12.73,13.95,10.13,21.56,20.45,20.65,12.74,10.48,11.00,12.16,9.92,10.18,10.44,11.32,1.00,2.91,0.50,1.05,2.14,2.94,1.27,1.07,1.37,0.58,0.73,99.00,0.50,2.66,0.73,1.64,7.94,10.01,8.52,8.77,10.81,10.37,8.85,6.14,6.99,9.54,7.03,15.70,14.52,15.76,13.04,13.26,14.46,14.78,16.73,15.44,4.90,5.43,5.92],
  [4.28,13.17,14.45,10.28,22.03,20.92,21.15,13.23,10.99,11.50,12.65,10.43,10.69,10.93,11.82,0.64,3.34,0.73,0.63,2.64,3.33,1.71,1.48,1.82,0.08,0.44,0.50,99.00,3.15,1.06,1.94,8.32,10.41,8.88,9.17,11.21,10.74,9.21,6.45,7.37,9.92,7.35,16.18,15.01,16.25,13.53,13.75,14.96,15.26,17.23,15.92,5.35,5.84,6.37],
  [2.70,10.14,11.77,10.60,18.91,17.79,18.17,10.55,7.95,8.75,9.99,7.43,7.67,8.17,8.99,3.65,2.49,2.83,3.70,0.56,2.82,2.15,2.34,2.07,3.22,3.37,2.66,3.15,99.00,2.65,2.83,7.09,8.88,7.72,7.64,9.58,9.45,8.08,5.91,6.12,8.55,6.58,13.04,11.87,13.10,10.38,10.61,12.15,12.11,14.15,12.77,2.32,3.08,3.31],
  [3.26,12.79,13.49,9.42,21.52,20.39,20.31,12.28,10.21,10.57,11.70,9.62,9.89,10.02,10.92,1.19,2.29,0.34,1.29,2.09,2.27,0.72,0.46,0.84,1.13,0.94,0.73,1.06,2.65,99.00,0.91,7.26,9.35,7.83,8.11,10.15,9.68,8.16,5.43,6.31,8.86,6.31,15.63,14.37,15.61,12.93,13.12,14.04,14.67,16.46,15.35,4.96,5.62,5.96],
  [2.62,12.84,12.89,8.56,21.43,20.26,19.84,11.68,9.85,10.02,11.10,9.23,9.51,9.48,10.40,1.89,1.59,1.21,2.00,2.30,1.47,0.73,0.69,0.78,2.00,1.71,1.64,1.94,2.83,0.91,99.00,6.39,8.50,6.95,7.27,9.31,8.80,7.27,4.52,5.46,7.99,5.41,15.50,14.15,15.39,12.76,12.91,13.49,14.50,16.10,15.21,5.11,5.91,6.05],
  [4.44,12.99,8.16,5.23,19.81,18.51,15.66,7.16,7.64,6.20,6.63,7.00,7.25,5.90,6.78,8.25,5.09,7.58,8.36,7.02,5.01,6.69,6.88,6.61,8.38,8.10,7.94,8.32,7.09,7.26,6.39,99.00,2.18,0.62,1.12,3.01,2.43,1.00,2.21,0.98,1.61,1.35,14.12,12.24,13.32,11.41,11.25,9.12,12.93,12.91,13.73,7.93,9.02,8.15],
  [6.34,13.15,6.62,6.07,19.10,17.78,14.10,5.82,7.39,5.39,5.39,6.84,7.04,5.29,5.98,10.38,7.12,9.68,10.49,8.88,7.08,8.75,8.95,8.65,10.48,10.22,10.01,10.41,8.88,9.35,8.50,2.18,99.00,1.78,1.25,0.84,0.98,1.64,4.36,3.05,0.70,3.46,13.67,11.68,12.66,11.13,10.86,7.70,12.47,11.81,13.27,9.31,10.36,9.33],
  [5.05,13.43,8.11,4.93,20.05,18.75,15.62,7.17,7.97,6.36,6.67,7.33,7.58,6.11,6.95,8.79,5.69,8.15,8.91,7.63,5.59,7.28,7.45,7.19,8.95,8.65,8.52,8.88,7.72,7.83,6.95,0.62,1.78,99.00,1.07,2.61,1.85,0.37,2.62,1.60,1.12,1.69,14.42,12.50,13.56,11.75,11.56,9.11,13.23,13.02,14.03,8.54,9.63,8.74],
  [5.09,12.55,7.08,5.97,19.01,17.70,14.59,6.12,6.98,5.30,5.61,6.37,6.60,5.07,5.89,9.15,5.87,8.44,9.27,7.64,5.84,7.50,7.71,7.41,9.24,8.99,8.77,9.17,7.64,8.11,7.27,1.12,1.25,1.07,99.00,2.04,1.89,1.23,3.30,1.84,0.99,2.47,13.41,11.48,12.52,10.76,10.56,8.06,12.21,11.95,13.01,8.17,9.24,8.26],
  [7.10,13.25,6.09,6.60,18.83,17.51,13.51,5.40,7.41,5.22,5.02,6.90,7.08,5.21,5.80,11.19,7.90,10.48,11.30,9.61,7.88,9.53,9.74,9.44,11.28,11.02,10.81,11.21,9.58,10.15,9.31,3.01,0.84,2.61,2.04,99.00,1.30,2.44,5.20,3.87,1.50,4.29,13.53,11.51,12.43,11.07,10.77,7.21,12.34,11.42,13.12,9.88,10.91,9.83],
  [6.83,14.13,7.39,5.30,20.03,18.71,14.81,6.66,8.37,6.34,6.27,7.81,8.02,6.26,6.93,10.65,7.52,10.00,10.76,9.41,7.44,9.12,9.30,9.03,10.80,10.51,10.37,10.74,9.45,9.68,8.80,2.43,0.98,1.85,1.89,1.30,99.00,1.55,4.43,3.40,0.91,3.49,14.64,12.64,13.60,12.11,11.83,8.50,13.44,12.68,14.23,10.06,11.13,10.14],
  [5.42,13.72,8.13,4.75,20.23,18.92,15.64,7.24,8.20,6.51,6.75,7.58,7.82,6.29,7.11,9.11,6.04,8.48,9.22,8.00,5.93,7.61,7.79,7.53,9.27,8.97,8.85,9.21,8.08,8.16,7.27,1.00,1.64,0.37,1.23,2.44,1.55,99.00,2.89,1.97,0.94,1.94,14.63,12.70,13.75,11.98,11.78,9.17,13.44,13.14,14.24,8.91,10.00,9.10],
  [3.27,13.57,10.13,4.86,21.07,19.79,17.58,9.06,8.80,7.84,8.50,8.13,8.41,7.45,8.38,6.29,3.54,5.73,6.40,5.68,3.33,4.96,5.10,4.90,6.51,6.18,6.14,6.45,5.91,5.43,4.52,2.21,4.36,2.62,3.30,5.20,4.43,2.89,99.00,1.63,3.74,0.94,15.23,13.47,14.63,12.44,12.38,11.02,14.07,14.54,14.86,7.33,8.41,7.82],
  [3.45,12.49,8.50,5.66,19.65,18.36,15.95,7.43,7.40,6.26,6.87,6.73,7.00,5.88,6.81,7.33,4.12,6.64,7.44,6.03,4.05,5.73,5.92,5.64,7.44,7.17,6.99,7.37,6.12,6.31,5.46,0.98,3.05,1.60,1.84,3.87,3.40,1.97,1.63,99.00,2.55,1.14,13.87,12.05,13.18,11.11,11.00,9.39,12.70,12.97,13.49,7.03,8.13,7.32],
  [5.95,13.42,7.28,5.45,19.62,18.30,14.78,6.44,7.75,5.88,5.99,7.16,7.39,5.72,6.47,9.85,6.67,9.18,9.97,8.52,6.60,8.28,8.47,8.19,9.98,9.70,9.54,9.92,8.55,8.86,7.99,1.61,0.70,1.12,0.99,1.50,0.91,0.94,3.74,2.55,99.00,2.81,14.11,12.15,13.15,11.52,11.28,8.34,12.91,12.40,13.71,9.16,10.23,9.25],
  [3.89,13.59,9.46,4.60,20.79,19.50,16.95,8.43,8.54,7.34,7.88,7.87,8.14,6.99,7.90,7.21,4.32,6.62,7.33,6.41,4.16,5.82,5.97,5.75,7.41,7.09,7.03,7.35,6.58,6.31,5.41,1.35,3.46,1.69,2.47,4.29,3.49,1.94,0.94,1.14,2.81,99.00,15.01,13.19,14.31,12.25,12.14,10.39,13.84,14.06,14.63,7.79,8.88,8.18],
  [13.37,3.87,8.69,19.34,5.94,4.76,8.43,8.59,6.48,8.31,8.73,7.14,6.87,8.39,7.73,16.68,14.22,15.85,16.74,13.57,14.56,15.00,15.24,14.89,16.24,16.40,15.70,16.18,13.04,15.63,15.50,14.12,13.67,14.42,13.41,13.53,14.64,14.63,15.23,13.87,14.11,15.01,99.00,2.05,1.67,2.80,2.87,7.68,1.20,4.44,0.41,10.87,10.70,9.84],
  [11.87,4.28,6.68,17.44,7.60,6.32,7.71,6.55,4.67,6.30,6.68,5.34,5.06,6.42,5.72,15.48,12.78,14.62,15.55,12.38,13.09,13.71,13.96,13.59,15.08,15.20,14.52,15.01,11.87,14.37,14.15,12.24,11.68,12.50,11.48,11.51,12.64,12.70,13.47,12.05,12.15,13.19,2.05,99.00,1.24,1.63,1.26,5.73,0.93,3.29,1.64,9.85,9.87,8.85],
  [13.09,5.00,7.23,18.49,6.49,5.19,6.96,7.28,5.83,7.27,7.49,6.51,6.23,7.45,6.68,16.71,14.01,15.86,16.78,13.61,14.32,14.94,15.20,14.83,16.32,16.43,15.76,16.25,13.10,15.61,15.39,13.32,12.66,13.56,12.52,12.43,13.60,13.75,14.63,13.18,13.15,14.31,1.67,1.24,99.00,2.79,2.49,6.17,1.30,2.79,1.38,11.07,11.06,10.07],
  [10.58,3.07,7.01,16.65,8.73,7.52,9.23,6.59,3.78,5.89,6.58,4.42,4.16,5.86,5.35,14.01,11.44,13.16,14.08,10.90,11.78,12.28,12.53,12.17,13.59,13.73,13.04,13.53,10.38,12.93,12.76,11.41,11.13,11.75,10.76,11.07,12.11,11.98,12.44,11.11,11.52,12.25,2.80,1.63,2.79,99.00,0.60,6.24,1.74,4.77,2.47,8.30,8.27,7.29],
  [10.66,3.67,6.49,16.48,8.71,7.46,8.68,6.12,3.61,5.55,6.15,4.27,4.01,5.58,4.99,14.22,11.55,13.36,14.29,11.12,11.88,12.46,12.71,12.34,13.82,13.94,13.26,13.75,10.61,13.12,12.91,11.25,10.86,11.56,10.56,10.77,11.83,11.78,12.38,11.00,11.28,12.14,2.87,1.26,2.49,0.60,99.00,5.68,1.69,4.23,2.49,8.59,8.63,7.59],
  [10.88,9.26,1.17,13.77,12.07,10.76,6.57,1.96,4.72,3.47,2.52,4.98,4.82,4.02,3.16,15.23,11.90,14.36,15.33,12.50,12.10,13.32,13.58,13.20,15.03,14.98,14.46,14.96,12.15,14.04,13.49,9.12,7.70,9.11,8.06,7.21,8.50,9.17,11.02,9.39,8.34,10.39,7.68,5.73,6.17,6.24,5.68,99.00,6.65,4.37,7.29,10.96,11.54,10.25],
  [12.31,3.71,7.61,18.15,7.02,5.79,8.23,7.44,5.30,7.11,7.56,5.97,5.70,7.19,6.54,15.75,13.18,14.90,15.81,12.64,13.51,14.02,14.27,13.91,15.33,15.47,14.78,15.26,12.11,14.67,14.50,12.93,12.47,13.23,12.21,12.34,13.44,13.44,14.07,12.70,12.91,13.84,1.20,0.93,1.30,1.74,1.69,6.65,99.00,3.93,0.80,10.01,9.93,8.99],
  [13.61,7.56,5.54,17.85,7.73,6.43,4.46,6.02,6.26,6.72,6.42,6.86,6.59,7.09,6.16,17.62,14.60,16.74,17.71,14.61,14.87,15.76,16.02,15.64,17.30,17.35,16.73,17.23,14.15,16.46,16.10,12.91,11.81,13.02,11.95,11.42,12.68,13.14,14.54,12.97,12.40,14.06,4.44,3.29,2.79,4.77,4.23,4.37,3.93,99.00,4.17,12.38,12.60,11.45],
  [13.05,3.85,8.29,18.95,6.26,5.06,8.27,8.18,6.10,7.90,8.32,6.76,6.49,7.99,7.32,16.42,13.91,15.58,16.48,13.30,14.24,14.71,14.96,14.60,15.98,16.14,15.44,15.92,12.77,15.35,15.21,13.73,13.27,14.03,13.01,13.12,14.23,14.24,14.86,13.49,13.71,14.63,0.41,1.64,1.38,2.47,2.49,7.29,0.80,4.17,99.00,10.63,10.49,9.60],
  [4.12,7.83,10.78,12.17,16.69,15.60,16.58,9.61,6.41,7.77,9.10,6.01,6.21,7.21,7.88,5.90,4.41,5.13,5.95,2.88,4.78,4.46,4.66,4.37,5.41,5.62,4.90,5.35,2.32,4.96,5.11,7.93,9.31,8.54,8.17,9.88,10.06,8.91,7.33,7.03,9.16,7.79,10.87,9.85,11.07,8.30,8.59,10.96,10.01,12.38,10.63,99.00,1.10,1.03],
  [5.18,7.40,11.45,13.25,16.40,15.37,16.90,10.31,6.87,8.48,9.82,6.56,6.72,7.94,8.53,6.43,5.38,5.74,6.46,3.61,5.74,5.21,5.38,5.14,5.89,6.16,5.43,5.84,3.08,5.62,5.91,9.02,10.36,9.63,9.24,10.91,11.13,10.00,8.41,8.13,10.23,8.88,10.70,9.87,11.06,8.27,8.63,11.54,9.93,12.60,10.49,1.10,99.00,1.30],
  [4.75,6.83,10.15,12.67,15.66,14.57,15.70,9.01,5.60,7.19,8.53,5.27,5.44,6.64,7.23,6.92,5.19,6.13,6.97,3.86,5.56,5.42,5.63,5.33,6.44,6.64,5.92,6.37,3.31,5.96,6.05,8.15,9.33,8.74,8.26,9.83,10.14,9.10,7.82,7.32,9.25,8.18,9.84,8.85,10.07,7.29,7.59,10.25,8.99,11.45,9.60,1.03,1.30,99.00]
];
