// Chosen Depots: [1, 2, 3, 6]
// Chosen Demand Points (Original DP No): [1, 2, 6, 17, 22, 24, 25, 27, 29, 30, 87, 88, 89, 91, 93, 96, 98, 99, 109, 117, 119, 121, 124, 126, 127, 131, 132, 136, 137, 138, 140, 148, 153, 156, 160, 161, 165, 166, 167, 170]
// Original Weights: [9, 9, 9, 5, 6, 5, 5, 7, 5, 5, 7, 6, 7, 6, 7, 7, 6, 6, 7, 7, 8, 6, 3, 3, 3, 2, 4, 2, 3, 3, 4, 6, 8, 7, 6, 8, 6, 6, 9, 8]

|W| = 4;
|D| = 40;
V = 54;
C = 3;
|K| = 2;
M = 100;
S = 0.25;
|TR| = 10;
δmax = 18.3;
Runtime = 15;

// Priority weights for selected demand points
pj = [
  9, 9, 9, 5, 6, 5, 5, 7, 5, 5, 7, 6, 7, 6, 7, 7, 6, 6, 7, 7, 8, 6, 3, 3, 3, 2, 4, 2, 3, 3, 4, 6, 8, 7, 6, 8, 6, 6, 9, 8
];

δij =
[
  [99.00,99.00,99.00,99.00,19.31,19.21,18.10,6.15,6.76,6.93,7.21,6.11,6.88,7.81,3.22,1.64,4.43,1.03,3.60,4.53,2.57,1.26,3.63,3.26,3.14,0.99,4.44,5.05,5.09,5.42,3.51,5.95,3.84,3.89,11.81,10.90,11.66,12.20,13.61,13.25,1.06,1.30,5.18,4.61],
  [99.00,99.00,99.00,99.00,9.07,8.93,8.14,8.33,6.36,8.35,6.74,5.12,8.14,7.88,11.71,11.70,13.73,11.79,12.96,13.77,13.06,12.15,13.40,12.79,9.42,10.69,12.99,13.43,12.55,13.72,12.30,13.42,13.33,13.59,9.48,5.26,3.44,4.12,7.56,4.23,10.11,9.95,7.40,7.19],
  [99.00,99.00,99.00,99.00,13.23,13.22,11.91,4.25,4.96,3.48,4.22,7.61,3.61,2.93,13.12,11.85,14.68,11.29,13.82,14.78,12.81,11.47,13.90,13.49,11.53,10.77,8.16,8.11,7.08,8.13,8.25,7.28,9.15,9.46,1.98,5.10,7.29,7.12,5.54,8.16,10.04,10.16,11.45,10.52],
  [99.00,99.00,99.00,99.00,24.98,24.93,23.67,10.49,12.23,10.93,12.22,13.08,11.04,11.86,10.29,8.79,9.89,8.11,9.64,9.99,8.16,7.82,9.20,9.42,11.17,8.99,5.23,4.93,5.97,4.75,5.85,5.45,4.83,4.60,14.66,16.01,17.56,17.86,17.85,19.03,9.09,9.35,13.25,12.61],
  [19.31,9.07,13.23,24.98,99.00,0.19,1.32,14.51,12.94,14.06,12.82,13.27,13.94,13.14,20.53,20.24,22.56,20.16,21.74,22.61,21.59,20.50,22.12,21.52,18.24,19.13,19.81,20.05,19.01,20.23,19.41,19.62,20.49,20.79,11.50,8.98,7.67,7.21,7.73,6.09,18.45,18.35,16.40,16.06],
  [19.21,8.93,13.22,24.93,0.19,99.00,1.31,14.45,12.87,14.01,12.75,13.17,13.89,13.10,20.41,20.14,22.44,20.06,21.62,22.49,21.48,20.40,22.01,21.41,18.13,19.02,19.76,20.00,18.96,20.18,19.34,19.58,20.43,20.72,11.52,8.93,7.58,7.14,7.74,6.01,18.35,18.25,16.27,15.94],
  [18.10,8.14,11.91,23.67,1.32,1.31,99.00,13.20,11.67,12.75,11.52,12.10,12.63,11.83,19.42,19.07,21.44,18.97,20.61,21.50,20.41,19.30,20.98,20.39,17.14,17.95,18.51,18.75,17.70,18.92,18.12,18.30,19.20,19.50,10.21,7.67,6.44,5.94,6.43,4.85,17.26,17.17,15.37,14.98],
  [6.15,8.33,4.25,10.49,14.51,14.45,13.20,99.00,1.97,0.79,1.74,4.19,0.73,1.68,8.88,7.67,10.50,7.18,9.63,10.60,8.72,7.39,9.75,9.31,7.30,6.57,5.31,5.56,4.54,5.77,4.97,5.27,6.04,6.34,5.66,5.54,7.09,7.37,7.78,8.54,5.82,5.93,7.46,6.50],
  [6.76,6.36,4.96,12.23,12.94,12.87,11.67,1.97,99.00,2.10,0.74,2.67,1.89,2.07,8.96,8.06,10.79,7.74,9.91,10.88,9.28,8.02,10.14,9.62,7.03,6.90,7.00,7.33,6.37,7.58,6.50,7.16,7.58,7.87,5.75,4.17,5.35,5.73,6.86,6.88,6.14,6.15,6.56,5.67],
  [6.93,8.35,3.48,10.93,14.06,14.01,12.75,0.79,2.10,99.00,1.61,4.62,0.22,0.98,9.66,8.46,11.28,7.96,10.41,11.38,9.50,8.16,10.53,10.10,8.06,7.35,5.82,6.01,4.95,6.18,5.57,5.58,6.62,6.93,4.88,5.08,6.80,7.00,7.14,8.17,6.61,6.71,8.11,7.16],
  [7.21,6.74,4.22,12.22,12.82,12.75,11.52,1.74,0.74,1.61,99.00,3.40,1.40,1.36,9.56,8.58,11.35,8.21,10.46,11.44,9.76,8.47,10.67,10.17,7.68,7.42,7.01,7.29,6.28,7.50,6.60,7.01,7.68,7.98,5.04,3.90,5.35,5.65,6.41,6.81,6.66,6.70,7.29,6.39],
  [6.11,5.12,7.61,13.08,13.27,13.17,12.10,4.19,2.67,4.62,3.40,99.00,4.41,4.74,7.41,6.97,9.40,6.90,8.55,9.47,8.32,7.25,8.89,8.31,5.20,5.86,8.00,8.48,7.70,8.80,7.24,8.64,8.25,8.49,8.23,5.55,5.71,6.34,8.54,7.29,5.19,5.08,4.13,3.35],
  [6.88,8.14,3.61,11.04,13.94,13.89,12.63,0.73,1.89,0.22,1.40,4.41,99.00,0.96,9.56,8.39,11.21,7.90,10.33,11.30,9.45,8.11,10.46,10.02,7.92,7.27,5.90,6.11,5.07,6.29,5.63,5.72,6.68,6.99,4.94,4.96,6.64,6.86,7.09,8.03,6.52,6.61,7.94,6.99],
  [7.81,7.88,2.93,11.86,13.14,13.10,11.83,1.68,2.07,0.98,1.36,4.74,0.96,99.00,10.42,9.29,12.11,8.83,11.23,12.20,10.38,9.05,11.38,10.92,8.70,8.17,6.78,6.95,5.89,7.11,6.55,6.47,7.60,7.90,4.05,4.19,6.02,6.16,6.16,7.33,7.41,7.49,8.53,7.60],
  [3.22,11.71,13.12,10.29,20.53,20.41,19.42,8.88,8.96,9.66,9.56,7.41,9.56,10.42,99.00,1.69,2.03,2.48,1.28,2.08,2.20,2.63,1.79,1.20,2.29,2.41,7.56,8.16,8.30,8.51,6.67,9.13,6.82,6.79,14.47,12.83,13.11,13.75,15.74,14.67,3.09,2.96,4.46,4.52],
  [1.64,11.70,11.85,8.79,20.24,20.14,19.07,7.67,8.06,8.46,8.58,6.97,8.39,9.29,1.69,99.00,2.83,0.79,1.97,2.93,1.36,0.99,2.09,1.64,2.64,1.17,5.88,6.48,6.64,6.83,5.00,7.45,5.13,5.11,13.33,12.12,12.66,13.25,14.92,14.25,1.92,1.94,4.97,4.69],
  [4.43,13.73,14.68,9.89,22.56,22.44,21.44,10.50,10.79,11.28,11.35,9.40,11.21,12.11,2.03,2.83,99.00,3.43,0.88,0.12,2.13,3.35,0.86,1.19,4.32,3.94,8.25,8.79,9.15,9.11,7.48,9.85,7.33,7.21,16.14,14.76,15.11,15.74,17.62,16.67,4.70,4.65,6.43,6.54],
  [1.03,11.79,11.29,8.11,20.16,20.06,18.97,7.18,7.74,7.96,8.21,6.90,7.90,8.83,2.48,0.79,3.43,99.00,2.63,3.54,1.55,0.37,2.62,2.29,3.12,1.12,5.09,5.69,5.87,6.04,4.22,6.67,4.34,4.32,12.83,11.86,12.53,13.09,14.60,14.12,1.71,1.84,5.38,4.97],
  [3.60,12.96,13.82,9.64,21.74,21.62,20.61,9.63,9.91,10.41,10.46,8.55,10.33,11.23,1.28,1.97,0.88,2.63,99.00,0.97,1.55,2.60,0.55,0.34,3.54,3.06,7.58,8.15,8.44,8.48,6.77,9.18,6.71,6.62,15.27,13.88,14.26,14.89,16.74,15.83,3.82,3.77,5.74,5.77],
  [4.53,13.77,14.78,9.99,22.61,22.49,21.50,10.60,10.88,11.38,11.44,9.47,11.30,12.20,2.08,2.93,0.12,3.54,0.97,99.00,2.25,3.46,0.97,1.29,4.37,4.04,8.36,8.91,9.27,9.22,7.59,9.97,7.44,7.33,16.24,14.84,15.17,15.81,17.71,16.74,4.79,4.74,6.46,6.59],
  [2.57,13.06,12.81,8.16,21.59,21.48,20.41,8.72,9.28,9.50,9.76,8.32,9.45,10.38,2.20,1.36,2.13,1.55,1.55,2.25,99.00,1.34,1.28,1.28,3.88,2.47,6.12,6.66,7.03,6.98,5.36,7.72,5.20,5.09,14.37,13.38,13.99,14.57,16.14,15.58,3.18,3.25,6.23,6.02],
  [1.26,12.15,11.47,7.82,20.50,20.40,19.30,7.39,8.02,8.16,8.47,7.25,8.11,9.05,2.63,0.99,3.35,0.37,2.60,3.46,1.34,99.00,2.51,2.27,3.47,1.49,5.01,5.59,5.84,5.93,4.18,6.60,4.20,4.16,13.04,12.15,12.86,13.42,14.87,14.45,2.06,2.20,5.74,5.35],
  [3.63,13.40,13.90,9.20,22.12,22.01,20.98,9.75,10.14,10.53,10.67,8.89,10.46,11.38,1.79,2.09,0.86,2.62,0.55,0.97,1.28,2.51,99.00,0.61,3.98,3.24,7.39,7.94,8.30,8.25,6.62,9.00,6.47,6.36,15.40,14.16,14.61,15.22,16.99,16.18,4.00,3.99,6.23,6.22],
  [3.26,12.79,13.49,9.42,21.52,21.41,20.39,9.31,9.62,10.10,10.17,8.31,10.02,10.92,1.20,1.64,1.19,2.29,0.34,1.29,1.28,2.27,0.61,99.00,3.37,2.75,7.26,7.83,8.11,8.16,6.44,8.86,6.40,6.31,14.96,13.61,14.03,14.65,16.46,15.60,3.51,3.47,5.62,5.61],
  [3.14,9.42,11.53,11.17,18.24,18.13,17.14,7.30,7.03,8.06,7.68,5.20,7.92,8.70,2.29,2.64,4.32,3.12,3.54,4.37,3.88,3.47,3.98,3.37,99.00,2.18,7.41,8.04,7.87,8.41,6.45,8.81,6.95,7.02,12.70,10.71,10.86,11.52,13.66,12.41,2.30,2.03,2.34,2.24],
  [0.99,10.69,10.77,8.99,19.13,19.02,17.95,6.57,6.90,7.35,7.42,5.86,7.27,8.17,2.41,1.17,3.94,1.12,3.06,4.04,2.47,1.49,3.24,2.75,2.18,99.00,5.41,6.03,6.02,6.40,4.47,6.90,4.84,4.88,12.21,10.95,11.53,12.11,13.76,13.11,0.76,0.78,4.34,3.87],
  [4.44,12.99,8.16,5.23,19.81,19.76,18.51,5.31,7.00,5.82,7.01,8.00,5.90,6.78,7.56,5.88,8.25,5.09,7.58,8.36,6.12,5.01,7.39,7.26,7.41,5.41,99.00,0.62,1.12,1.00,0.96,1.61,1.08,1.35,10.06,10.85,12.33,12.65,12.91,13.82,5.11,5.38,9.02,8.20],
  [5.05,13.43,8.11,4.93,20.05,20.00,18.75,5.56,7.33,6.01,7.29,8.48,6.11,6.95,8.16,6.48,8.79,5.69,8.15,8.91,6.66,5.59,7.94,7.83,8.04,6.03,0.62,99.00,1.07,0.37,1.58,1.12,1.50,1.69,10.05,11.08,12.64,12.93,13.02,14.10,5.74,6.01,9.63,8.80],
  [5.09,12.55,7.08,5.97,19.01,18.96,17.70,4.54,6.37,4.95,6.28,7.70,5.07,5.89,8.30,6.64,9.15,5.87,8.44,9.27,7.03,5.84,8.30,8.11,7.87,6.02,1.12,1.07,99.00,1.23,1.68,0.99,2.19,2.47,9.00,10.03,11.63,11.90,11.95,13.08,5.60,5.86,9.24,8.37],
  [5.42,13.72,8.13,4.75,20.23,20.18,18.92,5.77,7.58,6.18,7.50,8.80,6.29,7.11,8.51,6.83,9.11,6.04,8.48,9.22,6.98,5.93,8.25,8.16,8.41,6.40,1.00,0.37,1.23,99.00,1.95,0.94,1.78,1.94,10.09,11.26,12.86,13.13,13.14,14.30,6.11,6.38,10.00,9.17],
  [3.51,12.30,8.25,5.85,19.41,19.34,18.12,4.97,6.50,5.57,6.60,7.24,5.63,6.55,6.67,5.00,7.48,4.22,6.77,7.59,5.36,4.18,6.62,6.44,6.45,4.47,0.96,1.58,1.68,1.95,99.00,2.45,1.08,1.38,10.08,10.49,11.85,12.21,12.71,13.37,4.15,4.42,8.07,7.27],
  [5.95,13.42,7.28,5.45,19.62,19.58,18.30,5.27,7.16,5.58,7.01,8.64,5.72,6.47,9.13,7.45,9.85,6.67,9.18,9.97,7.72,6.60,9.00,8.86,8.81,6.90,1.61,1.12,0.99,0.94,2.45,99.00,2.60,2.81,9.25,10.66,12.35,12.58,12.40,13.76,6.53,6.79,10.23,9.36],
  [3.84,13.33,9.15,4.83,20.49,20.43,19.20,6.04,7.58,6.62,7.68,8.25,6.68,7.60,6.82,5.13,7.33,4.34,6.71,7.44,5.20,4.20,6.47,6.40,6.95,4.84,1.08,1.50,2.19,1.78,1.08,2.60,99.00,0.31,11.03,11.57,12.93,13.30,13.75,14.45,4.68,4.95,8.76,8.01],
  [3.89,13.59,9.46,4.60,20.79,20.72,19.50,6.34,7.87,6.93,7.98,8.49,6.99,7.90,6.79,5.11,7.21,4.32,6.62,7.33,5.09,4.16,6.36,6.31,7.02,4.88,1.35,1.69,2.47,1.94,1.38,2.81,0.31,99.00,11.34,11.87,13.22,13.59,14.06,14.74,4.77,5.05,8.88,8.16],
  [11.81,9.48,1.98,14.66,11.50,11.52,10.21,5.66,5.75,4.88,5.04,8.23,4.94,4.05,14.47,13.33,16.14,12.83,15.27,16.24,14.37,13.04,15.40,14.96,12.70,12.21,10.06,10.05,9.00,10.09,10.08,9.25,11.03,11.34,99.00,4.26,6.39,6.05,3.78,6.94,11.46,11.54,12.29,11.41],
  [10.90,5.26,5.10,16.01,8.98,8.93,7.67,5.54,4.17,5.08,3.90,5.55,4.96,4.19,12.83,12.12,14.76,11.86,13.88,14.84,13.38,12.15,14.16,13.61,10.71,10.95,10.85,11.08,10.03,11.26,10.49,10.66,11.57,11.87,4.26,99.00,2.19,2.06,3.00,3.20,10.21,10.19,9.60,8.89],
  [11.66,3.44,7.29,17.56,7.67,7.58,6.44,7.09,5.35,6.80,5.35,5.71,6.64,6.02,13.11,12.66,15.11,12.53,14.26,15.17,13.99,12.86,14.61,14.03,10.86,11.53,12.33,12.64,11.63,12.86,11.85,12.35,12.93,13.22,6.39,2.19,99.00,0.75,4.12,1.59,10.83,10.75,9.33,8.80],
  [12.20,4.12,7.12,17.86,7.21,7.14,5.94,7.37,5.73,7.00,5.65,6.34,6.86,6.16,13.75,13.25,15.74,13.09,14.89,15.81,14.57,13.42,15.22,14.65,11.52,12.11,12.65,12.93,11.90,13.13,12.21,12.58,13.30,13.59,6.05,2.06,0.75,99.00,3.46,1.18,11.40,11.33,10.04,9.49],
  [13.61,7.56,5.54,17.85,7.73,7.74,6.43,7.78,6.86,7.14,6.41,8.54,7.09,6.16,15.74,14.92,17.62,14.60,16.74,17.71,16.14,14.87,16.99,16.46,13.66,13.76,12.91,13.02,11.95,13.14,12.71,12.40,13.75,14.06,3.78,3.00,4.12,3.46,99.00,3.86,13.00,13.00,12.60,11.88],
  [13.25,4.23,8.16,19.03,6.09,6.01,4.85,8.54,6.88,8.17,6.81,7.29,8.03,7.33,14.67,14.25,16.67,14.12,15.83,16.74,15.58,14.45,16.18,15.60,12.41,13.11,13.82,14.10,13.08,14.30,13.37,13.76,14.45,14.74,6.94,3.20,1.59,1.18,3.86,99.00,12.41,12.33,10.80,10.31],
  [1.06,10.11,10.04,9.09,18.45,18.35,17.26,5.82,6.14,6.61,6.66,5.19,6.52,7.41,3.09,1.92,4.70,1.71,3.82,4.79,3.18,2.06,4.00,3.51,2.30,0.76,5.11,5.74,5.60,6.11,4.15,6.53,4.68,4.77,11.46,10.21,10.83,11.40,13.00,12.41,99.00,0.28,4.16,3.56],
  [1.30,9.95,10.16,9.35,18.35,18.25,17.17,5.93,6.15,6.71,6.70,5.08,6.61,7.49,2.96,1.94,4.65,1.84,3.77,4.74,3.25,2.20,3.99,3.47,2.03,0.78,5.38,6.01,5.86,6.38,4.42,6.79,4.95,5.05,11.54,10.19,10.75,11.33,13.00,12.33,0.28,99.00,3.90,3.31],
  [5.18,7.40,11.45,13.25,16.40,16.27,15.37,7.46,6.56,8.11,7.29,4.13,7.94,8.53,4.46,4.97,6.43,5.38,5.74,6.46,6.23,5.74,6.23,5.62,2.34,4.34,9.02,9.63,9.24,10.00,8.07,10.23,8.76,8.88,12.29,9.60,9.33,10.04,12.60,10.80,4.16,3.90,99.00,0.96],
  [4.61,7.19,10.52,12.61,16.06,15.94,14.98,6.50,5.67,7.16,6.39,3.35,6.99,7.60,4.52,4.69,6.54,4.97,5.77,6.59,6.02,5.35,6.22,5.61,2.24,3.87,8.20,8.80,8.37,9.17,7.27,9.36,8.01,8.16,11.41,8.89,8.80,9.49,11.88,10.31,3.56,3.31,0.96,99.00]
];
