// Chosen Depots: [1, 2, 3, 6]
// Chosen Demand Points (Original DP No): [3, 6, 8, 10, 17, 18, 23, 24, 27, 28, 87, 90, 92, 97, 106, 107, 108, 109, 111, 112, 113, 114, 117, 118, 120, 121, 124, 128, 130, 137, 141, 143, 144, 149, 155, 156, 163, 165, 166, 167]
// Original Weights: [9, 9, 4, 4, 5, 4, 6, 5, 7, 5, 7, 6, 5, 7, 7, 8, 7, 7, 7, 7, 7, 7, 7, 7, 7, 6, 3, 2, 4, 3, 4, 8, 8, 6, 5, 7, 8, 6, 6, 9]

|W| = 4;
|D| = 40;
V = 54;
C = 3;
|K| = 1;
M = 100;
S = 0.25;
|TR| = 10;
δmax = 18.3;
Runtime = 15;

// Priority weights for selected demand points
pj = [
  9, 9, 4, 4, 5, 4, 6, 5, 7, 5, 7, 6, 5, 7, 7, 8, 7, 7, 7, 7, 7, 7, 7, 7, 7, 6, 3, 2, 4, 3, 4, 8, 8, 6, 5, 7, 8, 6, 6, 9
];

δij =
[
  [99.00,99.00,99.00,99.00,17.00,18.10,17.26,9.07,6.15,8.48,7.04,6.93,6.11,6.17,3.22,2.02,1.44,2.58,2.46,3.04,4.35,3.63,2.79,3.68,3.80,3.82,3.26,4.65,4.21,0.99,4.44,7.10,3.46,3.84,11.81,13.37,13.22,13.24,12.30,12.20,4.12,1.06,1.30,5.18],
  [99.00,99.00,99.00,99.00,6.60,8.14,11.93,9.37,8.33,9.26,6.19,8.35,5.12,7.46,11.71,12.16,12.55,10.69,12.14,10.10,13.23,13.40,12.72,12.55,13.79,12.73,12.79,13.75,13.76,10.69,12.99,13.25,13.26,13.33,9.48,3.87,4.76,6.76,7.87,4.12,7.83,10.11,9.95,7.40],
  [99.00,99.00,99.00,99.00,11.78,11.91,7.52,1.22,4.25,1.80,4.86,3.48,7.61,4.64,13.12,12.28,11.22,12.08,12.66,12.02,14.52,13.90,13.05,13.79,14.06,13.95,13.49,14.88,14.47,10.77,8.16,6.09,9.45,9.15,1.98,8.69,7.61,5.79,3.80,7.12,10.78,10.04,10.16,11.45],
  [99.00,99.00,99.00,99.00,22.99,23.67,20.10,11.89,10.49,11.44,12.49,10.93,13.08,11.16,10.29,8.70,7.06,10.28,9.17,10.91,10.32,9.20,8.93,10.13,8.91,10.13,9.42,10.18,9.55,8.99,5.23,6.60,4.97,4.83,14.66,19.34,18.76,17.83,16.16,17.86,12.17,9.09,9.35,13.25],
  [17.00,6.60,11.78,22.99,99.00,1.75,9.14,11.90,12.50,12.12,10.55,12.13,10.92,11.85,18.11,18.35,18.43,17.04,18.41,16.50,19.67,19.72,18.98,18.96,20.08,19.14,19.12,20.18,20.13,16.77,17.78,17.05,18.44,18.40,10.26,3.68,4.31,6.07,8.12,5.14,14.26,16.11,16.00,13.94],
  [18.10,8.14,11.91,23.67,1.75,99.00,8.14,12.21,13.20,12.50,11.39,12.75,12.10,12.63,19.42,19.56,19.51,18.33,19.65,17.82,20.99,20.98,20.22,20.27,21.33,20.45,20.39,21.50,21.41,17.95,18.51,17.51,19.29,19.20,10.21,4.76,4.97,6.12,8.13,5.94,15.60,17.26,17.17,15.37],
  [17.26,11.93,7.52,20.10,9.14,8.14,99.00,8.53,11.13,9.08,10.50,10.37,12.78,11.10,19.70,19.17,18.38,18.59,19.47,18.35,21.23,20.79,19.94,20.47,21.02,20.65,20.31,21.65,21.34,17.56,15.66,13.51,16.91,16.64,5.61,8.43,7.26,5.21,5.08,7.81,16.58,16.80,16.84,16.90],
  [9.07,9.37,1.22,11.89,11.90,12.21,8.53,99.00,3.03,0.59,3.85,2.27,6.57,3.47,11.90,11.07,10.04,10.86,11.45,10.81,13.31,12.69,11.85,12.57,12.86,12.74,12.28,13.67,13.27,9.56,7.16,5.40,8.39,8.12,2.91,8.59,7.63,6.12,4.29,6.99,9.61,8.83,8.94,10.31],
  [6.15,8.33,4.25,10.49,12.50,13.20,11.13,3.03,99.00,2.47,2.15,0.79,4.19,0.88,8.88,8.12,7.25,7.83,8.47,7.78,10.31,9.75,8.90,9.57,9.94,9.74,9.31,10.69,10.31,6.57,5.31,4.93,6.18,6.04,5.66,8.87,8.27,7.58,6.30,7.37,6.67,5.82,5.93,7.46],
  [8.48,9.26,1.80,11.44,12.12,12.50,9.08,0.59,2.47,99.00,3.50,1.73,6.17,2.98,11.32,10.49,9.45,10.29,10.86,10.25,12.73,12.11,11.26,11.99,12.27,12.16,11.70,13.08,12.68,8.98,6.63,5.02,7.83,7.58,3.47,8.73,7.83,6.46,4.72,7.13,9.10,8.25,8.37,9.82],
  [7.04,6.19,4.86,12.49,10.55,11.39,10.50,3.85,2.15,3.50,99.00,2.19,2.76,1.34,9.21,8.82,8.35,8.10,9.06,7.85,10.76,10.40,9.57,10.00,10.67,10.18,9.89,11.20,10.93,7.17,7.25,7.08,7.91,7.85,5.57,6.87,6.42,6.20,5.43,5.46,6.21,6.41,6.42,6.72],
  [6.93,8.35,3.48,10.93,12.13,12.75,10.37,2.27,0.79,1.73,2.19,99.00,4.62,1.29,9.66,8.91,8.01,8.61,9.26,8.54,11.10,10.53,9.68,10.36,10.73,10.53,10.10,11.47,11.10,7.35,5.82,5.03,6.79,6.62,4.88,8.54,7.85,6.99,5.60,7.00,7.37,6.61,6.71,8.11],
  [6.11,5.12,7.61,13.08,10.92,12.10,12.78,6.57,4.19,6.17,2.76,4.62,99.00,3.36,7.41,7.46,7.55,6.29,7.56,5.87,9.00,8.89,8.12,8.25,9.23,8.44,8.31,9.49,9.35,5.86,8.00,8.77,8.16,8.25,8.23,7.34,7.37,7.97,7.74,6.34,3.85,5.19,5.08,4.13],
  [6.17,7.46,4.64,11.16,11.85,12.63,11.10,3.47,0.88,2.98,1.34,1.29,3.36,99.00,8.67,8.07,7.39,7.59,8.37,7.45,10.16,9.69,8.84,9.41,9.92,9.58,9.21,10.57,10.24,6.46,5.93,5.79,6.66,6.57,5.80,8.19,7.67,7.21,6.13,6.73,6.14,5.70,5.76,6.85],
  [3.22,11.71,13.12,10.29,18.11,19.42,19.70,11.90,8.88,11.32,9.21,9.66,7.41,8.67,99.00,1.61,3.39,1.13,1.11,1.61,1.59,1.79,1.46,0.85,2.22,1.03,1.20,2.08,2.06,2.41,7.56,10.31,6.38,6.82,14.47,14.67,14.78,15.26,14.64,13.75,3.87,3.09,2.96,4.46],
  [2.02,12.16,12.28,8.70,18.35,19.56,19.17,11.07,8.12,10.49,8.82,8.91,7.46,8.07,1.61,99.00,1.80,1.76,0.53,2.47,2.36,1.63,0.77,1.76,1.85,1.87,1.25,2.63,2.19,1.65,6.09,8.93,4.82,5.27,13.78,14.80,14.77,14.99,14.18,13.74,4.48,2.41,2.43,5.33],
  [1.44,12.55,11.22,7.06,18.43,19.51,18.38,10.04,7.25,9.45,8.35,8.01,7.55,7.39,3.39,1.80,99.00,3.22,2.32,3.86,4.02,3.03,2.35,3.52,3.04,3.60,2.90,4.16,3.59,2.06,4.37,7.30,3.04,3.50,12.86,14.79,14.61,14.54,13.50,13.59,5.38,2.46,2.66,6.39],
  [2.58,10.69,12.08,10.28,17.04,18.33,18.59,10.86,7.83,10.29,8.10,8.61,6.29,7.59,1.13,1.76,3.22,99.00,1.53,0.71,2.71,2.70,2.09,1.96,3.10,2.14,2.09,3.19,3.09,1.62,7.02,9.61,5.98,6.39,13.39,13.57,13.66,14.13,13.52,12.64,2.88,2.15,1.97,3.61],
  [2.46,12.14,12.66,9.17,18.41,19.65,19.47,11.45,8.47,10.86,9.06,9.26,7.56,8.37,1.11,0.53,2.32,1.53,99.00,2.23,1.90,1.35,0.58,1.25,1.68,1.37,0.84,2.22,1.87,1.91,6.61,9.44,5.35,5.80,14.12,14.89,14.91,15.21,14.45,13.88,4.37,2.67,2.64,5.14],
  [3.04,10.10,12.02,10.91,16.50,17.82,18.35,10.81,7.78,10.25,7.85,8.54,5.87,7.45,1.61,2.47,3.86,0.71,2.23,99.00,3.17,3.33,2.77,2.46,3.74,2.64,2.72,3.68,3.67,2.05,7.44,9.92,6.50,6.89,13.25,13.08,13.22,13.78,13.27,12.19,2.26,2.39,2.15,2.92],
  [4.35,13.23,14.52,10.32,19.67,20.99,21.23,13.31,10.31,12.73,10.76,11.10,9.00,10.16,1.59,2.36,4.02,2.71,1.90,3.17,99.00,1.12,1.67,0.76,1.43,0.58,1.13,0.52,0.87,3.75,8.38,11.28,7.04,7.50,15.94,16.24,16.36,16.83,16.18,15.34,5.41,4.49,4.40,5.89],
  [3.63,13.40,13.90,9.20,19.72,20.98,20.79,12.69,9.75,12.11,10.40,10.53,8.89,9.69,1.79,1.63,3.03,2.70,1.35,3.33,1.12,99.00,0.85,1.12,0.43,1.04,0.61,1.13,0.58,3.24,7.39,10.33,6.01,6.47,15.40,16.22,16.25,16.56,15.78,15.22,5.57,4.00,3.99,6.23],
  [2.79,12.72,13.05,8.93,18.98,20.22,19.94,11.85,8.90,11.26,9.57,9.68,8.12,8.84,1.46,0.77,2.35,2.09,0.58,2.77,1.67,0.85,99.00,1.23,1.12,1.28,0.56,1.88,1.42,2.40,6.71,9.61,5.38,5.84,14.55,15.46,15.46,15.73,14.94,14.43,4.94,3.16,3.15,5.69],
  [3.68,12.55,13.79,10.13,18.96,20.27,20.47,12.57,9.57,11.99,10.00,10.36,8.25,9.41,0.85,1.76,3.52,1.96,1.25,2.46,0.76,1.12,1.23,99.00,1.55,0.19,0.71,1.24,1.25,3.02,7.85,10.69,6.56,7.02,15.19,15.52,15.62,16.07,15.42,14.59,4.72,3.75,3.65,5.26],
  [3.80,13.79,14.06,8.91,20.08,21.33,21.02,12.86,9.94,12.27,10.67,10.73,9.23,9.92,2.22,1.85,3.04,3.10,1.68,3.74,1.43,0.43,1.12,1.55,99.00,1.45,1.03,1.28,0.65,3.50,7.35,10.32,5.94,6.40,15.60,16.57,16.58,16.84,16.03,15.55,5.98,4.26,4.27,6.65],
  [3.82,12.73,13.95,10.13,19.14,20.45,20.65,12.74,9.74,12.16,10.18,10.53,8.44,9.58,1.03,1.87,3.60,2.14,1.37,2.64,0.58,1.04,1.28,0.19,1.45,99.00,0.73,1.05,1.10,3.18,7.94,10.81,6.64,7.10,15.36,15.70,15.81,16.26,15.60,14.78,4.90,3.92,3.83,5.43],
  [3.26,12.79,13.49,9.42,19.12,20.39,20.31,12.28,9.31,11.70,9.89,10.10,8.31,9.21,1.20,1.25,2.90,2.09,0.84,2.72,1.13,0.61,0.56,0.71,1.03,0.73,99.00,1.39,1.05,2.75,7.26,10.15,5.94,6.40,14.96,15.63,15.68,16.02,15.28,14.65,4.96,3.51,3.47,5.62],
  [4.65,13.75,14.88,10.18,20.18,21.50,21.65,13.67,10.69,13.08,11.20,11.47,9.49,10.57,2.08,2.63,4.16,3.19,2.22,3.68,0.52,1.13,1.88,1.24,1.28,1.05,1.39,99.00,0.64,4.12,8.52,11.46,7.14,7.61,16.33,16.75,16.86,17.29,16.61,15.83,5.93,4.87,4.81,6.41],
  [4.21,13.76,14.47,9.55,20.13,21.41,21.34,13.27,10.31,12.68,10.93,11.10,9.35,10.24,2.06,2.19,3.59,3.09,1.87,3.67,0.87,0.58,1.42,1.25,0.65,1.10,1.05,0.64,99.00,3.78,7.94,10.89,6.54,7.01,15.97,16.66,16.72,17.07,16.32,15.69,5.93,4.54,4.51,6.51],
  [0.99,10.69,10.77,8.99,16.77,17.95,17.56,9.56,6.57,8.98,7.17,7.35,5.86,6.46,2.41,1.65,2.06,1.62,1.91,2.05,3.75,3.24,2.40,3.02,3.50,3.18,2.75,4.12,3.78,99.00,5.41,8.00,4.45,4.84,12.21,13.19,13.14,13.34,12.54,12.11,3.32,0.76,0.78,4.34],
  [4.44,12.99,8.16,5.23,17.78,18.51,15.66,7.16,5.31,6.63,7.25,5.82,8.00,5.93,7.56,6.09,4.37,7.02,6.61,7.44,8.38,7.39,6.71,7.85,7.35,7.94,7.26,8.52,7.94,5.41,99.00,3.01,1.50,1.08,10.06,14.12,13.57,12.80,11.28,12.65,7.93,5.11,5.38,9.02],
  [7.10,13.25,6.09,6.60,17.05,17.51,13.51,5.40,4.93,5.02,7.08,5.03,8.77,5.79,10.31,8.93,7.30,9.61,9.44,9.92,11.28,10.33,9.61,10.69,10.32,10.81,10.15,11.46,10.89,8.00,3.01,99.00,4.50,4.07,8.07,13.53,12.74,11.49,9.69,11.96,9.88,7.52,7.77,10.91],
  [3.46,13.26,9.45,4.97,18.44,19.29,16.91,8.39,6.18,7.83,7.91,6.79,8.16,6.66,6.38,4.82,3.04,5.98,5.35,6.50,7.04,6.01,5.38,6.56,5.94,6.64,5.94,7.14,6.54,4.45,1.50,4.50,99.00,0.46,11.30,14.76,14.32,13.76,12.37,13.37,7.36,4.34,4.61,8.46],
  [3.84,13.33,9.15,4.83,18.40,19.20,16.64,8.12,6.04,7.58,7.85,6.62,8.25,6.57,6.82,5.27,3.50,6.39,5.80,6.89,7.50,6.47,5.84,7.02,6.40,7.10,6.40,7.61,7.01,4.84,1.08,4.07,0.46,99.00,11.03,14.72,14.24,13.60,12.16,13.30,7.66,4.68,4.95,8.76],
  [11.81,9.48,1.98,14.66,10.26,10.21,5.61,2.91,5.66,3.47,5.57,4.88,8.23,5.80,14.47,13.78,12.86,13.39,14.12,13.25,15.94,15.40,14.55,15.19,15.60,15.36,14.96,16.33,15.97,12.21,10.06,8.07,11.30,11.03,99.00,7.51,6.31,4.19,2.14,6.05,11.76,11.46,11.54,12.29],
  [13.37,3.87,8.69,19.34,3.68,4.76,8.43,8.59,8.87,8.73,6.87,8.54,7.34,8.19,14.67,14.80,14.79,13.57,14.89,13.08,16.24,16.22,15.46,15.52,16.57,15.70,15.63,16.75,16.66,13.19,14.12,13.53,14.76,14.72,7.51,99.00,1.28,3.68,5.46,1.60,10.87,12.51,12.42,10.70],
  [13.22,4.76,7.61,18.76,4.31,4.97,7.26,7.63,8.27,7.83,6.42,7.85,7.37,7.67,14.78,14.77,14.61,13.66,14.91,13.22,16.36,16.25,15.46,15.62,16.58,15.81,15.68,16.86,16.72,13.14,13.57,12.74,14.32,14.24,6.31,1.28,99.00,2.40,4.22,1.03,11.08,12.42,12.36,11.03],
  [13.24,6.76,5.79,17.83,6.07,6.12,5.21,6.12,7.58,6.46,6.20,6.99,7.97,7.21,15.26,14.99,14.54,14.13,15.21,13.78,16.83,16.56,15.73,16.07,16.84,16.26,16.02,17.29,17.07,13.34,12.80,11.49,13.76,13.60,4.19,3.68,2.40,99.00,2.05,2.66,11.82,12.59,12.58,11.98],
  [12.30,7.87,3.80,16.16,8.12,8.13,5.08,4.29,6.30,4.72,5.43,5.60,7.74,6.13,14.64,14.18,13.50,13.52,14.45,13.27,16.18,15.78,14.94,15.42,16.03,15.60,15.28,16.61,16.32,12.54,11.28,9.69,12.37,12.16,2.14,5.46,4.22,2.05,99.00,4.09,11.51,11.78,11.81,11.86],
  [12.20,4.12,7.12,17.86,5.14,5.94,7.81,6.99,7.37,7.13,5.46,7.00,6.34,6.73,13.75,13.74,13.59,12.64,13.88,12.19,15.34,15.22,14.43,14.59,15.55,14.78,14.65,15.83,15.69,12.11,12.65,11.96,13.37,13.30,6.05,1.60,1.03,2.66,4.09,99.00,10.07,11.40,11.33,10.04],
  [4.12,7.83,10.78,12.17,14.26,15.60,16.58,9.61,6.67,9.10,6.21,7.37,3.85,6.14,3.87,4.48,5.38,2.88,4.37,2.26,5.41,5.57,4.94,4.72,5.98,4.90,4.96,5.93,5.93,3.32,7.93,9.88,7.36,7.66,11.76,10.87,11.08,11.82,11.51,10.07,99.00,3.09,2.83,1.10],
  [1.06,10.11,10.04,9.09,16.11,17.26,16.80,8.83,5.82,8.25,6.41,6.61,5.19,5.70,3.09,2.41,2.46,2.15,2.67,2.39,4.49,4.00,3.16,3.75,4.26,3.92,3.51,4.87,4.54,0.76,5.11,7.52,4.34,4.68,11.46,12.51,12.42,12.59,11.78,11.40,3.09,99.00,0.28,4.16],
  [1.30,9.95,10.16,9.35,16.00,17.17,16.84,8.94,5.93,8.37,6.42,6.71,5.08,5.76,2.96,2.43,2.66,1.97,2.64,2.15,4.40,3.99,3.15,3.65,4.27,3.83,3.47,4.81,4.51,0.78,5.38,7.77,4.61,4.95,11.54,12.42,12.36,12.58,11.81,11.33,2.83,0.28,99.00,3.90],
  [5.18,7.40,11.45,13.25,13.94,15.37,16.90,10.31,7.46,9.82,6.72,8.11,4.13,6.85,4.46,5.33,6.39,3.61,5.14,2.92,5.89,6.23,5.69,5.26,6.65,5.43,5.62,6.41,6.51,4.34,9.02,10.91,8.46,8.76,12.29,10.70,11.03,11.98,11.86,10.04,1.10,4.16,3.90,99.00]
];
