// Chosen Depots: [1, 2, 3, 6]
// Chosen Demand Points (Original DP No): [1, 2, 3, 6, 10, 11, 13, 18, 19, 21, 22, 23, 25, 26, 30, 31, 92, 94, 95, 97, 98, 99, 100, 102, 103, 107, 108, 111, 112, 113, 116, 117, 119, 120, 121, 122, 127, 130, 131, 133, 134, 135, 136, 137, 140, 144, 145, 150, 152, 154, 156, 157, 158, 159, 160, 162, 163, 164, 167, 171]
// Original Weights: [9, 9, 9, 9, 4, 5, 6, 4, 5, 6, 6, 6, 5, 4, 5, 6, 5, 6, 7, 7, 6, 6, 7, 6, 7, 8, 7, 7, 7, 7, 7, 7, 8, 7, 6, 8, 3, 4, 2, 4, 4, 4, 2, 3, 4, 8, 7, 7, 7, 4, 7, 7, 8, 7, 6, 8, 8, 9, 9, 8]

|W| = 4;
|D| = 60;
V = 54;
C = 3;
|K| = 1;
M = 100;
S = 0.25;
|TR| = 12;
δmax = 18.3;
Runtime = 25;

// Priority weights for selected demand points
pj = [
  9, 9, 9, 9, 4, 5, 6, 4, 5, 6, 6, 6, 5, 4, 5, 6, 5, 6, 7, 7, 6, 6, 7, 6, 7, 8, 7, 7, 7, 7, 7, 7, 8, 7, 6, 8, 3, 4, 2, 4, 4, 4, 2, 3, 4, 8, 7, 7, 7, 4, 7, 7, 8, 7, 6, 8, 8, 9, 9, 8
];

δij =
[
  [99.00,99.00,99.00,99.00,19.31,19.21,17.00,18.10,9.07,9.24,7.40,8.48,8.42,8.30,6.76,7.04,7.21,9.54,7.81,6.00,1.44,1.70,4.45,2.58,2.57,1.26,2.70,1.23,2.57,3.04,4.35,2.79,3.68,3.80,2.70,3.26,3.14,4.21,0.99,3.86,5.09,3.46,5.42,3.51,3.27,3.45,5.95,3.84,11.81,13.22,11.87,13.09,10.66,10.88,12.20,11.63,12.31,10.82,13.61,13.05,4.12,4.80,5.18,4.08],
  [99.00,99.00,99.00,99.00,9.07,8.93,6.60,8.14,9.37,6.43,5.89,9.26,6.83,5.99,6.36,6.19,6.74,8.34,7.88,6.09,12.55,12.58,13.62,10.69,13.06,12.15,12.68,11.52,12.24,10.10,13.23,12.72,12.55,13.79,10.14,12.79,9.42,13.76,10.69,9.10,12.55,13.26,13.72,12.30,13.57,12.49,13.42,13.33,9.48,4.76,4.28,5.00,3.67,9.26,4.12,4.21,3.71,4.28,7.56,3.85,7.83,7.77,7.40,8.24],
  [99.00,99.00,99.00,99.00,13.23,13.22,11.78,11.91,1.22,3.53,4.86,1.80,3.36,4.22,4.96,4.86,4.22,1.62,2.93,6.07,11.22,11.85,14.68,12.08,12.81,11.47,12.97,11.45,12.78,12.02,14.52,13.05,13.79,14.06,11.77,13.49,11.53,14.47,10.77,11.88,7.08,9.45,8.13,8.25,10.13,8.50,7.28,9.15,1.98,7.61,6.68,7.23,6.49,1.17,7.12,6.55,7.61,5.98,5.54,8.29,10.78,11.46,11.45,11.22],
  [99.00,99.00,99.00,99.00,24.98,24.93,22.99,23.67,11.89,13.89,12.87,11.44,12.99,13.40,12.23,12.49,12.22,13.02,11.86,12.13,7.06,7.66,10.04,10.28,8.16,7.82,8.87,8.61,9.19,10.91,10.32,8.93,10.13,8.91,10.60,9.42,11.17,9.55,8.99,11.89,5.97,4.97,4.75,5.85,4.86,5.66,5.45,4.83,14.66,18.76,17.44,18.49,16.48,13.77,17.86,17.21,18.15,16.37,17.85,18.95,12.17,12.88,13.25,12.15],
  [19.31,9.07,13.23,24.98,99.00,0.19,2.47,1.32,13.53,11.10,12.27,13.83,11.99,11.62,12.94,12.66,12.82,12.26,13.14,13.40,20.72,20.95,22.46,19.45,21.59,20.50,21.31,19.99,20.91,18.93,22.09,21.37,21.38,22.48,18.91,21.52,18.24,22.54,19.13,18.02,19.01,20.57,20.23,19.41,21.07,19.65,19.62,20.49,11.50,6.25,7.60,6.49,8.71,12.07,7.21,7.84,7.02,8.68,7.73,6.26,16.69,16.75,16.40,17.14],
  [19.21,8.93,13.22,24.93,0.19,99.00,2.33,1.31,13.51,11.06,12.20,13.80,11.94,11.56,12.87,12.59,12.75,12.24,13.10,13.32,20.63,20.85,22.34,19.34,21.48,20.40,21.20,19.88,20.80,18.81,21.97,21.26,21.26,22.37,18.79,21.41,18.13,22.43,19.02,17.89,18.96,20.50,20.18,19.34,21.00,19.58,19.58,20.43,11.52,6.19,7.53,6.44,8.63,12.07,7.14,7.77,6.94,8.62,7.74,6.17,16.57,16.62,16.27,17.01],
  [17.00,6.60,11.78,22.99,2.47,2.33,99.00,1.75,11.90,9.23,10.15,12.12,10.08,9.60,10.82,10.55,10.78,10.62,11.27,11.18,18.43,18.62,20.04,17.04,19.23,18.17,18.93,17.63,18.52,16.50,19.67,18.98,18.96,20.08,16.50,19.12,15.82,20.13,16.77,15.57,17.04,18.44,18.27,17.31,18.91,17.55,17.71,18.40,10.26,4.31,5.57,4.63,6.54,10.67,5.14,5.79,4.85,6.62,6.57,4.06,14.26,14.29,13.94,14.70],
  [18.10,8.14,11.91,23.67,1.32,1.31,1.75,99.00,12.21,9.79,10.99,12.50,10.68,10.32,11.67,11.39,11.52,10.94,11.83,12.16,19.51,19.75,21.35,18.33,20.41,19.30,20.16,18.81,19.76,17.82,20.99,20.22,20.27,21.33,17.79,20.39,17.14,21.41,17.95,16.94,17.70,19.29,18.92,18.12,19.79,18.36,18.30,19.20,10.21,4.97,6.32,5.19,7.46,10.76,5.94,6.56,5.79,7.41,6.43,5.06,15.60,15.70,15.37,16.06],
  [9.07,9.37,1.22,11.89,13.53,13.51,11.90,12.21,99.00,3.01,3.91,0.59,2.56,3.43,3.90,3.85,3.18,1.28,1.83,4.98,10.04,10.66,13.47,10.86,11.61,10.27,11.76,10.24,11.56,10.81,13.31,11.85,12.57,12.86,10.55,12.28,10.33,13.27,9.56,10.68,6.12,8.39,7.24,7.17,9.06,7.43,6.44,8.12,2.91,7.63,6.55,7.28,6.12,1.96,6.99,6.38,7.44,5.70,6.02,8.18,9.61,10.30,10.31,10.04],
  [9.24,6.43,3.53,13.89,11.10,11.06,9.23,9.79,3.01,99.00,2.03,3.04,0.90,1.07,2.55,2.29,2.03,1.92,2.05,3.59,10.49,10.94,13.30,10.39,11.78,10.50,11.75,10.23,11.45,10.14,13.05,11.83,12.29,12.92,9.96,12.16,9.54,13.20,9.43,9.70,7.91,9.66,9.13,8.46,10.24,8.71,8.52,9.52,3.55,4.93,3.70,4.63,3.12,3.01,4.14,3.50,4.55,2.74,4.38,5.32,8.43,8.97,8.86,8.92],
  [7.40,5.89,4.86,12.87,12.27,12.20,10.15,10.99,3.91,2.03,99.00,3.62,1.57,0.97,0.68,0.40,0.85,3.35,2.14,1.56,8.72,9.10,11.33,8.39,9.90,8.65,9.82,8.33,9.50,8.12,11.06,9.90,10.30,11.01,7.95,10.21,7.51,11.25,7.50,7.67,6.98,8.31,8.20,7.16,8.80,7.40,7.75,8.25,5.42,6.03,4.67,5.83,3.61,4.72,5.06,4.43,5.30,3.58,6.26,6.10,6.41,6.96,6.87,6.89],
  [8.48,9.26,1.80,11.44,13.83,13.80,12.12,12.50,0.59,3.04,3.62,99.00,2.43,3.27,3.52,3.50,2.83,1.59,1.47,4.55,9.45,10.07,12.88,10.29,11.02,9.68,11.17,9.65,10.98,10.25,12.73,11.26,11.99,12.27,9.99,11.70,9.78,12.68,8.98,10.15,5.61,7.83,6.75,6.62,8.50,6.87,5.99,7.58,3.47,7.83,6.68,7.49,6.15,2.52,7.13,6.50,7.56,5.77,6.42,8.32,9.10,9.80,9.82,9.52],
  [8.42,6.83,3.36,12.99,11.99,11.94,10.08,10.68,2.56,0.90,1.57,2.43,99.00,0.87,1.89,1.69,1.24,1.80,1.20,3.02,9.65,10.12,12.56,9.69,10.98,9.68,10.97,9.45,10.69,9.49,12.32,11.05,11.57,12.14,9.29,11.41,8.91,12.44,8.66,9.12,7.02,8.76,8.24,7.55,9.34,7.81,7.64,8.62,3.87,5.79,4.52,5.51,3.80,3.16,4.96,4.31,5.33,3.51,5.25,6.12,7.90,8.49,8.41,8.37],
  [8.30,5.99,4.22,13.40,11.62,11.56,9.60,10.32,3.43,1.07,0.97,3.27,0.87,99.00,1.54,1.27,1.20,2.62,1.91,2.53,9.59,10.00,12.28,9.35,10.82,9.55,10.76,9.26,10.45,9.09,12.02,10.83,11.26,11.94,8.92,11.15,8.48,12.20,8.44,8.64,7.44,8.98,8.67,7.80,9.51,8.04,8.14,8.88,4.54,5.37,4.04,5.14,3.16,3.91,4.47,3.81,4.78,2.98,5.32,5.58,7.36,7.90,7.80,7.85],
  [6.76,6.36,4.96,12.23,12.94,12.87,10.82,11.67,3.90,2.55,0.68,3.52,1.89,1.54,99.00,0.29,0.74,3.55,2.07,1.14,8.07,8.46,10.75,7.84,9.28,8.02,9.22,7.71,8.91,7.61,10.50,9.29,9.74,10.40,7.43,9.62,7.03,10.66,6.90,7.23,6.37,7.64,7.58,6.50,8.13,6.73,7.16,7.58,5.75,6.70,5.34,6.51,4.27,4.98,5.73,5.10,5.97,4.26,6.86,6.76,6.01,6.62,6.56,6.48],
  [7.04,6.19,4.86,12.49,12.66,12.59,10.55,11.39,3.85,2.29,0.40,3.50,1.69,1.27,0.29,99.00,0.67,3.41,2.03,1.33,8.35,8.74,11.02,8.10,9.56,8.30,9.49,7.99,9.18,7.85,10.76,9.57,10.00,10.67,7.67,9.89,7.26,10.93,7.17,7.44,6.60,7.91,7.82,6.77,8.41,7.00,7.39,7.85,5.57,6.42,5.06,6.23,4.01,4.82,5.46,4.82,5.70,3.98,6.59,6.49,6.21,6.79,6.72,6.68],
  [7.21,6.74,4.22,12.22,12.82,12.75,10.78,11.52,3.18,2.03,0.85,2.83,1.24,1.20,0.74,0.67,99.00,2.83,1.36,1.87,8.46,8.91,11.32,8.45,9.76,8.47,9.74,8.22,9.45,8.25,11.08,9.82,10.32,10.91,8.05,10.17,7.68,11.21,7.42,7.92,6.28,7.78,7.50,6.60,8.32,6.84,7.01,7.68,5.04,6.57,5.23,6.34,4.28,4.25,5.65,5.00,5.94,4.15,6.41,6.74,6.72,7.34,7.29,7.18],
  [9.54,8.34,1.62,13.02,12.26,12.24,10.62,10.94,1.28,1.92,3.35,1.59,1.80,2.62,3.55,3.41,2.83,99.00,1.75,4.69,10.63,11.19,13.85,11.10,12.11,10.78,12.19,10.66,11.95,10.96,13.65,12.27,12.90,13.33,10.74,12.67,10.43,13.69,9.92,10.70,7.15,9.27,8.31,8.04,9.91,8.30,7.57,9.04,2.29,6.35,5.29,6.00,4.95,1.43,5.74,5.13,6.20,4.49,4.84,6.92,9.53,10.16,10.12,9.99],
  [7.81,7.88,2.93,11.86,13.14,13.10,11.27,11.83,1.83,2.05,2.14,1.47,1.20,1.91,2.07,2.03,1.36,1.75,99.00,3.15,8.93,9.47,12.09,9.35,10.38,9.05,10.44,8.91,10.20,9.23,11.89,10.52,11.14,11.59,8.99,10.92,8.70,11.94,8.17,9.00,5.89,7.77,7.11,6.55,8.38,6.81,6.47,7.60,4.05,6.97,5.72,6.68,4.99,3.16,6.16,5.51,6.54,4.72,6.16,7.32,7.88,8.54,8.53,8.32],
  [6.00,6.09,6.07,12.13,13.40,13.32,11.18,12.16,4.98,3.59,1.56,4.55,3.02,2.53,1.14,1.33,1.87,4.69,3.15,99.00,7.37,7.68,9.79,6.84,8.45,7.23,8.32,6.85,7.99,6.56,9.52,8.40,8.76,9.51,6.39,8.69,5.95,9.74,6.01,6.12,6.46,7.35,7.63,6.29,7.76,6.51,7.35,7.36,6.88,7.24,5.88,7.10,4.70,6.12,6.23,5.64,6.38,4.83,7.78,7.15,4.88,5.48,5.42,5.36],
  [1.44,12.55,11.22,7.06,20.72,20.63,18.43,19.51,10.04,10.49,8.72,9.45,9.65,9.59,8.07,8.35,8.46,10.63,8.93,7.37,99.00,0.81,3.96,3.22,1.76,0.77,2.26,1.55,2.39,3.86,4.02,2.35,3.52,3.04,3.55,2.90,4.16,3.59,2.06,4.87,5.27,3.04,5.26,3.59,2.58,3.44,5.97,3.50,12.86,14.61,13.25,14.47,12.06,11.91,13.59,13.01,13.71,12.19,14.87,14.46,5.38,5.99,6.39,5.26],
  [1.70,12.58,11.85,7.66,20.95,20.85,18.62,19.75,10.66,10.94,9.10,10.07,10.12,10.00,8.46,8.74,8.91,11.19,9.47,7.68,0.81,99.00,3.16,2.68,0.99,0.45,1.45,1.13,1.61,3.36,3.21,1.53,2.72,2.27,3.09,2.09,3.77,2.80,1.90,4.45,6.06,3.85,6.07,4.39,3.36,4.25,6.78,4.31,13.44,14.89,13.55,14.77,12.33,12.50,13.87,13.31,13.96,12.50,15.31,14.69,5.14,5.66,6.08,4.95],
  [4.45,13.62,14.68,10.04,22.46,22.34,20.04,21.35,13.47,13.30,11.33,12.88,12.56,12.28,10.75,11.02,11.32,13.85,12.09,9.79,3.96,3.16,99.00,3.03,2.21,3.40,1.77,3.24,1.90,3.54,0.45,1.68,1.08,1.13,3.56,1.19,4.22,0.49,3.93,4.54,9.22,6.95,9.19,7.55,6.39,7.40,9.93,7.41,16.13,16.70,15.41,16.64,14.15,15.22,15.67,15.17,15.67,14.43,17.58,16.33,5.80,5.90,6.31,5.38],
  [2.58,10.69,12.08,10.28,19.45,19.34,17.04,18.33,10.86,10.39,8.39,10.29,9.69,9.35,7.84,8.10,8.45,11.10,9.35,6.84,3.22,2.68,3.03,99.00,2.63,2.46,2.07,1.68,1.60,0.71,2.71,2.09,1.96,3.10,0.56,2.09,1.29,3.09,1.62,1.85,7.64,5.98,8.00,6.08,5.68,6.03,8.52,6.39,13.39,13.66,12.38,13.61,11.12,12.50,12.64,12.14,12.64,11.41,14.61,13.30,2.88,3.18,3.61,2.54],
  [2.57,13.06,12.81,8.16,21.59,21.48,19.23,20.41,11.61,11.78,9.90,11.02,10.98,10.82,9.28,9.56,9.76,12.11,10.38,8.45,1.76,0.99,2.21,2.63,99.00,1.34,0.72,1.61,1.12,3.34,2.33,0.77,1.99,1.29,3.15,1.28,3.88,1.83,2.47,4.48,7.03,4.74,6.98,5.36,4.19,5.20,7.72,5.20,14.37,15.60,14.27,15.50,13.03,13.44,14.57,14.03,14.64,13.24,16.14,15.36,5.40,5.80,6.23,5.12],
  [1.26,12.15,11.47,7.82,20.50,20.40,18.17,19.30,10.27,10.50,8.65,9.68,9.68,9.55,8.02,8.30,8.47,10.78,9.05,7.23,0.77,0.45,3.40,2.46,1.34,99.00,1.64,0.81,1.68,3.12,3.40,1.73,2.84,2.61,2.82,2.27,3.47,3.09,1.49,4.16,5.84,3.76,5.93,4.18,3.33,4.05,6.60,4.20,13.04,14.44,13.09,14.32,11.88,12.10,13.42,12.85,13.51,12.05,14.87,14.24,4.78,5.33,5.74,4.61],
  [2.70,12.68,12.97,8.87,21.31,21.20,18.93,20.16,11.76,11.75,9.82,11.17,10.97,10.76,9.22,9.49,9.74,12.19,10.44,8.32,2.26,1.45,1.77,2.07,0.72,1.64,99.00,1.53,0.47,2.76,1.77,0.09,1.30,1.19,2.61,0.64,3.35,1.51,2.32,3.90,7.48,5.29,7.51,5.81,4.79,5.67,8.22,5.75,14.47,15.40,14.08,15.31,12.83,13.54,14.37,13.84,14.41,13.07,16.08,15.11,4.91,5.25,5.68,4.60],
  [1.23,11.52,11.45,8.61,19.99,19.88,17.63,18.81,10.24,10.23,8.33,9.65,9.45,9.26,7.71,7.99,8.22,10.66,8.91,6.85,1.55,1.13,3.24,1.68,1.61,0.81,1.53,99.00,1.34,2.31,3.13,1.62,2.45,2.69,2.01,2.05,2.66,3.03,0.86,3.35,6.26,4.37,6.47,4.63,4.03,4.54,7.08,4.80,12.94,13.99,12.66,13.89,11.43,12.01,12.97,12.42,13.03,11.64,14.58,13.75,4.01,4.54,4.95,3.82],
  [2.57,12.24,12.78,9.19,20.91,20.80,18.52,19.76,11.56,11.45,9.50,10.98,10.69,10.45,8.91,9.18,9.45,11.95,10.20,7.99,2.39,1.61,1.90,1.60,1.12,1.68,0.47,1.34,99.00,2.29,1.79,0.49,1.16,1.57,2.15,0.72,2.89,1.75,2.04,3.43,7.50,5.43,7.61,5.84,4.96,5.73,8.28,5.88,14.24,15.02,13.71,14.94,12.46,13.32,13.99,13.47,14.02,12.71,15.76,14.71,4.46,4.78,5.21,4.14],
  [3.04,10.10,12.02,10.91,18.93,18.81,16.50,17.82,10.81,10.14,8.12,10.25,9.49,9.09,7.61,7.85,8.25,10.96,9.23,6.56,3.86,3.36,3.54,0.71,3.34,3.12,2.76,2.31,2.29,99.00,3.17,2.77,2.46,3.74,0.35,2.72,0.68,3.67,2.05,1.14,7.99,6.50,8.43,6.49,6.25,6.46,8.90,6.89,13.25,13.22,11.95,13.18,10.69,12.38,12.19,11.72,12.17,11.01,14.29,12.82,2.26,2.49,2.92,1.88],
  [4.35,13.23,14.52,10.32,22.09,21.97,19.67,20.99,13.31,13.05,11.06,12.73,12.32,12.02,10.50,10.76,11.08,13.65,11.89,9.52,4.02,3.21,0.45,2.71,2.33,3.40,1.77,3.13,1.79,3.17,99.00,1.67,0.76,1.43,3.22,1.13,3.85,0.87,3.75,4.13,9.24,7.04,9.27,7.57,6.51,7.44,9.98,7.50,15.94,16.36,15.08,16.32,13.82,15.03,15.34,14.85,15.33,14.12,17.30,15.98,5.41,5.49,5.89,4.99],
  [2.79,12.72,13.05,8.93,21.37,21.26,18.98,20.22,11.85,11.83,9.90,11.26,11.05,10.83,9.29,9.57,9.82,12.27,10.52,8.40,2.35,1.53,1.68,2.09,0.77,1.73,0.09,1.62,0.49,2.77,1.67,99.00,1.23,1.12,2.63,0.56,3.38,1.42,2.40,3.91,7.57,5.38,7.60,5.90,4.87,5.76,8.31,5.84,14.55,15.46,14.14,15.38,12.90,13.63,14.43,13.90,14.47,13.14,16.15,15.17,4.94,5.27,5.69,4.62],
  [3.68,12.55,13.79,10.13,21.38,21.26,18.96,20.27,12.57,12.29,10.30,11.99,11.57,11.26,9.74,10.00,10.32,12.90,11.14,8.76,3.52,2.72,1.08,1.96,1.99,2.84,1.30,2.45,1.16,2.46,0.76,1.23,99.00,1.55,2.48,0.71,3.14,1.25,3.02,3.48,8.66,6.56,8.76,7.00,6.08,6.89,9.44,7.02,15.19,15.62,14.34,15.57,13.08,14.29,14.59,14.10,14.59,13.37,16.54,15.25,4.72,4.85,5.26,4.31],
  [3.80,13.79,14.06,8.91,22.48,22.37,20.08,21.33,12.86,12.92,11.01,12.27,12.14,11.94,10.40,10.67,10.91,13.33,11.59,9.51,3.04,2.27,1.13,3.10,1.29,2.61,1.19,2.69,1.57,3.74,1.43,1.12,1.55,99.00,3.66,1.03,4.39,0.65,3.50,4.85,8.29,5.94,8.18,6.62,5.34,6.46,8.96,6.40,15.60,16.58,15.26,16.50,14.02,14.67,15.55,15.03,15.59,14.26,17.26,16.28,5.98,6.23,6.65,5.62],
  [2.70,10.14,11.77,10.60,18.91,18.79,16.50,17.79,10.55,9.96,7.95,9.99,9.29,8.92,7.43,7.67,8.05,10.74,8.99,6.39,3.55,3.09,3.56,0.56,3.15,2.82,2.61,2.01,2.15,0.35,3.22,2.63,2.48,3.66,99.00,2.65,0.74,3.64,1.70,1.36,7.64,6.15,8.08,6.14,5.91,6.12,8.55,6.54,13.02,13.15,11.87,13.10,10.61,12.15,12.12,11.64,12.11,10.91,14.15,12.77,2.32,2.65,3.08,1.99],
  [3.26,12.79,13.49,9.42,21.52,21.41,19.12,20.39,12.28,12.16,10.21,11.70,11.41,11.15,9.62,9.89,10.17,12.67,10.92,8.69,2.90,2.09,1.19,2.09,1.28,2.27,0.64,2.05,0.72,2.72,1.13,0.56,0.71,1.03,2.65,99.00,3.37,1.05,2.75,3.83,8.11,5.94,8.16,6.44,5.43,6.31,8.86,6.40,14.96,15.68,14.37,15.61,13.12,14.04,14.65,14.13,14.67,13.38,16.46,15.35,4.96,5.20,5.62,4.60],
  [3.14,9.42,11.53,11.17,18.24,18.13,15.82,17.14,10.33,9.54,7.51,9.78,8.91,8.48,7.03,7.26,7.68,10.43,8.70,5.95,4.16,3.77,4.22,1.29,3.88,3.47,3.35,2.66,2.89,0.68,3.85,3.38,3.14,4.39,0.74,3.37,99.00,4.34,2.18,0.72,7.87,6.59,8.41,6.45,6.41,6.46,8.81,6.95,12.70,12.54,11.28,12.51,10.02,11.85,11.52,11.05,11.49,10.35,13.66,12.14,1.59,1.92,2.34,1.25],
  [4.21,13.76,14.47,9.55,22.54,22.43,20.13,21.41,13.27,13.20,11.25,12.68,12.44,12.20,10.66,10.93,11.21,13.69,11.94,9.74,3.59,2.80,0.49,3.09,1.83,3.09,1.51,3.03,1.75,3.67,0.87,1.42,1.25,0.65,3.64,1.05,4.34,99.00,3.78,4.72,8.86,6.54,8.79,7.18,5.96,7.03,9.55,7.01,15.97,16.72,15.42,16.65,14.16,15.04,15.69,15.18,15.70,14.43,17.51,16.38,5.93,6.10,6.51,5.54],
  [0.99,10.69,10.77,8.99,19.13,19.02,16.77,17.95,9.56,9.43,7.50,8.98,8.66,8.44,6.90,7.17,7.42,9.92,8.17,6.01,2.06,1.90,3.93,1.62,2.47,1.49,2.32,0.86,2.04,2.05,3.75,2.40,3.02,3.50,1.70,2.75,2.18,3.78,99.00,2.91,6.02,4.45,6.40,4.47,4.23,4.43,6.90,4.84,12.21,13.14,11.81,13.04,10.57,11.29,12.11,11.57,12.17,10.78,13.76,12.89,3.32,3.94,4.34,3.21],
  [3.86,9.10,11.88,11.89,18.02,17.89,15.57,16.94,10.68,9.70,7.67,10.15,9.12,8.64,7.23,7.44,7.92,10.70,9.00,6.12,4.87,4.45,4.54,1.85,4.48,4.16,3.90,3.35,3.43,1.14,4.13,3.91,3.48,4.85,1.36,3.83,0.72,4.72,2.91,99.00,8.53,7.30,9.10,7.14,7.13,7.15,9.48,7.66,12.96,12.44,11.21,12.43,9.95,12.13,11.43,10.99,11.37,10.32,13.72,11.98,1.36,1.37,1.80,0.89],
  [5.09,12.55,7.08,5.97,19.01,18.96,17.04,17.70,6.12,7.91,6.98,5.61,7.02,7.44,6.37,6.60,6.28,7.15,5.89,6.46,5.27,6.06,9.22,7.64,7.03,5.84,7.48,6.26,7.50,7.99,9.24,7.57,8.66,8.29,7.64,8.11,7.87,8.86,6.02,8.53,99.00,2.58,1.23,1.68,3.30,1.84,0.99,2.19,9.00,12.79,11.48,12.52,10.56,8.06,11.90,11.25,12.21,10.42,11.95,13.01,8.17,8.98,9.24,8.37],
  [3.46,13.26,9.45,4.97,20.57,20.50,18.44,19.29,8.39,9.66,8.31,7.83,8.76,8.98,7.64,7.91,7.78,9.27,7.77,7.35,3.04,3.85,6.95,5.98,4.74,3.76,5.29,4.37,5.43,6.50,7.04,5.38,6.56,5.94,6.15,5.94,6.59,6.54,4.45,7.30,2.58,99.00,2.25,1.23,0.72,0.97,3.06,0.46,11.30,14.32,12.97,14.11,11.90,10.34,13.37,12.73,13.60,11.89,13.93,14.39,7.36,8.11,8.46,7.41],
  [5.42,13.72,8.13,4.75,20.23,20.18,18.27,18.92,7.24,9.13,8.20,6.75,8.24,8.67,7.58,7.82,7.50,8.31,7.11,7.63,5.26,6.07,9.19,8.00,6.98,5.93,7.51,6.47,7.61,8.43,9.27,7.60,8.76,8.18,8.08,8.16,8.41,8.79,6.40,9.10,1.23,2.25,99.00,1.95,2.89,1.97,0.94,1.78,10.09,14.01,12.70,13.75,11.78,9.17,13.13,12.48,13.44,11.64,13.14,14.24,8.91,9.70,10.00,9.05],
  [3.51,12.30,8.25,5.85,19.41,19.34,17.31,18.12,7.17,8.46,7.16,6.62,7.55,7.80,6.50,6.77,6.60,8.04,6.55,6.29,3.59,4.39,7.55,6.08,5.36,4.18,5.81,4.63,5.84,6.49,7.57,5.90,7.00,6.62,6.14,6.44,6.45,7.18,4.47,7.14,1.68,1.23,1.95,99.00,1.89,0.26,2.45,1.08,10.08,13.16,11.81,12.93,10.77,9.13,12.21,11.57,12.46,10.73,12.71,13.26,6.98,7.77,8.07,7.11],
  [3.27,13.57,10.13,4.86,21.07,21.00,18.91,19.79,9.06,10.24,8.80,8.50,9.34,9.51,8.13,8.41,8.32,9.91,8.38,7.76,2.58,3.36,6.39,5.68,4.19,3.33,4.79,4.03,4.96,6.25,6.51,4.87,6.08,5.34,5.91,5.43,6.41,5.96,4.23,7.13,3.30,0.72,2.89,1.89,99.00,1.63,3.74,1.14,11.97,14.83,13.47,14.63,12.38,11.02,13.86,13.23,14.07,12.39,14.54,14.86,7.33,8.04,8.41,7.33],
  [3.45,12.49,8.50,5.66,19.65,19.58,17.55,18.36,7.43,8.71,7.40,6.87,7.81,8.04,6.73,7.00,6.84,8.30,6.81,6.51,3.44,4.25,7.40,6.03,5.20,4.05,5.67,4.54,5.73,6.46,7.44,5.76,6.89,6.46,6.12,6.31,6.46,7.03,4.43,7.15,1.84,0.97,1.97,0.26,1.63,99.00,2.55,0.86,10.34,13.40,12.05,13.18,11.00,9.39,12.45,11.81,12.70,10.97,12.97,13.49,7.03,7.82,8.13,7.15],
  [5.95,13.42,7.28,5.45,19.62,19.58,17.71,18.30,6.44,8.52,7.75,5.99,7.64,8.14,7.16,7.39,7.01,7.57,6.47,7.35,5.97,6.78,9.93,8.52,7.72,6.60,8.22,7.08,8.28,8.90,9.98,8.31,9.44,8.96,8.55,8.86,8.81,9.55,6.90,9.48,0.99,3.06,0.94,2.45,3.74,2.55,99.00,2.60,9.25,13.43,12.15,13.15,11.28,8.34,12.58,11.93,12.91,11.10,12.40,13.71,9.16,9.97,10.23,9.35],
  [3.84,13.33,9.15,4.83,20.49,20.43,18.40,19.20,8.12,9.52,8.25,7.58,8.62,8.88,7.58,7.85,7.68,9.04,7.60,7.36,3.50,4.31,7.41,6.39,5.20,4.20,5.75,4.80,5.88,6.89,7.50,5.84,7.02,6.40,6.54,6.40,6.95,7.01,4.84,7.66,2.19,0.46,1.78,1.08,1.14,0.86,2.60,99.00,11.03,14.24,12.89,14.02,11.86,10.08,13.30,12.66,13.55,11.81,13.75,14.34,7.66,8.43,8.76,7.73],
  [11.81,9.48,1.98,14.66,11.50,11.52,10.26,10.21,2.91,3.55,5.42,3.47,3.87,4.54,5.75,5.57,5.04,2.29,4.05,6.88,12.86,13.44,16.13,13.39,14.37,13.04,14.47,12.94,14.24,13.25,15.94,14.55,15.19,15.60,13.02,14.96,12.70,15.97,12.21,12.96,9.00,11.30,10.09,10.08,11.97,10.34,9.25,11.03,99.00,6.31,5.66,5.91,5.83,0.96,6.05,5.59,6.57,5.24,3.78,7.13,11.76,12.36,12.29,12.23],
  [13.22,4.76,7.61,18.76,6.25,6.19,4.31,4.97,7.63,4.93,6.03,7.83,5.79,5.37,6.70,6.42,6.57,6.35,6.97,7.24,14.61,14.89,16.70,13.66,15.60,14.44,15.40,13.99,15.02,13.22,16.36,15.46,15.62,16.58,13.15,15.68,12.54,16.72,13.14,12.44,12.79,14.32,14.01,13.16,14.83,13.40,13.43,14.24,6.31,99.00,1.36,0.40,2.57,6.56,1.03,1.60,1.13,2.44,3.17,1.02,11.08,11.31,11.03,11.56],
  [11.87,4.28,6.68,17.44,7.60,7.53,5.57,6.32,6.55,3.70,4.67,6.68,4.52,4.04,5.34,5.06,5.23,5.29,5.72,5.88,13.25,13.55,15.41,12.38,14.27,13.09,14.08,12.66,13.71,11.95,15.08,14.14,14.34,15.26,11.87,14.37,11.28,15.42,11.81,11.21,11.48,12.97,12.70,11.81,13.47,12.05,12.15,12.89,5.66,1.36,99.00,1.24,1.26,5.73,0.45,0.24,0.93,1.08,3.29,1.64,9.85,10.13,9.87,10.34],
  [13.09,5.00,7.23,18.49,6.49,6.44,4.63,5.19,7.28,4.63,5.83,7.49,5.51,5.14,6.51,6.23,6.34,6.00,6.68,7.10,14.47,14.77,16.64,13.61,15.50,14.32,15.31,13.89,14.94,13.18,16.32,15.38,15.57,16.50,13.10,15.61,12.51,16.65,13.04,12.43,12.52,14.11,13.75,12.93,14.63,13.18,13.15,14.02,5.91,0.40,1.24,99.00,2.49,6.17,1.03,1.47,1.30,2.28,2.79,1.38,11.07,11.33,11.06,11.55],
  [10.66,3.67,6.49,16.48,8.71,8.63,6.54,7.46,6.12,3.12,3.61,6.15,3.80,3.16,4.27,4.01,4.28,4.95,4.99,4.70,12.06,12.33,14.15,11.12,13.03,11.88,12.83,11.43,12.46,10.69,13.82,12.90,13.08,14.02,10.61,13.12,10.02,14.16,10.57,9.95,10.56,11.90,11.78,10.77,12.38,11.00,11.28,11.86,5.83,2.57,1.26,2.49,99.00,5.68,1.54,1.04,1.69,0.62,4.23,2.49,8.59,8.88,8.63,9.08],
  [10.88,9.26,1.17,13.77,12.07,12.07,10.67,10.76,1.96,3.01,4.72,2.52,3.16,3.91,4.98,4.82,4.25,1.43,3.16,6.12,11.91,12.50,15.22,12.50,13.44,12.10,13.54,12.01,13.32,12.38,15.03,13.63,14.29,14.67,12.15,14.04,11.85,15.04,11.29,12.13,8.06,10.34,9.17,9.13,11.02,9.39,8.34,10.08,0.96,6.56,5.73,6.17,5.68,99.00,6.14,5.62,6.65,5.13,4.37,7.29,10.96,11.59,11.54,11.42],
  [12.20,4.12,7.12,17.86,7.21,7.14,5.14,5.94,6.99,4.14,5.06,7.13,4.96,4.47,5.73,5.46,5.65,5.74,6.16,6.23,13.59,13.87,15.67,12.64,14.57,13.42,14.37,12.97,13.99,12.19,15.34,14.43,14.59,15.55,12.12,14.65,11.52,15.69,12.11,11.43,11.90,13.37,13.13,12.21,13.86,12.45,12.58,13.30,6.05,1.03,0.45,1.03,1.54,6.14,99.00,0.65,0.53,1.49,3.46,1.19,10.07,10.31,10.04,10.55],
  [11.63,4.21,6.55,17.21,7.84,7.77,5.79,6.56,6.38,3.50,4.43,6.50,4.31,3.81,5.10,4.82,5.00,5.13,5.51,5.64,13.01,13.31,15.17,12.14,14.03,12.85,13.84,12.42,13.47,11.72,14.85,13.90,14.10,15.03,11.64,14.13,11.05,15.18,11.57,10.99,11.25,12.73,12.48,11.57,13.23,11.81,11.93,12.66,5.59,1.60,0.24,1.47,1.04,5.62,0.65,99.00,1.06,0.85,3.39,1.82,9.63,9.91,9.66,10.11],
  [12.31,3.71,7.61,18.15,7.02,6.94,4.85,5.79,7.44,4.55,5.30,7.56,5.33,4.78,5.97,5.70,5.94,6.20,6.54,6.38,13.71,13.96,15.67,12.64,14.64,13.51,14.41,13.03,14.02,12.17,15.33,14.47,14.59,15.59,12.11,14.67,11.49,15.70,12.17,11.37,12.21,13.60,13.44,12.46,14.07,12.70,12.91,13.55,6.57,1.13,0.93,1.30,1.69,6.65,0.53,1.06,99.00,1.82,3.93,0.80,10.01,10.21,9.93,10.48],
  [10.82,4.28,5.98,16.37,8.68,8.62,6.62,7.41,5.70,2.74,3.58,5.77,3.51,2.98,4.26,3.98,4.15,4.49,4.72,4.83,12.19,12.50,14.43,11.41,13.24,12.05,13.07,11.64,12.71,11.01,14.12,13.14,13.37,14.26,10.91,13.38,10.35,14.43,10.78,10.32,10.42,11.89,11.64,10.73,12.39,10.97,11.10,11.81,5.24,2.44,1.08,2.28,0.62,5.13,1.49,0.85,1.82,99.00,3.67,2.61,8.96,9.29,9.06,9.45],
  [13.61,7.56,5.54,17.85,7.73,7.74,6.57,6.43,6.02,4.38,6.26,6.42,5.25,5.32,6.86,6.59,6.41,4.84,6.16,7.78,14.87,15.31,17.58,14.61,16.14,14.87,16.08,14.58,15.76,14.29,17.30,16.15,16.54,17.26,14.15,16.46,13.66,17.51,13.76,13.72,11.95,13.93,13.14,12.71,14.54,12.97,12.40,13.75,3.78,3.17,3.29,2.79,4.23,4.37,3.46,3.39,3.93,3.67,99.00,4.17,12.38,12.79,12.60,12.88],
  [13.05,3.85,8.29,18.95,6.26,6.17,4.06,5.06,8.18,5.32,6.10,8.32,6.12,5.58,6.76,6.49,6.74,6.92,7.32,7.15,14.46,14.69,16.33,13.30,15.36,14.24,15.11,13.75,14.71,12.82,15.98,15.17,15.25,16.28,12.77,15.35,12.14,16.38,12.89,11.98,13.01,14.39,14.24,13.26,14.86,13.49,13.71,14.34,7.13,1.02,1.64,1.38,2.49,7.29,1.19,1.82,0.80,2.61,4.17,99.00,10.63,10.79,10.49,11.10],
  [4.12,7.83,10.78,12.17,16.69,16.57,14.26,15.60,9.61,8.43,6.41,9.10,7.90,7.36,6.01,6.21,6.72,9.53,7.88,4.88,5.38,5.14,5.80,2.88,5.40,4.78,4.91,4.01,4.46,2.26,5.41,4.94,4.72,5.98,2.32,4.96,1.59,5.93,3.32,1.36,8.17,7.36,8.91,6.98,7.33,7.03,9.16,7.66,11.76,11.08,9.85,11.07,8.59,10.96,10.07,9.63,10.01,8.96,12.38,10.63,99.00,0.82,1.10,0.49],
  [4.80,7.77,11.46,12.88,16.75,16.62,14.29,15.70,10.30,8.97,6.96,9.80,8.49,7.90,6.62,6.79,7.34,10.16,8.54,5.48,5.99,5.66,5.90,3.18,5.80,5.33,5.25,4.54,4.78,2.49,5.49,5.27,4.85,6.23,2.65,5.20,1.92,6.10,3.94,1.37,8.98,8.11,9.70,7.77,8.04,7.82,9.97,8.43,12.36,11.31,10.13,11.33,8.88,11.59,10.31,9.91,10.21,9.29,12.79,10.79,0.82,99.00,0.43,0.73],
  [5.18,7.40,11.45,13.25,16.40,16.27,13.94,15.37,10.31,8.86,6.87,9.82,8.41,7.80,6.56,6.72,7.29,10.12,8.53,5.42,6.39,6.08,6.31,3.61,6.23,5.74,5.68,4.95,5.21,2.92,5.89,5.69,5.26,6.65,3.08,5.62,2.34,6.51,4.34,1.80,9.24,8.46,10.00,8.07,8.41,8.13,10.23,8.76,12.29,11.03,9.87,11.06,8.63,11.54,10.04,9.66,9.93,9.06,12.60,10.49,1.10,0.43,99.00,1.13],
  [4.08,8.24,11.22,12.15,17.14,17.01,14.70,16.06,10.04,8.92,6.89,9.52,8.37,7.85,6.48,6.68,7.18,9.99,8.32,5.36,5.26,4.95,5.38,2.54,5.12,4.61,4.60,3.82,4.14,1.88,4.99,4.62,4.31,5.62,1.99,4.60,1.25,5.54,3.21,0.89,8.37,7.41,9.05,7.11,7.33,7.15,9.35,7.73,12.23,11.56,10.34,11.55,9.08,11.42,10.55,10.11,10.48,9.45,12.88,11.10,0.49,0.73,1.13,99.00]
];
