// Chosen Depots: [1, 2, 3, 6]
// Chosen Demand Points (Original DP No): [1, 3, 6, 10, 12, 13, 14, 17, 19, 25, 26, 27, 28, 30, 31, 88, 90, 94, 96, 97, 98, 99, 102, 103, 107, 110, 111, 112, 113, 115, 116, 119, 120, 121, 123, 124, 128, 129, 130, 131, 133, 134, 135, 136, 140, 146, 151, 155, 156, 157, 159, 160, 163, 164, 165, 166, 167, 168, 170, 171]
// Original Weights: [9, 9, 9, 4, 6, 6, 5, 5, 5, 5, 4, 7, 5, 5, 6, 6, 6, 6, 7, 7, 6, 6, 6, 7, 8, 7, 7, 7, 7, 7, 7, 8, 7, 6, 6, 3, 2, 2, 4, 2, 4, 4, 4, 2, 4, 8, 8, 5, 7, 7, 7, 6, 8, 9, 6, 6, 9, 5, 8, 8]

|W| = 4;
|D| = 60;
V = 54;
C = 3;
|K| = 2;
M = 100;
S = 0.25;
|TR| = 12;
δmax = 18.3;
Runtime = 25;

// Priority weights for selected demand points
pj = [
  9, 9, 9, 4, 6, 6, 5, 5, 5, 5, 4, 7, 5, 5, 6, 6, 6, 6, 7, 7, 6, 6, 6, 7, 8, 7, 7, 7, 7, 7, 7, 8, 7, 6, 6, 3, 2, 2, 4, 2, 4, 4, 4, 2, 4, 8, 8, 5, 7, 7, 7, 6, 8, 9, 6, 6, 9, 5, 8, 8
];

δij =
[
  [99.00,99.00,99.00,99.00,19.31,17.00,18.10,9.07,9.16,7.40,5.42,6.15,8.42,7.21,9.54,6.11,6.17,7.81,6.00,1.64,2.02,1.70,4.53,2.58,2.57,1.26,1.23,2.57,3.04,4.20,2.79,3.68,3.80,4.28,2.70,3.14,4.21,0.99,2.62,4.44,7.10,6.83,3.46,5.42,3.51,3.27,3.45,5.95,11.81,11.96,10.58,12.30,12.20,11.63,10.82,13.61,4.12,4.80,1.06,1.30,5.18,1.47,4.61,4.08],
  [99.00,99.00,99.00,99.00,9.07,6.60,8.14,9.37,6.12,5.89,7.73,8.33,6.83,6.74,8.34,5.12,7.46,7.88,6.09,11.70,12.16,12.58,13.77,10.69,13.06,12.15,11.52,12.24,10.10,13.45,12.72,12.55,13.79,13.17,10.14,9.42,13.76,10.69,12.84,12.99,13.25,14.13,13.26,13.72,12.30,13.57,12.49,13.42,9.48,3.06,3.07,7.87,4.12,4.21,4.28,7.56,7.83,7.77,10.11,9.95,7.40,10.35,7.19,8.24],
  [99.00,99.00,99.00,99.00,13.23,11.78,11.91,1.22,3.84,4.86,5.27,4.25,3.36,4.22,1.62,7.61,4.64,2.93,6.07,11.85,12.28,11.85,14.78,12.08,12.81,11.47,11.45,12.78,12.02,14.44,13.05,13.79,14.06,14.45,11.77,11.53,14.47,10.77,12.89,8.16,6.09,7.39,9.45,8.13,8.25,10.13,8.50,7.28,1.98,7.89,7.01,3.80,7.12,6.55,5.98,5.54,10.78,11.46,10.04,10.16,11.45,8.80,10.52,11.22],
  [99.00,99.00,99.00,99.00,24.98,22.99,23.67,11.89,13.99,12.87,10.64,10.49,12.99,12.22,13.02,13.08,11.16,11.86,12.13,8.79,8.70,7.66,9.99,10.28,8.16,7.82,8.61,9.19,10.91,9.89,8.93,10.13,8.91,10.28,10.60,11.17,9.55,8.99,8.56,5.23,6.60,5.30,4.97,4.75,5.85,4.86,5.66,5.45,14.66,18.03,16.65,16.16,17.86,17.21,16.37,17.85,12.17,12.88,9.09,9.35,13.25,8.10,12.61,12.15],
  [19.31,9.07,13.23,24.98,99.00,2.47,1.32,13.53,10.99,12.27,14.54,14.51,11.99,12.82,12.26,13.27,13.92,13.14,13.40,20.24,20.73,20.95,22.61,19.45,21.59,20.50,19.99,20.91,18.93,22.27,21.37,21.38,22.48,22.03,18.91,18.24,22.54,19.13,21.43,19.81,18.83,20.03,20.57,20.23,19.41,21.07,19.65,19.62,11.50,7.35,8.73,9.44,7.21,7.84,8.68,7.73,16.69,16.75,18.45,18.35,16.40,18.22,16.06,17.14],
  [17.00,6.60,11.78,22.99,2.47,99.00,1.75,11.90,9.07,10.15,12.42,12.50,10.08,10.78,10.62,10.92,11.85,11.27,11.18,17.87,18.35,18.62,20.19,17.04,19.23,18.17,17.63,18.52,16.50,19.86,18.98,18.96,20.08,19.60,16.50,15.82,20.13,16.77,19.05,17.78,17.05,18.20,18.44,18.27,17.31,18.91,17.55,17.71,10.26,5.07,6.48,8.12,5.14,5.79,6.62,6.57,14.26,14.29,16.11,16.00,13.94,15.97,13.63,14.70],
  [18.10,8.14,11.91,23.67,1.32,1.75,99.00,12.21,9.68,10.99,13.26,13.20,10.68,11.52,10.94,12.10,12.63,11.83,12.16,19.07,19.56,19.75,21.50,18.33,20.41,19.30,18.81,19.76,17.82,21.16,20.22,20.27,21.33,20.92,17.79,17.14,21.41,17.95,20.26,18.51,17.51,18.71,19.29,18.92,18.12,19.79,18.36,18.30,10.21,6.16,7.52,8.13,5.94,6.56,7.41,6.43,15.60,15.70,17.26,17.17,15.37,16.98,14.98,16.06],
  [9.07,9.37,1.22,11.89,13.53,11.90,12.21,99.00,3.29,3.91,4.07,3.03,2.56,3.18,1.28,6.57,3.47,1.83,4.98,10.64,11.07,10.66,13.57,10.86,11.61,10.27,10.24,11.56,10.81,13.22,11.85,12.57,12.86,13.23,10.55,10.33,13.27,9.56,11.68,7.16,5.40,6.66,8.39,7.24,7.17,9.06,7.43,6.44,2.91,7.63,6.59,4.29,6.99,6.38,5.70,6.02,9.61,10.30,8.83,8.94,10.31,7.60,9.37,10.04],
  [9.16,6.12,3.84,13.99,10.99,9.07,9.68,3.29,99.00,1.86,3.81,3.54,1.01,1.98,2.23,4.50,3.09,2.20,3.41,10.48,10.97,10.86,13.29,10.24,11.69,10.42,10.13,11.33,9.97,12.94,11.71,12.15,12.82,12.84,9.80,9.37,13.08,9.32,11.65,8.84,8.00,9.13,9.70,9.24,8.50,10.26,8.75,8.65,3.84,4.42,3.30,3.30,3.96,3.31,2.53,4.45,8.22,8.74,8.56,8.57,8.62,7.82,7.80,8.71],
  [7.40,5.89,4.86,12.87,12.27,10.15,10.99,3.91,1.86,99.00,2.28,2.50,1.57,0.85,3.35,2.82,1.72,2.14,1.56,8.67,9.15,9.10,11.45,8.39,9.90,8.65,8.33,9.50,8.12,11.10,9.90,10.30,11.01,10.99,7.95,7.51,11.25,7.50,9.85,7.64,7.41,8.37,8.31,8.20,7.16,8.80,7.40,7.75,5.42,5.16,3.78,5.16,5.06,4.43,3.58,6.26,6.41,6.96,6.75,6.75,6.87,6.12,6.01,6.89],
  [5.42,7.73,5.27,10.64,14.54,12.42,13.26,4.07,3.81,2.28,99.00,1.11,3.01,1.83,4.22,3.22,0.75,2.47,1.69,6.85,7.32,7.11,9.75,6.88,7.99,6.68,6.48,7.75,6.77,9.40,8.09,8.68,9.17,9.35,6.53,6.27,9.49,5.72,7.99,5.41,5.62,6.40,6.03,6.03,4.89,6.53,5.12,5.69,6.52,7.41,6.01,6.88,7.34,6.70,5.86,8.23,5.58,6.30,4.96,5.03,6.35,4.03,5.39,6.00],
  [6.15,8.33,4.25,10.49,14.51,12.50,13.20,3.03,3.54,2.50,1.11,99.00,2.58,1.74,3.39,4.19,0.88,1.68,2.56,7.67,8.12,7.80,10.60,7.83,8.72,7.39,7.28,8.59,7.78,10.25,8.90,9.57,9.94,10.24,7.52,7.30,10.31,6.57,8.76,5.31,4.93,5.87,6.18,5.77,4.97,6.76,5.22,5.27,5.66,7.60,6.25,6.30,7.37,6.72,5.88,7.78,6.67,7.40,5.82,5.93,7.46,4.70,6.50,7.09],
  [8.42,6.83,3.36,12.99,11.99,10.08,10.68,2.56,1.01,1.57,3.01,2.58,99.00,1.24,1.80,4.38,2.26,1.20,3.02,9.82,10.29,10.12,12.68,9.69,10.98,9.68,9.45,10.69,9.49,12.32,11.05,11.57,12.14,12.25,9.29,8.91,12.44,8.66,10.97,7.86,7.00,8.12,8.76,8.24,7.55,9.34,7.81,7.64,3.87,5.38,4.18,3.88,4.96,4.31,3.51,5.25,7.90,8.49,7.90,7.94,8.41,7.04,7.54,8.37],
  [7.21,6.74,4.22,12.22,12.82,10.78,11.52,3.18,1.98,0.85,1.83,1.74,1.24,99.00,2.83,3.40,1.12,1.36,1.87,8.58,9.06,8.91,11.44,8.45,9.76,8.47,8.22,9.45,8.25,11.08,9.82,10.32,10.91,11.00,8.05,7.68,11.21,7.42,9.74,7.01,6.59,7.59,7.78,7.50,6.60,8.32,6.84,7.01,5.04,5.85,4.51,5.12,5.65,5.00,4.15,6.41,6.72,7.34,6.66,6.70,7.29,5.85,6.39,7.18],
  [9.54,8.34,1.62,13.02,12.26,10.62,10.94,1.28,2.23,3.35,4.22,3.39,1.80,2.83,99.00,6.15,3.51,1.75,4.69,11.04,11.50,11.19,13.96,11.10,12.11,10.78,10.66,11.95,10.96,13.61,12.27,12.90,13.33,13.57,10.74,10.43,13.69,9.92,12.15,8.14,6.61,7.86,9.27,8.31,8.04,9.91,8.30,7.57,2.29,6.41,5.45,3.15,5.74,5.13,4.49,4.84,9.53,10.16,9.17,9.25,10.12,8.09,9.21,9.99],
  [6.11,5.12,7.61,13.08,13.27,10.92,12.10,6.57,4.50,2.82,3.22,4.19,4.38,3.40,6.15,99.00,3.36,4.74,1.65,6.97,7.46,7.70,9.47,6.29,8.32,7.25,6.71,7.67,5.87,9.12,8.12,8.25,9.23,8.93,5.78,5.20,9.35,5.86,8.16,8.00,8.77,9.43,8.16,8.80,7.24,8.45,7.42,8.64,8.23,5.94,4.62,7.74,6.34,5.86,5.15,8.54,3.85,4.28,5.19,5.08,4.13,5.25,3.35,4.34],
  [6.17,7.46,4.64,11.16,13.92,11.85,12.63,3.47,3.09,1.72,0.75,0.88,2.26,1.12,3.51,3.36,99.00,1.77,1.71,7.60,8.07,7.86,10.49,7.59,8.74,7.43,7.23,8.49,7.45,10.14,8.84,9.41,9.92,10.09,7.23,6.93,10.24,6.46,8.74,5.93,5.79,6.69,6.66,6.48,5.49,7.19,5.73,6.05,5.80,6.88,5.50,6.13,6.73,6.09,5.24,7.50,6.14,6.83,5.70,5.76,6.85,4.78,5.90,6.58],
  [7.81,7.88,2.93,11.86,13.14,11.27,11.83,1.83,2.20,2.14,2.47,1.68,1.20,1.36,1.75,4.74,1.77,99.00,3.15,9.29,9.75,9.47,12.20,9.35,10.38,9.05,8.91,10.20,9.23,11.85,10.52,11.14,11.59,11.82,8.99,8.70,11.94,8.17,10.40,6.78,5.80,6.93,7.77,7.11,6.55,8.38,6.81,6.47,4.05,6.58,5.35,4.63,6.16,5.51,4.72,6.16,7.88,8.54,7.41,7.49,8.53,6.36,7.60,8.32],
  [6.00,6.09,6.07,12.13,13.40,11.18,12.16,4.98,3.41,1.56,1.69,2.56,3.02,1.87,4.69,1.65,1.71,3.15,99.00,7.18,7.67,7.68,9.92,6.84,8.45,7.23,6.85,7.99,6.56,9.57,8.40,8.76,9.51,9.45,6.39,5.95,9.74,6.01,8.37,6.93,7.31,8.08,7.35,7.63,6.29,7.76,6.51,7.35,6.88,6.11,4.70,6.72,6.23,5.64,4.83,7.78,4.88,5.48,5.27,5.25,5.42,4.82,4.53,5.36],
  [1.64,11.70,11.85,8.79,20.24,17.87,19.07,10.64,10.48,8.67,6.85,7.67,9.82,8.58,11.04,6.97,7.60,9.29,7.18,99.00,0.49,1.17,2.93,1.51,1.36,0.99,0.41,0.93,2.20,2.59,1.24,2.05,2.34,2.64,1.93,2.64,2.64,1.17,1.19,5.88,8.67,8.31,4.69,6.83,5.00,4.31,4.91,7.45,13.33,12.91,11.57,13.70,13.25,12.72,11.94,14.92,4.08,4.54,1.92,1.94,4.97,3.08,4.69,3.85],
  [2.02,12.16,12.28,8.70,20.73,18.35,19.56,11.07,10.97,9.15,7.32,8.12,10.29,9.06,11.50,7.46,8.07,9.75,7.67,0.49,99.00,1.05,2.51,1.76,0.91,1.08,0.84,0.61,2.47,2.18,0.77,1.76,1.85,2.29,2.25,2.98,2.19,1.65,0.71,6.09,8.93,8.51,4.82,7.01,5.24,4.38,5.12,7.67,13.78,13.40,12.06,14.18,13.74,13.21,12.43,15.41,4.48,4.90,2.41,2.43,5.33,3.49,5.10,4.22],
  [1.70,12.58,11.85,7.66,20.95,18.62,19.75,10.66,10.86,9.10,7.11,7.80,10.12,8.91,11.19,7.70,7.86,9.47,7.68,1.17,1.05,99.00,3.20,2.68,0.99,0.45,1.13,1.61,3.36,2.93,1.53,2.72,2.27,3.14,3.09,3.77,2.80,1.90,1.21,5.18,8.10,7.59,3.85,6.07,4.39,3.36,4.25,6.78,13.44,13.60,12.23,13.99,13.87,13.31,12.50,15.31,5.14,5.66,2.51,2.64,6.08,3.10,5.73,4.95],
  [4.53,13.77,14.78,9.99,22.61,20.19,21.50,13.57,13.29,11.45,9.75,10.60,12.68,11.44,13.96,9.47,10.49,12.20,9.92,2.93,2.51,3.20,99.00,3.18,2.25,3.46,3.33,2.01,3.69,0.36,1.75,1.23,1.10,0.63,3.70,4.37,0.45,4.04,2.00,8.36,11.30,10.76,6.98,9.22,7.59,6.40,7.44,9.97,16.24,15.36,14.08,16.55,15.81,15.31,14.57,17.71,5.95,6.05,4.79,4.74,6.46,6.00,6.59,5.53],
  [2.58,10.69,12.08,10.28,19.45,17.04,18.33,10.86,10.24,8.39,6.88,7.83,9.69,8.45,11.10,6.29,7.59,9.35,6.84,1.51,1.76,2.68,3.18,99.00,2.63,2.46,1.68,1.60,0.71,2.83,2.09,1.96,3.10,2.64,0.56,1.29,3.09,1.62,2.30,7.02,9.61,9.41,5.98,8.00,6.08,5.68,6.03,8.52,13.39,12.18,10.90,13.52,12.64,12.14,11.41,14.61,2.88,3.18,2.15,1.97,3.61,3.71,3.52,2.54],
  [2.57,13.06,12.81,8.16,21.59,19.23,20.41,11.61,11.69,9.90,7.99,8.72,10.98,9.76,12.11,8.32,8.74,10.38,8.45,1.36,0.91,0.99,2.25,2.63,99.00,1.34,1.61,1.12,3.34,2.00,0.77,1.99,1.29,2.27,3.15,3.88,1.83,2.47,0.41,6.12,9.06,8.52,4.74,6.98,5.36,4.19,5.20,7.72,14.37,14.25,12.90,14.86,14.57,14.03,13.24,16.14,5.40,5.80,3.18,3.25,6.23,4.02,6.02,5.12],
  [1.26,12.15,11.47,7.82,20.50,18.17,19.30,10.27,10.42,8.65,6.68,7.39,9.68,8.47,10.78,7.25,7.43,9.05,7.23,0.99,1.08,0.45,3.46,2.46,1.34,99.00,0.81,1.68,3.12,3.16,1.73,2.84,2.61,3.33,2.82,3.47,3.09,1.49,1.47,5.01,7.88,7.44,3.76,5.93,4.18,3.33,4.05,6.60,13.04,13.15,11.78,13.56,13.42,12.85,12.05,14.87,4.78,5.33,2.06,2.20,5.74,2.69,5.35,4.61],
  [1.23,11.52,11.45,8.61,19.99,17.63,18.81,10.24,10.13,8.33,6.48,7.28,9.45,8.22,10.66,6.71,7.23,8.91,6.85,0.41,0.84,1.13,3.33,1.68,1.61,0.81,99.00,1.34,2.31,2.99,1.62,2.45,2.69,3.05,2.01,2.66,3.03,0.86,1.52,5.52,8.28,7.94,4.37,6.47,4.63,4.03,4.54,7.08,12.94,12.64,11.29,13.34,12.97,12.42,11.64,14.58,4.01,4.54,1.58,1.64,4.95,2.67,4.60,3.82],
  [2.57,12.24,12.78,9.19,20.91,18.52,19.76,11.56,11.33,9.50,7.75,8.59,10.69,9.45,11.95,7.67,8.49,10.20,7.99,0.93,0.61,1.61,2.01,1.60,1.12,1.68,1.34,99.00,2.29,1.66,0.49,1.16,1.57,1.71,2.15,2.89,1.75,2.04,0.73,6.69,9.53,9.12,5.43,7.61,5.84,4.96,5.73,8.28,14.24,13.60,12.28,14.57,13.99,13.47,12.71,15.76,4.46,4.78,2.80,2.76,5.21,4.01,5.10,4.14],
  [3.04,10.10,12.02,10.91,18.93,16.50,17.82,10.81,9.97,8.12,6.77,7.78,9.49,8.25,10.96,5.87,7.45,9.23,6.56,2.20,2.47,3.36,3.69,0.71,3.34,3.12,2.31,2.29,99.00,3.36,2.77,2.46,3.74,3.10,0.35,0.68,3.67,2.05,3.00,7.44,9.92,9.80,6.50,8.43,6.49,6.25,6.46,8.90,13.25,11.70,10.44,13.27,12.19,11.72,11.01,14.29,2.26,2.49,2.39,2.15,2.92,3.97,2.91,1.88],
  [4.20,13.45,14.44,9.89,22.27,19.86,21.16,13.22,12.94,11.10,9.40,10.25,12.32,11.08,13.61,9.12,10.14,11.85,9.57,2.59,2.18,2.93,0.36,2.83,2.00,3.16,2.99,1.66,3.36,99.00,1.43,0.91,0.99,0.44,3.37,4.04,0.43,3.69,1.71,8.10,11.02,10.51,6.73,8.97,7.31,6.18,7.17,9.70,15.89,15.02,13.73,16.19,15.46,14.96,14.22,17.35,5.62,5.75,4.44,4.39,6.16,5.66,6.26,5.22],
  [2.79,12.72,13.05,8.93,21.37,18.98,20.22,11.85,11.71,9.90,8.09,8.90,11.05,9.82,12.27,8.12,8.84,10.52,8.40,1.24,0.77,1.53,1.75,2.09,0.77,1.73,1.62,0.49,2.77,1.43,99.00,1.23,1.12,1.61,2.63,3.38,1.42,2.40,0.37,6.71,9.61,9.13,5.38,7.60,5.90,4.87,5.76,8.31,14.55,14.05,12.73,14.94,14.43,13.90,13.14,16.15,4.94,5.27,3.16,3.15,5.69,4.26,5.58,4.62],
  [3.68,12.55,13.79,10.13,21.38,18.96,20.27,12.57,12.15,10.30,8.68,9.57,11.57,10.32,12.90,8.25,9.41,11.14,8.76,2.05,1.76,2.72,1.23,1.96,1.99,2.84,2.45,1.16,2.46,0.91,1.23,99.00,1.55,0.69,2.48,3.14,1.25,3.02,1.60,7.85,10.69,10.27,6.56,8.76,7.00,6.08,6.89,9.44,15.19,14.13,12.85,15.42,14.59,14.10,13.37,16.54,4.72,4.85,3.75,3.65,5.26,5.10,5.36,4.31],
  [3.80,13.79,14.06,8.91,22.48,20.08,21.33,12.86,12.82,11.01,9.17,9.94,12.14,10.91,13.33,9.23,9.92,11.59,9.51,2.34,1.85,2.27,1.10,3.10,1.29,2.61,2.69,1.57,3.74,0.99,1.12,1.55,99.00,1.41,3.66,4.39,0.65,3.50,1.18,7.35,10.32,9.73,5.94,8.18,6.62,5.34,6.46,8.96,15.60,15.17,13.84,16.03,15.55,15.03,14.26,17.26,5.98,6.23,4.26,4.27,6.65,5.27,6.62,5.62],
  [4.28,13.17,14.45,10.28,22.03,19.60,20.92,13.23,12.84,10.99,9.35,10.24,12.25,11.00,13.57,8.93,10.09,11.82,9.45,2.64,2.29,3.14,0.63,2.64,2.27,3.33,3.05,1.71,3.10,0.44,1.61,0.69,1.41,99.00,3.15,3.79,0.87,3.67,1.94,8.32,11.21,10.74,6.98,9.21,7.50,6.45,7.37,9.92,15.86,14.80,13.53,16.11,15.27,14.78,14.05,17.23,5.35,5.43,4.41,4.33,5.84,5.72,5.99,4.93],
  [2.70,10.14,11.77,10.60,18.91,16.50,17.79,10.55,9.80,7.95,6.53,7.52,9.29,8.05,10.74,5.78,7.23,8.99,6.39,1.93,2.25,3.09,3.70,0.56,3.15,2.82,2.01,2.15,0.35,3.37,2.63,2.48,3.66,3.15,99.00,0.74,3.64,1.70,2.83,7.09,9.58,9.45,6.15,8.08,6.14,5.91,6.12,8.55,13.02,11.65,10.38,13.10,12.12,11.64,10.91,14.15,2.32,2.65,2.05,1.82,3.08,3.64,2.96,1.99],
  [3.14,9.42,11.53,11.17,18.24,15.82,17.14,10.33,9.37,7.51,6.27,7.30,8.91,7.68,10.43,5.20,6.93,8.70,5.95,2.64,2.98,3.77,4.37,1.29,3.88,3.47,2.66,2.89,0.68,4.04,3.38,3.14,4.39,3.79,0.74,99.00,4.34,2.18,3.57,7.41,9.75,9.72,6.59,8.41,6.45,6.41,6.46,8.81,12.70,11.02,9.77,12.67,11.52,11.05,10.35,13.66,1.59,1.92,2.30,2.03,2.34,3.83,2.24,1.25],
  [4.21,13.76,14.47,9.55,22.54,20.13,21.41,13.27,13.08,11.25,9.49,10.31,12.44,11.21,13.69,9.35,10.24,11.94,9.74,2.64,2.19,2.80,0.45,3.09,1.83,3.09,3.03,1.75,3.67,0.43,1.42,1.25,0.65,0.87,3.64,4.34,99.00,3.78,1.62,7.94,10.89,10.33,6.54,8.79,7.18,5.96,7.03,9.55,15.97,15.26,13.96,16.32,15.69,15.18,14.43,17.51,5.93,6.10,4.54,4.51,6.51,5.68,6.57,5.54],
  [0.99,10.69,10.77,8.99,19.13,16.77,17.95,9.56,9.32,7.50,5.72,6.57,8.66,7.42,9.92,5.86,6.46,8.17,6.01,1.17,1.65,1.90,4.04,1.62,2.47,1.49,0.86,2.04,2.05,3.69,2.40,3.02,3.50,3.67,1.70,2.18,3.78,99.00,2.35,5.41,8.00,7.79,4.45,6.40,4.47,4.23,4.43,6.90,12.21,11.79,10.43,12.54,12.11,11.57,10.78,13.76,3.32,3.94,0.76,0.78,4.34,2.14,3.87,3.21],
  [2.62,12.84,12.89,8.56,21.43,19.05,20.26,11.68,11.65,9.85,7.99,8.76,10.97,9.74,12.15,8.16,8.74,10.40,8.37,1.19,0.71,1.21,2.00,2.30,0.41,1.47,1.52,0.73,3.00,1.71,0.37,1.60,1.18,1.94,2.83,3.57,1.62,2.35,99.00,6.39,9.31,8.80,5.04,7.27,5.60,4.52,5.46,7.99,14.42,14.10,12.76,14.85,14.45,13.91,13.13,16.10,5.11,5.48,3.10,3.13,5.91,4.09,5.74,4.82],
  [4.44,12.99,8.16,5.23,19.81,17.78,18.51,7.16,8.84,7.64,5.41,5.31,7.86,7.01,8.14,8.00,5.93,6.78,6.93,5.88,6.09,5.18,8.36,7.02,6.12,5.01,5.52,6.69,7.44,8.10,6.71,7.85,7.35,8.32,7.09,7.41,7.94,5.41,6.39,99.00,3.01,2.43,1.50,1.00,0.96,2.21,0.98,1.61,10.06,12.80,11.41,11.28,12.65,12.01,11.16,12.91,7.93,8.72,5.11,5.38,9.02,3.64,8.20,8.06],
  [7.10,13.25,6.09,6.60,18.83,17.05,17.51,5.40,8.00,7.41,5.62,4.93,7.00,6.59,6.61,8.77,5.79,5.80,7.31,8.67,8.93,8.10,11.30,9.61,9.06,7.88,8.28,9.53,9.92,11.02,9.61,10.69,10.32,11.21,9.58,9.75,10.89,8.00,9.31,3.01,99.00,1.30,4.50,2.44,3.71,5.20,3.87,1.50,8.07,12.36,11.07,9.69,11.96,11.31,10.51,11.42,9.88,10.70,7.52,7.77,10.91,5.94,10.00,10.13],
  [6.83,14.13,7.39,5.30,20.03,18.20,18.71,6.66,9.13,8.37,6.40,5.87,8.12,7.59,7.86,9.43,6.69,6.93,8.08,8.31,8.51,7.59,10.76,9.41,8.52,7.44,7.94,9.12,9.80,10.51,9.13,10.27,9.73,10.74,9.45,9.72,10.33,7.79,8.80,2.43,1.30,99.00,3.80,1.55,3.33,4.43,3.40,0.91,9.37,13.42,12.11,10.96,13.08,12.43,11.62,12.68,10.06,10.87,7.43,7.69,11.13,5.89,10.25,10.25],
  [3.46,13.26,9.45,4.97,20.57,18.44,19.29,8.39,9.70,8.31,6.03,6.18,8.76,7.78,9.27,8.16,6.66,7.77,7.35,4.69,4.82,3.85,6.98,5.98,4.74,3.76,4.37,5.43,6.50,6.73,5.38,6.56,5.94,6.98,6.15,6.59,6.54,4.45,5.04,1.50,4.50,3.80,99.00,2.25,1.23,0.72,0.97,3.06,11.30,13.40,11.99,12.37,13.37,12.73,11.89,13.93,7.36,8.11,4.34,4.61,8.46,3.15,7.74,7.41],
  [5.42,13.72,8.13,4.75,20.23,18.27,18.92,7.24,9.24,8.20,6.03,5.77,8.24,7.50,8.31,8.80,6.48,7.11,7.63,6.83,7.01,6.07,9.22,8.00,6.98,5.93,6.47,7.61,8.43,8.97,7.60,8.76,8.18,9.21,8.08,8.41,8.79,6.40,7.27,1.00,2.44,1.55,2.25,99.00,1.95,2.89,1.97,0.94,10.09,13.35,11.98,11.46,13.13,12.48,11.64,13.14,8.91,9.70,6.11,6.38,10.00,4.63,9.17,9.05],
  [3.51,12.30,8.25,5.85,19.41,17.31,18.12,7.17,8.50,7.16,4.89,4.97,7.55,6.60,8.04,7.24,5.49,6.55,6.29,5.00,5.24,4.39,7.59,6.08,5.36,4.18,4.63,5.84,6.49,7.31,5.90,7.00,6.62,7.50,6.14,6.45,7.18,4.47,5.60,0.96,3.71,3.33,1.23,1.95,99.00,1.89,0.26,2.45,10.08,12.29,10.89,11.14,12.21,11.57,10.73,12.71,6.98,7.77,4.15,4.42,8.07,2.69,7.27,7.11],
  [3.27,13.57,10.13,4.86,21.07,18.91,19.79,9.06,10.26,8.80,6.53,6.76,9.34,8.32,9.91,8.45,7.19,8.38,7.76,4.31,4.38,3.36,6.40,5.68,4.19,3.33,4.03,4.96,6.25,6.18,4.87,6.08,5.34,6.45,5.91,6.41,5.96,4.23,4.52,2.21,5.20,4.43,0.72,2.89,1.89,99.00,1.63,3.74,11.97,13.85,12.44,13.00,13.86,13.23,12.39,14.54,7.33,8.04,4.24,4.52,8.41,3.29,7.75,7.33],
  [3.45,12.49,8.50,5.66,19.65,17.55,18.36,7.43,8.75,7.40,5.12,5.22,7.81,6.84,8.30,7.42,5.73,6.81,6.51,4.91,5.12,4.25,7.44,6.03,5.20,4.05,4.54,5.73,6.46,7.17,5.76,6.89,6.46,7.37,6.12,6.46,7.03,4.43,5.46,0.98,3.87,3.40,0.97,1.97,0.26,1.63,99.00,2.55,10.34,12.52,11.11,11.40,12.45,11.81,10.97,12.97,7.03,7.82,4.15,4.43,8.13,2.74,7.34,7.15],
  [5.95,13.42,7.28,5.45,19.62,17.71,18.30,6.44,8.65,7.75,5.69,5.27,7.64,7.01,7.57,8.64,6.05,6.47,7.35,7.45,7.67,6.78,9.97,8.52,7.72,6.60,7.08,8.28,8.90,9.70,8.31,9.44,8.96,9.92,8.55,8.81,9.55,6.90,7.99,1.61,1.50,0.91,3.06,0.94,2.45,3.74,2.55,99.00,9.25,12.86,11.52,10.71,12.58,11.93,11.10,12.40,9.16,9.97,6.53,6.79,10.23,4.98,9.36,9.35],
  [11.81,9.48,1.98,14.66,11.50,10.26,10.21,2.91,3.84,5.42,6.52,5.66,3.87,5.04,2.29,8.23,5.80,4.05,6.88,13.33,13.78,13.44,16.24,13.39,14.37,13.04,12.94,14.24,13.25,15.89,14.55,15.19,15.60,15.86,13.02,12.70,15.97,12.21,14.42,10.06,8.07,9.37,11.30,10.09,10.08,11.97,10.34,9.25,99.00,6.98,6.42,2.14,6.05,5.59,5.24,3.78,11.76,12.36,11.46,11.54,12.29,10.35,11.41,12.23],
  [11.96,3.06,7.89,18.03,7.35,5.07,6.16,7.63,4.42,5.16,7.41,7.60,5.38,5.85,6.41,5.94,6.88,6.58,6.11,12.91,13.40,13.60,15.36,12.18,14.25,13.15,12.64,13.60,11.70,15.02,14.05,14.13,15.17,14.80,11.65,11.02,15.26,11.79,14.10,12.80,12.36,13.42,13.40,13.35,12.29,13.85,12.52,12.86,6.98,99.00,1.41,5.11,1.09,1.39,1.93,4.54,9.51,9.68,11.10,11.01,9.38,10.90,8.91,9.98],
  [10.58,3.07,7.01,16.65,8.73,6.48,7.52,6.59,3.30,3.78,6.01,6.25,4.18,4.51,5.45,4.62,5.50,5.35,4.70,11.57,12.06,12.23,14.08,10.90,12.90,11.78,11.29,12.28,10.44,13.73,12.73,12.85,13.84,13.53,10.38,9.77,13.96,10.43,12.76,11.41,11.07,12.11,11.99,11.98,10.89,12.44,11.11,11.52,6.42,1.41,99.00,4.83,1.77,1.45,1.22,4.77,8.30,8.54,9.74,9.65,8.27,9.50,7.72,8.78],
  [12.30,7.87,3.80,16.16,9.44,8.12,8.13,4.29,3.30,5.16,6.88,6.30,3.88,5.12,3.15,7.74,6.13,4.63,6.72,13.70,14.18,13.99,16.55,13.52,14.86,13.56,13.34,14.57,13.27,16.19,14.94,15.42,16.03,16.11,13.10,12.67,16.32,12.54,14.85,11.28,9.69,10.96,12.37,11.46,11.14,13.00,11.40,10.71,2.14,5.11,4.83,99.00,4.09,3.74,3.61,1.75,11.51,12.01,11.78,11.81,11.86,10.91,11.07,12.00],
  [12.20,4.12,7.12,17.86,7.21,5.14,5.94,6.99,3.96,5.06,7.34,7.37,4.96,5.65,5.74,6.34,6.73,6.16,6.23,13.25,13.74,13.87,15.81,12.64,14.57,13.42,12.97,13.99,12.19,15.46,14.43,14.59,15.55,15.27,12.12,11.52,15.69,12.11,14.45,12.65,11.96,13.08,13.37,13.13,12.21,13.86,12.45,12.58,6.05,1.09,1.77,4.09,99.00,0.65,1.49,3.46,10.07,10.31,11.40,11.33,10.04,11.05,9.49,10.55],
  [11.63,4.21,6.55,17.21,7.84,5.79,6.56,6.38,3.31,4.43,6.70,6.72,4.31,5.00,5.13,5.86,6.09,5.51,5.64,12.72,13.21,13.31,15.31,12.14,14.03,12.85,12.42,13.47,11.72,14.96,13.90,14.10,15.03,14.78,11.64,11.05,15.18,11.57,13.91,12.01,11.31,12.43,12.73,12.48,11.57,13.23,11.81,11.93,5.59,1.39,1.45,3.74,0.65,99.00,0.85,3.39,9.63,9.91,10.85,10.79,9.66,10.46,9.07,10.11],
  [10.82,4.28,5.98,16.37,8.68,6.62,7.41,5.70,2.53,3.58,5.86,5.88,3.51,4.15,4.49,5.15,5.24,4.72,4.83,11.94,12.43,12.50,14.57,11.41,13.24,12.05,11.64,12.71,11.01,14.22,13.14,13.37,14.26,14.05,10.91,10.35,14.43,10.78,13.13,11.16,10.51,11.62,11.89,11.64,10.73,12.39,10.97,11.10,5.24,1.93,1.22,3.61,1.49,0.85,99.00,3.67,8.96,9.29,10.06,10.01,9.06,9.63,8.42,9.45],
  [13.61,7.56,5.54,17.85,7.73,6.57,6.43,6.02,4.45,6.26,8.23,7.78,5.25,6.41,4.84,8.54,7.50,6.16,7.78,14.92,15.41,15.31,17.71,14.61,16.14,14.87,14.58,15.76,14.29,17.35,16.15,16.54,17.26,17.23,14.15,13.66,17.51,13.76,16.10,12.91,11.42,12.68,13.93,13.14,12.71,14.54,12.97,12.40,3.78,4.54,4.77,1.75,3.46,3.39,3.67,99.00,12.38,12.79,13.00,13.00,12.60,12.26,11.88,12.88],
  [4.12,7.83,10.78,12.17,16.69,14.26,15.60,9.61,8.22,6.41,5.58,6.67,7.90,6.72,9.53,3.85,6.14,7.88,4.88,4.08,4.48,5.14,5.95,2.88,5.40,4.78,4.01,4.46,2.26,5.62,4.94,4.72,5.98,5.35,2.32,1.59,5.93,3.32,5.11,7.93,9.88,10.06,7.36,8.91,6.98,7.33,7.03,9.16,11.76,9.51,8.30,11.51,10.07,9.63,8.96,12.38,99.00,0.82,3.09,2.83,1.10,4.29,0.64,0.49],
  [4.80,7.77,11.46,12.88,16.75,14.29,15.70,10.30,8.74,6.96,6.30,7.40,8.49,7.34,10.16,4.28,6.83,8.54,5.48,4.54,4.90,5.66,6.05,3.18,5.80,5.33,4.54,4.78,2.49,5.75,5.27,4.85,6.23,5.43,2.65,1.92,6.10,3.94,5.48,8.72,10.70,10.87,8.11,9.70,7.77,8.04,7.82,9.97,12.36,9.68,8.54,12.01,10.31,9.91,9.29,12.79,0.82,99.00,3.80,3.53,0.43,5.08,0.95,0.73],
  [1.06,10.11,10.04,9.09,18.45,16.11,17.26,8.83,8.56,6.75,4.96,5.82,7.90,6.66,9.17,5.19,5.70,7.41,5.27,1.92,2.41,2.51,4.79,2.15,3.18,2.06,1.58,2.80,2.39,4.44,3.16,3.75,4.26,4.41,2.05,2.30,4.54,0.76,3.10,5.11,7.52,7.43,4.34,6.11,4.15,4.24,4.15,6.53,11.46,11.10,9.74,11.78,11.40,10.85,10.06,13.00,3.09,3.80,99.00,0.28,4.16,1.58,3.56,3.09],
  [1.30,9.95,10.16,9.35,18.35,16.00,17.17,8.94,8.57,6.75,5.03,5.93,7.94,6.70,9.25,5.08,5.76,7.49,5.25,1.94,2.43,2.64,4.74,1.97,3.25,2.20,1.64,2.76,2.15,4.39,3.15,3.65,4.27,4.33,1.82,2.03,4.51,0.78,3.13,5.38,7.77,7.69,4.61,6.38,4.42,4.52,4.43,6.79,11.54,11.01,9.65,11.81,11.33,10.79,10.01,13.00,2.83,3.53,0.28,99.00,3.90,1.83,3.31,2.81],
  [5.18,7.40,11.45,13.25,16.40,13.94,15.37,10.31,8.62,6.87,6.35,7.46,8.41,7.29,10.12,4.13,6.85,8.53,5.42,4.97,5.33,6.08,6.46,3.61,6.23,5.74,4.95,5.21,2.92,6.16,5.69,5.26,6.65,5.84,3.08,2.34,6.51,4.34,5.91,9.02,10.91,11.13,8.46,10.00,8.07,8.41,8.13,10.23,12.29,9.38,8.27,11.86,10.04,9.66,9.06,12.60,1.10,0.43,4.16,3.90,99.00,5.39,0.96,1.13],
  [1.47,10.35,8.80,8.10,18.22,15.97,16.98,7.60,7.82,6.12,4.03,4.70,7.04,5.85,8.09,5.25,4.78,6.36,4.82,3.08,3.49,3.10,6.00,3.71,4.02,2.69,2.67,4.01,3.97,5.66,4.26,5.10,5.27,5.72,3.64,3.83,5.68,2.14,4.09,3.64,5.94,5.89,3.15,4.63,2.69,3.29,2.74,4.98,10.35,10.90,9.50,10.91,11.05,10.46,9.63,12.26,4.29,5.08,1.58,1.83,5.39,99.00,4.62,4.42],
  [4.61,7.19,10.52,12.61,16.06,13.63,14.98,9.37,7.80,6.01,5.39,6.50,7.54,6.39,9.21,3.35,5.90,7.60,4.53,4.69,5.10,5.73,6.59,3.52,6.02,5.35,4.60,5.10,2.91,6.26,5.58,5.36,6.62,5.99,2.96,2.24,6.57,3.87,5.74,8.20,10.00,10.25,7.74,9.17,7.27,7.75,7.34,9.36,11.41,8.91,7.72,11.07,9.49,9.07,8.42,11.88,0.64,0.95,3.56,3.31,0.96,4.62,99.00,1.07],
  [4.08,8.24,11.22,12.15,17.14,14.70,16.06,10.04,8.71,6.89,6.00,7.09,8.37,7.18,9.99,4.34,6.58,8.32,5.36,3.85,4.22,4.95,5.53,2.54,5.12,4.61,3.82,4.14,1.88,5.22,4.62,4.31,5.62,4.93,1.99,1.25,5.54,3.21,4.82,8.06,10.13,10.25,7.41,9.05,7.11,7.33,7.15,9.35,12.23,9.98,8.78,12.00,10.55,10.11,9.45,12.88,0.49,0.73,3.09,2.81,1.13,4.42,1.07,99.00]
];
