// Chosen Depots: [1, 2, 3, 6]
// Chosen Demand Points (Original DP No): [11, 12, 16, 20, 23, 24, 28, 89, 96, 97, 103, 105, 108, 110, 111, 114, 116, 118, 119, 122, 125, 127, 129, 130, 132, 133, 138, 142, 143, 146, 148, 150, 153, 154, 156, 158, 159, 162, 163, 166]
// Original Weights: [5, 6, 4, 6, 6, 5, 5, 7, 7, 7, 7, 6, 7, 7, 7, 7, 7, 7, 8, 8, 2, 3, 2, 4, 4, 4, 3, 8, 8, 8, 6, 7, 8, 4, 7, 8, 7, 8, 8, 6]

|W| = 4;
|D| = 40;
V = 54;
C = 3;
|K| = 1;
M = 100;
S = 0.25;
|TR| = 10;
δmax = 18.3;
Runtime = 15;

// Priority weights for selected demand points
pj = [
  5, 6, 4, 6, 6, 5, 5, 7, 7, 7, 7, 6, 7, 7, 7, 7, 7, 7, 8, 8, 2, 3, 2, 4, 4, 4, 3, 8, 8, 8, 6, 7, 8, 4, 7, 8, 7, 8, 8, 6
];

δij =
[
  [99.00,99.00,99.00,99.00,9.24,9.16,7.41,5.52,7.04,6.93,6.17,4.43,4.53,2.58,2.57,0.36,4.35,4.20,2.79,3.82,2.70,4.65,3.14,3.86,6.34,5.09,6.83,3.46,3.51,3.51,3.89,11.71,13.37,11.96,10.90,13.09,11.66,10.88,12.20,12.31,10.82,13.05,4.12,1.30],
  [99.00,99.00,99.00,99.00,6.43,6.12,8.33,7.11,6.19,8.35,7.46,13.73,13.77,10.69,12.24,11.16,13.23,13.45,12.72,12.73,10.14,13.75,9.42,9.10,13.15,12.55,14.13,13.26,12.30,12.30,13.59,2.64,3.87,3.06,5.26,5.00,3.44,9.26,4.12,3.71,4.28,3.85,7.83,9.95],
  [99.00,99.00,99.00,99.00,3.53,3.84,3.03,5.60,4.86,3.48,4.64,14.68,14.78,12.08,12.78,10.60,14.52,14.44,13.05,13.95,11.77,14.88,11.53,11.88,6.62,7.08,7.39,9.45,8.25,8.25,9.46,8.06,8.69,7.89,5.10,7.23,7.29,1.17,7.12,7.61,5.98,8.29,10.78,10.16],
  [99.00,99.00,99.00,99.00,13.89,13.99,11.27,11.18,12.49,10.93,11.16,9.89,9.99,10.28,9.19,8.27,10.32,9.89,8.93,10.13,10.60,10.18,11.17,11.89,6.07,5.97,5.30,4.97,5.85,5.85,4.60,17.92,19.34,18.03,16.01,18.49,17.56,13.77,17.86,18.15,16.37,18.95,12.17,9.35],
  [9.24,6.43,3.53,13.89,99.00,0.32,2.64,3.73,2.29,2.96,3.11,13.33,13.42,10.39,11.45,9.49,13.05,13.07,11.83,12.47,9.96,13.48,9.54,9.70,8.02,7.91,8.97,9.66,8.46,8.46,9.83,4.74,5.73,4.66,2.14,4.63,4.08,3.01,4.14,4.55,2.74,5.32,8.43,8.69],
  [9.16,6.12,3.84,13.99,0.32,99.00,2.79,3.64,2.15,3.07,3.09,13.21,13.29,10.24,11.33,9.40,12.91,12.94,11.71,12.33,9.80,13.35,9.37,9.51,8.17,8.02,9.13,9.70,8.50,8.50,9.88,4.48,5.53,4.42,2.02,4.51,3.85,3.33,3.96,4.34,2.53,5.12,8.22,8.57],
  [7.41,8.33,3.03,11.27,2.64,2.79,99.00,2.60,2.29,0.48,1.64,11.76,11.86,9.08,9.85,7.72,11.57,11.51,10.16,11.00,8.75,11.95,8.50,8.85,5.39,5.30,6.34,7.22,6.00,6.00,7.34,7.15,8.31,7.14,4.78,7.27,6.59,3.47,6.75,7.11,5.29,7.90,7.77,7.18],
  [5.52,7.11,5.60,11.18,3.73,3.64,2.60,99.00,1.53,2.23,0.96,9.62,9.71,6.74,7.73,5.76,9.36,9.36,8.10,8.78,6.35,9.78,6.02,6.31,6.08,5.45,7.05,6.48,5.38,5.38,6.74,6.77,8.29,6.93,5.42,7.74,6.51,5.83,6.93,7.13,5.47,7.92,5.19,4.97],
  [7.04,6.19,4.86,12.49,2.29,2.15,2.29,1.53,99.00,2.19,1.34,11.06,11.14,8.10,9.18,7.27,10.76,10.79,9.57,10.18,7.67,11.20,7.26,7.44,7.04,6.60,8.02,7.91,6.77,6.77,8.14,5.44,6.87,5.55,3.89,6.23,5.08,4.82,5.46,5.70,3.98,6.49,6.21,6.42],
  [6.93,8.35,3.48,10.93,2.96,3.07,0.48,2.23,2.19,99.00,1.29,11.28,11.38,8.61,9.38,7.24,11.10,11.03,9.68,10.53,8.29,11.47,8.06,8.42,5.13,4.95,6.10,6.79,5.57,5.57,6.93,7.31,8.54,7.33,5.08,7.58,6.80,3.95,7.00,7.34,5.53,8.14,7.37,6.71],
  [6.17,7.46,4.64,11.16,3.11,3.09,1.64,0.96,1.34,1.29,99.00,10.40,10.49,7.59,8.49,6.44,10.16,10.14,8.84,9.58,7.23,10.57,6.93,7.24,5.72,5.26,6.69,6.66,5.49,5.49,6.87,6.78,8.19,6.88,5.03,7.45,6.40,4.93,6.73,7.00,5.24,7.80,6.14,5.76],
  [4.43,13.73,14.68,9.89,13.33,13.21,11.76,9.62,11.06,11.28,10.40,99.00,0.12,3.11,1.91,4.09,0.61,0.28,1.64,1.00,3.65,0.29,4.32,4.66,10.38,9.15,10.65,6.86,7.48,7.48,7.21,14.98,16.68,15.30,14.76,16.71,15.11,15.23,15.74,15.75,14.50,16.42,5.90,4.65],
  [4.53,13.77,14.78,9.99,13.42,13.29,11.86,9.71,11.14,11.38,10.49,0.12,99.00,3.18,2.01,4.19,0.60,0.36,1.75,1.05,3.70,0.19,4.37,4.69,10.49,9.27,10.76,6.98,7.59,7.59,7.33,15.04,16.74,15.36,14.84,16.78,15.17,15.33,15.81,15.81,14.57,16.48,5.95,4.74],
  [2.58,10.69,12.08,10.28,10.39,10.24,9.08,6.74,8.10,8.61,7.59,3.11,3.18,99.00,1.60,2.25,2.71,2.83,2.09,2.14,0.56,3.19,1.29,1.85,8.88,7.64,9.41,5.98,6.08,6.08,6.41,11.87,13.57,12.18,11.70,13.61,12.00,12.50,12.64,12.64,11.41,13.30,2.88,1.97],
  [2.57,12.24,12.78,9.19,11.45,11.33,9.85,7.73,9.18,9.38,8.49,1.91,2.01,1.60,99.00,2.22,1.79,1.66,0.49,1.27,2.15,2.10,2.89,3.43,8.75,7.50,9.12,5.43,5.84,5.84,5.82,13.30,15.00,13.60,12.92,14.94,13.38,13.32,13.99,14.02,12.71,14.71,4.46,2.76],
  [0.36,11.16,10.60,8.27,9.49,9.40,7.72,5.76,7.27,7.24,6.44,4.09,4.19,2.25,2.22,99.00,4.00,3.86,2.46,3.46,2.41,4.31,2.91,3.63,6.70,5.45,7.18,3.75,3.85,3.85,4.18,11.84,13.51,12.10,11.11,13.27,11.81,11.18,12.37,12.46,11.01,13.20,3.99,1.23],
  [4.35,13.23,14.52,10.32,13.05,12.91,11.57,9.36,10.76,11.10,10.16,0.61,0.60,2.71,1.79,4.00,99.00,0.45,1.67,0.58,3.22,0.52,3.85,4.13,10.48,9.24,10.80,7.04,7.57,7.57,7.41,14.53,16.24,14.86,14.41,16.32,14.69,15.03,15.34,15.33,14.12,15.98,5.41,4.40],
  [4.20,13.45,14.44,9.89,13.07,12.94,11.51,9.36,10.79,11.03,10.14,0.28,0.36,2.83,1.66,3.86,0.45,99.00,1.43,0.73,3.37,0.45,4.04,4.38,10.22,8.99,10.51,6.73,7.31,7.31,7.09,14.69,16.40,15.02,14.48,16.43,14.83,14.98,15.46,15.47,14.22,16.14,5.62,4.39],
  [2.79,12.72,13.05,8.93,11.83,11.71,10.16,8.10,9.57,9.68,8.84,1.64,1.75,2.09,0.49,2.46,1.67,1.43,99.00,1.28,2.63,1.88,3.38,3.91,8.80,7.57,9.13,5.38,5.90,5.90,5.76,13.76,15.46,14.05,13.33,15.38,13.83,13.63,14.43,14.47,13.14,15.17,4.94,3.15],
  [3.82,12.73,13.95,10.13,12.47,12.33,11.00,8.78,10.18,10.53,9.58,1.00,1.05,2.14,1.27,3.46,0.58,0.73,1.28,99.00,2.66,1.05,3.32,3.65,10.01,8.77,10.37,6.64,7.11,7.11,7.03,13.99,15.70,14.32,13.84,15.76,14.14,14.46,14.78,14.78,13.55,15.44,4.90,3.83],
  [2.70,10.14,11.77,10.60,9.96,9.80,8.75,6.35,7.67,8.29,7.23,3.65,3.70,0.56,2.15,2.41,3.22,3.37,2.63,2.66,99.00,3.71,0.74,1.36,8.88,7.64,9.45,6.15,6.14,6.14,6.58,11.33,13.04,11.65,11.23,13.10,11.48,12.15,12.12,12.11,10.91,12.77,2.32,1.82],
  [4.65,13.75,14.88,10.18,13.48,13.35,11.95,9.78,11.20,11.47,10.57,0.29,0.19,3.19,2.10,4.31,0.52,0.45,1.88,1.05,3.71,99.00,4.36,4.66,10.65,9.42,10.93,7.14,7.75,7.75,7.49,15.04,16.75,15.36,14.88,16.81,15.19,15.42,15.83,15.82,14.60,16.49,5.93,4.81],
  [3.14,9.42,11.53,11.17,9.54,9.37,8.50,6.02,7.26,8.06,6.93,4.32,4.37,1.29,2.89,2.91,3.85,4.04,3.38,3.32,0.74,4.36,99.00,0.72,9.08,7.87,9.72,6.59,6.45,6.45,7.02,10.69,12.40,11.02,10.71,12.51,10.86,11.85,11.52,11.49,10.35,12.14,1.59,2.03],
  [3.86,9.10,11.88,11.89,9.70,9.51,8.85,6.31,7.44,8.42,7.24,4.66,4.69,1.85,3.43,3.63,4.13,4.38,3.91,3.65,1.36,4.66,0.72,99.00,9.73,8.53,10.38,7.30,7.14,7.14,7.74,10.52,12.22,10.86,10.74,12.43,10.75,12.13,11.43,11.37,10.32,11.98,1.36,2.72],
  [6.34,13.15,6.62,6.07,8.02,8.17,5.39,6.08,7.04,5.13,5.72,10.38,10.49,8.88,8.75,6.70,10.48,10.22,8.80,10.01,8.88,10.65,9.08,9.73,99.00,1.25,0.98,3.67,2.91,2.91,3.46,12.41,13.67,12.45,10.17,12.66,11.92,7.70,12.12,12.47,10.66,13.27,9.31,7.08],
  [5.09,12.55,7.08,5.97,7.91,8.02,5.30,5.45,6.60,4.95,5.26,9.15,9.27,7.64,7.50,5.45,9.24,8.99,7.57,8.77,7.64,9.42,7.87,8.53,1.25,99.00,1.89,2.58,1.68,1.68,2.47,12.04,13.41,12.13,10.03,12.52,11.63,8.06,11.90,12.21,10.42,13.01,8.17,5.86],
  [6.83,14.13,7.39,5.30,8.97,9.13,6.34,7.05,8.02,6.10,6.69,10.65,10.76,9.41,9.12,7.18,10.80,10.51,9.13,10.37,9.45,10.93,9.72,10.38,0.98,1.89,99.00,3.80,3.33,3.33,3.49,13.38,14.64,13.42,11.11,13.60,12.89,8.50,13.08,13.44,11.62,14.23,10.06,7.69],
  [3.46,13.26,9.45,4.97,9.66,9.70,7.22,6.48,7.91,6.79,6.66,6.86,6.98,5.98,5.43,3.75,7.04,6.73,5.38,6.64,6.15,7.14,6.59,7.30,3.67,2.58,3.80,99.00,1.23,1.23,0.43,13.24,14.76,13.40,11.68,14.11,12.98,10.34,13.37,13.60,11.89,14.39,7.36,4.61],
  [3.51,12.30,8.25,5.85,8.46,8.50,6.00,5.38,6.77,5.57,5.49,7.48,7.59,6.08,5.84,3.85,7.57,7.31,5.90,7.11,6.14,7.75,6.45,7.14,2.91,1.68,3.33,1.23,99.00,0.00,1.38,12.15,13.64,12.29,10.49,12.93,11.85,9.13,12.21,12.46,10.73,13.26,6.98,4.42],
  [3.51,12.30,8.25,5.85,8.46,8.50,6.00,5.38,6.77,5.57,5.49,7.48,7.59,6.08,5.84,3.85,7.57,7.31,5.90,7.11,6.14,7.75,6.45,7.14,2.91,1.68,3.33,1.23,0.00,99.00,1.38,12.15,13.64,12.29,10.49,12.93,11.85,9.13,12.21,12.46,10.73,13.26,6.98,4.42],
  [3.89,13.59,9.46,4.60,9.83,9.88,7.34,6.74,8.14,6.93,6.87,7.21,7.33,6.41,5.82,4.18,7.41,7.09,5.76,7.03,6.58,7.49,7.02,7.74,3.46,2.47,3.49,0.43,1.38,1.38,99.00,13.51,15.01,13.66,11.87,14.31,13.22,10.39,13.59,13.84,12.11,14.63,7.79,5.05],
  [11.71,2.64,8.06,17.92,4.74,4.48,7.15,6.77,5.44,7.31,6.78,14.98,15.04,11.87,13.30,11.84,14.53,14.69,13.76,13.99,11.33,15.04,10.69,10.52,12.41,12.04,13.38,13.24,12.15,12.15,13.51,99.00,1.71,0.43,3.00,2.38,0.86,7.19,1.48,1.08,2.07,1.48,9.17,10.73],
  [13.37,3.87,8.69,19.34,5.73,5.53,8.31,8.29,6.87,8.54,8.19,16.68,16.74,13.57,15.00,13.51,16.24,16.40,15.46,15.70,13.04,16.75,12.40,12.22,13.67,13.41,14.64,14.76,13.64,13.64,15.01,1.71,99.00,1.41,3.66,1.67,1.79,7.68,1.60,1.20,3.02,0.41,10.87,12.42],
  [11.96,3.06,7.89,18.03,4.66,4.42,7.14,6.93,5.55,7.33,6.88,15.30,15.36,12.18,13.60,12.10,14.86,15.02,14.05,14.32,11.65,15.36,11.02,10.86,12.45,12.13,13.42,13.40,12.29,12.29,13.66,0.43,1.41,99.00,2.80,1.96,0.60,6.99,1.09,0.65,1.93,1.12,9.51,11.01],
  [10.90,5.26,5.10,16.01,2.14,2.02,4.78,5.42,3.89,5.08,5.03,14.76,14.84,11.70,12.92,11.11,14.41,14.48,13.33,13.84,11.23,14.88,10.71,10.74,10.17,10.03,11.11,11.68,10.49,10.49,11.87,3.00,3.66,2.80,99.00,2.49,2.19,4.20,2.06,2.52,0.98,3.25,9.40,10.19],
  [13.09,5.00,7.23,18.49,4.63,4.51,7.27,7.74,6.23,7.58,7.45,16.71,16.78,13.61,14.94,13.27,16.32,16.43,15.38,15.76,13.10,16.81,12.51,12.43,12.66,12.52,13.60,14.11,12.93,12.93,14.31,2.38,1.67,1.96,2.49,99.00,1.77,6.17,1.03,1.30,2.28,1.38,11.07,12.26],
  [11.66,3.44,7.29,17.56,4.08,3.85,6.59,6.51,5.08,6.80,6.40,15.11,15.17,12.00,13.38,11.81,14.69,14.83,13.83,14.14,11.48,15.19,10.86,10.75,11.92,11.63,12.89,12.98,11.85,11.85,13.22,0.86,1.79,0.60,2.19,1.77,99.00,6.39,0.75,0.65,1.34,1.42,9.39,10.75],
  [10.88,9.26,1.17,13.77,3.01,3.33,3.47,5.83,4.82,3.95,4.93,15.23,15.33,12.50,13.32,11.18,15.03,14.98,13.63,14.46,12.15,15.42,11.85,12.13,7.70,8.06,8.50,10.34,9.13,9.13,10.39,7.19,7.68,6.99,4.20,6.17,6.39,99.00,6.14,6.65,5.13,7.29,10.96,10.63],
  [12.20,4.12,7.12,17.86,4.14,3.96,6.75,6.93,5.46,7.00,6.73,15.74,15.81,12.64,13.99,12.37,15.34,15.46,14.43,14.78,12.12,15.83,11.52,11.43,12.12,11.90,13.08,13.37,12.21,12.21,13.59,1.48,1.60,1.09,2.06,1.03,0.75,6.14,99.00,0.53,1.49,1.19,10.07,11.33],
  [12.31,3.71,7.61,18.15,4.55,4.34,7.11,7.13,5.70,7.34,7.00,15.75,15.81,12.64,14.02,12.46,15.33,15.47,14.47,14.78,12.11,15.82,11.49,11.37,12.47,12.21,13.44,13.60,12.46,12.46,13.84,1.08,1.20,0.65,2.52,1.30,0.65,6.65,0.53,99.00,1.82,0.80,10.01,11.39],
  [10.82,4.28,5.98,16.37,2.74,2.53,5.29,5.47,3.98,5.53,5.24,14.50,14.57,11.41,12.71,11.01,14.12,14.22,13.14,13.55,10.91,14.60,10.35,10.32,10.66,10.42,11.62,11.89,10.73,10.73,12.11,2.07,3.02,1.93,0.98,2.28,1.34,5.13,1.49,1.82,99.00,2.61,8.96,10.01],
  [13.05,3.85,8.29,18.95,5.32,5.12,7.90,7.92,6.49,8.14,7.80,16.42,16.48,13.30,14.71,13.20,15.98,16.14,15.17,15.44,12.77,16.49,12.14,11.98,13.27,13.01,14.23,14.39,13.26,13.26,14.63,1.48,0.41,1.12,3.25,1.38,1.42,7.29,1.19,0.80,2.61,99.00,10.63,12.11],
  [4.12,7.83,10.78,12.17,8.43,8.22,7.77,5.19,6.21,7.37,6.14,5.90,5.95,2.88,4.46,3.99,5.41,5.62,4.94,4.90,2.32,5.93,1.59,1.36,9.31,8.17,10.06,7.36,6.98,6.98,7.79,9.17,10.87,9.51,9.40,11.07,9.39,10.96,10.07,10.01,8.96,10.63,99.00,2.83],
  [1.30,9.95,10.16,9.35,8.69,8.57,7.18,4.97,6.42,6.71,5.76,4.65,4.74,1.97,2.76,1.23,4.40,4.39,3.15,3.83,1.82,4.81,2.03,2.72,7.08,5.86,7.69,4.61,4.42,4.42,5.05,10.73,12.42,11.01,10.19,12.26,10.75,10.63,11.33,11.39,10.01,12.11,2.83,99.00]
];
