// Chosen Depots: [1, 2, 3, 6]
// Chosen Demand Points (Original DP No): [2, 3, 12, 13, 14, 15, 17, 19, 21, 22, 25, 31, 87, 88, 89, 90, 91, 92, 93, 95, 96, 97, 98, 99, 100, 102, 103, 104, 106, 108, 109, 110, 113, 117, 119, 120, 121, 123, 130, 131, 132, 134, 139, 141, 142, 143, 145, 148, 149, 150, 151, 152, 153, 157, 159, 160, 162, 163, 166, 171]
// Original Weights: [9, 9, 6, 6, 5, 7, 5, 5, 6, 6, 5, 6, 7, 6, 7, 6, 6, 5, 7, 7, 7, 7, 6, 6, 7, 6, 7, 7, 7, 7, 7, 7, 7, 7, 8, 7, 6, 6, 4, 2, 4, 4, 4, 4, 8, 8, 7, 6, 6, 7, 8, 7, 8, 7, 7, 6, 8, 8, 6, 8]

|W| = 4;
|D| = 60;
V = 54;
C = 3;
|K| = 1;
M = 100;
S = 0.25;
|TR| = 12;
δmax = 18.3;
Runtime = 25;

// Priority weights for selected demand points
pj = [
  9, 9, 6, 6, 5, 7, 5, 5, 6, 6, 5, 6, 7, 6, 7, 6, 6, 5, 7, 7, 7, 7, 6, 6, 7, 6, 7, 7, 7, 7, 7, 7, 7, 7, 8, 7, 6, 6, 4, 2, 4, 4, 4, 4, 8, 8, 7, 6, 6, 7, 8, 7, 8, 7, 7, 6, 8, 8, 6, 8
];

δij =
[
  [99.00,99.00,99.00,99.00,19.21,17.00,9.16,7.40,5.42,6.09,6.15,8.42,8.30,6.76,7.21,6.00,3.22,1.64,4.43,2.02,1.03,1.44,3.60,4.45,4.53,2.58,2.57,1.26,2.70,1.23,2.57,2.81,2.46,4.35,3.63,4.20,3.80,3.26,3.14,4.21,0.99,2.62,3.46,5.42,3.51,3.27,12.27,11.81,11.71,13.37,11.87,10.90,13.24,13.09,10.58,10.66,11.66,11.63,10.82,13.61,13.05,4.12,1.30,4.08],
  [99.00,99.00,99.00,99.00,8.93,6.60,6.12,5.89,7.73,5.71,8.33,6.83,5.99,6.36,6.74,6.09,11.71,11.70,13.73,12.16,11.79,12.55,12.96,13.62,13.77,10.69,13.06,12.15,12.68,11.52,12.24,12.45,12.14,13.23,13.40,13.45,13.79,12.79,9.42,13.76,10.69,12.84,13.26,13.72,12.30,13.57,8.88,9.48,2.64,3.87,4.28,5.26,6.76,5.00,3.07,3.67,3.44,4.21,4.28,7.56,3.85,7.83,9.95,8.24],
  [99.00,99.00,99.00,99.00,13.22,11.78,3.84,4.86,5.27,6.45,4.25,3.36,4.22,4.96,4.22,6.07,13.12,11.85,14.68,12.28,11.29,11.22,13.82,14.68,14.78,12.08,12.81,11.47,12.97,11.45,12.78,13.03,12.66,14.52,13.90,14.44,14.06,13.49,11.53,14.47,10.77,12.89,9.45,8.13,8.25,10.13,2.94,1.98,8.06,8.69,6.68,5.10,5.79,7.23,7.01,6.49,7.29,6.55,5.98,5.54,8.29,10.78,10.16,11.22],
  [99.00,99.00,99.00,99.00,24.93,22.99,13.99,12.87,10.64,12.46,10.49,12.99,13.40,12.23,12.22,12.13,10.29,8.79,9.89,8.70,8.11,7.06,9.64,10.04,9.99,10.28,8.16,7.82,8.87,8.61,9.19,9.24,9.17,10.32,9.20,9.89,8.91,9.42,11.17,9.55,8.99,8.56,4.97,4.75,5.85,4.86,15.55,14.66,17.92,19.34,17.44,16.01,17.83,18.49,16.65,16.48,17.56,17.21,16.37,17.85,18.95,12.17,9.35,12.15],
  [19.21,8.93,13.22,24.93,99.00,2.33,10.94,12.20,14.47,13.15,14.45,11.94,11.56,12.87,12.75,13.32,20.41,20.14,22.44,20.62,20.06,20.63,21.62,22.34,22.49,19.34,21.48,20.40,21.20,19.88,20.80,21.03,20.69,21.97,22.01,22.16,22.37,21.41,18.13,22.43,19.02,21.32,20.50,20.18,19.34,21.00,10.47,11.52,7.52,5.84,7.53,8.93,7.43,6.44,8.64,8.63,7.58,7.77,8.62,7.74,6.17,16.57,18.25,17.01],
  [17.00,6.60,11.78,22.99,2.33,99.00,9.07,10.15,12.42,10.98,12.50,10.08,9.60,10.82,10.78,11.18,18.11,17.87,20.14,18.35,17.82,18.43,19.33,20.04,20.19,17.04,19.23,18.17,18.93,17.63,18.52,18.75,18.41,19.67,19.72,19.86,20.08,19.12,15.82,20.13,16.77,19.05,18.44,18.27,17.31,18.91,9.24,10.26,5.29,3.68,5.57,7.09,6.07,4.63,6.48,6.54,5.47,5.79,6.62,6.57,4.06,14.26,16.00,14.70],
  [9.16,6.12,3.84,13.99,10.94,9.07,99.00,1.86,3.81,3.59,3.54,1.01,0.89,2.42,1.98,3.41,11.36,10.48,13.21,10.97,10.15,10.43,12.33,13.17,13.29,10.24,11.69,10.42,11.64,10.13,11.33,11.60,11.21,12.91,12.56,12.94,12.82,12.04,9.37,13.08,9.32,11.65,9.70,9.24,8.50,10.26,3.70,3.84,4.48,5.53,3.52,2.02,4.12,4.51,3.30,2.86,3.85,3.31,2.53,4.45,5.12,8.22,8.57,8.71],
  [7.40,5.89,4.86,12.87,12.20,10.15,1.86,99.00,2.28,1.77,2.50,1.57,0.97,0.68,0.85,1.56,9.51,8.67,11.37,9.15,8.37,8.72,10.49,11.33,11.45,8.39,9.90,8.65,9.82,8.33,9.50,9.77,9.38,11.06,10.73,11.10,11.01,10.21,7.51,11.25,7.50,9.85,8.31,8.20,7.16,8.80,5.47,5.42,5.06,6.48,4.67,3.51,5.85,5.83,3.78,3.61,4.69,4.43,3.58,6.26,6.10,6.41,6.75,6.89],
  [5.42,7.73,5.27,10.64,14.47,12.42,3.81,2.28,99.00,2.14,1.11,3.01,3.01,1.61,1.83,1.69,7.95,6.85,9.66,7.32,6.43,6.64,8.78,9.64,9.75,6.88,7.99,6.68,8.01,6.48,7.75,8.01,7.63,9.43,8.94,9.40,9.17,8.47,6.27,9.49,5.72,7.99,6.03,6.03,4.89,6.53,6.88,6.52,7.28,8.75,6.94,5.71,7.93,8.09,6.01,5.88,6.96,6.70,5.86,8.23,8.37,5.58,5.03,6.00],
  [6.09,5.71,6.45,12.46,13.15,10.98,3.59,1.77,2.14,99.00,3.03,3.30,2.72,1.49,2.23,0.46,7.88,7.19,9.80,7.68,6.99,7.49,8.92,9.74,9.87,6.75,8.48,7.30,8.32,6.88,7.97,8.23,7.85,9.45,9.21,9.52,9.51,8.65,5.80,9.71,6.03,8.38,7.63,8.01,6.61,8.02,7.24,7.18,5.70,7.32,5.79,4.96,7.38,7.02,4.51,4.57,5.58,5.55,4.76,7.87,6.98,4.64,5.25,5.12],
  [6.15,8.33,4.25,10.49,14.45,12.50,3.54,2.50,1.11,3.03,99.00,2.58,2.90,1.97,1.74,2.56,8.88,7.67,10.50,8.12,7.18,7.25,9.63,10.49,10.60,7.83,8.72,7.39,8.81,7.28,8.59,8.85,8.47,10.31,9.75,10.25,9.94,9.31,7.30,10.31,6.57,8.76,6.18,5.77,4.97,6.76,6.14,5.66,7.53,8.87,6.94,5.54,7.58,8.02,6.25,6.02,7.09,6.72,5.88,7.78,8.47,6.67,5.93,7.09],
  [8.42,6.83,3.36,12.99,11.94,10.08,1.01,1.57,3.01,3.30,2.58,99.00,0.87,1.89,1.24,3.02,10.80,9.82,12.59,10.29,9.43,9.65,11.71,12.56,12.68,9.69,10.98,9.68,10.97,9.45,10.69,10.96,10.57,12.32,11.90,12.32,12.14,11.41,8.91,12.44,8.66,10.97,8.76,8.24,7.55,9.34,4.01,3.87,5.41,6.53,4.52,3.02,5.00,5.51,4.18,3.80,4.82,4.31,3.51,5.25,6.12,7.90,7.94,8.37],
  [8.30,5.99,4.22,13.40,11.56,9.60,0.89,0.97,3.01,2.72,2.90,0.87,99.00,1.54,1.20,2.53,10.47,9.60,12.32,10.09,9.28,9.59,11.44,12.28,12.41,9.35,10.82,9.55,10.76,9.26,10.45,10.71,10.33,12.02,11.67,12.05,11.94,11.15,8.48,12.20,8.44,10.77,8.98,8.67,7.80,9.51,4.52,4.54,4.73,5.98,4.04,2.71,4.95,5.14,3.46,3.16,4.22,3.81,2.98,5.32,5.58,7.36,7.69,7.85],
  [6.76,6.36,4.96,12.23,12.87,10.82,2.42,0.68,1.61,1.49,1.97,1.89,1.54,99.00,0.74,1.14,8.96,8.06,10.79,8.55,7.74,8.07,9.91,10.75,10.88,7.84,9.28,8.02,9.22,7.71,8.91,9.18,8.79,10.50,10.14,10.52,10.40,9.62,7.03,10.66,6.90,9.23,7.64,7.58,6.50,8.13,5.90,5.75,5.69,7.14,5.34,4.17,6.48,6.51,4.42,4.27,5.35,5.10,4.26,6.86,6.76,6.01,6.15,6.48],
  [7.21,6.74,4.22,12.22,12.75,10.78,1.98,0.85,1.83,2.23,1.74,1.24,1.20,0.74,99.00,1.87,9.56,8.58,11.35,9.06,8.21,8.46,10.46,11.32,11.44,8.45,9.76,8.47,9.74,8.22,9.45,9.72,9.33,11.08,10.67,11.08,10.91,10.17,7.68,11.21,7.42,9.74,7.78,7.50,6.60,8.32,5.25,5.04,5.79,7.13,5.23,3.90,6.10,6.34,4.51,4.28,5.35,5.00,4.15,6.41,6.74,6.72,6.70,7.18],
  [6.00,6.09,6.07,12.13,13.32,11.18,3.41,1.56,1.69,0.46,2.56,3.02,2.53,1.14,1.87,99.00,7.96,7.18,9.84,7.67,6.93,7.37,8.96,9.79,9.92,6.84,8.45,7.23,8.32,6.85,7.99,8.25,7.87,9.52,9.22,9.57,9.51,8.69,5.95,9.74,6.01,8.37,7.35,7.63,6.29,7.76,7.00,6.88,5.92,7.50,5.88,4.94,7.33,7.10,4.70,4.70,5.74,5.64,4.83,7.78,7.15,4.88,5.25,5.36],
  [3.22,11.71,13.12,10.29,20.41,18.11,11.36,9.51,7.95,7.88,8.88,10.80,10.47,8.96,9.56,7.96,99.00,1.69,2.03,1.61,2.48,3.39,1.28,1.93,2.08,1.13,2.20,2.63,1.49,2.05,1.10,1.11,1.11,1.59,1.79,1.75,2.22,1.20,2.29,2.06,2.41,1.80,6.38,8.51,6.67,5.97,14.79,14.47,12.96,14.67,13.50,12.83,15.26,14.73,12.01,12.24,13.11,13.27,12.54,15.74,14.41,3.87,2.96,3.48],
  [1.64,11.70,11.85,8.79,20.14,17.87,10.48,8.67,6.85,7.19,7.67,9.82,9.60,8.06,8.58,7.18,1.69,99.00,2.83,0.49,0.79,1.76,1.97,2.83,2.93,1.51,1.36,0.99,1.16,0.41,0.93,1.19,0.82,2.72,2.09,2.59,2.34,1.64,2.64,2.64,1.17,1.19,4.69,6.83,5.00,4.31,13.74,13.33,12.62,14.32,12.96,12.12,14.51,14.19,11.57,11.72,12.66,12.72,11.94,14.92,14.02,4.08,1.94,3.85],
  [4.43,13.73,14.68,9.89,22.44,20.14,13.21,11.37,9.66,9.80,10.50,12.59,12.32,10.79,11.35,9.84,2.03,2.83,99.00,2.40,3.43,3.89,0.88,0.17,0.12,3.11,2.13,3.35,1.73,3.23,1.91,1.65,2.03,0.61,0.86,0.28,0.99,1.19,4.32,0.35,3.94,1.89,6.86,9.11,7.48,6.29,16.54,16.14,14.98,16.68,15.48,14.76,17.17,16.71,14.01,14.22,15.11,15.24,14.50,17.62,16.42,5.90,4.65,5.49],
  [2.02,12.16,12.28,8.70,20.62,18.35,10.97,9.15,7.32,7.68,8.12,10.29,10.09,8.55,9.06,7.67,1.61,0.49,2.40,99.00,1.05,1.80,1.58,2.42,2.51,1.76,0.91,1.08,0.69,0.84,0.61,0.81,0.53,2.36,1.63,2.18,1.85,1.25,2.98,2.19,1.65,0.71,4.82,7.01,5.24,4.38,14.21,13.78,13.11,14.80,13.45,12.61,14.99,14.68,12.06,12.21,13.15,13.21,12.43,15.41,14.50,4.48,2.43,4.22],
  [1.03,11.79,11.29,8.11,20.06,17.82,10.15,8.37,6.43,6.99,7.18,9.43,9.28,7.74,8.21,6.93,2.48,0.79,3.43,1.05,99.00,1.06,2.63,3.46,3.54,2.17,1.55,0.37,1.70,0.50,1.64,1.86,1.54,3.41,2.62,3.22,2.77,2.29,3.12,3.19,1.12,1.59,3.91,6.04,4.22,3.54,13.29,12.83,12.54,14.22,12.78,11.86,14.22,14.01,11.44,11.55,12.53,12.54,11.74,14.60,13.91,4.41,1.84,4.25],
  [1.44,12.55,11.22,7.06,20.63,18.43,10.43,8.72,6.64,7.49,7.25,9.65,9.59,8.07,8.46,7.37,3.39,1.76,3.89,1.80,1.06,99.00,3.22,3.96,4.00,3.22,1.76,0.77,2.26,1.55,2.39,2.54,2.32,4.02,3.03,3.73,3.04,2.90,4.16,3.59,2.06,2.02,3.04,5.26,3.59,2.58,13.39,12.86,13.14,14.79,13.25,12.23,14.54,14.47,11.99,12.06,13.07,13.01,12.19,14.87,14.46,5.38,2.66,5.26],
  [3.60,12.96,13.82,9.64,21.62,19.33,12.33,10.49,8.78,8.92,9.63,11.71,11.44,9.91,10.46,8.96,1.28,1.97,0.88,1.58,2.63,3.22,99.00,0.86,0.97,2.29,1.55,2.60,0.97,2.38,1.04,0.79,1.16,0.80,0.55,0.62,0.98,0.34,3.54,0.81,3.06,1.21,6.25,8.48,6.77,5.73,15.66,15.27,14.14,15.85,14.62,13.88,16.29,15.86,13.16,13.36,14.26,14.38,13.64,16.74,15.58,5.13,3.77,4.75],
  [4.45,13.62,14.68,10.04,22.34,20.04,13.17,11.33,9.64,9.74,10.49,12.56,12.28,10.75,11.32,9.79,1.93,2.83,0.17,2.42,3.46,3.96,0.86,99.00,0.15,3.03,2.21,3.40,1.77,3.24,1.90,1.64,2.02,0.45,0.94,0.24,1.13,1.19,4.22,0.49,3.93,1.95,6.95,9.19,7.55,6.39,16.52,16.13,14.89,16.60,15.41,14.70,17.12,16.64,13.93,14.15,15.03,15.17,14.43,17.58,16.33,5.80,4.62,5.38],
  [4.53,13.77,14.78,9.99,22.49,20.19,13.29,11.45,9.75,9.87,10.60,12.68,12.41,10.88,11.44,9.92,2.08,2.93,0.12,2.51,3.54,4.00,0.97,0.15,99.00,3.18,2.25,3.46,1.84,3.33,2.01,1.75,2.13,0.60,0.97,0.36,1.10,1.29,4.37,0.45,4.04,2.00,6.98,9.22,7.59,6.40,16.63,16.24,15.04,16.74,15.55,14.84,17.25,16.78,14.08,14.29,15.17,15.31,14.57,17.71,16.48,5.95,4.74,5.53],
  [2.58,10.69,12.08,10.28,19.34,17.04,10.24,8.39,6.88,6.75,7.83,9.69,9.35,7.84,8.45,6.84,1.13,1.51,3.11,1.76,2.17,3.22,2.29,3.03,3.18,99.00,2.63,2.46,2.07,1.68,1.60,1.79,1.53,2.71,2.70,2.83,3.10,2.09,1.29,3.09,1.62,2.30,5.98,8.00,6.08,5.68,13.69,13.39,11.87,13.57,12.38,11.70,14.13,13.61,10.90,11.12,12.00,12.14,11.41,14.61,13.30,2.88,1.97,2.54],
  [2.57,13.06,12.81,8.16,21.48,19.23,11.69,9.90,7.99,8.48,8.72,10.98,10.82,9.28,9.76,8.45,2.20,1.36,2.13,0.91,1.55,1.76,1.55,2.21,2.25,2.63,99.00,1.34,0.72,1.61,1.12,1.10,1.15,2.33,1.28,2.00,1.29,1.28,3.88,1.83,2.47,0.41,4.74,6.98,5.36,4.19,14.84,14.37,13.97,15.66,14.27,13.38,15.75,15.50,12.90,13.03,13.99,14.03,13.24,16.14,15.36,5.40,3.25,5.12],
  [1.26,12.15,11.47,7.82,20.40,18.17,10.42,8.65,6.68,7.30,7.39,9.68,9.55,8.02,8.47,7.23,2.63,0.99,3.35,1.08,0.37,0.77,2.60,3.40,3.46,2.46,1.34,99.00,1.64,0.81,1.68,1.87,1.60,3.40,2.51,3.16,2.61,2.27,3.47,3.09,1.49,1.47,3.76,5.93,4.18,3.33,13.52,13.04,12.88,14.56,13.09,12.15,14.50,14.32,11.78,11.88,12.86,12.85,12.05,14.87,14.24,4.78,2.20,4.61],
  [2.70,12.68,12.97,8.87,21.20,18.93,11.64,9.82,8.01,8.32,8.81,10.97,10.76,9.22,9.74,8.32,1.49,1.16,1.73,0.69,1.70,2.26,0.97,1.77,1.84,2.07,0.72,1.64,99.00,1.53,0.47,0.38,0.54,1.77,0.94,1.53,1.19,0.64,3.35,1.51,2.32,0.31,5.29,7.51,5.81,4.79,14.89,14.47,13.70,15.40,14.08,13.26,15.66,15.31,12.67,12.83,13.76,13.84,13.07,16.08,15.11,4.91,3.08,4.60],
  [1.23,11.52,11.45,8.61,19.88,17.63,10.13,8.33,6.48,6.88,7.28,9.45,9.26,7.71,8.22,6.85,2.05,0.41,3.23,0.84,0.50,1.55,2.38,3.24,3.33,1.68,1.61,0.81,1.53,99.00,1.34,1.59,1.23,3.13,2.47,2.99,2.69,2.05,2.66,3.03,0.86,1.52,4.37,6.47,4.63,4.03,13.36,12.94,12.37,14.05,12.66,11.79,14.17,13.89,11.29,11.43,12.38,12.42,11.64,14.58,13.75,4.01,1.64,3.82],
  [2.57,12.24,12.78,9.19,20.80,18.52,11.33,9.50,7.75,7.97,8.59,10.69,10.45,8.91,9.45,7.99,1.10,0.93,1.91,0.61,1.64,2.39,1.04,1.90,2.01,1.60,1.12,1.68,0.47,1.34,99.00,0.26,0.12,1.79,1.24,1.66,1.57,0.72,2.89,1.75,2.04,0.73,5.43,7.61,5.84,4.96,14.63,14.24,13.30,15.00,13.71,12.92,15.33,14.94,12.28,12.46,13.38,13.47,12.71,15.76,14.71,4.46,2.76,4.14],
  [2.81,12.45,13.03,9.24,21.03,18.75,11.60,9.77,8.01,8.23,8.85,10.96,10.71,9.18,9.72,8.25,1.11,1.19,1.65,0.81,1.86,2.54,0.79,1.64,1.75,1.79,1.10,1.87,0.38,1.59,0.26,99.00,0.38,1.55,0.98,1.40,1.33,0.46,3.08,1.49,2.30,0.69,5.59,7.79,6.04,5.10,14.90,14.50,13.54,15.24,13.96,13.18,15.59,15.20,12.53,12.71,13.63,13.72,12.96,16.02,14.96,4.66,3.02,4.32],
  [2.46,12.14,12.66,9.17,20.69,18.41,11.21,9.38,7.63,7.85,8.47,10.57,10.33,8.79,9.33,7.87,1.11,0.82,2.03,0.53,1.54,2.32,1.16,2.02,2.13,1.53,1.15,1.60,0.54,1.23,0.12,0.38,99.00,1.90,1.35,1.78,1.68,0.84,2.81,1.87,1.91,0.78,5.35,7.53,5.75,4.90,14.51,14.12,13.19,14.89,13.59,12.81,15.21,14.83,12.17,12.34,13.27,13.36,12.59,15.64,14.60,4.37,2.64,4.06],
  [4.35,13.23,14.52,10.32,21.97,19.67,12.91,11.06,9.43,9.45,10.31,12.32,12.02,10.50,11.08,9.52,1.59,2.72,0.61,2.36,3.41,4.02,0.80,0.45,0.60,2.71,2.33,3.40,1.77,3.13,1.79,1.55,1.90,99.00,1.12,0.45,1.43,1.13,3.85,0.87,3.75,2.00,7.04,9.27,7.57,6.51,16.30,15.94,14.53,16.24,15.08,14.41,16.83,16.32,13.59,13.82,14.69,14.85,14.12,17.30,15.98,5.41,4.40,4.99],
  [3.63,13.40,13.90,9.20,22.01,19.72,12.56,10.73,8.94,9.21,9.75,11.90,11.67,10.14,10.67,9.22,1.79,2.09,0.86,1.63,2.62,3.03,0.55,0.94,0.97,2.70,1.28,2.51,0.94,2.47,1.24,0.98,1.35,1.12,99.00,0.73,0.43,0.61,3.98,0.58,3.24,1.04,6.01,8.25,6.62,5.45,15.83,15.40,14.51,16.22,14.94,14.16,16.56,16.18,13.51,13.69,14.61,14.70,13.94,16.99,15.94,5.57,3.99,5.21],
  [4.20,13.45,14.44,9.89,22.16,19.86,12.94,11.10,9.40,9.52,10.25,12.32,12.05,10.52,11.08,9.57,1.75,2.59,0.28,2.18,3.22,3.73,0.62,0.24,0.36,2.83,2.00,3.16,1.53,2.99,1.66,1.40,1.78,0.45,0.73,99.00,0.99,0.94,4.04,0.43,3.69,1.71,6.73,8.97,7.31,6.18,16.28,15.89,14.69,16.40,15.20,14.48,16.90,16.43,13.73,13.94,14.83,14.96,14.22,17.35,16.14,5.62,4.39,5.22],
  [3.80,13.79,14.06,8.91,22.37,20.08,12.82,11.01,9.17,9.51,9.94,12.14,11.94,10.40,10.91,9.51,2.22,2.34,0.99,1.85,2.77,3.04,0.98,1.13,1.10,3.10,1.29,2.61,1.19,2.69,1.57,1.33,1.68,1.43,0.43,0.99,99.00,1.03,4.39,0.65,3.50,1.18,5.94,8.18,6.62,5.34,16.04,15.60,14.87,16.57,15.26,14.45,16.84,16.50,13.84,14.02,14.94,15.03,14.26,17.26,16.28,5.98,4.27,5.62],
  [3.26,12.79,13.49,9.42,21.41,19.12,12.04,10.21,8.47,8.65,9.31,11.41,11.15,9.62,10.17,8.69,1.20,1.64,1.19,1.25,2.29,2.90,0.34,1.19,1.29,2.09,1.28,2.27,0.64,2.05,0.72,0.46,0.84,1.13,0.61,0.94,1.03,99.00,3.37,1.05,2.75,0.91,5.94,8.16,6.44,5.43,15.35,14.96,13.92,15.63,14.37,13.61,16.02,15.61,12.93,13.12,14.03,14.13,13.38,16.46,15.35,4.96,3.47,4.60],
  [3.14,9.42,11.53,11.17,18.13,15.82,9.37,7.51,6.27,5.80,7.30,8.91,8.48,7.03,7.68,5.95,2.29,2.64,4.32,2.98,3.12,4.16,3.54,4.22,4.37,1.29,3.88,3.47,3.35,2.66,2.89,3.08,2.81,3.85,3.98,4.04,4.39,3.37,99.00,4.34,2.18,3.57,6.59,8.41,6.45,6.41,12.92,12.70,10.69,12.40,11.28,10.71,13.14,12.51,9.77,10.02,10.86,11.05,10.35,13.66,12.14,1.59,2.03,1.25],
  [4.21,13.76,14.47,9.55,22.43,20.13,13.08,11.25,9.49,9.71,10.31,12.44,12.20,10.66,11.21,9.74,2.06,2.64,0.35,2.19,3.19,3.59,0.81,0.49,0.45,3.09,1.83,3.09,1.51,3.03,1.75,1.49,1.87,0.87,0.58,0.43,0.65,1.05,4.34,99.00,3.78,1.62,6.54,8.79,7.18,5.96,16.38,15.97,14.95,16.66,15.42,14.66,17.07,16.65,13.96,14.16,15.06,15.18,14.43,17.51,16.38,5.93,4.51,5.54],
  [0.99,10.69,10.77,8.99,19.02,16.77,9.32,7.50,5.72,6.03,6.57,8.66,8.44,6.90,7.42,6.01,2.41,1.17,3.94,1.65,1.12,2.06,3.06,3.93,4.04,1.62,2.47,1.49,2.32,0.86,2.04,2.30,1.91,3.75,3.24,3.69,3.50,2.75,2.18,3.78,99.00,2.35,4.45,6.40,4.47,4.23,12.60,12.21,11.51,13.19,11.81,10.95,13.34,13.04,10.43,10.57,11.53,11.57,10.78,13.76,12.89,3.32,0.78,3.21],
  [2.62,12.84,12.89,8.56,21.32,19.05,11.65,9.85,7.99,8.38,8.76,10.97,10.77,9.23,9.74,8.37,1.80,1.19,1.89,0.71,1.59,2.02,1.21,1.95,2.00,2.30,0.41,1.47,0.31,1.52,0.73,0.69,0.78,2.00,1.04,1.71,1.18,0.91,3.57,1.62,2.35,99.00,5.04,7.27,5.60,4.52,14.86,14.42,13.81,15.50,14.15,13.31,15.69,15.39,12.76,12.91,13.86,13.91,13.13,16.10,15.21,5.11,3.13,4.82],
  [3.46,13.26,9.45,4.97,20.50,18.44,9.70,8.31,6.03,7.63,6.18,8.76,8.98,7.64,7.78,7.35,6.38,4.69,6.86,4.82,3.91,3.04,6.25,6.95,6.98,5.98,4.74,3.76,5.29,4.37,5.43,5.59,5.35,7.04,6.01,6.73,5.94,5.94,6.59,6.54,4.45,5.04,99.00,2.25,1.23,0.72,12.01,11.30,13.24,14.76,12.97,11.68,13.76,14.11,11.99,11.90,12.98,12.73,11.89,13.93,14.39,7.36,4.61,7.41],
  [5.42,13.72,8.13,4.75,20.18,18.27,9.24,8.20,6.03,8.01,5.77,8.24,8.67,7.58,7.50,7.63,8.51,6.83,9.11,7.01,6.04,5.26,8.48,9.19,9.22,8.00,6.98,5.93,7.51,6.47,7.61,7.79,7.53,9.27,8.25,8.97,8.18,8.16,8.41,8.79,6.40,7.27,2.25,99.00,1.95,2.89,10.92,10.09,13.26,14.63,12.70,11.26,13.09,13.75,11.98,11.78,12.86,12.48,11.64,13.14,14.24,8.91,6.38,9.05],
  [3.51,12.30,8.25,5.85,19.34,17.31,8.50,7.16,4.89,6.61,4.97,7.55,7.80,6.50,6.60,6.29,6.67,5.00,7.48,5.24,4.22,3.59,6.77,7.55,7.59,6.08,5.36,4.18,5.81,4.63,5.84,6.04,5.75,7.57,6.62,7.31,6.62,6.44,6.45,7.18,4.47,5.60,1.23,1.95,99.00,1.89,10.79,10.08,12.15,13.64,11.81,10.49,12.54,12.93,10.89,10.77,11.85,11.57,10.73,12.71,13.26,6.98,4.42,7.11],
  [3.27,13.57,10.13,4.86,21.00,18.91,10.26,8.80,6.53,8.02,6.76,9.34,9.51,8.13,8.32,7.76,5.97,4.31,6.29,4.38,3.54,2.58,5.73,6.39,6.40,5.68,4.19,3.33,4.79,4.03,4.96,5.10,4.90,6.51,5.45,6.18,5.34,5.43,6.41,5.96,4.23,4.52,0.72,2.89,1.89,99.00,12.67,11.97,13.68,15.23,13.47,12.22,14.34,14.63,12.44,12.38,13.44,13.23,12.39,14.54,14.86,7.33,4.52,7.33],
  [12.27,8.88,2.94,15.55,10.47,9.24,3.70,5.47,6.88,7.24,6.14,4.01,4.52,5.90,5.25,7.00,14.79,13.74,16.54,14.21,13.29,13.39,15.66,16.52,16.63,13.69,14.84,13.52,14.89,13.36,14.63,14.90,14.51,16.30,15.83,16.28,16.04,15.35,12.92,16.38,12.60,14.86,12.01,10.92,10.79,12.67,99.00,1.05,6.50,6.62,4.87,3.62,3.17,4.98,5.81,5.21,5.65,4.83,4.60,2.73,6.26,11.87,11.90,12.35],
  [11.81,9.48,1.98,14.66,11.52,10.26,3.84,5.42,6.52,7.18,5.66,3.87,4.54,5.75,5.04,6.88,14.47,13.33,16.14,13.78,12.83,12.86,15.27,16.13,16.24,13.39,14.37,13.04,14.47,12.94,14.24,14.50,14.12,15.94,15.40,15.89,15.60,14.96,12.70,15.97,12.21,14.42,11.30,10.09,10.08,11.97,1.05,99.00,7.24,7.51,5.66,4.26,4.19,5.91,6.42,5.83,6.39,5.59,5.24,3.78,7.13,11.76,11.54,12.23],
  [11.71,2.64,8.06,17.92,7.52,5.29,4.48,5.06,7.28,5.70,7.53,5.41,4.73,5.69,5.79,5.92,12.96,12.62,14.98,13.11,12.54,13.14,14.14,14.89,15.04,11.87,13.97,12.88,13.70,12.37,13.30,13.54,13.19,14.53,14.51,14.69,14.87,13.92,10.69,14.95,11.51,13.81,13.24,13.26,12.15,13.68,6.50,7.24,99.00,1.71,1.69,3.00,4.13,2.38,1.28,1.62,0.86,1.68,2.07,4.93,1.48,9.17,10.73,9.63],
  [13.37,3.87,8.69,19.34,5.84,3.68,5.53,6.48,8.75,7.32,8.87,6.53,5.98,7.14,7.13,7.50,14.67,14.32,16.68,14.80,14.22,14.79,15.85,16.60,16.74,13.57,15.66,14.56,15.40,14.05,15.00,15.24,14.89,16.24,16.22,16.40,16.57,15.63,12.40,16.66,13.19,15.50,14.76,14.63,13.64,15.23,6.62,7.51,1.71,99.00,2.05,3.66,3.68,1.67,2.80,2.87,1.79,2.23,3.02,4.44,0.41,10.87,12.42,11.33],
  [11.87,4.28,6.68,17.44,7.53,5.57,3.52,4.67,6.94,5.79,6.94,4.52,4.04,5.34,5.23,5.88,13.50,12.96,15.48,13.45,12.78,13.25,14.62,15.41,15.55,12.38,14.27,13.09,14.08,12.66,13.71,13.96,13.59,15.08,14.94,15.20,15.26,14.37,11.28,15.42,11.81,14.15,12.97,12.70,11.81,13.47,4.87,5.66,1.69,2.05,99.00,1.62,2.50,1.24,1.63,1.26,0.84,0.24,1.08,3.29,1.64,9.85,11.03,10.34],
  [10.90,5.26,5.10,16.01,8.93,7.09,2.02,3.51,5.71,4.96,5.54,3.02,2.71,4.17,3.90,4.94,12.83,12.12,14.76,12.61,11.86,12.23,13.88,14.70,14.84,11.70,13.38,12.15,13.26,11.79,12.92,13.18,12.81,14.41,14.16,14.48,14.45,13.61,10.71,14.66,10.95,13.31,11.68,11.26,10.49,12.22,3.62,4.26,3.00,3.66,1.62,99.00,2.43,2.49,2.19,1.59,2.19,1.46,0.98,3.00,3.25,9.40,10.19,9.89],
  [13.24,6.76,5.79,17.83,7.43,6.07,4.12,5.85,7.93,7.38,7.58,5.00,4.95,6.48,6.10,7.33,15.26,14.51,17.17,14.99,14.22,14.54,16.29,17.12,17.25,14.13,15.75,14.50,15.66,14.17,15.33,15.59,15.21,16.83,16.56,16.90,16.84,16.02,13.14,17.07,13.34,15.69,13.76,13.09,12.54,14.34,3.17,4.19,4.13,3.68,2.50,2.43,99.00,2.01,4.02,3.50,3.33,2.61,2.97,0.80,3.39,11.82,12.58,12.31],
  [13.09,5.00,7.23,18.49,6.44,4.63,4.51,5.83,8.09,7.02,8.02,5.51,5.14,6.51,6.34,7.10,14.73,14.19,16.71,14.68,14.01,14.47,15.86,16.64,16.78,13.61,15.50,14.32,15.31,13.89,14.94,15.20,14.83,16.32,16.18,16.43,16.50,15.61,12.51,16.65,13.04,15.39,14.11,13.75,12.93,14.63,4.98,5.91,2.38,1.67,1.24,2.49,2.01,99.00,2.79,2.49,1.77,1.47,2.28,2.79,1.38,11.07,12.26,11.55],
  [10.58,3.07,7.01,16.65,8.64,6.48,3.30,3.78,6.01,4.51,6.25,4.18,3.46,4.42,4.51,4.70,12.01,11.57,14.01,12.06,11.44,11.99,13.16,13.93,14.08,10.90,12.90,11.78,12.67,11.29,12.28,12.53,12.17,13.59,13.51,13.73,13.84,12.93,9.77,13.96,10.43,12.76,11.99,11.98,10.89,12.44,5.81,6.42,1.28,2.80,1.63,2.19,4.02,2.79,99.00,0.60,1.10,1.45,1.22,4.77,2.47,8.30,9.65,8.78],
  [10.66,3.67,6.49,16.48,8.63,6.54,2.86,3.61,5.88,4.57,6.02,3.80,3.16,4.27,4.28,4.70,12.24,11.72,14.22,12.21,11.55,12.06,13.36,14.15,14.29,11.12,13.03,11.88,12.83,11.43,12.46,12.71,12.34,13.82,13.69,13.94,14.02,13.12,10.02,14.16,10.57,12.91,11.90,11.78,10.77,12.38,5.21,5.83,1.62,2.87,1.26,1.59,3.50,2.49,0.60,99.00,1.08,1.04,0.62,4.23,2.49,8.59,9.79,9.08],
  [11.66,3.44,7.29,17.56,7.58,5.47,3.85,4.69,6.96,5.58,7.09,4.82,4.22,5.35,5.35,5.74,13.11,12.66,15.11,13.15,12.53,13.07,14.26,15.03,15.17,12.00,13.99,12.86,13.76,12.38,13.38,13.63,13.27,14.69,14.61,14.83,14.94,14.03,10.86,15.06,11.53,13.86,12.98,12.86,11.85,13.44,5.65,6.39,0.86,1.79,0.84,2.19,3.33,1.77,1.10,1.08,99.00,0.82,1.34,4.12,1.42,9.39,10.75,9.86],
  [11.63,4.21,6.55,17.21,7.77,5.79,3.31,4.43,6.70,5.55,6.72,4.31,3.81,5.10,5.00,5.64,13.27,12.72,15.24,13.21,12.54,13.01,14.38,15.17,15.31,12.14,14.03,12.85,13.84,12.42,13.47,13.72,13.36,14.85,14.70,14.96,15.03,14.13,11.05,15.18,11.57,13.91,12.73,12.48,11.57,13.23,4.83,5.59,1.68,2.23,0.24,1.46,2.61,1.47,1.45,1.04,0.82,99.00,0.85,3.39,1.82,9.63,10.79,10.11],
  [10.82,4.28,5.98,16.37,8.62,6.62,2.53,3.58,5.86,4.76,5.88,3.51,2.98,4.26,4.15,4.83,12.54,11.94,14.50,12.43,11.74,12.19,13.64,14.43,14.57,11.41,13.24,12.05,13.07,11.64,12.71,12.96,12.59,14.12,13.94,14.22,14.26,13.38,10.35,14.43,10.78,13.13,11.89,11.64,10.73,12.39,4.60,5.24,2.07,3.02,1.08,0.98,2.97,2.28,1.22,0.62,1.34,0.85,99.00,3.67,2.61,8.96,10.01,9.45],
  [13.61,7.56,5.54,17.85,7.74,6.57,4.45,6.26,8.23,7.87,7.78,5.25,5.32,6.86,6.41,7.78,15.74,14.92,17.62,15.41,14.60,14.87,16.74,17.58,17.71,14.61,16.14,14.87,16.08,14.58,15.76,16.02,15.64,17.30,16.99,17.35,17.26,16.46,13.66,17.51,13.76,16.10,13.93,13.14,12.71,14.54,2.73,3.78,4.93,4.44,3.29,3.00,0.80,2.79,4.77,4.23,4.12,3.39,3.67,99.00,4.17,12.38,13.00,12.88],
  [13.05,3.85,8.29,18.95,6.17,4.06,5.12,6.10,8.37,6.98,8.47,6.12,5.58,6.76,6.74,7.15,14.41,14.02,16.42,14.50,13.91,14.46,15.58,16.33,16.48,13.30,15.36,14.24,15.11,13.75,14.71,14.96,14.60,15.98,15.94,16.14,16.28,15.35,12.14,16.38,12.89,15.21,14.39,14.24,13.26,14.86,6.26,7.13,1.48,0.41,1.64,3.25,3.39,1.38,2.47,2.49,1.42,1.82,2.61,4.17,99.00,10.63,12.11,11.10],
  [4.12,7.83,10.78,12.17,16.57,14.26,8.22,6.41,5.58,4.64,6.67,7.90,7.36,6.01,6.72,4.88,3.87,4.08,5.90,4.48,4.41,5.38,5.13,5.80,5.95,2.88,5.40,4.78,4.91,4.01,4.46,4.66,4.37,5.41,5.57,5.62,5.98,4.96,1.59,5.93,3.32,5.11,7.36,8.91,6.98,7.33,11.87,11.76,9.17,10.87,9.85,9.40,11.82,11.07,8.30,8.59,9.39,9.63,8.96,12.38,10.63,99.00,2.83,0.49],
  [1.30,9.95,10.16,9.35,18.25,16.00,8.57,6.75,5.03,5.25,5.93,7.94,7.69,6.15,6.70,5.25,2.96,1.94,4.65,2.43,1.84,2.66,3.77,4.62,4.74,1.97,3.25,2.20,3.08,1.64,2.76,3.02,2.64,4.40,3.99,4.39,4.27,3.47,2.03,4.51,0.78,3.13,4.61,6.38,4.42,4.52,11.90,11.54,10.73,12.42,11.03,10.19,12.58,12.26,9.65,9.79,10.75,10.79,10.01,13.00,12.11,2.83,99.00,2.81],
  [4.08,8.24,11.22,12.15,17.01,14.70,8.71,6.89,6.00,5.12,7.09,8.37,7.85,6.48,7.18,5.36,3.48,3.85,5.49,4.22,4.25,5.26,4.75,5.38,5.53,2.54,5.12,4.61,4.60,3.82,4.14,4.32,4.06,4.99,5.21,5.22,5.62,4.60,1.25,5.54,3.21,4.82,7.41,9.05,7.11,7.33,12.35,12.23,9.63,11.33,10.34,9.89,12.31,11.55,8.78,9.08,9.86,10.11,9.45,12.88,11.10,0.49,2.81,99.00]
];
