// Chosen Depots: [1, 2, 3, 6]
// Chosen Demand Points (Original DP No): [1, 2, 6, 11, 13, 14, 15, 19, 22, 23, 27, 29, 30, 87, 88, 90, 92, 95, 99, 102, 107, 108, 111, 121, 126, 129, 131, 138, 139, 141, 147, 148, 151, 153, 157, 160, 161, 166, 168, 169]
// Original Weights: [9, 9, 9, 5, 6, 5, 7, 5, 6, 6, 7, 5, 5, 7, 6, 6, 5, 7, 6, 6, 8, 7, 7, 6, 3, 2, 2, 3, 4, 4, 5, 6, 8, 8, 7, 6, 8, 6, 5, 8]

|W| = 4;
|D| = 40;
V = 54;
C = 3;
|K| = 2;
M = 100;
S = 0.25;
|TR| = 10;
δmax = 18.3;
Runtime = 15;

// Priority weights for selected demand points
pj = [
  9, 9, 9, 5, 6, 5, 7, 5, 6, 6, 7, 5, 5, 7, 6, 6, 5, 7, 6, 6, 8, 7, 7, 6, 3, 2, 2, 3, 4, 4, 5, 6, 8, 8, 7, 6, 8, 6, 5, 8
];

δij =
[
  [99.00,99.00,99.00,99.00,19.31,19.21,18.10,9.24,7.40,5.42,6.09,8.42,6.76,7.04,6.11,6.88,7.81,3.22,1.64,2.02,1.44,4.45,1.26,1.23,3.04,4.35,2.79,0.99,5.05,6.83,5.42,3.89,12.27,11.81,10.83,10.90,10.58,11.66,11.63,13.61,13.25,1.30,1.47,4.75],
  [99.00,99.00,99.00,99.00,9.07,8.93,8.14,6.43,5.89,7.73,5.71,6.83,6.36,6.19,5.12,8.14,7.88,11.71,11.70,12.16,12.55,13.62,12.15,11.52,10.10,13.23,12.72,10.69,13.43,14.13,13.72,13.59,8.88,9.48,6.71,5.26,3.07,3.44,4.21,7.56,4.23,9.95,10.35,6.83],
  [99.00,99.00,99.00,99.00,13.23,13.22,11.91,3.53,4.86,5.27,6.45,3.36,4.96,4.86,7.61,3.61,2.93,13.12,11.85,12.28,11.22,14.68,11.47,11.45,12.02,14.52,13.05,10.77,8.11,7.39,8.13,9.46,2.94,1.98,3.65,5.10,7.01,7.29,6.55,5.54,8.16,10.16,8.80,10.15],
  [99.00,99.00,99.00,99.00,24.98,24.93,23.67,13.89,12.87,10.64,12.46,12.99,12.23,12.49,13.08,11.04,11.86,10.29,8.79,8.70,7.06,10.04,7.82,8.61,10.91,10.32,8.93,8.99,4.93,5.30,4.75,4.60,15.55,14.66,15.21,16.01,16.65,17.56,17.21,17.85,19.03,9.35,8.10,12.67],
  [19.31,9.07,13.23,24.98,99.00,0.19,1.32,11.10,12.27,14.54,13.24,11.99,12.94,12.66,13.27,13.94,13.14,20.53,20.24,20.73,20.72,22.46,20.50,19.99,18.93,22.09,21.37,19.13,20.05,20.03,20.23,20.79,10.45,11.50,9.91,8.98,8.73,7.67,7.84,7.73,6.09,18.35,18.22,15.66],
  [19.21,8.93,13.22,24.93,0.19,99.00,1.31,11.06,12.20,14.47,13.15,11.94,12.87,12.59,13.17,13.89,13.10,20.41,20.14,20.62,20.63,22.34,20.40,19.88,18.81,21.97,21.26,19.02,20.00,20.00,20.18,20.72,10.47,11.52,9.88,8.93,8.64,7.58,7.77,7.74,6.01,18.25,18.13,15.54],
  [18.10,8.14,11.91,23.67,1.32,1.31,99.00,9.79,10.99,13.26,12.02,10.68,11.67,11.39,12.10,12.63,11.83,19.42,19.07,19.56,19.51,21.35,19.30,18.81,17.82,20.99,20.22,17.95,18.75,18.71,18.92,19.50,9.16,10.21,8.59,7.67,7.52,6.44,6.56,6.43,4.85,17.17,16.98,14.57],
  [9.24,6.43,3.53,13.89,11.10,11.06,9.79,99.00,2.03,3.85,3.79,0.90,2.55,2.29,4.75,2.86,2.05,11.51,10.59,11.07,10.49,13.30,10.50,10.23,10.14,13.05,11.83,9.43,8.97,8.97,9.13,9.83,3.46,3.55,1.59,2.14,3.58,4.08,3.50,4.38,5.31,8.69,7.88,7.60],
  [7.40,5.89,4.86,12.87,12.27,12.20,10.99,2.03,99.00,2.28,1.77,1.57,0.68,0.40,2.82,2.25,2.14,9.51,8.67,9.15,8.72,11.33,8.65,8.33,8.12,11.06,9.90,7.50,7.97,8.37,8.20,8.54,5.47,5.42,3.56,3.51,3.78,4.69,4.43,6.26,6.21,6.75,6.12,5.60],
  [5.42,7.73,5.27,10.64,14.54,14.47,13.26,3.85,2.28,99.00,2.14,3.01,1.61,1.88,3.22,1.66,2.47,7.95,6.85,7.32,6.64,9.64,6.68,6.48,6.77,9.43,8.09,5.72,5.77,6.40,6.03,6.26,6.88,6.52,5.43,5.71,6.01,6.96,6.70,8.23,8.48,5.03,4.03,5.07],
  [6.09,5.71,6.45,12.46,13.24,13.15,12.02,3.79,1.77,2.14,99.00,3.30,1.49,1.62,1.20,3.21,3.55,7.88,7.19,7.68,7.49,9.74,7.30,6.88,6.43,9.45,8.39,6.03,7.72,8.50,8.01,7.94,7.24,7.18,5.28,4.96,4.51,5.58,5.55,7.87,7.17,5.25,4.99,3.83],
  [8.42,6.83,3.36,12.99,11.99,11.94,10.68,0.90,1.57,3.01,3.30,99.00,1.89,1.69,4.38,1.96,1.20,10.80,9.82,10.29,9.65,12.56,9.68,9.45,9.49,12.32,11.05,8.66,8.07,8.12,8.24,8.93,4.01,3.87,2.43,3.02,4.18,4.82,4.31,5.25,6.13,7.94,7.04,7.13],
  [6.76,6.36,4.96,12.23,12.94,12.87,11.67,2.55,0.68,1.61,1.49,1.89,99.00,0.29,2.67,1.89,2.07,8.96,8.06,8.55,8.07,10.75,8.02,7.71,7.61,10.50,9.29,6.90,7.33,7.81,7.58,7.87,5.90,5.75,4.12,4.17,4.42,5.35,5.10,6.86,6.88,6.15,5.46,5.27],
  [7.04,6.19,4.86,12.49,12.66,12.59,11.39,2.29,0.40,1.88,1.62,1.69,0.29,99.00,2.76,1.98,2.03,9.21,8.33,8.82,8.35,11.02,8.30,7.99,7.85,10.76,9.57,7.17,7.58,8.02,7.82,8.14,5.68,5.57,3.86,3.89,4.16,5.08,4.82,6.59,6.60,6.42,5.75,5.44],
  [6.11,5.12,7.61,13.08,13.27,13.17,12.10,4.75,2.82,3.22,1.20,4.38,2.67,2.76,99.00,4.41,4.74,7.41,6.97,7.46,7.55,9.33,7.25,6.71,5.87,9.00,8.12,5.86,8.48,9.43,8.80,8.49,8.20,8.23,6.12,5.55,4.62,5.71,5.86,8.54,7.29,5.08,5.25,2.92],
  [6.88,8.14,3.61,11.04,13.94,13.89,12.63,2.86,2.25,1.66,3.21,1.96,1.89,1.98,4.41,99.00,0.96,9.56,8.39,8.84,7.98,11.20,8.11,8.00,8.42,11.01,9.61,7.27,6.11,6.26,6.29,6.99,5.41,4.94,4.30,4.96,5.86,6.64,6.20,7.09,8.03,6.61,5.43,6.64],
  [7.81,7.88,2.93,11.86,13.14,13.10,11.83,2.05,2.14,2.47,3.55,1.20,2.07,2.03,4.74,0.96,99.00,10.42,9.29,9.75,8.93,12.09,9.05,8.91,9.23,11.89,10.52,8.17,6.95,6.93,7.11,7.90,4.47,4.05,3.39,4.19,5.35,6.02,5.51,6.16,7.33,7.49,6.36,7.23],
  [3.22,11.71,13.12,10.29,20.53,20.41,19.42,11.51,9.51,7.95,7.88,10.80,8.96,9.21,7.41,9.56,10.42,99.00,1.69,1.61,3.39,1.93,2.63,2.05,1.61,1.59,1.46,2.41,8.16,9.99,8.51,6.79,14.79,14.47,13.07,12.83,12.01,13.11,13.27,15.74,14.67,2.96,4.55,4.89],
  [1.64,11.70,11.85,8.79,20.24,20.14,19.07,10.59,8.67,6.85,7.19,9.82,8.06,8.33,6.97,8.39,9.29,1.69,99.00,0.49,1.76,2.83,0.99,0.41,2.20,2.72,1.24,1.17,6.48,8.31,6.83,5.11,13.74,13.33,12.18,12.12,11.57,12.66,12.72,14.92,14.25,1.94,3.08,4.96],
  [2.02,12.16,12.28,8.70,20.73,20.62,19.56,11.07,9.15,7.32,7.68,10.29,8.55,8.82,7.46,8.84,9.75,1.61,0.49,99.00,1.80,2.42,1.08,0.84,2.47,2.36,0.77,1.65,6.67,8.51,7.01,5.22,14.21,13.78,12.66,12.61,12.06,13.15,13.21,15.41,14.74,2.43,3.49,5.39],
  [1.44,12.55,11.22,7.06,20.72,20.63,19.51,10.49,8.72,6.64,7.49,9.65,8.07,8.35,7.55,7.98,8.93,3.39,1.76,1.80,99.00,3.96,0.77,1.55,3.86,4.02,2.35,2.06,4.93,6.78,5.26,3.43,13.39,12.86,12.07,12.23,11.99,13.07,13.01,14.87,14.65,2.66,2.61,6.10],
  [4.45,13.62,14.68,10.04,22.46,22.34,21.35,13.30,11.33,9.64,9.74,12.56,10.75,11.02,9.33,11.20,12.09,1.93,2.83,2.42,3.96,99.00,3.40,3.24,3.54,0.45,1.68,3.93,8.88,10.73,9.19,7.30,16.52,16.13,14.87,14.70,13.93,15.03,15.17,17.58,16.59,4.62,5.91,6.82],
  [1.26,12.15,11.47,7.82,20.50,20.40,19.30,10.50,8.65,6.68,7.30,9.68,8.02,8.30,7.25,8.11,9.05,2.63,0.99,1.08,0.77,3.40,99.00,0.81,3.12,3.40,1.73,1.49,5.59,7.44,5.93,4.16,13.52,13.04,12.09,12.15,11.78,12.86,12.85,14.87,14.45,2.20,2.69,5.56],
  [1.23,11.52,11.45,8.61,19.99,19.88,18.81,10.23,8.33,6.48,6.88,9.45,7.71,7.99,6.71,8.00,8.91,2.05,0.41,0.84,1.55,3.24,0.81,99.00,2.31,3.13,1.62,0.86,6.12,7.94,6.47,4.79,13.36,12.94,11.82,11.79,11.29,12.38,12.42,14.58,13.97,1.64,2.67,4.84],
  [3.04,10.10,12.02,10.91,18.93,18.81,17.82,10.14,8.12,6.77,6.43,9.49,7.61,7.85,5.87,8.42,9.23,1.61,2.20,2.47,3.86,3.54,3.12,2.31,99.00,3.17,2.77,2.05,8.06,9.80,8.43,6.93,13.50,13.25,11.68,11.35,10.44,11.54,11.72,14.29,13.09,2.15,3.97,3.28],
  [4.35,13.23,14.52,10.32,22.09,21.97,20.99,13.05,11.06,9.43,9.45,12.32,10.50,10.76,9.00,11.01,11.89,1.59,2.72,2.36,4.02,0.45,3.40,3.13,3.17,99.00,1.67,3.75,8.95,10.80,9.27,7.41,16.30,15.94,14.62,14.41,13.59,14.69,14.85,17.30,16.25,4.40,5.79,6.44],
  [2.79,12.72,13.05,8.93,21.37,21.26,20.22,11.83,9.90,8.09,8.39,11.05,9.29,9.57,8.12,9.61,10.52,1.46,1.24,0.77,2.35,1.68,1.73,1.62,2.77,1.67,99.00,2.40,7.27,9.13,7.60,5.76,14.97,14.55,13.41,13.33,12.73,13.83,13.90,16.15,15.41,3.15,4.26,5.90],
  [0.99,10.69,10.77,8.99,19.13,19.02,17.95,9.43,7.50,5.72,6.03,8.66,6.90,7.17,5.86,7.27,8.17,2.41,1.17,1.65,2.06,3.93,1.49,0.86,2.05,3.75,2.40,99.00,6.03,7.79,6.40,4.88,12.60,12.21,11.01,10.95,10.43,11.53,11.57,13.76,13.11,0.78,2.14,4.08],
  [5.05,13.43,8.11,4.93,20.05,20.00,18.75,8.97,7.97,5.77,7.72,8.07,7.33,7.58,8.48,6.11,6.95,8.16,6.48,6.67,4.93,8.88,5.59,6.12,8.06,8.95,7.27,6.03,99.00,1.85,0.37,1.69,10.86,10.05,10.32,11.08,11.75,12.64,12.28,13.02,14.10,6.01,4.26,8.74],
  [6.83,14.13,7.39,5.30,20.03,20.00,18.71,8.97,8.37,6.40,8.50,8.12,7.81,8.02,9.43,6.26,6.93,9.99,8.31,8.51,6.78,10.73,7.44,7.94,9.80,10.80,9.13,7.79,1.85,99.00,1.55,3.49,10.29,9.37,10.14,11.11,12.11,12.89,12.43,12.68,14.26,7.69,5.89,10.14],
  [5.42,13.72,8.13,4.75,20.23,20.18,18.92,9.13,8.20,6.03,8.01,8.24,7.58,7.82,8.80,6.29,7.11,8.51,6.83,7.01,5.26,9.19,5.93,6.47,8.43,9.27,7.60,6.40,0.37,1.55,99.00,1.94,10.92,10.09,10.46,11.26,11.98,12.86,12.48,13.14,14.30,6.38,4.63,9.10],
  [3.89,13.59,9.46,4.60,20.79,20.72,19.50,9.83,8.54,6.26,7.94,8.93,7.87,8.14,8.49,6.99,7.90,6.79,5.11,5.22,3.43,7.30,4.16,4.79,6.93,7.41,5.76,4.88,1.69,3.49,1.94,99.00,12.08,11.34,11.29,11.87,12.25,13.22,12.95,14.06,14.74,5.05,3.56,8.18],
  [12.27,8.88,2.94,15.55,10.45,10.47,9.16,3.46,5.47,6.88,7.24,4.01,5.90,5.68,8.20,5.41,4.47,14.79,13.74,14.21,13.39,16.52,13.52,13.36,13.50,16.30,14.97,12.60,10.86,10.29,10.92,12.08,99.00,1.05,2.27,3.62,5.81,5.65,4.83,2.73,6.04,11.90,10.83,11.06],
  [11.81,9.48,1.98,14.66,11.50,11.52,10.21,3.55,5.42,6.52,7.18,3.87,5.75,5.57,8.23,4.94,4.05,14.47,13.33,13.78,12.86,16.13,13.04,12.94,13.25,15.94,14.55,12.21,10.05,9.37,10.09,11.34,1.05,99.00,2.77,4.26,6.42,6.39,5.59,3.78,6.94,11.54,10.35,11.01],
  [10.83,6.71,3.65,15.21,9.91,9.88,8.59,1.59,3.56,5.43,5.28,2.43,4.12,3.86,6.12,4.30,3.39,13.07,12.18,12.66,12.07,14.87,12.09,11.82,11.68,14.62,13.41,11.01,10.32,10.14,10.46,11.29,2.27,2.77,99.00,1.51,3.65,3.70,2.93,2.81,4.52,10.27,9.46,9.03],
  [10.90,5.26,5.10,16.01,8.98,8.93,7.67,2.14,3.51,5.71,4.96,3.02,4.17,3.89,5.55,4.96,4.19,12.83,12.12,12.61,12.23,14.70,12.15,11.79,11.35,14.41,13.33,10.95,11.08,11.11,11.26,11.87,3.62,4.26,1.51,99.00,2.19,2.19,1.46,3.00,3.20,10.19,9.63,8.45],
  [10.58,3.07,7.01,16.65,8.73,8.64,7.52,3.58,3.78,6.01,4.51,4.18,4.42,4.16,4.62,5.86,5.35,12.01,11.57,12.06,11.99,13.93,11.78,11.29,10.44,13.59,12.73,10.43,11.75,12.11,11.98,12.25,5.81,6.42,3.65,2.19,99.00,1.10,1.45,4.77,2.68,9.65,9.50,7.29],
  [11.66,3.44,7.29,17.56,7.67,7.58,6.44,4.08,4.69,6.96,5.58,4.82,5.35,5.08,5.71,6.64,6.02,13.11,12.66,13.15,13.07,15.03,12.86,12.38,11.54,14.69,13.83,11.53,12.64,12.89,12.86,13.22,5.65,6.39,3.70,2.19,1.10,99.00,0.82,4.12,1.59,10.75,10.55,8.37],
  [11.63,4.21,6.55,17.21,7.84,7.77,6.56,3.50,4.43,6.70,5.55,4.31,5.10,4.82,5.86,6.20,5.51,13.27,12.72,13.21,13.01,15.17,12.85,12.42,11.72,14.85,13.90,11.57,12.28,12.43,12.48,12.95,4.83,5.59,2.93,1.46,1.45,0.82,99.00,3.39,1.83,10.79,10.46,8.63],
  [13.61,7.56,5.54,17.85,7.73,7.74,6.43,4.38,6.26,8.23,7.87,5.25,6.86,6.59,8.54,7.09,6.16,15.74,14.92,15.41,14.87,17.58,14.87,14.58,14.29,17.30,16.15,13.76,13.02,12.68,13.14,14.06,2.73,3.78,2.81,3.00,4.77,4.12,3.39,99.00,3.86,13.00,12.26,11.45],
  [13.25,4.23,8.16,19.03,6.09,6.01,4.85,5.31,6.21,8.48,7.17,6.13,6.88,6.60,7.29,8.03,7.33,14.67,14.25,14.74,14.65,16.59,14.45,13.97,13.09,16.25,15.41,13.11,14.10,14.26,14.30,14.74,6.04,6.94,4.52,3.20,2.68,1.59,1.83,3.86,99.00,12.33,12.14,9.89],
  [1.30,9.95,10.16,9.35,18.35,18.25,17.17,8.69,6.75,5.03,5.25,7.94,6.15,6.42,5.08,6.61,7.49,2.96,1.94,2.43,2.66,4.62,2.20,1.64,2.15,4.40,3.15,0.78,6.01,7.69,6.38,5.05,11.90,11.54,10.27,10.19,9.65,10.75,10.79,13.00,12.33,99.00,1.83,3.46],
  [1.47,10.35,8.80,8.10,18.22,18.13,16.98,7.88,6.12,4.03,4.99,7.04,5.46,5.75,5.25,5.43,6.36,4.55,3.08,3.49,2.61,5.91,2.69,2.67,3.97,5.79,4.26,2.14,4.26,5.89,4.63,3.56,10.83,10.35,9.46,9.63,9.50,10.55,10.46,12.26,12.14,1.83,99.00,4.62],
  [4.75,6.83,10.15,12.67,15.66,15.54,14.57,7.60,5.60,5.07,3.83,7.13,5.27,5.44,2.92,6.64,7.23,4.89,4.96,5.39,6.10,6.82,5.56,4.84,3.28,6.44,5.90,4.08,8.74,10.14,9.10,8.18,11.06,11.01,9.03,8.45,7.29,8.37,8.63,11.45,9.89,3.46,4.62,99.00]
];
