// Chosen Depots: [1, 2, 3, 6]
// Chosen Demand Points (Original DP No): [2, 3, 8, 12, 13, 14, 15, 19, 21, 22, 23, 24, 25, 27, 28, 29, 31, 87, 89, 90, 91, 92, 93, 97, 103, 104, 105, 106, 108, 109, 111, 113, 116, 117, 118, 120, 122, 123, 125, 127, 128, 131, 133, 134, 135, 140, 147, 149, 150, 151, 152, 153, 154, 158, 163, 166, 168, 169, 170, 171]
// Original Weights: [9, 9, 4, 6, 6, 5, 7, 5, 6, 6, 6, 5, 5, 7, 5, 5, 6, 7, 7, 6, 6, 5, 7, 7, 7, 7, 6, 7, 7, 7, 7, 7, 7, 7, 7, 7, 8, 6, 2, 3, 2, 2, 4, 4, 4, 4, 5, 6, 7, 8, 7, 8, 4, 8, 8, 6, 5, 8, 8, 8]

|W| = 4;
|D| = 60;
V = 54;
C = 3;
|K| = 2;
M = 100;
S = 0.25;
|TR| = 12;
δmax = 18.3;
Runtime = 25;

// Priority weights for selected demand points
pj = [
  9, 9, 4, 6, 6, 5, 7, 5, 6, 6, 6, 5, 5, 7, 5, 5, 6, 7, 7, 6, 6, 5, 7, 7, 7, 7, 6, 7, 7, 7, 7, 7, 7, 7, 7, 7, 8, 6, 2, 3, 2, 2, 4, 4, 4, 4, 5, 6, 7, 8, 7, 8, 4, 8, 8, 6, 5, 8, 8, 8
];

δij =
[
  [99.00,99.00,99.00,99.00,19.21,17.00,17.26,9.16,7.40,5.42,6.09,8.42,8.30,6.76,7.04,6.93,7.21,6.11,6.17,6.88,6.00,3.22,4.43,2.02,1.03,1.44,3.60,2.58,2.57,2.81,0.36,2.46,4.35,3.63,2.79,3.80,2.70,3.26,4.65,4.21,3.86,2.62,6.34,5.09,7.10,5.42,3.51,3.27,3.45,11.81,10.83,13.24,13.09,10.58,10.66,11.66,10.88,12.31,4.12,1.30,1.47,4.75,4.61,4.08],
  [99.00,99.00,99.00,99.00,8.93,6.60,11.93,6.12,5.89,7.73,5.71,6.83,5.99,6.36,6.19,8.35,6.74,5.12,7.46,8.14,6.09,11.71,13.73,12.16,11.79,12.55,12.96,10.69,12.24,12.45,11.16,12.14,13.23,13.40,12.72,13.79,10.14,12.79,13.75,13.76,9.10,12.84,13.15,12.55,13.25,13.72,12.30,13.57,12.49,9.48,6.71,6.76,5.00,3.07,3.67,3.44,9.26,3.71,7.83,9.95,10.35,6.83,7.19,8.24],
  [99.00,99.00,99.00,99.00,13.22,11.78,7.52,3.84,4.86,5.27,6.45,3.36,4.22,4.96,4.86,3.48,4.22,7.61,4.64,3.61,6.07,13.12,14.68,12.28,11.29,11.22,13.82,12.08,12.78,13.03,10.60,12.66,14.52,13.90,13.05,14.06,11.77,13.49,14.88,14.47,11.88,12.89,6.62,7.08,6.09,8.13,8.25,10.13,8.50,1.98,3.65,5.79,7.23,7.01,6.49,7.29,1.17,7.61,10.78,10.16,8.80,10.15,10.52,11.22],
  [99.00,99.00,99.00,99.00,24.93,22.99,20.10,13.99,12.87,10.64,12.46,12.99,13.40,12.23,12.49,10.93,12.22,13.08,11.16,11.04,12.13,10.29,9.89,8.70,8.11,7.06,9.64,10.28,9.19,9.24,8.27,9.17,10.32,9.20,8.93,8.91,10.60,9.42,10.18,9.55,11.89,8.56,6.07,5.97,6.60,4.75,5.85,4.86,5.66,14.66,15.21,17.83,18.49,16.65,16.48,17.56,13.77,18.15,12.17,9.35,8.10,12.67,12.61,12.15],
  [19.21,8.93,13.22,24.93,99.00,2.33,9.20,10.94,12.20,14.47,13.15,11.94,11.56,12.87,12.59,14.01,12.75,13.17,13.86,13.89,13.32,20.41,22.44,20.62,20.06,20.63,21.62,19.34,20.80,21.03,19.35,20.69,21.97,22.01,21.26,22.37,18.79,21.41,22.49,22.43,17.89,21.32,19.07,18.96,18.80,20.18,19.34,21.00,19.58,11.52,9.88,7.43,6.44,8.64,8.63,7.58,12.07,6.94,16.57,18.25,18.13,15.54,15.94,17.01],
  [17.00,6.60,11.78,22.99,2.33,99.00,9.14,9.07,10.15,12.42,10.98,10.08,9.60,10.82,10.55,12.13,10.78,10.92,11.85,11.99,11.18,18.11,20.14,18.35,17.82,18.43,19.33,17.04,18.52,18.75,17.13,18.41,19.67,19.72,18.98,20.08,16.50,19.12,20.18,20.13,15.57,19.05,17.24,17.04,17.05,18.27,17.31,18.91,17.55,10.26,8.24,6.07,4.63,6.48,6.54,5.47,10.67,4.85,14.26,16.00,15.97,13.23,13.63,14.70],
  [17.26,11.93,7.52,20.10,9.20,9.14,99.00,8.38,10.23,11.85,11.96,8.90,9.26,10.74,10.50,10.37,10.15,12.78,11.10,10.40,11.79,19.70,21.49,19.17,18.27,18.38,20.61,18.59,19.59,19.85,17.54,19.47,21.23,20.79,19.94,21.02,18.17,20.31,21.65,21.34,17.88,19.84,14.10,14.59,13.51,15.64,15.70,17.58,15.95,5.61,6.69,5.21,6.96,9.23,8.68,8.52,6.57,8.23,16.58,16.84,15.82,15.70,16.13,17.07],
  [9.16,6.12,3.84,13.99,10.94,9.07,8.38,99.00,1.86,3.81,3.59,1.01,0.89,2.42,2.15,3.07,1.98,4.50,3.09,2.95,3.41,11.36,13.21,10.97,10.15,10.43,12.33,10.24,11.33,11.60,9.40,11.21,12.91,12.56,11.71,12.82,9.80,12.04,13.35,13.08,9.51,11.65,8.17,8.02,8.00,9.24,8.50,10.26,8.75,3.84,1.71,4.12,4.51,3.30,2.86,3.85,3.33,4.34,8.22,8.57,7.82,7.38,7.80,8.71],
  [7.40,5.89,4.86,12.87,12.20,10.15,10.23,1.86,99.00,2.28,1.77,1.57,0.97,0.68,0.40,2.46,0.85,2.82,1.72,2.25,1.56,9.51,11.37,9.15,8.37,8.72,10.49,8.39,9.50,9.77,7.62,9.38,11.06,10.73,9.90,11.01,7.95,10.21,11.51,11.25,7.67,9.85,7.39,6.98,7.41,8.20,7.16,8.80,7.40,5.42,3.56,5.85,5.83,3.78,3.61,4.69,4.72,5.30,6.41,6.75,6.12,5.60,6.01,6.89],
  [5.42,7.73,5.27,10.64,14.47,12.42,11.85,3.81,2.28,99.00,2.14,3.01,3.01,1.61,1.88,1.80,1.83,3.22,0.75,1.66,1.69,7.95,9.66,7.32,6.43,6.64,8.78,6.88,7.75,8.01,5.69,7.63,9.43,8.94,8.09,9.17,6.53,8.47,9.83,9.49,6.62,7.99,5.44,4.84,5.62,6.03,4.89,6.53,5.12,6.52,5.43,7.93,8.09,6.01,5.88,6.96,5.63,7.57,5.58,5.03,4.03,5.07,5.39,6.00],
  [6.09,5.71,6.45,12.46,13.15,10.98,11.96,3.59,1.77,2.14,99.00,3.30,2.72,1.49,1.62,3.42,2.23,1.20,2.17,3.21,0.46,7.88,9.80,7.68,6.99,7.49,8.92,6.75,7.97,8.23,6.26,7.85,9.45,9.21,8.39,9.51,6.28,8.65,9.91,9.71,5.92,8.38,7.55,6.86,7.75,8.01,6.61,8.02,6.82,7.18,5.28,7.38,7.02,4.51,4.57,5.58,6.44,6.23,4.64,5.25,4.99,3.83,4.24,5.12],
  [8.42,6.83,3.36,12.99,11.94,10.08,8.90,1.01,1.57,3.01,3.30,99.00,0.87,1.89,1.69,2.07,1.24,4.38,2.26,1.96,3.02,10.80,12.59,10.29,9.43,9.65,11.71,9.69,10.69,10.96,8.68,10.57,12.32,11.90,11.05,12.14,9.29,11.41,12.75,12.44,9.12,10.97,7.17,7.02,7.00,8.24,7.55,9.34,7.81,3.87,2.43,5.00,5.51,4.18,3.80,4.82,3.16,5.33,7.90,7.94,7.04,7.13,7.54,8.37],
  [8.30,5.99,4.22,13.40,11.56,9.60,9.26,0.89,0.97,3.01,2.72,0.87,99.00,1.54,1.27,2.59,1.20,3.70,2.32,2.42,2.53,10.47,12.32,10.09,9.28,9.59,11.44,9.35,10.45,10.71,8.53,10.33,12.02,11.67,10.83,11.94,8.92,11.15,12.46,12.20,8.64,10.77,7.71,7.44,7.62,8.67,7.80,9.51,8.04,4.54,2.60,4.95,5.14,3.46,3.16,4.22,3.91,4.78,7.36,7.69,6.98,6.54,6.96,7.85],
  [6.76,6.36,4.96,12.23,12.87,10.82,10.74,2.42,0.68,1.61,1.49,1.89,1.54,99.00,0.29,2.10,0.74,2.67,1.12,1.89,1.14,8.96,10.79,8.55,7.74,8.07,9.91,7.84,8.91,9.18,6.99,8.79,10.50,10.14,9.29,10.40,7.43,9.62,10.94,10.66,7.23,9.23,6.84,6.37,6.90,7.58,6.50,8.13,6.73,5.75,4.12,6.48,6.51,4.42,4.27,5.35,4.98,5.97,6.01,6.15,5.46,5.27,5.67,6.48],
  [7.04,6.19,4.86,12.49,12.59,10.55,10.50,2.15,0.40,1.88,1.62,1.69,1.27,0.29,99.00,2.19,0.67,2.76,1.34,1.98,1.33,9.21,11.06,8.82,8.02,8.35,10.17,8.10,9.18,9.44,7.27,9.06,10.76,10.40,9.57,10.67,7.67,9.89,11.20,10.93,7.44,9.51,7.04,6.60,7.08,7.82,6.77,8.41,7.00,5.57,3.86,6.20,6.23,4.16,4.01,5.08,4.82,5.70,6.21,6.42,5.75,5.44,5.84,6.68],
  [6.93,8.35,3.48,10.93,14.01,12.13,10.37,3.07,2.46,1.80,3.42,2.07,2.59,2.10,2.19,99.00,1.61,4.62,1.29,0.22,2.97,9.66,11.28,8.91,7.96,8.01,10.41,8.61,9.38,9.64,7.24,9.26,11.10,10.53,9.68,10.73,8.29,10.10,11.47,11.10,8.42,9.54,5.13,4.95,5.03,6.18,5.57,7.41,5.83,4.88,4.36,6.99,7.58,6.04,5.74,6.80,3.95,7.34,7.37,6.71,5.48,6.82,7.16,7.79],
  [7.21,6.74,4.22,12.22,12.75,10.78,10.15,1.98,0.85,1.83,2.23,1.24,1.20,0.74,0.67,1.61,99.00,3.40,1.12,1.40,1.87,9.56,11.35,9.06,8.21,8.46,10.46,8.45,9.45,9.72,7.46,9.33,11.08,10.67,9.82,10.91,8.05,10.17,11.50,11.21,7.92,9.74,6.62,6.28,6.59,7.50,6.60,8.32,6.84,5.04,3.61,6.10,6.34,4.51,4.28,5.35,4.25,5.94,6.72,6.70,5.85,6.00,6.39,7.18],
  [6.11,5.12,7.61,13.08,13.17,10.92,12.78,4.50,2.82,3.22,1.20,4.38,3.70,2.67,2.76,4.62,3.40,99.00,3.36,4.41,1.65,7.41,9.40,7.46,6.90,7.55,8.55,6.29,7.67,7.91,6.22,7.56,9.00,8.89,8.12,9.23,5.78,8.31,9.49,9.35,5.19,8.16,8.50,7.70,8.77,8.80,7.24,8.45,7.42,8.23,6.12,7.97,7.32,4.62,4.83,5.71,7.54,6.36,3.85,5.08,5.25,2.92,3.35,4.34],
  [6.17,7.46,4.64,11.16,13.86,11.85,11.10,3.09,1.72,0.75,2.17,2.26,2.32,1.12,1.34,1.29,1.12,3.36,99.00,1.10,1.71,8.67,10.40,8.07,7.18,7.39,9.52,7.59,8.49,8.76,6.44,8.37,10.16,9.69,8.84,9.92,7.23,9.21,10.57,10.24,7.24,8.74,5.72,5.26,5.79,6.48,5.49,7.19,5.73,5.80,4.69,7.21,7.45,5.50,5.32,6.40,4.93,7.00,6.14,5.76,4.78,5.55,5.90,6.58],
  [6.88,8.14,3.61,11.04,13.89,11.99,10.40,2.95,2.25,1.66,3.21,1.96,2.42,1.89,1.98,0.22,1.40,4.41,1.10,99.00,2.76,9.56,11.21,8.84,7.90,7.98,10.33,8.50,9.30,9.56,7.17,9.18,11.01,10.46,9.61,10.66,8.17,10.02,11.39,11.03,8.27,9.48,5.29,5.07,5.21,6.29,5.63,7.45,5.88,4.94,4.30,6.92,7.45,5.86,5.58,6.64,4.02,7.19,7.21,6.61,5.43,6.64,6.99,7.64],
  [6.00,6.09,6.07,12.13,13.32,11.18,11.79,3.41,1.56,1.69,0.46,3.02,2.53,1.14,1.33,2.97,1.87,1.65,1.71,2.76,99.00,7.96,9.84,7.67,6.93,7.37,8.96,6.84,7.99,8.25,6.19,7.87,9.52,9.22,8.40,9.51,6.39,8.69,9.97,9.74,6.12,8.37,7.12,6.46,7.31,7.63,6.29,7.76,6.51,6.88,5.12,7.33,7.10,4.70,4.70,5.74,6.12,6.38,4.88,5.25,4.82,4.13,4.53,5.36],
  [3.22,11.71,13.12,10.29,20.41,18.11,19.70,11.36,9.51,7.95,7.88,10.80,10.47,8.96,9.21,9.66,9.56,7.41,8.67,9.56,7.96,99.00,2.03,1.61,2.48,3.39,1.28,1.13,1.10,1.11,2.86,1.11,1.59,1.79,1.46,2.22,1.63,1.20,2.08,2.06,2.67,1.80,9.55,8.30,10.31,8.51,6.67,5.97,6.59,14.47,13.07,15.26,14.73,12.01,12.24,13.11,13.58,13.75,3.87,2.96,4.55,4.89,4.52,3.48],
  [4.43,13.73,14.68,9.89,22.44,20.14,21.49,13.21,11.37,9.66,9.80,12.59,12.32,10.79,11.06,11.28,11.35,9.40,10.40,11.21,9.84,2.03,99.00,2.40,3.43,3.89,0.88,3.11,1.91,1.65,4.09,2.03,0.61,0.86,1.64,0.99,3.65,1.19,0.29,0.35,4.66,1.89,10.38,9.15,11.19,9.11,7.48,6.29,7.33,16.14,14.91,17.17,16.71,14.01,14.22,15.11,15.23,15.75,5.90,4.65,5.89,6.92,6.54,5.49],
  [2.02,12.16,12.28,8.70,20.62,18.35,19.17,10.97,9.15,7.32,7.68,10.29,10.09,8.55,8.82,8.91,9.06,7.46,8.07,8.84,7.67,1.61,2.40,99.00,1.05,1.80,1.58,1.76,0.61,0.81,1.69,0.53,2.36,1.63,0.77,1.85,2.25,1.25,2.63,2.19,3.61,0.71,8.14,6.90,8.93,7.01,5.24,4.38,5.12,13.78,12.66,14.99,14.68,12.06,12.21,13.15,12.85,13.80,4.48,2.43,3.49,5.39,5.10,4.22],
  [1.03,11.79,11.29,8.11,20.06,17.82,18.27,10.15,8.37,6.43,6.99,9.43,9.28,7.74,8.02,7.96,8.21,6.90,7.18,7.90,6.93,2.48,3.43,1.05,99.00,1.06,2.63,2.17,1.64,1.86,0.75,1.54,3.41,2.62,1.79,2.77,2.49,2.29,3.67,3.19,3.82,1.59,7.12,5.87,7.90,6.04,4.22,3.54,4.12,12.83,11.82,14.22,14.01,11.44,11.55,12.53,11.90,13.18,4.41,1.84,2.50,5.19,4.97,4.25],
  [1.44,12.55,11.22,7.06,20.63,18.43,18.38,10.43,8.72,6.64,7.49,9.65,9.59,8.07,8.35,8.01,8.46,7.55,7.39,7.98,7.37,3.39,3.89,1.80,1.06,99.00,3.22,3.22,2.39,2.54,1.42,2.32,4.02,3.03,2.35,3.04,3.55,2.90,4.16,3.59,4.87,2.02,6.49,5.27,7.30,5.26,3.59,2.58,3.44,12.86,12.07,14.54,14.47,11.99,12.06,13.07,11.91,13.71,5.38,2.66,2.61,6.10,5.92,5.26],
  [3.60,12.96,13.82,9.64,21.62,19.33,20.61,12.33,10.49,8.78,8.92,11.71,11.44,9.91,10.17,10.41,10.46,8.55,9.52,10.33,8.96,1.28,0.88,1.58,2.63,3.22,99.00,2.29,1.04,0.79,3.25,1.16,0.80,0.55,0.88,0.98,2.83,0.34,1.06,0.81,3.94,1.21,9.68,8.44,10.48,8.48,6.77,5.73,6.64,15.27,14.03,16.29,15.86,13.16,13.36,14.26,14.36,14.90,5.13,3.77,5.05,6.13,5.77,4.75],
  [2.58,10.69,12.08,10.28,19.34,17.04,18.59,10.24,8.39,6.88,6.75,9.69,9.35,7.84,8.10,8.61,8.45,6.29,7.59,8.50,6.84,1.13,3.11,1.76,2.17,3.22,2.29,99.00,1.60,1.79,2.25,1.53,2.71,2.70,2.09,3.10,0.56,2.09,3.19,3.09,1.85,2.30,8.88,7.64,9.61,8.00,6.08,5.68,6.03,13.39,11.95,14.13,13.61,10.90,11.12,12.00,12.50,12.64,2.88,1.97,3.71,3.86,3.52,2.54],
  [2.57,12.24,12.78,9.19,20.80,18.52,19.59,11.33,9.50,7.75,7.97,10.69,10.45,8.91,9.18,9.38,9.45,7.67,8.49,9.30,7.99,1.10,1.91,0.61,1.64,2.39,1.04,1.60,99.00,0.26,2.22,0.12,1.79,1.24,0.49,1.57,2.15,0.72,2.10,1.75,3.43,0.73,8.75,7.50,9.53,7.61,5.84,4.96,5.73,14.24,13.03,15.33,14.94,12.28,12.46,13.38,13.32,14.02,4.46,2.76,4.01,5.42,5.10,4.14],
  [2.81,12.45,13.03,9.24,21.03,18.75,19.85,11.60,9.77,8.01,8.23,10.96,10.71,9.18,9.44,9.64,9.72,7.91,8.76,9.56,8.25,1.11,1.65,0.81,1.86,2.54,0.79,1.79,0.26,99.00,2.46,0.38,1.55,0.98,0.35,1.33,2.34,0.46,1.85,1.49,3.59,0.69,8.95,7.71,9.74,7.79,6.04,5.10,5.92,14.50,13.30,15.59,15.20,12.53,12.71,13.63,13.58,14.27,4.66,3.02,4.27,5.63,5.30,4.32],
  [0.36,11.16,10.60,8.27,19.35,17.13,17.54,9.40,7.62,5.69,6.26,8.68,8.53,6.99,7.27,7.24,7.46,6.22,6.44,7.17,6.19,2.86,4.09,1.69,0.75,1.42,3.25,2.25,2.22,2.46,99.00,2.10,4.00,3.31,2.46,3.49,2.41,2.92,4.31,3.88,3.63,2.31,6.70,5.45,7.45,5.75,3.85,3.51,3.79,12.11,11.08,13.47,13.27,10.73,10.83,11.81,11.18,12.46,3.99,1.23,1.81,4.68,4.51,3.91],
  [2.46,12.14,12.66,9.17,20.69,18.41,19.47,11.21,9.38,7.63,7.85,10.57,10.33,8.79,9.06,9.26,9.33,7.56,8.37,9.18,7.87,1.11,2.03,0.53,1.54,2.32,1.16,1.53,0.12,0.38,2.10,99.00,1.90,1.35,0.58,1.68,2.07,0.84,2.22,1.87,3.37,0.78,8.65,7.41,9.44,7.53,5.75,4.90,5.64,14.12,12.91,15.21,14.83,12.17,12.34,13.27,13.20,13.91,4.37,2.64,3.90,5.33,5.01,4.06],
  [4.35,13.23,14.52,10.32,21.97,19.67,21.23,12.91,11.06,9.43,9.45,12.32,12.02,10.50,10.76,11.10,11.08,9.00,10.16,11.01,9.52,1.59,0.61,2.36,3.41,4.02,0.80,2.71,1.79,1.55,4.00,1.90,99.00,1.12,1.67,1.43,3.22,1.13,0.52,0.87,4.13,2.00,10.48,9.24,11.28,9.27,7.57,6.51,7.44,15.94,14.62,16.83,16.32,13.59,13.82,14.69,15.03,15.33,5.41,4.40,5.79,6.44,6.05,4.99],
  [3.63,13.40,13.90,9.20,22.01,19.72,20.79,12.56,10.73,8.94,9.21,11.90,11.67,10.14,10.40,10.53,10.67,8.89,9.69,10.46,9.22,1.79,0.86,1.63,2.62,3.03,0.55,2.70,1.24,0.98,3.31,1.35,1.12,99.00,0.85,0.43,3.26,0.61,1.13,0.58,4.43,1.04,9.52,8.30,10.33,8.25,6.62,5.45,6.47,15.40,14.25,16.56,16.18,13.51,13.69,14.61,14.48,15.25,5.57,3.99,5.10,6.57,6.22,5.21],
  [2.79,12.72,13.05,8.93,21.26,18.98,19.94,11.71,9.90,8.09,8.39,11.05,10.83,9.29,9.57,9.68,9.82,8.12,8.84,9.61,8.40,1.46,1.64,0.77,1.79,2.35,0.88,2.09,0.49,0.35,2.46,0.58,1.67,0.85,99.00,1.12,2.63,0.56,1.88,1.42,3.91,0.37,8.80,7.57,9.61,7.60,5.90,4.87,5.76,14.55,13.41,15.73,15.38,12.73,12.90,13.83,13.63,14.47,4.94,3.15,4.26,5.90,5.58,4.62],
  [3.80,13.79,14.06,8.91,22.37,20.08,21.02,12.82,11.01,9.17,9.51,12.14,11.94,10.40,10.67,10.73,10.91,9.23,9.92,10.66,9.51,2.22,0.99,1.85,2.77,3.04,0.98,3.10,1.57,1.33,3.49,1.68,1.43,0.43,1.12,99.00,3.66,1.03,1.28,0.65,4.85,1.18,9.50,8.29,10.32,8.18,6.62,5.34,6.46,15.60,14.51,16.84,16.50,13.84,14.02,14.94,14.67,15.59,5.98,4.27,5.27,6.96,6.62,5.62],
  [2.70,10.14,11.77,10.60,18.79,16.50,18.17,9.80,7.95,6.53,6.28,9.29,8.92,7.43,7.67,8.29,8.05,5.78,7.23,8.17,6.39,1.63,3.65,2.25,2.49,3.55,2.83,0.56,2.15,2.34,2.41,2.07,3.22,3.26,2.63,3.66,99.00,2.65,3.71,3.64,1.36,2.83,8.88,7.64,9.58,8.08,6.14,5.91,6.12,13.02,11.51,13.65,13.10,10.38,10.61,11.48,12.15,12.11,2.32,1.82,3.64,3.31,2.96,1.99],
  [3.26,12.79,13.49,9.42,21.41,19.12,20.31,12.04,10.21,8.47,8.65,11.41,11.15,9.62,9.89,10.10,10.17,8.31,9.21,10.02,8.69,1.20,1.19,1.25,2.29,2.90,0.34,2.09,0.72,0.46,2.92,0.84,1.13,0.61,0.56,1.03,2.65,99.00,1.39,1.05,3.83,0.91,9.35,8.11,10.15,8.16,6.44,5.43,6.31,14.96,13.74,16.02,15.61,12.93,13.12,14.03,14.04,14.67,4.96,3.47,4.72,5.96,5.61,4.60],
  [4.65,13.75,14.88,10.18,22.49,20.18,21.65,13.35,11.51,9.83,9.91,12.75,12.46,10.94,11.20,11.47,11.50,9.49,10.57,11.39,9.97,2.08,0.29,2.63,3.67,4.16,1.06,3.19,2.10,1.85,4.31,2.22,0.52,1.13,1.88,1.28,3.71,1.39,99.00,0.64,4.66,2.15,10.65,9.42,11.46,9.39,7.75,6.58,7.60,16.33,15.06,17.29,16.81,14.09,14.31,15.19,15.42,15.82,5.93,4.81,6.11,6.95,6.57,5.51],
  [4.21,13.76,14.47,9.55,22.43,20.13,21.34,13.08,11.25,9.49,9.71,12.44,12.20,10.66,10.93,11.10,11.21,9.35,10.24,11.03,9.74,2.06,0.35,2.19,3.19,3.59,0.81,3.09,1.75,1.49,3.88,1.87,0.87,0.58,1.42,0.65,3.64,1.05,0.64,99.00,4.72,1.62,10.08,8.86,10.89,8.79,7.18,5.96,7.03,15.97,14.79,17.07,16.65,13.96,14.16,15.06,15.04,15.70,5.93,4.51,5.68,6.94,6.57,5.54],
  [3.86,9.10,11.88,11.89,17.89,15.57,17.88,9.51,7.67,6.62,5.92,9.12,8.64,7.23,7.44,8.42,7.92,5.19,7.24,8.27,6.12,2.67,4.66,3.61,3.82,4.87,3.94,1.85,3.43,3.59,3.63,3.37,4.13,4.43,3.91,4.85,1.36,3.83,4.66,4.72,99.00,4.15,9.73,8.53,10.37,9.10,7.14,7.13,7.15,12.96,11.20,13.16,12.43,9.66,9.95,10.75,12.13,11.37,1.36,2.72,4.50,2.38,1.96,0.89],
  [2.62,12.84,12.89,8.56,21.32,19.05,19.84,11.65,9.85,7.99,8.38,10.97,10.77,9.23,9.51,9.54,9.74,8.16,8.74,9.48,8.37,1.80,1.89,0.71,1.59,2.02,1.21,2.30,0.73,0.69,2.31,0.78,2.00,1.04,0.37,1.18,2.83,0.91,2.15,1.62,4.15,99.00,8.50,7.27,9.31,7.27,5.60,4.52,5.46,14.42,13.34,15.69,15.39,12.76,12.91,13.86,13.49,14.50,5.11,3.13,4.09,6.05,5.74,4.82],
  [6.34,13.15,6.62,6.07,19.07,17.24,14.10,8.17,7.39,5.44,7.55,7.17,7.71,6.84,7.04,5.13,6.62,8.50,5.72,5.29,7.12,9.55,10.38,8.14,7.12,6.49,9.68,8.88,8.75,8.95,6.70,8.65,10.48,9.52,8.80,9.50,8.88,9.35,10.65,10.08,9.73,8.50,99.00,1.25,0.84,1.64,2.91,4.36,3.05,8.60,9.23,11.83,12.66,11.13,10.86,11.92,7.70,12.47,9.31,7.08,5.26,9.33,9.47,9.53],
  [5.09,12.55,7.08,5.97,18.96,17.04,14.59,8.02,6.98,4.84,6.86,7.02,7.44,6.37,6.60,4.95,6.28,7.70,5.26,5.07,6.46,8.30,9.15,6.90,5.87,5.27,8.44,7.64,7.50,7.71,5.45,7.41,9.24,8.30,7.57,8.29,7.64,8.11,9.42,8.86,8.53,7.27,1.25,99.00,2.04,1.23,1.68,3.30,1.84,9.00,9.26,11.88,12.52,10.76,10.56,11.63,8.06,12.21,8.17,5.86,4.04,8.26,8.37,8.37],
  [7.10,13.25,6.09,6.60,18.80,17.05,13.51,8.00,7.41,5.62,7.75,7.00,7.62,6.90,7.08,5.03,6.59,8.77,5.79,5.21,7.31,10.31,11.19,8.93,7.90,7.30,10.48,9.61,9.53,9.74,7.45,9.44,11.28,10.33,9.61,10.32,9.58,10.15,11.46,10.89,10.37,9.31,0.84,2.04,99.00,2.44,3.71,5.20,3.87,8.07,8.93,11.49,12.43,11.07,10.77,11.81,7.21,12.34,9.88,7.77,5.94,9.83,10.00,10.13],
  [5.42,13.72,8.13,4.75,20.18,18.27,15.64,9.24,8.20,6.03,8.01,8.24,8.67,7.58,7.82,6.18,7.50,8.80,6.48,6.29,7.63,8.51,9.11,7.01,6.04,5.26,8.48,8.00,7.61,7.79,5.75,7.53,9.27,8.25,7.60,8.18,8.08,8.16,9.39,8.79,9.10,7.27,1.64,1.23,2.44,99.00,1.95,2.89,1.97,10.09,10.46,13.09,13.75,11.98,11.78,12.86,9.17,13.44,8.91,6.38,4.63,9.10,9.17,9.05],
  [3.51,12.30,8.25,5.85,19.34,17.31,15.70,8.50,7.16,4.89,6.61,7.55,7.80,6.50,6.77,5.57,6.60,7.24,5.49,5.63,6.29,6.67,7.48,5.24,4.22,3.59,6.77,6.08,5.84,6.04,3.85,5.75,7.57,6.62,5.90,6.62,6.14,6.44,7.75,7.18,7.14,5.60,2.91,1.68,3.71,1.95,99.00,1.89,0.26,10.08,9.93,12.54,12.93,10.89,10.77,11.85,9.13,12.46,6.98,4.42,2.69,7.23,7.27,7.11],
  [3.27,13.57,10.13,4.86,21.00,18.91,17.58,10.26,8.80,6.53,8.02,9.34,9.51,8.13,8.41,7.41,8.32,8.45,7.19,7.45,7.76,5.97,6.29,4.38,3.54,2.58,5.73,5.68,4.96,5.10,3.51,4.90,6.51,5.45,4.87,5.34,5.91,5.43,6.58,5.96,7.13,4.52,4.36,3.30,5.20,2.89,1.89,99.00,1.63,11.97,11.74,14.34,14.63,12.44,12.38,13.44,11.02,14.07,7.33,4.52,3.29,7.82,7.75,7.33],
  [3.45,12.49,8.50,5.66,19.58,17.55,15.95,8.75,7.40,5.12,6.82,7.81,8.04,6.73,7.00,5.83,6.84,7.42,5.73,5.88,6.51,6.59,7.33,5.12,4.12,3.44,6.64,6.03,5.73,5.92,3.79,5.64,7.44,6.47,5.76,6.46,6.12,6.31,7.60,7.03,7.15,5.46,3.05,1.84,3.87,1.97,0.26,1.63,99.00,10.34,10.19,12.80,13.18,11.11,11.00,12.08,9.39,12.70,7.03,4.43,2.74,7.32,7.34,7.15],
  [11.81,9.48,1.98,14.66,11.52,10.26,5.61,3.84,5.42,6.52,7.18,3.87,4.54,5.75,5.57,4.88,5.04,8.23,5.80,4.94,6.88,14.47,16.14,13.78,12.83,12.86,15.27,13.39,14.24,14.50,12.11,14.12,15.94,15.40,14.55,15.60,13.02,14.96,16.33,15.97,12.96,14.42,8.60,9.00,8.07,10.09,10.08,11.97,10.34,99.00,2.77,4.19,5.91,6.42,5.83,6.39,0.96,6.57,11.76,11.54,10.35,11.01,11.41,12.23],
  [10.83,6.71,3.65,15.21,9.88,8.24,6.69,1.71,3.56,5.43,5.28,2.43,2.60,4.12,3.86,4.36,3.61,6.12,4.69,4.30,5.12,13.07,14.91,12.66,11.82,12.07,14.03,11.95,13.03,13.30,11.08,12.91,14.62,14.25,13.41,14.51,11.51,13.74,15.06,14.79,11.20,13.34,9.23,9.26,8.93,10.46,9.93,11.74,10.19,2.77,99.00,2.63,3.63,3.65,3.06,3.70,2.69,3.97,9.90,10.27,9.46,9.03,9.46,10.39],
  [13.24,6.76,5.79,17.83,7.43,6.07,5.21,4.12,5.85,7.93,7.38,5.00,4.95,6.48,6.20,6.99,6.10,7.97,7.21,6.92,7.33,15.26,17.17,14.99,14.22,14.54,16.29,14.13,15.33,15.59,13.47,15.21,16.83,16.56,15.73,16.84,13.65,16.02,17.29,17.07,13.16,15.69,11.83,11.88,11.49,13.09,12.54,14.34,12.80,4.19,2.63,99.00,2.01,4.02,3.50,3.33,4.65,3.13,11.82,12.58,11.93,10.86,11.30,12.31],
  [13.09,5.00,7.23,18.49,6.44,4.63,6.96,4.51,5.83,8.09,7.02,5.51,5.14,6.51,6.23,7.58,6.34,7.32,7.45,7.45,7.10,14.73,16.71,14.68,14.01,14.47,15.86,13.61,14.94,15.20,13.27,14.83,16.32,16.18,15.38,16.50,13.10,15.61,16.81,16.65,12.43,15.39,12.66,12.52,12.43,13.75,12.93,14.63,13.18,5.91,3.63,2.01,99.00,2.79,2.49,1.77,6.17,1.30,11.07,12.26,11.90,10.07,10.50,11.55],
  [10.58,3.07,7.01,16.65,8.64,6.48,9.23,3.30,3.78,6.01,4.51,4.18,3.46,4.42,4.16,6.04,4.51,4.62,5.50,5.86,4.70,12.01,14.01,12.06,11.44,11.99,13.16,10.90,12.28,12.53,10.73,12.17,13.59,13.51,12.73,13.84,10.38,12.93,14.09,13.96,9.66,12.76,11.13,10.76,11.07,11.98,10.89,12.44,11.11,6.42,3.65,4.02,2.79,99.00,0.60,1.10,6.24,1.74,8.30,9.65,9.50,7.29,7.72,8.78],
  [10.66,3.67,6.49,16.48,8.63,6.54,8.68,2.86,3.61,5.88,4.57,3.80,3.16,4.27,4.01,5.74,4.28,4.83,5.32,5.58,4.70,12.24,14.22,12.21,11.55,12.06,13.36,11.12,12.46,12.71,10.83,12.34,13.82,13.69,12.90,14.02,10.61,13.12,14.31,14.16,9.95,12.91,10.86,10.56,10.77,11.78,10.77,12.38,11.00,5.83,3.06,3.50,2.49,0.60,99.00,1.08,5.68,1.69,8.59,9.79,9.52,7.59,8.03,9.08],
  [11.66,3.44,7.29,17.56,7.58,5.47,8.52,3.85,4.69,6.96,5.58,4.82,4.22,5.35,5.08,6.80,5.35,5.71,6.40,6.64,5.74,13.11,15.11,13.15,12.53,13.07,14.26,12.00,13.38,13.63,11.81,13.27,14.69,14.61,13.83,14.94,11.48,14.03,15.19,15.06,10.75,13.86,11.92,11.63,11.81,12.86,11.85,13.44,12.08,6.39,3.70,3.33,1.77,1.10,1.08,99.00,6.39,0.65,9.39,10.75,10.55,8.37,8.80,9.86],
  [10.88,9.26,1.17,13.77,12.07,10.67,6.57,3.33,4.72,5.63,6.44,3.16,3.91,4.98,4.82,3.95,4.25,7.54,4.93,4.02,6.12,13.58,15.23,12.85,11.90,11.91,14.36,12.50,13.32,13.58,11.18,13.20,15.03,14.48,13.63,14.67,12.15,14.04,15.42,15.04,12.13,13.49,7.70,8.06,7.21,9.17,9.13,11.02,9.39,0.96,2.69,4.65,6.17,6.24,5.68,6.39,99.00,6.65,10.96,10.63,9.41,10.25,10.64,11.42],
  [12.31,3.71,7.61,18.15,6.94,4.85,8.23,4.34,5.30,7.57,6.23,5.33,4.78,5.97,5.70,7.34,5.94,6.36,7.00,7.19,6.38,13.75,15.75,13.80,13.18,13.71,14.90,12.64,14.02,14.27,12.46,13.91,15.33,15.25,14.47,15.59,12.11,14.67,15.82,15.70,11.37,14.50,12.47,12.21,12.34,13.44,12.46,14.07,12.70,6.57,3.97,3.13,1.30,1.74,1.69,0.65,6.65,99.00,10.01,11.39,11.20,8.99,9.42,10.48],
  [4.12,7.83,10.78,12.17,16.57,14.26,16.58,8.22,6.41,5.58,4.64,7.90,7.36,6.01,6.21,7.37,6.72,3.85,6.14,7.21,4.88,3.87,5.90,4.48,4.41,5.38,5.13,2.88,4.46,4.66,3.99,4.37,5.41,5.57,4.94,5.98,2.32,4.96,5.93,5.93,1.36,5.11,9.31,8.17,9.88,8.91,6.98,7.33,7.03,11.76,9.90,11.82,11.07,8.30,8.59,9.39,10.96,10.01,99.00,2.83,4.29,1.03,0.64,0.49],
  [1.30,9.95,10.16,9.35,18.25,16.00,16.84,8.57,6.75,5.03,5.25,7.94,7.69,6.15,6.42,6.71,6.70,5.08,5.76,6.61,5.25,2.96,4.65,2.43,1.84,2.66,3.77,1.97,2.76,3.02,1.23,2.64,4.40,3.99,3.15,4.27,1.82,3.47,4.81,4.51,2.72,3.13,7.08,5.86,7.77,6.38,4.42,4.52,4.43,11.54,10.27,12.58,12.26,9.65,9.79,10.75,10.63,11.39,2.83,99.00,1.83,3.46,3.31,2.81],
  [1.47,10.35,8.80,8.10,18.13,15.97,15.82,7.82,6.12,4.03,4.99,7.04,6.98,5.46,5.75,5.48,5.85,5.25,4.78,5.43,4.82,4.55,5.89,3.49,2.50,2.61,5.05,3.71,4.01,4.27,1.81,3.90,5.79,5.10,4.26,5.27,3.64,4.72,6.11,5.68,4.50,4.09,5.26,4.04,5.94,4.63,2.69,3.29,2.74,10.35,9.46,11.93,11.90,9.50,9.52,10.55,9.41,11.20,4.29,1.83,99.00,4.62,4.62,4.42],
  [4.75,6.83,10.15,12.67,15.54,13.23,15.70,7.38,5.60,5.07,3.83,7.13,6.54,5.27,5.44,6.82,6.00,2.92,5.55,6.64,4.13,4.89,6.92,5.39,5.19,6.10,6.13,3.86,5.42,5.63,4.68,5.33,6.44,6.57,5.90,6.96,3.31,5.96,6.95,6.94,2.38,6.05,9.33,8.26,9.83,9.10,7.23,7.82,7.32,11.01,9.03,10.86,10.07,7.29,7.59,8.37,10.25,8.99,1.03,3.46,4.62,99.00,0.44,1.49],
  [4.61,7.19,10.52,12.61,15.94,13.63,16.13,7.80,6.01,5.39,4.24,7.54,6.96,5.67,5.84,7.16,6.39,3.35,5.90,6.99,4.53,4.52,6.54,5.10,4.97,5.92,5.77,3.52,5.10,5.30,4.51,5.01,6.05,6.22,5.58,6.62,2.96,5.61,6.57,6.57,1.96,5.74,9.47,8.37,10.00,9.17,7.27,7.75,7.34,11.41,9.46,11.30,10.50,7.72,8.03,8.80,10.64,9.42,0.64,3.31,4.62,0.44,99.00,1.07],
  [4.08,8.24,11.22,12.15,17.01,14.70,17.07,8.71,6.89,6.00,5.12,8.37,7.85,6.48,6.68,7.79,7.18,4.34,6.58,7.64,5.36,3.48,5.49,4.22,4.25,5.26,4.75,2.54,4.14,4.32,3.91,4.06,4.99,5.21,4.62,5.62,1.99,4.60,5.51,5.54,0.89,4.82,9.53,8.37,10.13,9.05,7.11,7.33,7.15,12.23,10.39,12.31,11.55,8.78,9.08,9.86,11.42,10.48,0.49,2.81,4.42,1.49,1.07,99.00]
];
