// Chosen Depots: [1, 2, 3, 6]
// Chosen Demand Points (Original DP No): [1, 2, 8, 11, 12, 14, 15, 18, 20, 23, 24, 26, 27, 31, 87, 88, 89, 90, 93, 94, 96, 99, 101, 104, 106, 108, 109, 111, 115, 117, 119, 120, 123, 124, 126, 127, 129, 132, 133, 134, 136, 137, 138, 140, 142, 143, 144, 146, 148, 151, 152, 153, 154, 158, 162, 163, 165, 166, 167, 168]
// Original Weights: [9, 9, 4, 5, 6, 5, 7, 4, 6, 6, 5, 4, 7, 6, 7, 6, 7, 6, 7, 6, 7, 6, 7, 7, 7, 7, 7, 7, 7, 7, 8, 7, 6, 3, 3, 3, 2, 4, 4, 4, 2, 3, 3, 4, 8, 8, 8, 8, 6, 8, 7, 8, 4, 8, 8, 8, 6, 6, 9, 5]

|W| = 4;
|D| = 60;
V = 54;
C = 3;
|K| = 2;
M = 100;
S = 0.25;
|TR| = 12;
δmax = 18.3;
Runtime = 25;

// Priority weights for selected demand points
pj = [
  9, 9, 4, 5, 6, 5, 7, 4, 6, 6, 5, 4, 7, 6, 7, 6, 7, 6, 7, 6, 7, 6, 7, 7, 7, 7, 7, 7, 7, 7, 8, 7, 6, 3, 3, 3, 2, 4, 4, 4, 2, 3, 3, 4, 8, 8, 8, 8, 6, 8, 7, 8, 4, 8, 8, 8, 6, 6, 9, 5
];

δij =
[
  [99.00,99.00,99.00,99.00,19.31,19.21,17.26,9.24,9.16,5.42,6.09,8.48,5.52,7.04,6.93,9.54,6.11,6.00,3.22,1.64,4.43,2.02,3.60,1.70,4.53,1.26,2.39,2.81,2.46,4.35,3.63,2.79,4.28,3.26,3.14,4.21,2.62,4.44,5.05,5.09,6.83,3.51,3.51,3.27,5.95,3.84,3.89,11.81,11.71,13.37,13.22,11.96,10.90,10.58,10.66,11.66,10.88,12.31,13.05,4.12,1.06,1.30,5.18,1.47],
  [99.00,99.00,99.00,99.00,9.07,8.93,11.93,6.43,6.12,7.73,5.71,9.26,7.11,6.19,8.35,8.34,5.12,6.09,11.71,11.70,13.73,12.16,12.96,12.58,13.77,12.15,11.24,12.45,12.14,13.23,13.40,12.72,13.17,12.79,9.42,13.76,12.84,12.99,13.43,12.55,14.13,12.30,12.30,13.57,13.42,13.33,13.59,9.48,2.64,3.87,4.76,3.06,5.26,3.07,3.67,3.44,9.26,3.71,3.85,7.83,10.11,9.95,7.40,10.35],
  [99.00,99.00,99.00,99.00,13.23,13.22,7.52,3.53,3.84,5.27,6.45,1.80,5.60,4.86,3.48,1.62,7.61,6.07,13.12,11.85,14.68,12.28,13.82,11.85,14.78,11.47,12.25,13.03,12.66,14.52,13.90,13.05,14.45,13.49,11.53,14.47,12.89,8.16,8.11,7.08,7.39,8.25,8.25,10.13,7.28,9.15,9.46,1.98,8.06,8.69,7.61,7.89,5.10,7.01,6.49,7.29,1.17,7.61,8.29,10.78,10.04,10.16,11.45,8.80],
  [99.00,99.00,99.00,99.00,24.98,24.93,20.10,13.89,13.99,10.64,12.46,11.44,11.18,12.49,10.93,13.02,13.08,12.13,10.29,8.79,9.89,8.70,9.64,7.66,9.99,7.82,9.81,9.24,9.17,10.32,9.20,8.93,10.28,9.42,11.17,9.55,8.56,5.23,4.93,5.97,5.30,5.85,5.85,4.86,5.45,4.83,4.60,14.66,17.92,19.34,18.76,18.03,16.01,16.65,16.48,17.56,13.77,18.15,18.95,12.17,9.09,9.35,13.25,8.10],
  [19.31,9.07,13.23,24.98,99.00,0.19,9.10,11.10,10.99,14.54,13.24,13.83,14.14,12.66,14.06,12.26,13.27,13.40,20.53,20.24,22.56,20.73,21.74,20.95,22.61,20.50,19.96,21.15,20.80,22.09,22.12,21.37,22.03,21.52,18.24,22.54,21.43,19.81,20.05,19.01,20.03,19.41,19.41,21.07,19.62,20.49,20.79,11.50,7.62,5.94,6.25,7.35,8.98,8.73,8.71,7.67,12.07,7.02,6.26,16.69,18.45,18.35,16.40,18.22],
  [19.21,8.93,13.22,24.93,0.19,99.00,9.20,11.06,10.94,14.47,13.15,13.80,14.06,12.59,14.01,12.24,13.17,13.32,20.41,20.14,22.44,20.62,21.62,20.85,22.49,20.40,19.85,21.03,20.69,21.97,22.01,21.26,21.91,21.41,18.13,22.43,21.32,19.76,20.00,18.96,20.00,19.34,19.34,21.00,19.58,20.43,20.72,11.52,7.52,5.84,6.19,7.25,8.93,8.64,8.63,7.58,12.07,6.94,6.17,16.57,18.35,18.25,16.27,18.13],
  [17.26,11.93,7.52,20.10,9.10,9.20,99.00,8.21,8.38,11.85,11.96,9.08,11.87,10.50,10.37,7.75,12.78,11.79,19.70,18.70,21.49,19.17,20.61,18.92,21.58,18.50,18.89,19.85,19.47,21.23,20.79,19.94,21.15,20.31,17.75,21.34,19.84,15.66,15.62,14.59,14.81,15.70,15.70,17.58,14.78,16.64,16.95,5.61,9.29,8.43,7.26,8.87,7.37,9.23,8.68,8.52,6.57,8.23,8.27,16.58,16.80,16.84,16.90,15.82],
  [9.24,6.43,3.53,13.89,11.10,11.06,8.21,99.00,0.32,3.85,3.79,3.04,3.73,2.29,2.96,1.92,4.75,3.59,11.51,10.59,13.33,11.07,12.45,10.94,13.42,10.50,10.71,11.71,11.33,13.05,12.67,11.83,12.97,12.16,9.54,13.20,11.75,8.76,8.97,7.91,8.97,8.46,8.46,10.24,8.52,9.52,9.83,3.55,4.74,5.73,4.93,4.66,2.14,3.58,3.12,4.08,3.01,4.55,5.32,8.43,8.67,8.69,8.86,7.88],
  [9.16,6.12,3.84,13.99,10.99,10.94,8.38,0.32,99.00,3.81,3.59,3.29,3.64,2.15,3.07,2.23,4.50,3.41,11.36,10.48,13.21,10.97,12.33,10.86,13.29,10.42,10.58,11.60,11.21,12.91,12.56,11.71,12.84,12.04,9.37,13.08,11.65,8.84,9.06,8.02,9.13,8.50,8.50,10.26,8.65,9.58,9.88,3.84,4.48,5.53,4.78,4.42,2.02,3.30,2.86,3.85,3.33,4.34,5.12,8.22,8.56,8.57,8.62,7.82],
  [5.42,7.73,5.27,10.64,14.54,14.47,11.85,3.85,3.81,99.00,2.14,3.53,0.66,1.88,1.80,4.22,3.22,1.69,7.95,6.85,9.66,7.32,8.78,7.11,9.75,6.68,7.11,8.01,7.63,9.43,8.94,8.09,9.35,8.47,6.27,9.49,7.99,5.41,5.77,4.84,6.40,4.89,4.89,6.53,5.69,5.97,6.26,6.52,7.28,8.75,8.30,7.41,5.71,6.01,5.88,6.96,5.63,7.57,8.37,5.58,4.96,5.03,6.35,4.03],
  [6.09,5.71,6.45,12.46,13.24,13.15,11.96,3.79,3.59,2.14,99.00,4.97,1.48,1.62,3.42,5.03,1.20,0.46,7.88,7.19,9.80,7.68,8.92,7.76,9.87,7.30,7.14,8.23,7.85,9.45,9.21,8.39,9.38,8.65,5.80,9.71,8.38,7.28,7.72,6.86,8.50,6.61,6.61,8.02,7.76,7.67,7.94,7.18,5.70,7.32,7.14,5.91,4.96,4.51,4.57,5.58,6.44,6.23,6.98,4.64,5.30,5.25,5.11,4.99],
  [8.48,9.26,1.80,11.44,13.83,13.80,9.08,3.04,3.29,3.53,4.97,99.00,3.93,3.50,1.73,1.59,6.17,4.55,11.32,10.05,12.88,10.49,12.02,10.07,12.98,9.68,10.46,11.24,10.86,12.73,12.11,11.26,12.65,11.70,9.78,12.68,11.10,6.63,6.67,5.61,6.27,6.62,6.62,8.50,5.99,7.58,7.88,3.47,7.77,8.73,7.83,7.70,5.08,6.58,6.15,7.11,2.52,7.56,8.32,9.10,8.25,8.37,9.82,7.01],
  [5.52,7.11,5.60,11.18,14.14,14.06,11.87,3.73,3.64,0.66,1.48,3.93,99.00,1.53,2.23,4.41,2.56,1.04,7.84,6.86,9.62,7.34,8.74,7.22,9.71,6.78,7.02,7.99,7.61,9.36,8.94,8.10,9.28,8.44,6.02,9.48,8.02,5.96,6.35,5.45,7.05,5.38,5.38,6.94,6.32,6.45,6.74,6.68,6.77,8.29,7.92,6.93,5.42,5.52,5.44,6.51,5.83,7.13,7.92,5.19,4.94,4.97,5.89,4.21],
  [7.04,6.19,4.86,12.49,12.66,12.59,10.50,2.29,2.15,1.88,1.62,3.50,1.53,99.00,2.19,3.41,2.76,1.33,9.21,8.33,11.06,8.82,10.17,8.74,11.14,8.30,8.43,9.44,9.06,10.76,10.40,9.57,10.69,9.89,7.26,10.93,9.51,7.25,7.58,6.60,8.02,6.77,6.77,8.41,7.39,7.85,8.14,5.57,5.44,6.87,6.42,5.55,3.89,4.16,4.01,5.08,4.82,5.70,6.49,6.21,6.41,6.42,6.72,5.75],
  [6.93,8.35,3.48,10.93,14.06,14.01,10.37,2.96,3.07,1.80,3.42,1.73,2.23,2.19,99.00,2.62,4.62,2.97,9.66,8.46,11.28,8.91,10.41,8.57,11.38,8.16,8.81,9.64,9.26,11.10,10.53,9.68,11.02,10.10,8.06,11.10,9.54,5.82,6.01,4.95,6.10,5.57,5.57,7.41,5.58,6.62,6.93,4.88,7.31,8.54,7.85,7.33,5.08,6.04,5.74,6.80,3.95,7.34,8.14,7.37,6.61,6.71,8.11,5.48],
  [9.54,8.34,1.62,13.02,12.26,12.24,7.75,1.92,2.23,4.22,5.03,1.59,4.41,3.41,2.62,99.00,6.15,4.69,12.18,11.04,13.86,11.50,12.98,11.19,13.96,10.78,11.33,12.21,11.83,13.65,13.13,12.27,13.57,12.67,10.43,13.69,12.15,8.14,8.22,7.15,7.86,8.04,8.04,9.91,7.57,9.04,9.35,2.29,6.55,7.33,6.35,6.41,3.68,5.45,4.95,5.81,1.43,6.20,6.92,9.53,9.17,9.25,10.12,8.09],
  [6.11,5.12,7.61,13.08,13.27,13.17,12.78,4.75,4.50,3.22,1.20,6.17,2.56,2.76,4.62,6.15,99.00,1.65,7.41,6.97,9.40,7.46,8.55,7.70,9.47,7.25,6.75,7.91,7.56,9.00,8.89,8.12,8.93,8.31,5.20,9.35,8.16,8.00,8.48,7.70,9.43,7.24,7.24,8.45,8.64,8.25,8.49,8.23,5.65,7.34,7.37,5.94,5.55,4.62,4.83,5.71,7.54,6.36,7.05,3.85,5.19,5.08,4.13,5.25],
  [6.00,6.09,6.07,12.13,13.40,13.32,11.79,3.59,3.41,1.69,0.46,4.55,1.04,1.33,2.97,4.69,1.65,99.00,7.96,7.18,9.84,7.67,8.96,7.68,9.92,7.23,7.19,8.25,7.87,9.52,9.22,8.40,9.45,8.69,5.95,9.74,8.37,6.93,7.34,6.46,8.08,6.29,6.29,7.76,7.35,7.36,7.63,6.88,5.92,7.50,7.24,6.11,4.94,4.70,4.70,5.74,6.12,6.38,7.15,4.88,5.27,5.25,5.42,4.82],
  [3.22,11.71,13.12,10.29,20.53,20.41,19.70,11.51,11.36,7.95,7.88,11.32,7.84,9.21,9.66,12.18,7.41,7.96,99.00,1.69,2.03,1.61,1.28,2.66,2.08,2.63,0.88,1.11,1.11,1.59,1.79,1.46,1.52,1.20,2.29,2.06,1.80,7.56,8.16,8.30,9.99,6.67,6.67,5.97,9.13,6.82,6.79,14.47,12.96,14.67,14.78,13.28,12.83,12.01,12.24,13.11,13.58,13.75,14.41,3.87,3.09,2.96,4.46,4.55],
  [1.64,11.70,11.85,8.79,20.24,20.14,18.70,10.59,10.48,6.85,7.19,10.05,6.86,8.33,8.46,11.04,6.97,7.18,1.69,99.00,2.83,0.49,1.97,1.17,2.93,0.99,1.02,1.19,0.82,2.72,2.09,1.24,2.64,1.64,2.64,2.64,1.19,5.88,6.48,6.64,8.31,5.00,5.00,4.31,7.45,5.13,5.11,13.33,12.62,14.32,14.28,12.91,12.12,11.57,11.72,12.66,12.40,13.31,14.02,4.08,1.92,1.94,4.97,3.08],
  [4.43,13.73,14.68,9.89,22.56,22.44,21.49,13.33,13.21,9.66,9.80,12.88,9.62,11.06,11.28,13.86,9.40,9.84,2.03,2.83,99.00,2.40,0.88,3.09,0.12,3.35,2.66,1.65,2.03,0.61,0.86,1.64,0.64,1.19,4.32,0.35,1.89,8.25,8.79,9.15,10.65,7.48,7.48,6.29,9.85,7.33,7.21,16.14,14.98,16.68,16.77,15.30,14.76,14.01,14.22,15.11,15.23,15.75,16.42,5.90,4.70,4.65,6.43,5.89],
  [2.02,12.16,12.28,8.70,20.73,20.62,19.17,11.07,10.97,7.32,7.68,10.49,7.34,8.82,8.91,11.50,7.46,7.67,1.61,0.49,2.40,99.00,1.58,1.05,2.51,1.08,1.19,0.81,0.53,2.36,1.63,0.77,2.29,1.25,2.98,2.19,0.71,6.09,6.67,6.90,8.51,5.24,5.24,4.38,7.67,5.27,5.22,13.78,13.11,14.80,14.77,13.40,12.61,12.06,12.21,13.15,12.85,13.80,14.50,4.48,2.41,2.43,5.33,3.49],
  [3.60,12.96,13.82,9.64,21.74,21.62,20.61,12.45,12.33,8.78,8.92,12.02,8.74,10.17,10.41,12.98,8.55,8.96,1.28,1.97,0.88,1.58,99.00,2.41,0.97,2.60,1.80,0.79,1.16,0.80,0.55,0.88,0.73,0.34,3.54,0.81,1.21,7.58,8.15,8.44,10.00,6.77,6.77,5.73,9.18,6.71,6.62,15.27,14.14,15.85,15.92,14.46,13.88,13.16,13.36,14.26,14.36,14.90,15.58,5.13,3.82,3.77,5.74,5.05],
  [1.70,12.58,11.85,7.66,20.95,20.85,18.92,10.94,10.86,7.11,7.76,10.07,7.22,8.74,8.57,11.19,7.70,7.68,2.66,1.17,3.09,1.05,2.41,99.00,3.20,0.45,2.16,1.75,1.56,3.21,2.23,1.53,3.14,2.09,3.77,2.80,1.21,5.18,5.74,6.06,7.59,4.39,4.39,3.36,6.78,4.31,4.23,13.44,13.33,15.01,14.89,13.60,12.60,12.23,12.33,13.31,12.50,13.96,14.69,5.14,2.51,2.64,6.08,3.10],
  [4.53,13.77,14.78,9.99,22.61,22.49,21.58,13.42,13.29,9.75,9.87,12.98,9.71,11.14,11.38,13.96,9.47,9.92,2.08,2.93,0.12,2.51,0.97,3.20,99.00,3.46,2.74,1.75,2.13,0.60,0.97,1.75,0.63,1.29,4.37,0.45,2.00,8.36,8.91,9.27,10.76,7.59,7.59,6.40,9.97,7.44,7.33,16.24,15.04,16.74,16.84,15.36,14.84,14.08,14.29,15.17,15.33,15.81,16.48,5.95,4.79,4.74,6.46,6.00],
  [1.26,12.15,11.47,7.82,20.50,20.40,18.50,10.50,10.42,6.68,7.30,9.68,6.78,8.30,8.16,10.78,7.25,7.23,2.63,0.99,3.35,1.08,2.60,0.45,3.46,99.00,2.01,1.87,1.60,3.40,2.51,1.73,3.33,2.27,3.47,3.09,1.47,5.01,5.59,5.84,7.44,4.18,4.18,3.33,6.60,4.20,4.16,13.04,12.88,14.56,14.44,13.15,12.15,11.78,11.88,12.86,12.10,13.51,14.24,4.78,2.06,2.20,5.74,2.69],
  [2.39,11.24,12.25,9.81,19.96,19.85,18.89,10.71,10.58,7.11,7.14,10.46,7.02,8.43,8.81,11.33,6.75,7.19,0.88,1.02,2.66,1.19,1.80,2.16,2.74,2.01,99.00,1.21,0.93,2.34,2.16,1.50,2.26,1.56,1.88,2.60,1.70,6.78,7.39,7.48,9.20,5.88,5.88,5.31,8.33,6.09,6.08,13.63,12.36,14.07,14.12,12.67,12.10,11.37,11.57,12.47,12.73,13.11,13.79,3.45,2.22,2.10,4.21,3.68],
  [2.81,12.45,13.03,9.24,21.15,21.03,19.85,11.71,11.60,8.01,8.23,11.24,7.99,9.44,9.64,12.21,7.91,8.25,1.11,1.19,1.65,0.81,0.79,1.75,1.75,1.87,1.21,99.00,0.38,1.55,0.98,0.35,1.48,0.46,3.08,1.49,0.69,6.88,7.45,7.71,9.30,6.04,6.04,5.10,8.47,6.04,5.97,14.50,13.54,15.24,15.27,13.84,13.18,12.53,12.71,13.63,13.58,14.27,14.96,4.66,3.06,3.02,5.38,4.27],
  [2.46,12.14,12.66,9.17,20.80,20.69,19.47,11.33,11.21,7.63,7.85,10.86,7.61,9.06,9.26,11.83,7.56,7.87,1.11,0.82,2.03,0.53,1.16,1.56,2.13,1.60,0.93,0.38,99.00,1.90,1.35,0.58,1.82,0.84,2.81,1.87,0.78,6.61,7.19,7.41,9.03,5.75,5.75,4.90,8.19,5.80,5.75,14.12,13.19,14.89,14.91,13.49,12.81,12.17,12.34,13.27,13.20,13.91,14.60,4.37,2.67,2.64,5.14,3.90],
  [4.35,13.23,14.52,10.32,22.09,21.97,21.23,13.05,12.91,9.43,9.45,12.73,9.36,10.76,11.10,13.65,9.00,9.52,1.59,2.72,0.61,2.36,0.80,3.21,0.60,3.40,2.34,1.55,1.90,99.00,1.12,1.67,0.08,1.13,3.85,0.87,2.00,8.38,8.95,9.24,10.80,7.57,7.57,6.51,9.98,7.50,7.41,15.94,14.53,16.24,16.36,14.86,14.41,13.59,13.82,14.69,15.03,15.33,15.98,5.41,4.49,4.40,5.89,5.79],
  [3.63,13.40,13.90,9.20,22.12,22.01,20.79,12.67,12.56,8.94,9.21,12.11,8.94,10.40,10.53,13.13,8.89,9.22,1.79,2.09,0.86,1.63,0.55,2.23,0.97,2.51,2.16,0.98,1.35,1.12,99.00,0.85,1.09,0.61,3.98,0.58,1.04,7.39,7.94,8.30,9.79,6.62,6.62,5.45,9.00,6.47,6.36,15.40,14.51,16.22,16.25,14.82,14.16,13.51,13.69,14.61,14.48,15.25,15.94,5.57,4.00,3.99,6.23,5.10],
  [2.79,12.72,13.05,8.93,21.37,21.26,19.94,11.83,11.71,8.09,8.39,11.26,8.10,9.57,9.68,12.27,8.12,8.40,1.46,1.24,1.64,0.77,0.88,1.53,1.75,1.73,1.50,0.35,0.58,1.67,0.85,99.00,1.61,0.56,3.38,1.42,0.37,6.71,7.27,7.57,9.13,5.90,5.90,4.87,8.31,5.84,5.76,14.55,13.76,15.46,15.46,14.05,13.33,12.73,12.90,13.83,13.63,14.47,15.17,4.94,3.16,3.15,5.69,4.26],
  [4.28,13.17,14.45,10.28,22.03,21.91,21.15,12.97,12.84,9.35,9.38,12.65,9.28,10.69,11.02,13.57,8.93,9.45,1.52,2.64,0.64,2.29,0.73,3.14,0.63,3.33,2.26,1.48,1.82,0.08,1.09,1.61,99.00,1.06,3.79,0.87,1.94,8.32,8.88,9.17,10.74,7.50,7.50,6.45,9.92,7.44,7.35,15.86,14.47,16.18,16.29,14.80,14.34,13.53,13.75,14.62,14.96,15.26,15.92,5.35,4.41,4.33,5.84,5.72],
  [3.26,12.79,13.49,9.42,21.52,21.41,20.31,12.16,12.04,8.47,8.65,11.70,8.44,9.89,10.10,12.67,8.31,8.69,1.20,1.64,1.19,1.25,0.34,2.09,1.29,2.27,1.56,0.46,0.84,1.13,0.61,0.56,1.06,99.00,3.37,1.05,0.91,7.26,7.83,8.11,9.68,6.44,6.44,5.43,8.86,6.40,6.31,14.96,13.92,15.63,15.68,14.23,13.61,12.93,13.12,14.03,14.04,14.67,15.35,4.96,3.51,3.47,5.62,4.72],
  [3.14,9.42,11.53,11.17,18.24,18.13,17.75,9.54,9.37,6.27,5.80,9.78,6.02,7.26,8.06,10.43,5.20,5.95,2.29,2.64,4.32,2.98,3.54,3.77,4.37,3.47,1.88,3.08,2.81,3.85,3.98,3.38,3.79,3.37,99.00,4.34,3.57,7.41,8.04,7.87,9.72,6.45,6.45,6.41,8.81,6.95,7.02,12.70,10.69,12.40,12.54,11.02,10.71,9.77,10.02,10.86,11.85,11.49,12.14,1.59,2.30,2.03,2.34,3.83],
  [4.21,13.76,14.47,9.55,22.54,22.43,21.34,13.20,13.08,9.49,9.71,12.68,9.48,10.93,11.10,13.69,9.35,9.74,2.06,2.64,0.35,2.19,0.81,2.80,0.45,3.09,2.60,1.49,1.87,0.87,0.58,1.42,0.87,1.05,4.34,99.00,1.62,7.94,8.48,8.86,10.33,7.18,7.18,5.96,9.55,7.01,6.89,15.97,14.95,16.66,16.72,15.26,14.66,13.96,14.16,15.06,15.04,15.70,16.38,5.93,4.54,4.51,6.51,5.68],
  [2.62,12.84,12.89,8.56,21.43,21.32,19.84,11.75,11.65,7.99,8.38,11.10,8.02,9.51,9.54,12.15,8.16,8.37,1.80,1.19,1.89,0.71,1.21,1.21,2.00,1.47,1.70,0.69,0.78,2.00,1.04,0.37,1.94,0.91,3.57,1.62,99.00,6.39,6.95,7.27,8.80,5.60,5.60,4.52,7.99,5.51,5.41,14.42,13.81,15.50,15.48,14.10,13.31,12.76,12.91,13.86,13.49,14.50,15.21,5.11,3.10,3.13,5.91,4.09],
  [4.44,12.99,8.16,5.23,19.81,19.76,15.66,8.76,8.84,5.41,7.28,6.63,5.96,7.25,5.82,8.14,8.00,6.93,7.56,5.88,8.25,6.09,7.58,5.18,8.36,5.01,6.78,6.88,6.61,8.38,7.39,6.71,8.32,7.26,7.41,7.94,6.39,99.00,0.62,1.12,2.43,0.96,0.96,2.21,1.61,1.08,1.35,10.06,12.69,14.12,13.57,12.80,10.85,11.41,11.25,12.33,9.12,12.93,13.73,7.93,5.11,5.38,9.02,3.64],
  [5.05,13.43,8.11,4.93,20.05,20.00,15.62,8.97,9.06,5.77,7.72,6.67,6.35,7.58,6.01,8.22,8.48,7.34,8.16,6.48,8.79,6.67,8.15,5.74,8.91,5.59,7.39,7.45,7.19,8.95,7.94,7.27,8.88,7.83,8.04,8.48,6.95,0.62,99.00,1.07,1.85,1.58,1.58,2.62,1.12,1.50,1.69,10.05,13.02,14.42,13.82,13.12,11.08,11.75,11.56,12.64,9.11,13.23,14.03,8.54,5.74,6.01,9.63,4.26],
  [5.09,12.55,7.08,5.97,19.01,18.96,14.59,7.91,8.02,4.84,6.86,5.61,5.45,6.60,4.95,7.15,7.70,6.46,8.30,6.64,9.15,6.90,8.44,6.06,9.27,5.84,7.48,7.71,7.41,9.24,8.30,7.57,9.17,8.11,7.87,8.86,7.27,1.12,1.07,99.00,1.89,1.68,1.68,3.30,0.99,2.19,2.47,9.00,12.04,13.41,12.79,12.13,10.03,10.76,10.56,11.63,8.06,12.21,13.01,8.17,5.60,5.86,9.24,4.04],
  [6.83,14.13,7.39,5.30,20.03,20.00,14.81,8.97,9.13,6.40,8.50,6.27,7.05,8.02,6.10,7.86,9.43,8.08,9.99,8.31,10.65,8.51,10.00,7.59,10.76,7.44,9.20,9.30,9.03,10.80,9.79,9.13,10.74,9.68,9.72,10.33,8.80,2.43,1.85,1.89,99.00,3.33,3.33,4.43,0.91,3.33,3.49,9.37,13.38,14.64,13.90,13.42,11.11,12.11,11.83,12.89,8.50,13.44,14.23,10.06,7.43,7.69,11.13,5.89],
  [3.51,12.30,8.25,5.85,19.41,19.34,15.70,8.46,8.50,4.89,6.61,6.62,5.38,6.77,5.57,8.04,7.24,6.29,6.67,5.00,7.48,5.24,6.77,4.39,7.59,4.18,5.88,6.04,5.75,7.57,6.62,5.90,7.50,6.44,6.45,7.18,5.60,0.96,1.58,1.68,3.33,99.00,0.00,1.89,2.45,1.08,1.38,10.08,12.15,13.64,13.16,12.29,10.49,10.89,10.77,11.85,9.13,12.46,13.26,6.98,4.15,4.42,8.07,2.69],
  [3.51,12.30,8.25,5.85,19.41,19.34,15.70,8.46,8.50,4.89,6.61,6.62,5.38,6.77,5.57,8.04,7.24,6.29,6.67,5.00,7.48,5.24,6.77,4.39,7.59,4.18,5.88,6.04,5.75,7.57,6.62,5.90,7.50,6.44,6.45,7.18,5.60,0.96,1.58,1.68,3.33,0.00,99.00,1.89,2.45,1.08,1.38,10.08,12.15,13.64,13.16,12.29,10.49,10.89,10.77,11.85,9.13,12.46,13.26,6.98,4.15,4.42,8.07,2.69],
  [3.27,13.57,10.13,4.86,21.07,21.00,17.58,10.24,10.26,6.53,8.02,8.50,6.94,8.41,7.41,9.91,8.45,7.76,5.97,4.31,6.29,4.38,5.73,3.36,6.40,3.33,5.31,5.10,4.90,6.51,5.45,4.87,6.45,5.43,6.41,5.96,4.52,2.21,2.62,3.30,4.43,1.89,1.89,99.00,3.74,1.14,0.94,11.97,13.68,15.23,14.83,13.85,12.22,12.44,12.38,13.44,11.02,14.07,14.86,7.33,4.24,4.52,8.41,3.29],
  [5.95,13.42,7.28,5.45,19.62,19.58,14.78,8.52,8.65,5.69,7.76,5.99,6.32,7.39,5.58,7.57,8.64,7.35,9.13,7.45,9.85,7.67,9.18,6.78,9.97,6.60,8.33,8.47,8.19,9.98,9.00,8.31,9.92,8.86,8.81,9.55,7.99,1.61,1.12,0.99,0.91,2.45,2.45,3.74,99.00,2.60,2.81,9.25,12.80,14.11,13.43,12.86,10.66,11.52,11.28,12.35,8.34,12.91,13.71,9.16,6.53,6.79,10.23,4.98],
  [3.84,13.33,9.15,4.83,20.49,20.43,16.64,9.52,9.58,5.97,7.67,7.58,6.45,7.85,6.62,9.04,8.25,7.36,6.82,5.13,7.33,5.27,6.71,4.31,7.44,4.20,6.09,6.04,5.80,7.50,6.47,5.84,7.44,6.40,6.95,7.01,5.51,1.08,1.50,2.19,3.33,1.08,1.08,1.14,2.60,99.00,0.31,11.03,13.23,14.72,14.24,13.37,11.57,11.97,11.86,12.93,10.08,13.55,14.34,7.66,4.68,4.95,8.76,3.40],
  [3.89,13.59,9.46,4.60,20.79,20.72,16.95,9.83,9.88,6.26,7.94,7.88,6.74,8.14,6.93,9.35,8.49,7.63,6.79,5.11,7.21,5.22,6.62,4.23,7.33,4.16,6.08,5.97,5.75,7.41,6.36,5.76,7.35,6.31,7.02,6.89,5.41,1.35,1.69,2.47,3.49,1.38,1.38,0.94,2.81,0.31,99.00,11.34,13.51,15.01,14.54,13.66,11.87,12.25,12.14,13.22,10.39,13.84,14.63,7.79,4.77,5.05,8.88,3.56],
  [11.81,9.48,1.98,14.66,11.50,11.52,5.61,3.55,3.84,6.52,7.18,3.47,6.68,5.57,4.88,2.29,8.23,6.88,14.47,13.33,16.14,13.78,15.27,13.44,16.24,13.04,13.63,14.50,14.12,15.94,15.40,14.55,15.86,14.96,12.70,15.97,14.42,10.06,10.05,9.00,9.37,10.08,10.08,11.97,9.25,11.03,11.34,99.00,7.24,7.51,6.31,6.98,4.26,6.42,5.83,6.39,0.96,6.57,7.13,11.76,11.46,11.54,12.29,10.35],
  [11.71,2.64,8.06,17.92,7.62,7.52,9.29,4.74,4.48,7.28,5.70,7.77,6.77,5.44,7.31,6.55,5.65,5.92,12.96,12.62,14.98,13.11,14.14,13.33,15.04,12.88,12.36,13.54,13.19,14.53,14.51,13.76,14.47,13.92,10.69,14.95,13.81,12.69,13.02,12.04,13.38,12.15,12.15,13.68,12.80,13.23,13.51,7.24,99.00,1.71,2.19,0.43,3.00,1.28,1.62,0.86,7.19,1.08,1.48,9.17,10.83,10.73,9.01,10.68],
  [13.37,3.87,8.69,19.34,5.94,5.84,8.43,5.73,5.53,8.75,7.32,8.73,8.29,6.87,8.54,7.33,7.34,7.50,14.67,14.32,16.68,14.80,15.85,15.01,16.74,14.56,14.07,15.24,14.89,16.24,16.22,15.46,16.18,15.63,12.40,16.66,15.50,14.12,14.42,13.41,14.64,13.64,13.64,15.23,14.11,14.72,15.01,7.51,1.71,99.00,1.28,1.41,3.66,2.80,2.87,1.79,7.68,1.20,0.41,10.87,12.51,12.42,10.70,12.30],
  [13.22,4.76,7.61,18.76,6.25,6.19,7.26,4.93,4.78,8.30,7.14,7.83,7.92,6.42,7.85,6.35,7.37,7.24,14.78,14.28,16.77,14.77,15.92,14.89,16.84,14.44,14.12,15.27,14.91,16.36,16.25,15.46,16.29,15.68,12.54,16.72,15.48,13.57,13.82,12.79,13.90,13.16,13.16,14.83,13.43,14.24,14.54,6.31,2.19,1.28,99.00,1.76,2.79,2.78,2.57,1.70,6.56,1.13,1.02,11.08,12.42,12.36,11.03,12.06],
  [11.96,3.06,7.89,18.03,7.35,7.25,8.87,4.66,4.42,7.41,5.91,7.70,6.93,5.55,7.33,6.41,5.94,6.11,13.28,12.91,15.30,13.40,14.46,13.60,15.36,13.15,12.67,13.84,13.49,14.86,14.82,14.05,14.80,14.23,11.02,15.26,14.10,12.80,13.12,12.13,13.42,12.29,12.29,13.85,12.86,13.37,13.66,6.98,0.43,1.41,1.76,99.00,2.80,1.41,1.59,0.60,6.99,0.65,1.12,9.51,11.10,11.01,9.38,10.90],
  [10.90,5.26,5.10,16.01,8.98,8.93,7.37,2.14,2.02,5.71,4.96,5.08,5.42,3.89,5.08,3.68,5.55,4.94,12.83,12.12,14.76,12.61,13.88,12.60,14.84,12.15,12.10,13.18,12.81,14.41,14.16,13.33,14.34,13.61,10.71,14.66,13.31,10.85,11.08,10.03,11.11,10.49,10.49,12.22,10.66,11.57,11.87,4.26,3.00,3.66,2.79,2.80,99.00,2.19,1.59,2.19,4.20,2.52,3.25,9.40,10.21,10.19,9.60,9.63],
  [10.58,3.07,7.01,16.65,8.73,8.64,9.23,3.58,3.30,6.01,4.51,6.58,5.52,4.16,6.04,5.45,4.62,4.70,12.01,11.57,14.01,12.06,13.16,12.23,14.08,11.78,11.37,12.53,12.17,13.59,13.51,12.73,13.53,12.93,9.77,13.96,12.76,11.41,11.75,10.76,12.11,10.89,10.89,12.44,11.52,11.97,12.25,6.42,1.28,2.80,2.78,1.41,2.19,99.00,0.60,1.10,6.24,1.74,2.47,8.30,9.74,9.65,8.27,9.50],
  [10.66,3.67,6.49,16.48,8.71,8.63,8.68,3.12,2.86,5.88,4.57,6.15,5.44,4.01,5.74,4.95,4.83,4.70,12.24,11.72,14.22,12.21,13.36,12.33,14.29,11.88,11.57,12.71,12.34,13.82,13.69,12.90,13.75,13.12,10.02,14.16,12.91,11.25,11.56,10.56,11.83,10.77,10.77,12.38,11.28,11.86,12.14,5.83,1.62,2.87,2.57,1.59,1.59,0.60,99.00,1.08,5.68,1.69,2.49,8.59,9.86,9.79,8.63,9.52],
  [11.66,3.44,7.29,17.56,7.67,7.58,8.52,4.08,3.85,6.96,5.58,7.11,6.51,5.08,6.80,5.81,5.71,5.74,13.11,12.66,15.11,13.15,14.26,13.31,15.17,12.86,12.47,13.63,13.27,14.69,14.61,13.83,14.62,14.03,10.86,15.06,13.86,12.33,12.64,11.63,12.89,11.85,11.85,13.44,12.35,12.93,13.22,6.39,0.86,1.79,1.70,0.60,2.19,1.10,1.08,99.00,6.39,0.65,1.42,9.39,10.83,10.75,9.33,10.55],
  [10.88,9.26,1.17,13.77,12.07,12.07,6.57,3.01,3.33,5.63,6.44,2.52,5.83,4.82,3.95,1.43,7.54,6.12,13.58,12.40,15.23,12.85,14.36,12.50,15.33,12.10,12.73,13.58,13.20,15.03,14.48,13.63,14.96,14.04,11.85,15.04,13.49,9.12,9.11,8.06,8.50,9.13,9.13,11.02,8.34,10.08,10.39,0.96,7.19,7.68,6.56,6.99,4.20,6.24,5.68,6.39,99.00,6.65,7.29,10.96,10.55,10.63,11.54,9.41],
  [12.31,3.71,7.61,18.15,7.02,6.94,8.23,4.55,4.34,7.57,6.23,7.56,7.13,5.70,7.34,6.20,6.36,6.38,13.75,13.31,15.75,13.80,14.90,13.96,15.81,13.51,13.11,14.27,13.91,15.33,15.25,14.47,15.26,14.67,11.49,15.70,14.50,12.93,13.23,12.21,13.44,12.46,12.46,14.07,12.91,13.55,13.84,6.57,1.08,1.20,1.13,0.65,2.52,1.74,1.69,0.65,6.65,99.00,0.80,10.01,11.47,11.39,9.93,11.20],
  [13.05,3.85,8.29,18.95,6.26,6.17,8.27,5.32,5.12,8.37,6.98,8.32,7.92,6.49,8.14,6.92,7.05,7.15,14.41,14.02,16.42,14.50,15.58,14.69,16.48,14.24,13.79,14.96,14.60,15.98,15.94,15.17,15.92,15.35,12.14,16.38,15.21,13.73,14.03,13.01,14.23,13.26,13.26,14.86,13.71,14.34,14.63,7.13,1.48,0.41,1.02,1.12,3.25,2.47,2.49,1.42,7.29,0.80,99.00,10.63,12.20,12.11,10.49,11.96],
  [4.12,7.83,10.78,12.17,16.69,16.57,16.58,8.43,8.22,5.58,4.64,9.10,5.19,6.21,7.37,9.53,3.85,4.88,3.87,4.08,5.90,4.48,5.13,5.14,5.95,4.78,3.45,4.66,4.37,5.41,5.57,4.94,5.35,4.96,1.59,5.93,5.11,7.93,8.54,8.17,10.06,6.98,6.98,7.33,9.16,7.66,7.79,11.76,9.17,10.87,11.08,9.51,9.40,8.30,8.59,9.39,10.96,10.01,10.63,99.00,3.09,2.83,1.10,4.29],
  [1.06,10.11,10.04,9.09,18.45,18.35,16.80,8.67,8.56,4.96,5.30,8.25,4.94,6.41,6.61,9.17,5.19,5.27,3.09,1.92,4.70,2.41,3.82,2.51,4.79,2.06,2.22,3.06,2.67,4.49,4.00,3.16,4.41,3.51,2.30,4.54,3.10,5.11,5.74,5.60,7.43,4.15,4.15,4.24,6.53,4.68,4.77,11.46,10.83,12.51,12.42,11.10,10.21,9.74,9.86,10.83,10.55,11.47,12.20,3.09,99.00,0.28,4.16,1.58],
  [1.30,9.95,10.16,9.35,18.35,18.25,16.84,8.69,8.57,5.03,5.25,8.37,4.97,6.42,6.71,9.25,5.08,5.25,2.96,1.94,4.65,2.43,3.77,2.64,4.74,2.20,2.10,3.02,2.64,4.40,3.99,3.15,4.33,3.47,2.03,4.51,3.13,5.38,6.01,5.86,7.69,4.42,4.42,4.52,6.79,4.95,5.05,11.54,10.73,12.42,12.36,11.01,10.19,9.65,9.79,10.75,10.63,11.39,12.11,2.83,0.28,99.00,3.90,1.83],
  [5.18,7.40,11.45,13.25,16.40,16.27,16.90,8.86,8.62,6.35,5.11,9.82,5.89,6.72,8.11,10.12,4.13,5.42,4.46,4.97,6.43,5.33,5.74,6.08,6.46,5.74,4.21,5.38,5.14,5.89,6.23,5.69,5.84,5.62,2.34,6.51,5.91,9.02,9.63,9.24,11.13,8.07,8.07,8.41,10.23,8.76,8.88,12.29,9.01,10.70,11.03,9.38,9.60,8.27,8.63,9.33,11.54,9.93,10.49,1.10,4.16,3.90,99.00,5.39],
  [1.47,10.35,8.80,8.10,18.22,18.13,15.82,7.88,7.82,4.03,4.99,7.01,4.21,5.75,5.48,8.09,5.25,4.82,4.55,3.08,5.89,3.49,5.05,3.10,6.00,2.69,3.68,4.27,3.90,5.79,5.10,4.26,5.72,4.72,3.83,5.68,4.09,3.64,4.26,4.04,5.89,2.69,2.69,3.29,4.98,3.40,3.56,10.35,10.68,12.30,12.06,10.90,9.63,9.50,9.52,10.55,9.41,11.20,11.96,4.29,1.58,1.83,5.39,99.00]
];
