// Chosen Depots: [1, 2, 3, 6]
// Chosen Demand Points (Original DP No): [6, 20, 21, 25, 29, 31, 87, 90, 91, 92, 94, 95, 96, 97, 98, 107, 108, 112, 113, 114, 115, 117, 119, 122, 124, 125, 127, 128, 130, 136, 138, 140, 141, 142, 144, 146, 158, 159, 163, 164]
// Original Weights: [9, 6, 6, 5, 5, 6, 7, 6, 6, 5, 6, 7, 7, 7, 6, 8, 7, 7, 7, 7, 7, 7, 8, 8, 3, 2, 3, 2, 4, 2, 3, 4, 4, 8, 8, 8, 8, 7, 8, 9]

|W| = 4;
|D| = 40;
V = 54;
C = 3;
|K| = 2;
M = 100;
S = 0.25;
|TR| = 10;
δmax = 18.3;
Runtime = 15;

// Priority weights for selected demand points
pj = [
  9, 6, 6, 5, 5, 6, 7, 6, 6, 5, 6, 7, 7, 7, 6, 8, 7, 7, 7, 7, 7, 7, 8, 8, 3, 2, 3, 2, 4, 2, 3, 4, 4, 8, 8, 8, 8, 7, 8, 9
];

δij =
[
  [99.00,99.00,99.00,99.00,18.10,5.52,8.30,7.21,6.88,6.00,3.22,2.02,1.03,1.44,1.70,4.45,4.53,2.58,2.57,3.04,4.35,3.68,3.80,3.82,4.28,3.26,3.14,3.86,4.44,6.34,5.09,7.10,3.46,5.95,3.89,11.81,11.81,11.71,13.22,11.96,12.31,10.82,4.12,4.80],
  [99.00,99.00,99.00,99.00,8.14,7.11,5.99,6.74,8.14,6.09,11.71,12.16,11.79,12.55,12.58,13.62,13.77,10.69,13.06,10.10,13.23,12.55,13.79,12.73,13.17,12.79,9.42,9.10,12.99,13.15,12.55,13.25,13.26,13.42,13.59,9.48,9.48,2.64,4.76,3.06,3.71,4.28,7.83,7.77],
  [99.00,99.00,99.00,99.00,11.91,5.60,4.22,4.22,3.61,6.07,13.12,12.28,11.29,11.22,11.85,14.68,14.78,12.08,12.81,12.02,14.52,13.79,14.06,13.95,14.45,13.49,11.53,11.88,8.16,6.62,7.08,6.09,9.45,7.28,9.46,1.98,1.98,8.06,7.61,7.89,7.61,5.98,10.78,11.46],
  [99.00,99.00,99.00,99.00,23.67,11.18,13.40,12.22,11.04,12.13,10.29,8.70,8.11,7.06,7.66,10.04,9.99,10.28,8.16,10.91,10.32,10.13,8.91,10.13,10.28,9.42,11.17,11.89,5.23,6.07,5.97,6.60,4.97,5.45,4.60,14.66,14.66,17.92,18.76,18.03,18.15,16.37,12.17,12.88],
  [18.10,8.14,11.91,23.67,99.00,12.87,10.32,11.52,12.63,12.16,19.42,19.56,18.97,19.51,19.75,21.35,21.50,18.33,20.41,17.82,20.99,20.27,21.33,20.45,20.92,20.39,17.14,16.94,18.51,17.78,17.70,17.51,19.29,18.30,19.50,10.21,10.21,6.46,4.97,6.16,5.79,7.41,15.60,15.70],
  [5.52,7.11,5.60,11.18,12.87,99.00,2.77,1.73,2.05,1.04,7.84,7.34,6.51,6.82,7.22,9.59,9.71,6.74,8.06,6.57,9.36,8.60,9.19,8.78,9.28,8.44,6.02,6.31,5.96,6.08,5.45,6.28,6.48,6.32,6.74,6.68,6.68,6.77,7.92,6.93,7.13,5.47,5.19,5.87],
  [8.30,5.99,4.22,13.40,10.32,2.77,99.00,1.20,2.42,2.53,10.47,10.09,9.28,9.59,10.00,12.28,12.41,9.35,10.82,9.09,12.02,11.26,11.94,11.44,11.95,11.15,8.48,8.64,8.20,7.71,7.44,7.62,8.98,8.14,9.18,4.54,4.54,4.73,5.37,4.75,4.78,2.98,7.36,7.90],
  [7.21,6.74,4.22,12.22,11.52,1.73,1.20,99.00,1.40,1.87,9.56,9.06,8.21,8.46,8.91,11.32,11.44,8.45,9.76,8.25,11.08,10.32,10.91,10.50,11.00,10.17,7.68,7.92,7.01,6.62,6.28,6.59,7.78,7.01,7.98,5.04,5.04,5.79,6.57,5.85,5.94,4.15,6.72,7.34],
  [6.88,8.14,3.61,11.04,12.63,2.05,2.42,1.40,99.00,2.76,9.56,8.84,7.90,7.98,8.53,11.20,11.30,8.50,9.45,8.42,11.01,10.27,10.66,10.44,10.93,10.02,7.92,8.27,5.90,5.29,5.07,5.21,6.85,5.72,6.99,4.94,4.94,7.14,7.72,7.17,7.19,5.38,7.21,7.91],
  [6.00,6.09,6.07,12.13,12.16,1.04,2.53,1.87,2.76,99.00,7.96,7.67,6.93,7.37,7.68,9.79,9.92,6.84,8.45,6.56,9.52,8.76,9.51,8.94,9.45,8.69,5.95,6.12,6.93,7.12,6.46,7.31,7.35,7.35,7.63,6.88,6.88,5.92,7.24,6.11,6.38,4.83,4.88,5.48],
  [3.22,11.71,13.12,10.29,19.42,7.84,10.47,9.56,9.56,7.96,99.00,1.61,2.48,3.39,2.66,1.93,2.08,1.13,2.20,1.61,1.59,0.85,2.22,1.03,1.52,1.20,2.29,2.67,7.56,9.55,8.30,10.31,6.38,9.13,6.79,14.47,14.47,12.96,14.78,13.28,13.75,12.54,3.87,4.04],
  [2.02,12.16,12.28,8.70,19.56,7.34,10.09,9.06,8.84,7.67,1.61,99.00,1.05,1.80,1.05,2.42,2.51,1.76,0.91,2.47,2.36,1.76,1.85,1.87,2.29,1.25,2.98,3.61,6.09,8.14,6.90,8.93,4.82,7.67,5.22,13.78,13.78,13.11,14.77,13.40,13.80,12.43,4.48,4.90],
  [1.03,11.79,11.29,8.11,18.97,6.51,9.28,8.21,7.90,6.93,2.48,1.05,99.00,1.06,0.80,3.46,3.54,2.17,1.55,2.80,3.41,2.79,2.77,2.91,3.34,2.29,3.12,3.82,5.09,7.12,5.87,7.90,3.91,6.67,4.32,12.83,12.83,12.54,14.12,12.81,13.18,11.74,4.41,4.97],
  [1.44,12.55,11.22,7.06,19.51,6.82,9.59,8.46,7.98,7.37,3.39,1.80,1.06,99.00,0.81,3.96,4.00,3.22,1.76,3.86,4.02,3.52,3.04,3.60,3.95,2.90,4.16,4.87,4.37,6.49,5.27,7.30,3.04,5.97,3.43,12.86,12.86,13.14,14.61,13.38,13.71,12.19,5.38,5.99],
  [1.70,12.58,11.85,7.66,19.75,7.22,10.00,8.91,8.53,7.68,2.66,1.05,0.80,0.81,99.00,3.16,3.20,2.68,0.99,3.36,3.21,2.72,2.27,2.80,3.14,2.09,3.77,4.45,5.18,7.29,6.06,8.10,3.85,6.78,4.23,13.44,13.44,13.33,14.89,13.60,13.96,12.50,5.14,5.66],
  [4.45,13.62,14.68,10.04,21.35,9.59,12.28,11.32,11.20,9.79,1.93,2.42,3.46,3.96,3.16,99.00,0.15,3.03,2.21,3.54,0.45,1.08,1.13,0.90,0.48,1.19,4.22,4.54,8.33,10.45,9.22,11.26,6.95,9.93,7.30,16.13,16.13,14.89,16.70,15.21,15.67,14.43,5.80,5.90],
  [4.53,13.77,14.78,9.99,21.50,9.71,12.41,11.44,11.30,9.92,2.08,2.51,3.54,4.00,3.20,0.15,99.00,3.18,2.25,3.69,0.60,1.23,1.10,1.05,0.63,1.29,4.37,4.69,8.36,10.49,9.27,11.30,6.98,9.97,7.33,16.24,16.24,15.04,16.84,15.36,15.81,14.57,5.95,6.05],
  [2.58,10.69,12.08,10.28,18.33,6.74,9.35,8.45,8.50,6.84,1.13,1.76,2.17,3.22,2.68,3.03,3.18,99.00,2.63,0.71,2.71,1.96,3.10,2.14,2.64,2.09,1.29,1.85,7.02,8.88,7.64,9.61,5.98,8.52,6.41,13.39,13.39,11.87,13.66,12.18,12.64,11.41,2.88,3.18],
  [2.57,13.06,12.81,8.16,20.41,8.06,10.82,9.76,9.45,8.45,2.20,0.91,1.55,1.76,0.99,2.21,2.25,2.63,99.00,3.34,2.33,1.99,1.29,2.01,2.27,1.28,3.88,4.48,6.12,8.25,7.03,9.06,4.74,7.72,5.09,14.37,14.37,13.97,15.60,14.25,14.64,13.24,5.40,5.80],
  [3.04,10.10,12.02,10.91,17.82,6.57,9.09,8.25,8.42,6.56,1.61,2.47,2.80,3.86,3.36,3.54,3.69,0.71,3.34,99.00,3.17,2.46,3.74,2.64,3.10,2.72,0.68,1.14,7.44,9.22,7.99,9.92,6.50,8.90,6.93,13.25,13.25,11.37,13.22,11.70,12.17,11.01,2.26,2.49],
  [4.35,13.23,14.52,10.32,20.99,9.36,12.02,11.08,11.01,9.52,1.59,2.36,3.41,4.02,3.21,0.45,0.60,2.71,2.33,3.17,99.00,0.76,1.43,0.58,0.08,1.13,3.85,4.13,8.38,10.48,9.24,11.28,7.04,9.98,7.41,15.94,15.94,14.53,16.36,14.86,15.33,14.12,5.41,5.49],
  [3.68,12.55,13.79,10.13,20.27,8.60,11.26,10.32,10.27,8.76,0.85,1.76,2.79,3.52,2.72,1.08,1.23,1.96,1.99,2.46,0.76,99.00,1.55,0.19,0.69,0.71,3.14,3.48,7.85,9.90,8.66,10.69,6.56,9.44,6.95,15.19,15.19,13.81,15.62,14.13,14.59,13.37,4.72,4.85],
  [3.80,13.79,14.06,8.91,21.33,9.19,11.94,10.91,10.66,9.51,2.22,1.85,2.77,3.04,2.27,1.13,1.10,3.10,1.29,3.74,1.43,1.55,99.00,1.45,1.41,1.03,4.39,4.85,7.35,9.50,8.29,10.32,5.94,8.96,6.27,15.60,15.60,14.87,16.58,15.17,15.59,14.26,5.98,6.23],
  [3.82,12.73,13.95,10.13,20.45,8.78,11.44,10.50,10.44,8.94,1.03,1.87,2.91,3.60,2.80,0.90,1.05,2.14,2.01,2.64,0.58,0.19,1.45,99.00,0.50,0.73,3.32,3.65,7.94,10.01,8.77,10.81,6.64,9.54,7.03,15.36,15.36,13.99,15.81,14.32,14.78,13.55,4.90,5.02],
  [4.28,13.17,14.45,10.28,20.92,9.28,11.95,11.00,10.93,9.45,1.52,2.29,3.34,3.95,3.14,0.48,0.63,2.64,2.27,3.10,0.08,0.69,1.41,0.50,99.00,1.06,3.79,4.08,8.32,10.41,9.17,11.21,6.98,9.92,7.35,15.86,15.86,14.47,16.29,14.80,15.26,14.05,5.35,5.43],
  [3.26,12.79,13.49,9.42,20.39,8.44,11.15,10.17,10.02,8.69,1.20,1.25,2.29,2.90,2.09,1.19,1.29,2.09,1.28,2.72,1.13,0.71,1.03,0.73,1.06,99.00,3.37,3.83,7.26,9.35,8.11,10.15,5.94,8.86,6.31,14.96,14.96,13.92,15.68,14.23,14.67,13.38,4.96,5.20],
  [3.14,9.42,11.53,11.17,17.14,6.02,8.48,7.68,7.92,5.95,2.29,2.98,3.12,4.16,3.77,4.22,4.37,1.29,3.88,0.68,3.85,3.14,4.39,3.32,3.79,3.37,99.00,0.72,7.41,9.08,7.87,9.75,6.59,8.81,7.02,12.70,12.70,10.69,12.54,11.02,11.49,10.35,1.59,1.92],
  [3.86,9.10,11.88,11.89,16.94,6.31,8.64,7.92,8.27,6.12,2.67,3.61,3.82,4.87,4.45,4.54,4.69,1.85,4.48,1.14,4.13,3.48,4.85,3.65,4.08,3.83,0.72,99.00,8.10,9.73,8.53,10.37,7.30,9.48,7.74,12.96,12.96,10.52,12.44,10.86,11.37,10.32,1.36,1.37],
  [4.44,12.99,8.16,5.23,18.51,5.96,8.20,7.01,5.90,6.93,7.56,6.09,5.09,4.37,5.18,8.33,8.36,7.02,6.12,7.44,8.38,7.85,7.35,7.94,8.32,7.26,7.41,8.10,99.00,2.18,1.12,3.01,1.50,1.61,1.35,10.06,10.06,12.69,13.57,12.80,12.93,11.16,7.93,8.72],
  [6.34,13.15,6.62,6.07,17.78,6.08,7.71,6.62,5.29,7.12,9.55,8.14,7.12,6.49,7.29,10.45,10.49,8.88,8.25,9.22,10.48,9.90,9.50,10.01,10.41,9.35,9.08,9.73,2.18,99.00,1.25,0.84,3.67,0.70,3.46,8.60,8.60,12.41,12.95,12.45,12.47,10.66,9.31,10.13],
  [5.09,12.55,7.08,5.97,17.70,5.45,7.44,6.28,5.07,6.46,8.30,6.90,5.87,5.27,6.06,9.22,9.27,7.64,7.03,7.99,9.24,8.66,8.29,8.77,9.17,8.11,7.87,8.53,1.12,1.25,99.00,2.04,2.58,0.99,2.47,9.00,9.00,12.04,12.79,12.13,12.21,10.42,8.17,8.98],
  [7.10,13.25,6.09,6.60,17.51,6.28,7.62,6.59,5.21,7.31,10.31,8.93,7.90,7.30,8.10,11.26,11.30,9.61,9.06,9.92,11.28,10.69,10.32,10.81,11.21,10.15,9.75,10.37,3.01,0.84,2.04,99.00,4.50,1.50,4.29,8.07,8.07,12.34,12.74,12.36,12.34,10.51,9.88,10.70],
  [3.46,13.26,9.45,4.97,19.29,6.48,8.98,7.78,6.85,7.35,6.38,4.82,3.91,3.04,3.85,6.95,6.98,5.98,4.74,6.50,7.04,6.56,5.94,6.64,6.98,5.94,6.59,7.30,1.50,3.67,2.58,4.50,99.00,3.06,0.43,11.30,11.30,13.24,14.32,13.40,13.60,11.89,7.36,8.11],
  [5.95,13.42,7.28,5.45,18.30,6.32,8.14,7.01,5.72,7.35,9.13,7.67,6.67,5.97,6.78,9.93,9.97,8.52,7.72,8.90,9.98,9.44,8.96,9.54,9.92,8.86,8.81,9.48,1.61,0.70,0.99,1.50,3.06,99.00,2.81,9.25,9.25,12.80,13.43,12.86,12.91,11.10,9.16,9.97],
  [3.89,13.59,9.46,4.60,19.50,6.74,9.18,7.98,6.99,7.63,6.79,5.22,4.32,3.43,4.23,7.30,7.33,6.41,5.09,6.93,7.41,6.95,6.27,7.03,7.35,6.31,7.02,7.74,1.35,3.46,2.47,4.29,0.43,2.81,99.00,11.34,11.34,13.51,14.54,13.66,13.84,12.11,7.79,8.54],
  [11.81,9.48,1.98,14.66,10.21,6.68,4.54,5.04,4.94,6.88,14.47,13.78,12.83,12.86,13.44,16.13,16.24,13.39,14.37,13.25,15.94,15.19,15.60,15.36,15.86,14.96,12.70,12.96,10.06,8.60,9.00,8.07,11.30,9.25,11.34,99.00,0.00,7.24,6.31,6.98,6.57,5.24,11.76,12.36],
  [11.81,9.48,1.98,14.66,10.21,6.68,4.54,5.04,4.94,6.88,14.47,13.78,12.83,12.86,13.44,16.13,16.24,13.39,14.37,13.25,15.94,15.19,15.60,15.36,15.86,14.96,12.70,12.96,10.06,8.60,9.00,8.07,11.30,9.25,11.34,0.00,99.00,7.24,6.31,6.98,6.57,5.24,11.76,12.36],
  [11.71,2.64,8.06,17.92,6.46,6.77,4.73,5.79,7.14,5.92,12.96,13.11,12.54,13.14,13.33,14.89,15.04,11.87,13.97,11.37,14.53,13.81,14.87,13.99,14.47,13.92,10.69,10.52,12.69,12.41,12.04,12.34,13.24,12.80,13.51,7.24,7.24,99.00,2.19,0.43,1.08,2.07,9.17,9.32],
  [13.22,4.76,7.61,18.76,4.97,7.92,5.37,6.57,7.72,7.24,14.78,14.77,14.12,14.61,14.89,16.70,16.84,13.66,15.60,13.22,16.36,15.62,16.58,15.81,16.29,15.68,12.54,12.44,13.57,12.95,12.79,12.74,14.32,13.43,14.54,6.31,6.31,2.19,99.00,1.76,1.13,2.44,11.08,11.31],
  [11.96,3.06,7.89,18.03,6.16,6.93,4.75,5.85,7.17,6.11,13.28,13.40,12.81,13.38,13.60,15.21,15.36,12.18,14.25,11.70,14.86,14.13,15.17,14.32,14.80,14.23,11.02,10.86,12.80,12.45,12.13,12.36,13.40,12.86,13.66,6.98,6.98,0.43,1.76,99.00,0.65,1.93,9.51,9.68],
  [12.31,3.71,7.61,18.15,5.79,7.13,4.78,5.94,7.19,6.38,13.75,13.80,13.18,13.71,13.96,15.67,15.81,12.64,14.64,12.17,15.33,14.59,15.59,14.78,15.26,14.67,11.49,11.37,12.93,12.47,12.21,12.34,13.60,12.91,13.84,6.57,6.57,1.08,1.13,0.65,99.00,1.82,10.01,10.21],
  [10.82,4.28,5.98,16.37,7.41,5.47,2.98,4.15,5.38,4.83,12.54,12.43,11.74,12.19,12.50,14.43,14.57,11.41,13.24,11.01,14.12,13.37,14.26,13.55,14.05,13.38,10.35,10.32,11.16,10.66,10.42,10.51,11.89,11.10,12.11,5.24,5.24,2.07,2.44,1.93,1.82,99.00,8.96,9.29],
  [4.12,7.83,10.78,12.17,15.60,5.19,7.36,6.72,7.21,4.88,3.87,4.48,4.41,5.38,5.14,5.80,5.95,2.88,5.40,2.26,5.41,4.72,5.98,4.90,5.35,4.96,1.59,1.36,7.93,9.31,8.17,9.88,7.36,9.16,7.79,11.76,11.76,9.17,11.08,9.51,10.01,8.96,99.00,0.82],
  [4.80,7.77,11.46,12.88,15.70,5.87,7.90,7.34,7.91,5.48,4.04,4.90,4.97,5.99,5.66,5.90,6.05,3.18,5.80,2.49,5.49,4.85,6.23,5.02,5.43,5.20,1.92,1.37,8.72,10.13,8.98,10.70,8.11,9.97,8.54,12.36,12.36,9.32,11.31,9.68,10.21,9.29,0.82,99.00]
];
