// Chosen Depots: [1, 2, 3, 6]
// Chosen Demand Points (Original DP No): [3, 6, 8, 10, 12, 14, 15, 19, 22, 24, 25, 26, 30, 31, 91, 95, 96, 98, 99, 100, 105, 106, 107, 109, 110, 113, 114, 118, 120, 121, 122, 125, 126, 127, 132, 133, 134, 139, 140, 142, 143, 144, 147, 148, 149, 154, 156, 157, 168, 171]
// Original Weights: [9, 9, 4, 4, 6, 5, 7, 5, 6, 5, 5, 4, 5, 6, 6, 7, 7, 6, 6, 7, 6, 7, 8, 7, 7, 7, 7, 7, 7, 6, 8, 2, 3, 3, 4, 4, 4, 4, 4, 8, 8, 8, 5, 6, 6, 4, 7, 7, 5, 8]

|W| = 4;
|D| = 50;
V = 54;
C = 3;
|K| = 2;
M = 100;
S = 0.25;
|TR| = 11;
δmax = 18.3;
Runtime = 20;

// Priority weights for selected demand points
pj = [
  9, 9, 4, 4, 6, 5, 7, 5, 6, 5, 5, 4, 5, 6, 6, 7, 7, 6, 6, 7, 6, 7, 8, 7, 7, 7, 7, 7, 7, 6, 8, 2, 3, 3, 4, 4, 4, 4, 4, 8, 8, 8, 5, 6, 6, 4, 7, 7, 5, 8
];

δij =
[
  [99.00,99.00,99.00,99.00,17.00,18.10,17.26,9.07,9.16,5.42,6.09,8.42,6.76,6.93,7.21,9.54,7.81,6.00,1.03,4.45,4.53,2.57,1.26,2.70,0.36,2.46,3.04,3.63,4.20,3.80,3.82,4.65,4.21,0.99,3.86,6.34,5.05,5.09,3.51,3.51,3.27,12.27,11.81,11.71,13.37,13.22,10.83,10.90,13.24,10.88,12.20,11.63,1.47,4.08],
  [99.00,99.00,99.00,99.00,6.60,8.14,11.93,9.37,6.12,7.73,5.71,6.83,6.36,8.35,6.74,8.34,7.88,6.09,11.79,13.62,13.77,13.06,12.15,12.68,11.16,12.14,10.10,13.40,13.45,13.79,12.73,13.75,13.76,10.69,9.10,13.15,13.43,12.55,12.30,12.30,13.57,8.88,9.48,2.64,3.87,4.76,6.71,5.26,6.76,9.26,4.12,4.21,10.35,8.24],
  [99.00,99.00,99.00,99.00,11.78,11.91,7.52,1.22,3.84,5.27,6.45,3.36,4.96,3.48,4.22,1.62,2.93,6.07,11.29,14.68,14.78,12.81,11.47,12.97,10.60,12.66,12.02,13.90,14.44,14.06,13.95,14.88,14.47,10.77,11.88,6.62,8.11,7.08,8.25,8.25,10.13,2.94,1.98,8.06,8.69,7.61,3.65,5.10,5.79,1.17,7.12,6.55,8.80,11.22],
  [99.00,99.00,99.00,99.00,22.99,23.67,20.10,11.89,13.99,10.64,12.46,12.99,12.23,10.93,12.22,13.02,11.86,12.13,8.11,10.04,9.99,8.16,7.82,8.87,8.27,9.17,10.91,9.20,9.89,8.91,10.13,10.18,9.55,8.99,11.89,6.07,4.93,5.97,5.85,5.85,4.86,15.55,14.66,17.92,19.34,18.76,15.21,16.01,17.83,13.77,17.86,17.21,8.10,12.15],
  [17.00,6.60,11.78,22.99,99.00,1.75,9.14,11.90,9.07,12.42,10.98,10.08,10.82,12.13,10.78,10.62,11.27,11.18,17.82,20.04,20.19,19.23,18.17,18.93,17.13,18.41,16.50,19.72,19.86,20.08,19.14,20.18,20.13,16.77,15.57,17.24,18.06,17.04,17.31,17.31,18.91,9.24,10.26,5.29,3.68,4.31,8.24,7.09,6.07,10.67,5.14,5.79,15.97,14.70],
  [18.10,8.14,11.91,23.67,1.75,99.00,8.14,12.21,9.68,13.26,12.02,10.68,11.67,12.75,11.52,10.94,11.83,12.16,18.97,21.35,21.50,20.41,19.30,20.16,18.25,19.65,17.82,20.98,21.16,21.33,20.45,21.50,21.41,17.95,16.94,17.78,18.75,17.70,18.12,18.12,19.79,9.16,10.21,6.46,4.76,4.97,8.59,7.67,6.12,10.76,5.94,6.56,16.98,16.06],
  [17.26,11.93,7.52,20.10,9.14,8.14,99.00,8.53,8.38,11.85,11.96,8.90,10.74,10.37,10.15,7.75,9.46,11.79,18.27,21.46,21.58,19.83,18.50,19.86,17.54,19.47,18.35,20.79,21.23,21.02,20.65,21.65,21.34,17.56,17.88,14.10,15.62,14.59,15.70,15.70,17.58,4.99,5.61,9.29,8.43,7.26,6.69,7.37,5.21,6.57,7.81,7.83,15.82,17.07],
  [9.07,9.37,1.22,11.89,11.90,12.21,8.53,99.00,3.29,4.07,5.38,2.56,3.90,2.27,3.18,1.28,1.83,4.98,10.09,13.47,13.57,11.61,10.27,11.76,9.39,11.45,10.81,12.69,13.22,12.86,12.74,13.67,13.27,9.56,10.68,5.82,7.17,6.12,7.17,7.17,9.06,3.69,2.91,7.73,8.59,7.63,3.66,4.93,6.12,1.96,6.99,6.38,7.60,10.04],
  [9.16,6.12,3.84,13.99,9.07,9.68,8.38,3.29,99.00,3.81,3.59,1.01,2.42,3.07,1.98,2.23,2.20,3.41,10.15,13.17,13.29,11.69,10.42,11.64,9.40,11.21,9.97,12.56,12.94,12.82,12.33,13.35,13.08,9.32,9.51,8.17,9.06,8.02,8.50,8.50,10.26,3.70,3.84,4.48,5.53,4.78,1.71,2.02,4.12,3.33,3.96,3.31,7.82,8.71],
  [5.42,7.73,5.27,10.64,12.42,13.26,11.85,4.07,3.81,99.00,2.14,3.01,1.61,1.80,1.83,4.22,2.47,1.69,6.43,9.64,9.75,7.99,6.68,8.01,5.69,7.63,6.77,8.94,9.40,9.17,8.85,9.83,9.49,5.72,6.62,5.44,5.77,4.84,4.89,4.89,6.53,6.88,6.52,7.28,8.75,8.30,5.43,5.71,7.93,5.63,7.34,6.70,4.03,6.00],
  [6.09,5.71,6.45,12.46,10.98,12.02,11.96,5.38,3.59,2.14,99.00,3.30,1.49,3.42,2.23,5.03,3.55,0.46,6.99,9.74,9.87,8.48,7.30,8.32,6.26,7.85,6.43,9.21,9.52,9.51,8.88,9.91,9.71,6.03,5.92,7.55,7.72,6.86,6.61,6.61,8.02,7.24,7.18,5.70,7.32,7.14,5.28,4.96,7.38,6.44,6.11,5.55,4.99,5.12],
  [8.42,6.83,3.36,12.99,10.08,10.68,8.90,2.56,1.01,3.01,3.30,99.00,1.89,2.07,1.24,1.80,1.20,3.02,9.43,12.56,12.68,10.98,9.68,10.97,8.68,10.57,9.49,11.90,12.32,12.14,11.74,12.75,12.44,8.66,9.12,7.17,8.07,7.02,7.55,7.55,9.34,4.01,3.87,5.41,6.53,5.79,2.43,3.02,5.00,3.16,4.96,4.31,7.04,8.37],
  [6.76,6.36,4.96,12.23,10.82,11.67,10.74,3.90,2.42,1.61,1.49,1.89,99.00,2.10,0.74,3.55,2.07,1.14,7.74,10.75,10.88,9.28,8.02,9.22,6.99,8.79,7.61,10.14,10.52,10.40,9.92,10.94,10.66,6.90,7.23,6.84,7.33,6.37,6.50,6.50,8.13,5.90,5.75,5.69,7.14,6.70,4.12,4.17,6.48,4.98,5.73,5.10,5.46,6.48],
  [6.93,8.35,3.48,10.93,12.13,12.75,10.37,2.27,3.07,1.80,3.42,2.07,2.10,99.00,1.61,2.62,0.98,2.97,7.96,11.28,11.38,9.50,8.16,9.60,7.24,9.26,8.54,10.53,11.03,10.73,10.53,11.47,11.10,7.35,8.42,5.13,6.01,4.95,5.57,5.57,7.41,5.39,4.88,7.31,8.54,7.85,4.36,5.08,6.99,3.95,7.00,6.35,5.48,7.79],
  [7.21,6.74,4.22,12.22,10.78,11.52,10.15,3.18,1.98,1.83,2.23,1.24,0.74,1.61,99.00,2.83,1.36,1.87,8.21,11.32,11.44,9.76,8.47,9.74,7.46,9.33,8.25,10.67,11.08,10.91,10.50,11.50,11.21,7.42,7.92,6.62,7.29,6.28,6.60,6.60,8.32,5.25,5.04,5.79,7.13,6.57,3.61,3.90,6.10,4.25,5.65,5.00,5.85,7.18],
  [9.54,8.34,1.62,13.02,10.62,10.94,7.75,1.28,2.23,4.22,5.03,1.80,3.55,2.62,2.83,99.00,1.75,4.69,10.57,13.85,13.96,12.11,10.78,12.19,9.84,11.83,10.96,13.13,13.61,13.33,13.07,14.04,13.69,9.92,10.70,6.98,8.22,7.15,8.04,8.04,9.91,2.77,2.29,6.55,7.33,6.35,2.38,3.68,4.88,1.43,5.74,5.13,8.09,9.99],
  [7.81,7.88,2.93,11.86,11.27,11.83,9.46,1.83,2.20,2.47,3.55,1.20,2.07,0.98,1.36,1.75,99.00,3.15,8.83,12.09,12.20,10.38,9.05,10.44,8.10,10.08,9.23,11.38,11.85,11.59,11.32,12.29,11.94,8.17,9.00,5.98,6.95,5.89,6.55,6.55,8.38,4.47,4.05,6.60,7.73,6.97,3.39,4.19,6.02,3.16,6.16,5.51,6.36,8.32],
  [6.00,6.09,6.07,12.13,11.18,12.16,11.79,4.98,3.41,1.69,0.46,3.02,1.14,2.97,1.87,4.69,3.15,99.00,6.93,9.79,9.92,8.45,7.23,8.32,6.19,7.87,6.56,9.22,9.57,9.51,8.94,9.97,9.74,6.01,6.12,7.12,7.34,6.46,6.29,6.29,7.76,7.00,6.88,5.92,7.50,7.24,5.12,4.94,7.33,6.12,6.23,5.64,4.82,5.36],
  [1.03,11.79,11.29,8.11,17.82,18.97,18.27,10.09,10.15,6.43,6.99,9.43,7.74,7.96,8.21,10.57,8.83,6.93,99.00,3.46,3.54,1.55,0.37,1.70,0.75,1.54,2.80,2.62,3.22,2.77,2.91,3.67,3.19,1.12,3.82,7.12,5.69,5.87,4.22,4.22,3.54,13.29,12.83,12.54,14.22,14.12,11.82,11.86,14.22,11.90,13.09,12.54,2.50,4.25],
  [4.45,13.62,14.68,10.04,20.04,21.35,21.46,13.47,13.17,9.64,9.74,12.56,10.75,11.28,11.32,13.85,12.09,9.79,3.46,99.00,0.15,2.21,3.40,1.77,4.10,2.02,3.54,0.94,0.24,1.13,0.90,0.20,0.49,3.93,4.54,10.45,8.88,9.22,7.55,7.55,6.39,16.52,16.13,14.89,16.60,16.70,14.87,14.70,17.12,15.22,15.67,15.17,5.91,5.38],
  [4.53,13.77,14.78,9.99,20.19,21.50,21.58,13.57,13.29,9.75,9.87,12.68,10.88,11.38,11.44,13.96,12.20,9.92,3.54,0.15,99.00,2.25,3.46,1.84,4.19,2.13,3.69,0.97,0.36,1.10,1.05,0.19,0.45,4.04,4.69,10.49,8.91,9.27,7.59,7.59,6.40,16.63,16.24,15.04,16.74,16.84,15.00,14.84,17.25,15.33,15.81,15.31,6.00,5.53],
  [2.57,13.06,12.81,8.16,19.23,20.41,19.83,11.61,11.69,7.99,8.48,10.98,9.28,9.50,9.76,12.11,10.38,8.45,1.55,2.21,2.25,99.00,1.34,0.72,2.30,1.15,3.34,1.28,2.00,1.29,2.01,2.41,1.83,2.47,4.48,8.25,6.66,7.03,5.36,5.36,4.19,14.84,14.37,13.97,15.66,15.60,13.37,13.38,15.75,13.44,14.57,14.03,4.02,5.12],
  [1.26,12.15,11.47,7.82,18.17,19.30,18.50,10.27,10.42,6.68,7.30,9.68,8.02,8.16,8.47,10.78,9.05,7.23,0.37,3.40,3.46,1.34,99.00,1.64,1.05,1.60,3.12,2.51,3.16,2.61,2.94,3.60,3.09,1.49,4.16,7.08,5.59,5.84,4.18,4.18,3.33,13.52,13.04,12.88,14.56,14.44,12.09,12.15,14.50,12.10,13.42,12.85,2.69,4.61],
  [2.70,12.68,12.97,8.87,18.93,20.16,19.86,11.76,11.64,8.01,8.32,10.97,9.22,9.60,9.74,12.19,10.44,8.32,1.70,1.77,1.84,0.72,1.64,99.00,2.37,0.54,2.76,0.94,1.53,1.19,1.36,1.97,1.51,2.32,3.90,8.71,7.18,7.48,5.81,5.81,4.79,14.89,14.47,13.70,15.40,15.40,13.33,13.26,15.66,13.54,14.37,13.84,4.17,4.60],
  [0.36,11.16,10.60,8.27,17.13,18.25,17.54,9.39,9.40,5.69,6.26,8.68,6.99,7.24,7.46,9.84,8.10,6.19,0.75,4.10,4.19,2.30,1.05,2.37,99.00,2.10,2.75,3.31,3.86,3.49,3.46,4.31,3.88,0.72,3.63,6.70,5.39,5.45,3.85,3.85,3.51,12.56,12.11,11.84,13.51,13.39,11.08,11.11,13.47,11.18,12.37,11.81,1.81,3.91],
  [2.46,12.14,12.66,9.17,18.41,19.65,19.47,11.45,11.21,7.63,7.85,10.57,8.79,9.26,9.33,11.83,10.08,7.87,1.54,2.02,2.13,1.15,1.60,0.54,2.10,99.00,2.23,1.35,1.78,1.68,1.37,2.22,1.87,1.91,3.37,8.65,7.19,7.41,5.75,5.75,4.90,14.51,14.12,13.19,14.89,14.91,12.91,12.81,15.21,13.20,13.88,13.36,3.90,4.06],
  [3.04,10.10,12.02,10.91,16.50,17.82,18.35,10.81,9.97,6.77,6.43,9.49,7.61,8.54,8.25,10.96,9.23,6.56,2.80,3.54,3.69,3.34,3.12,2.76,2.75,2.23,99.00,3.33,3.36,3.74,2.64,3.68,3.67,2.05,1.14,9.22,8.06,7.99,6.49,6.49,6.25,13.50,13.25,11.37,13.08,13.22,11.68,11.35,13.78,12.38,12.19,11.72,3.97,1.88],
  [3.63,13.40,13.90,9.20,19.72,20.98,20.79,12.69,12.56,8.94,9.21,11.90,10.14,10.53,10.67,13.13,11.38,9.22,2.62,0.94,0.97,1.28,2.51,0.94,3.31,1.35,3.33,99.00,0.73,0.43,1.04,1.13,0.58,3.24,4.43,9.52,7.94,8.30,6.62,6.62,5.45,15.83,15.40,14.51,16.22,16.25,14.25,14.16,16.56,14.48,15.22,14.70,5.10,5.21],
  [4.20,13.45,14.44,9.89,19.86,21.16,21.23,13.22,12.94,9.40,9.52,12.32,10.52,11.03,11.08,13.61,11.85,9.57,3.22,0.24,0.36,2.00,3.16,1.53,3.86,1.78,3.36,0.73,99.00,0.99,0.73,0.45,0.43,3.69,4.38,10.22,8.65,8.99,7.31,7.31,6.18,16.28,15.89,14.69,16.40,16.49,14.64,14.48,16.90,14.98,15.46,14.96,5.66,5.22],
  [3.80,13.79,14.06,8.91,20.08,21.33,21.02,12.86,12.82,9.17,9.51,12.14,10.40,10.73,10.91,13.33,11.59,9.51,2.77,1.13,1.10,1.29,2.61,1.19,3.49,1.68,3.74,0.43,0.99,99.00,1.45,1.28,0.65,3.50,4.85,9.50,7.88,8.29,6.62,6.62,5.34,16.04,15.60,14.87,16.57,16.58,14.51,14.45,16.84,14.67,15.55,15.03,5.27,5.62],
  [3.82,12.73,13.95,10.13,19.14,20.45,20.65,12.74,12.33,8.85,8.88,11.74,9.92,10.53,10.50,13.07,11.32,8.94,2.91,0.90,1.05,2.01,2.94,1.36,3.46,1.37,2.64,1.04,0.73,1.45,99.00,1.05,1.10,3.18,3.65,10.01,8.52,8.77,7.11,7.11,6.14,15.72,15.36,13.99,15.70,15.81,14.04,13.84,16.26,14.46,14.78,14.29,5.25,4.49],
  [4.65,13.75,14.88,10.18,20.18,21.50,21.65,13.67,13.35,9.83,9.91,12.75,10.94,11.47,11.50,14.04,12.29,9.97,3.67,0.20,0.19,2.41,3.60,1.97,4.31,2.22,3.68,1.13,0.45,1.28,1.05,99.00,0.64,4.12,4.66,10.65,9.07,9.42,7.75,7.75,6.58,16.71,16.33,15.04,16.75,16.86,15.06,14.88,17.29,15.42,15.83,15.34,6.11,5.51],
  [4.21,13.76,14.47,9.55,20.13,21.41,21.34,13.27,13.08,9.49,9.71,12.44,10.66,11.10,11.21,13.69,11.94,9.74,3.19,0.49,0.45,1.83,3.09,1.51,3.88,1.87,3.67,0.58,0.43,0.65,1.10,0.64,99.00,3.78,4.72,10.08,8.48,8.86,7.18,7.18,5.96,16.38,15.97,14.95,16.66,16.72,14.79,14.66,17.07,15.04,15.69,15.18,5.68,5.54],
  [0.99,10.69,10.77,8.99,16.77,17.95,17.56,9.56,9.32,5.72,6.03,8.66,6.90,7.35,7.42,9.92,8.17,6.01,1.12,3.93,4.04,2.47,1.49,2.32,0.72,1.91,2.05,3.24,3.69,3.50,3.18,4.12,3.78,99.00,2.91,7.26,6.03,6.02,4.47,4.47,4.23,12.60,12.21,11.51,13.19,13.14,11.01,10.95,13.34,11.29,12.11,11.57,2.14,3.21],
  [3.86,9.10,11.88,11.89,15.57,16.94,17.88,10.68,9.51,6.62,5.92,9.12,7.23,8.42,7.92,10.70,9.00,6.12,3.82,4.54,4.69,4.48,4.16,3.90,3.63,3.37,1.14,4.43,4.38,4.85,3.65,4.66,4.72,2.91,99.00,9.73,8.73,8.53,7.14,7.14,7.13,13.12,12.96,10.52,12.22,12.44,11.20,10.74,13.16,12.13,11.43,10.99,4.50,0.89],
  [6.34,13.15,6.62,6.07,17.24,17.78,14.10,5.82,8.17,5.44,7.55,7.17,6.84,5.13,6.62,6.98,5.98,7.12,7.12,10.45,10.49,8.25,7.08,8.71,6.70,8.65,9.22,9.52,10.22,9.50,10.01,10.65,10.08,7.26,9.73,99.00,1.78,1.25,2.91,2.91,4.36,9.48,8.60,12.41,13.67,12.95,9.23,10.17,11.83,7.70,12.12,11.47,5.26,9.53],
  [5.05,13.43,8.11,4.93,18.06,18.75,15.62,7.17,9.06,5.77,7.72,8.07,7.33,6.01,7.29,8.22,6.95,7.34,5.69,8.88,8.91,6.66,5.59,7.18,5.39,7.19,8.06,7.94,8.65,7.88,8.52,9.07,8.48,6.03,8.73,1.78,99.00,1.07,1.58,1.58,2.62,10.86,10.05,13.02,14.42,13.82,10.32,11.08,12.95,9.11,12.93,12.28,4.26,8.68],
  [5.09,12.55,7.08,5.97,17.04,17.70,14.59,6.12,8.02,4.84,6.86,7.02,6.37,4.95,6.28,7.15,5.89,6.46,5.87,9.22,9.27,7.03,5.84,7.48,5.45,7.41,7.99,8.30,8.99,8.29,8.77,9.42,8.86,6.02,8.53,1.25,1.07,99.00,1.68,1.68,3.30,9.80,9.00,12.04,13.41,12.79,9.26,10.03,11.88,8.06,11.90,11.25,4.04,8.37],
  [3.51,12.30,8.25,5.85,17.31,18.12,15.70,7.17,8.50,4.89,6.61,7.55,6.50,5.57,6.60,8.04,6.55,6.29,4.22,7.55,7.59,5.36,4.18,5.81,3.85,5.75,6.49,6.62,7.31,6.62,7.11,7.75,7.18,4.47,7.14,2.91,1.58,1.68,99.00,0.00,1.89,10.79,10.08,12.15,13.64,13.16,9.93,10.49,12.54,9.13,12.21,11.57,2.69,7.11],
  [3.51,12.30,8.25,5.85,17.31,18.12,15.70,7.17,8.50,4.89,6.61,7.55,6.50,5.57,6.60,8.04,6.55,6.29,4.22,7.55,7.59,5.36,4.18,5.81,3.85,5.75,6.49,6.62,7.31,6.62,7.11,7.75,7.18,4.47,7.14,2.91,1.58,1.68,0.00,99.00,1.89,10.79,10.08,12.15,13.64,13.16,9.93,10.49,12.54,9.13,12.21,11.57,2.69,7.11],
  [3.27,13.57,10.13,4.86,18.91,19.79,17.58,9.06,10.26,6.53,8.02,9.34,8.13,7.41,8.32,9.91,8.38,7.76,3.54,6.39,6.40,4.19,3.33,4.79,3.51,4.90,6.25,5.45,6.18,5.34,6.14,6.58,5.96,4.23,7.13,4.36,2.62,3.30,1.89,1.89,99.00,12.67,11.97,13.68,15.23,14.83,11.74,12.22,14.34,11.02,13.86,13.23,3.29,7.33],
  [12.27,8.88,2.94,15.55,9.24,9.16,4.99,3.69,3.70,6.88,7.24,4.01,5.90,5.39,5.25,2.77,4.47,7.00,13.29,16.52,16.63,14.84,13.52,14.89,12.56,14.51,13.50,15.83,16.28,16.04,15.72,16.71,16.38,12.60,13.12,9.48,10.86,9.80,10.79,10.79,12.67,99.00,1.05,6.50,6.62,5.39,2.27,3.62,3.17,1.79,5.22,4.83,10.83,12.35],
  [11.81,9.48,1.98,14.66,10.26,10.21,5.61,2.91,3.84,6.52,7.18,3.87,5.75,4.88,5.04,2.29,4.05,6.88,12.83,16.13,16.24,14.37,13.04,14.47,12.11,14.12,13.25,15.40,15.89,15.60,15.36,16.33,15.97,12.21,12.96,8.60,10.05,9.00,10.08,10.08,11.97,1.05,99.00,7.24,7.51,6.31,2.77,4.26,4.19,0.96,6.05,5.59,10.35,12.23],
  [11.71,2.64,8.06,17.92,5.29,6.46,9.29,7.73,4.48,7.28,5.70,5.41,5.69,7.31,5.79,6.55,6.60,5.92,12.54,14.89,15.04,13.97,12.88,13.70,11.84,13.19,11.37,14.51,14.69,14.87,13.99,15.04,14.95,11.51,10.52,12.41,13.02,12.04,12.15,12.15,13.68,6.50,7.24,99.00,1.71,2.19,4.51,3.00,4.13,7.19,1.48,1.68,10.68,9.63],
  [13.37,3.87,8.69,19.34,3.68,4.76,8.43,8.59,5.53,8.75,7.32,6.53,7.14,8.54,7.13,7.33,7.73,7.50,14.22,16.60,16.74,15.66,14.56,15.40,13.51,14.89,13.08,16.22,16.40,16.57,15.70,16.75,16.66,13.19,12.22,13.67,14.42,13.41,13.64,13.64,15.23,6.62,7.51,1.71,99.00,1.28,5.04,3.66,3.68,7.68,1.60,2.23,12.30,11.33],
  [13.22,4.76,7.61,18.76,4.31,4.97,7.26,7.63,4.78,8.30,7.14,5.79,6.70,7.85,6.57,6.35,6.97,7.24,14.12,16.70,16.84,15.60,14.44,15.40,13.39,14.91,13.22,16.25,16.49,16.58,15.81,16.86,16.72,13.14,12.44,12.95,13.82,12.79,13.16,13.16,14.83,5.39,6.31,2.19,1.28,99.00,3.99,2.79,2.40,6.56,1.03,1.60,12.06,11.56],
  [10.83,6.71,3.65,15.21,8.24,8.59,6.69,3.66,1.71,5.43,5.28,2.43,4.12,4.36,3.61,2.38,3.39,5.12,11.82,14.87,15.00,13.37,12.09,13.33,11.08,12.91,11.68,14.25,14.64,14.51,14.04,15.06,14.79,11.01,11.20,9.23,10.32,9.26,9.93,9.93,11.74,2.27,2.77,4.51,5.04,3.99,99.00,1.51,2.63,2.69,3.47,2.93,9.46,10.39],
  [10.90,5.26,5.10,16.01,7.09,7.67,7.37,4.93,2.02,5.71,4.96,3.02,4.17,5.08,3.90,3.68,4.19,4.94,11.86,14.70,14.84,13.38,12.15,13.26,11.11,12.81,11.35,14.16,14.48,14.45,13.84,14.88,14.66,10.95,10.74,10.17,11.08,10.03,10.49,10.49,12.22,3.62,4.26,3.00,3.66,2.79,1.51,99.00,2.43,4.20,2.06,1.46,9.63,9.89],
  [13.24,6.76,5.79,17.83,6.07,6.12,5.21,6.12,4.12,7.93,7.38,5.00,6.48,6.99,6.10,4.88,6.02,7.33,14.22,17.12,17.25,15.75,14.50,15.66,13.47,15.21,13.78,16.56,16.90,16.84,16.26,17.29,17.07,13.34,13.16,11.83,12.95,11.88,12.54,12.54,14.34,3.17,4.19,4.13,3.68,2.40,2.63,2.43,99.00,4.65,2.66,2.61,11.93,12.31],
  [10.88,9.26,1.17,13.77,10.67,10.76,6.57,1.96,3.33,5.63,6.44,3.16,4.98,3.95,4.25,1.43,3.16,6.12,11.90,15.22,15.33,13.44,12.10,13.54,11.18,13.20,12.38,14.48,14.98,14.67,14.46,15.42,15.04,11.29,12.13,7.70,9.11,8.06,9.13,9.13,11.02,1.79,0.96,7.19,7.68,6.56,2.69,4.20,4.65,99.00,6.14,5.62,9.41,11.42],
  [12.20,4.12,7.12,17.86,5.14,5.94,7.81,6.99,3.96,7.34,6.11,4.96,5.73,7.00,5.65,5.74,6.16,6.23,13.09,15.67,15.81,14.57,13.42,14.37,12.37,13.88,12.19,15.22,15.46,15.55,14.78,15.83,15.69,12.11,11.43,12.12,12.93,11.90,12.21,12.21,13.86,5.22,6.05,1.48,1.60,1.03,3.47,2.06,2.66,6.14,99.00,0.65,11.05,10.55],
  [11.63,4.21,6.55,17.21,5.79,6.56,7.83,6.38,3.31,6.70,5.55,4.31,5.10,6.35,5.00,5.13,5.51,5.64,12.54,15.17,15.31,14.03,12.85,13.84,11.81,13.36,11.72,14.70,14.96,15.03,14.29,15.34,15.18,11.57,10.99,11.47,12.28,11.25,11.57,11.57,13.23,4.83,5.59,1.68,2.23,1.60,2.93,1.46,2.61,5.62,0.65,99.00,10.46,10.11],
  [1.47,10.35,8.80,8.10,15.97,16.98,15.82,7.60,7.82,4.03,4.99,7.04,5.46,5.48,5.85,8.09,6.36,4.82,2.50,5.91,6.00,4.02,2.69,4.17,1.81,3.90,3.97,5.10,5.66,5.27,5.25,6.11,5.68,2.14,4.50,5.26,4.26,4.04,2.69,2.69,3.29,10.83,10.35,10.68,12.30,12.06,9.46,9.63,11.93,9.41,11.05,10.46,99.00,4.42],
  [4.08,8.24,11.22,12.15,14.70,16.06,17.07,10.04,8.71,6.00,5.12,8.37,6.48,7.79,7.18,9.99,8.32,5.36,4.25,5.38,5.53,5.12,4.61,4.60,3.91,4.06,1.88,5.21,5.22,5.62,4.49,5.51,5.54,3.21,0.89,9.53,8.68,8.37,7.11,7.11,7.33,12.35,12.23,9.63,11.33,11.56,10.39,9.89,12.31,11.42,10.55,10.11,4.42,99.00]
];
