// Chosen Depots: [1, 2, 3, 6]
// Chosen Demand Points (Original DP No): [2, 8, 10, 13, 15, 16, 20, 21, 22, 25, 31, 87, 91, 92, 93, 95, 99, 100, 102, 104, 106, 107, 113, 115, 119, 127, 129, 130, 135, 136, 143, 144, 148, 149, 150, 151, 156, 157, 161, 162]
// Original Weights: [9, 4, 4, 6, 7, 4, 6, 6, 6, 5, 6, 7, 6, 5, 7, 7, 6, 7, 6, 7, 7, 8, 7, 7, 8, 3, 2, 4, 4, 2, 8, 8, 6, 6, 7, 8, 7, 7, 8, 8]

|W| = 4;
|D| = 40;
V = 54;
C = 3;
|K| = 1;
M = 100;
S = 0.25;
|TR| = 10;
δmax = 18.3;
Runtime = 15;

// Priority weights for selected demand points
pj = [
  9, 4, 4, 6, 7, 4, 6, 6, 6, 5, 6, 7, 6, 5, 7, 7, 6, 7, 6, 7, 7, 8, 7, 7, 8, 3, 2, 4, 4, 2, 8, 8, 6, 6, 7, 8, 7, 7, 8, 8
];

δij =
[
  [99.00,99.00,99.00,99.00,19.21,17.26,9.07,7.40,6.09,7.41,5.52,8.30,6.76,7.21,6.00,3.22,1.03,1.44,3.60,4.45,1.26,2.70,1.23,2.81,2.46,3.04,3.80,4.28,3.14,5.09,6.83,3.46,3.45,5.95,13.37,13.22,10.90,13.24,13.09,10.58,12.20,11.63,13.25,13.05],
  [99.00,99.00,99.00,99.00,8.93,11.93,9.37,5.89,5.71,8.33,7.11,5.99,6.36,6.74,6.09,11.71,11.79,12.55,12.96,13.62,12.15,12.68,11.52,12.45,12.14,10.10,13.79,13.17,9.42,12.55,14.13,13.26,12.49,13.42,3.87,4.76,5.26,6.76,5.00,3.07,4.12,4.21,4.23,3.85],
  [99.00,99.00,99.00,99.00,13.22,7.52,1.22,4.86,6.45,3.03,5.60,4.22,4.96,4.22,6.07,13.12,11.29,11.22,13.82,14.68,11.47,12.97,11.45,13.03,12.66,12.02,14.06,14.45,11.53,7.08,7.39,9.45,8.50,7.28,8.69,7.61,5.10,5.79,7.23,7.01,7.12,6.55,8.16,8.29],
  [99.00,99.00,99.00,99.00,24.93,20.10,11.89,12.87,12.46,11.27,11.18,13.40,12.23,12.22,12.13,10.29,8.11,7.06,9.64,10.04,7.82,8.87,8.61,9.24,9.17,10.91,8.91,10.28,11.17,5.97,5.30,4.97,5.66,5.45,19.34,18.76,16.01,17.83,18.49,16.65,17.86,17.21,19.03,18.95],
  [19.21,8.93,13.22,24.93,99.00,9.20,13.51,12.20,13.15,13.70,14.06,11.56,12.87,12.75,13.32,20.41,20.06,20.63,21.62,22.34,20.40,21.20,19.88,21.03,20.69,18.81,22.37,21.91,18.13,18.96,20.00,20.50,19.58,19.58,5.84,6.19,8.93,7.43,6.44,8.64,7.14,7.77,6.01,6.17],
  [17.26,11.93,7.52,20.10,9.20,99.00,8.53,10.23,11.96,9.90,11.87,9.26,10.74,10.15,11.79,19.70,18.27,18.38,20.61,21.46,18.50,19.86,18.33,19.85,19.47,18.35,21.02,21.15,17.75,14.59,14.81,16.91,15.95,14.78,8.43,7.26,7.37,5.21,6.96,9.23,7.81,7.83,7.91,8.27],
  [9.07,9.37,1.22,11.89,13.51,8.53,99.00,3.91,5.38,1.84,4.43,3.43,3.90,3.18,4.98,11.90,10.09,10.04,12.61,13.47,10.27,11.76,10.24,11.82,11.45,10.81,12.86,13.23,10.33,6.12,6.66,8.39,7.43,6.44,8.59,7.63,4.93,6.12,7.28,6.59,6.99,6.38,8.11,8.18],
  [7.40,5.89,4.86,12.87,12.20,10.23,3.91,99.00,1.77,2.48,1.91,0.97,0.68,0.85,1.56,9.51,8.37,8.72,10.49,11.33,8.65,9.82,8.33,9.77,9.38,8.12,11.01,10.99,7.51,6.98,8.37,8.31,7.40,7.75,6.48,6.03,3.51,5.85,5.83,3.78,5.06,4.43,6.21,6.10],
  [6.09,5.71,6.45,12.46,13.15,11.96,5.38,1.77,99.00,3.67,1.48,2.72,1.49,2.23,0.46,7.88,6.99,7.49,8.92,9.74,7.30,8.32,6.88,8.23,7.85,6.43,9.51,9.38,5.80,6.86,8.50,7.63,6.82,7.76,7.32,7.14,4.96,7.38,7.02,4.51,6.11,5.55,7.17,6.98],
  [7.41,8.33,3.03,11.27,13.70,9.90,1.84,2.48,3.67,99.00,2.60,2.43,2.25,1.64,3.23,10.13,8.44,8.49,10.89,11.75,8.65,10.08,8.55,10.12,9.73,9.00,11.21,11.50,8.50,5.30,6.34,7.22,6.26,5.88,8.31,7.56,4.78,6.60,7.27,5.89,6.75,6.10,7.92,7.90],
  [5.52,7.11,5.60,11.18,14.06,11.87,4.43,1.91,1.48,2.60,99.00,2.77,1.25,1.73,1.04,7.84,6.51,6.82,8.74,9.59,6.78,8.02,6.50,7.99,7.61,6.57,9.19,9.28,6.02,5.45,7.05,6.48,5.60,6.32,8.29,7.92,5.42,7.73,7.74,5.52,6.93,6.31,8.06,7.92],
  [8.30,5.99,4.22,13.40,11.56,9.26,3.43,0.97,2.72,2.43,2.77,99.00,1.54,1.20,2.53,10.47,9.28,9.59,11.44,12.28,9.55,10.76,9.26,10.71,10.33,9.09,11.94,11.95,8.48,7.44,8.68,8.98,8.04,8.14,5.98,5.37,2.71,4.95,5.14,3.46,4.47,3.81,5.64,5.58],
  [6.76,6.36,4.96,12.23,12.87,10.74,3.90,0.68,1.49,2.25,1.25,1.54,99.00,0.74,1.14,8.96,7.74,8.07,9.91,10.75,8.02,9.22,7.71,9.18,8.79,7.61,10.40,10.43,7.03,6.37,7.81,7.64,6.73,7.16,7.14,6.70,4.17,6.48,6.51,4.42,5.73,5.10,6.88,6.76],
  [7.21,6.74,4.22,12.22,12.75,10.15,3.18,0.85,2.23,1.64,1.73,1.20,0.74,99.00,1.87,9.56,8.21,8.46,10.46,11.32,8.47,9.74,8.22,9.72,9.33,8.25,10.91,11.00,7.68,6.28,7.59,7.78,6.84,7.01,7.13,6.57,3.90,6.10,6.34,4.51,5.65,5.00,6.81,6.74],
  [6.00,6.09,6.07,12.13,13.32,11.79,4.98,1.56,0.46,3.23,1.04,2.53,1.14,1.87,99.00,7.96,6.93,7.37,8.96,9.79,7.23,8.32,6.85,8.25,7.87,6.56,9.51,9.45,5.95,6.46,8.08,7.35,6.51,7.35,7.50,7.24,4.94,7.33,7.10,4.70,6.23,5.64,7.32,7.15],
  [3.22,11.71,13.12,10.29,20.41,19.70,11.90,9.51,7.88,10.13,7.84,10.47,8.96,9.56,7.96,99.00,2.48,3.39,1.28,1.93,2.63,1.49,2.05,1.11,1.11,1.61,2.22,1.52,2.29,8.30,9.99,6.38,6.59,9.13,14.67,14.78,12.83,15.26,14.73,12.01,13.75,13.27,14.67,14.41],
  [1.03,11.79,11.29,8.11,20.06,18.27,10.09,8.37,6.99,8.44,6.51,9.28,7.74,8.21,6.93,2.48,99.00,1.06,2.63,3.46,0.37,1.70,0.50,1.86,1.54,2.80,2.77,3.34,3.12,5.87,7.52,3.91,4.12,6.67,14.22,14.12,11.86,14.22,14.01,11.44,13.09,12.54,14.12,13.91],
  [1.44,12.55,11.22,7.06,20.63,18.38,10.04,8.72,7.49,8.49,6.82,9.59,8.07,8.46,7.37,3.39,1.06,99.00,3.22,3.96,0.77,2.26,1.55,2.54,2.32,3.86,3.04,3.95,4.16,5.27,6.78,3.04,3.44,5.97,14.79,14.61,12.23,14.54,14.47,11.99,13.59,13.01,14.65,14.46],
  [3.60,12.96,13.82,9.64,21.62,20.61,12.61,10.49,8.92,10.89,8.74,11.44,9.91,10.46,8.96,1.28,2.63,3.22,99.00,0.86,2.60,0.97,2.38,0.79,1.16,2.87,0.98,0.73,3.54,8.44,10.00,6.25,6.64,9.18,15.85,15.92,13.88,16.29,15.86,13.16,14.89,14.38,15.83,15.58],
  [4.45,13.62,14.68,10.04,22.34,21.46,13.47,11.33,9.74,11.75,9.59,12.28,10.75,11.32,9.79,1.93,3.46,3.96,0.86,99.00,3.40,1.77,3.24,1.64,2.02,3.54,1.13,0.48,4.22,9.22,10.73,6.95,7.40,9.93,16.60,16.70,14.70,17.12,16.64,13.93,15.67,15.17,16.59,16.33],
  [1.26,12.15,11.47,7.82,20.40,18.50,10.27,8.65,7.30,8.65,6.78,9.55,8.02,8.47,7.23,2.63,0.37,0.77,2.60,3.40,99.00,1.64,0.81,1.87,1.60,3.12,2.61,3.33,3.47,5.84,7.44,3.76,4.05,6.60,14.56,14.44,12.15,14.50,14.32,11.78,13.42,12.85,14.45,14.24],
  [2.70,12.68,12.97,8.87,21.20,19.86,11.76,9.82,8.32,10.08,8.02,10.76,9.22,9.74,8.32,1.49,1.70,2.26,0.97,1.77,1.64,99.00,1.53,0.38,0.54,2.76,1.19,1.70,3.35,7.48,9.04,5.29,5.67,8.22,15.40,15.40,13.26,15.66,15.31,12.67,14.37,13.84,15.35,15.11],
  [1.23,11.52,11.45,8.61,19.88,18.33,10.24,8.33,6.88,8.55,6.50,9.26,7.71,8.22,6.85,2.05,0.50,1.55,2.38,3.24,0.81,1.53,99.00,1.59,1.23,2.31,2.69,3.05,2.66,6.26,7.94,4.37,4.54,7.08,14.05,13.99,11.79,14.17,13.89,11.29,12.97,12.42,13.97,13.75],
  [2.81,12.45,13.03,9.24,21.03,19.85,11.82,9.77,8.23,10.12,7.99,10.71,9.18,9.72,8.25,1.11,1.86,2.54,0.79,1.64,1.87,0.38,1.59,99.00,0.38,2.46,1.33,1.48,3.08,7.71,9.30,5.59,5.92,8.47,15.24,15.27,13.18,15.59,15.20,12.53,14.24,13.72,15.20,14.96],
  [2.46,12.14,12.66,9.17,20.69,19.47,11.45,9.38,7.85,9.73,7.61,10.33,8.79,9.33,7.87,1.11,1.54,2.32,1.16,2.02,1.60,0.54,1.23,0.38,99.00,2.23,1.68,1.82,2.81,7.41,9.03,5.35,5.64,8.19,14.89,14.91,12.81,15.21,14.83,12.17,13.88,13.36,14.84,14.60],
  [3.04,10.10,12.02,10.91,18.81,18.35,10.81,8.12,6.43,9.00,6.57,9.09,7.61,8.25,6.56,1.61,2.80,3.86,2.87,3.54,3.12,2.76,2.31,2.46,2.23,99.00,3.74,3.10,0.68,7.99,9.80,6.50,6.46,8.90,13.08,13.22,11.35,13.78,13.18,10.44,12.19,11.72,13.09,12.82],
  [3.80,13.79,14.06,8.91,22.37,21.02,12.86,11.01,9.51,11.21,9.19,11.94,10.40,10.91,9.51,2.22,2.77,3.04,0.98,1.13,2.61,1.19,2.69,1.33,1.68,3.74,99.00,1.41,4.39,8.29,9.73,5.94,6.46,8.96,16.57,16.58,14.45,16.84,16.50,13.84,15.55,15.03,16.52,16.28],
  [4.28,13.17,14.45,10.28,21.91,21.15,13.23,10.99,9.38,11.50,9.28,11.95,10.43,11.00,9.45,1.52,3.34,3.95,0.73,0.48,3.33,1.70,3.05,1.48,1.82,3.10,1.41,99.00,3.79,9.17,10.74,6.98,7.37,9.92,16.18,16.29,14.34,16.76,16.25,13.53,15.27,14.78,16.18,15.92],
  [3.14,9.42,11.53,11.17,18.13,17.75,10.33,7.51,5.80,8.50,6.02,8.48,7.03,7.68,5.95,2.29,3.12,4.16,3.54,4.22,3.47,3.35,2.66,3.08,2.81,0.68,4.39,3.79,99.00,7.87,9.72,6.59,6.46,8.81,12.40,12.54,10.71,13.14,12.51,9.77,11.52,11.05,12.41,12.14],
  [5.09,12.55,7.08,5.97,18.96,14.59,6.12,6.98,6.86,5.30,5.45,7.44,6.37,6.28,6.46,8.30,5.87,5.27,8.44,9.22,5.84,7.48,6.26,7.71,7.41,7.99,8.29,9.17,7.87,99.00,1.89,2.58,1.84,0.99,13.41,12.79,10.03,11.88,12.52,10.76,11.90,11.25,13.08,13.01],
  [6.83,14.13,7.39,5.30,20.00,14.81,6.66,8.37,8.50,6.34,7.05,8.68,7.81,7.59,8.08,9.99,7.52,6.78,10.00,10.73,7.44,9.04,7.94,9.30,9.03,9.80,9.73,10.74,9.72,1.89,99.00,3.80,3.40,0.91,14.64,13.90,11.11,12.72,13.60,12.11,13.08,12.43,14.26,14.23],
  [3.46,13.26,9.45,4.97,20.50,16.91,8.39,8.31,7.63,7.22,6.48,8.98,7.64,7.78,7.35,6.38,3.91,3.04,6.25,6.95,3.76,5.29,4.37,5.59,5.35,6.50,5.94,6.98,6.59,2.58,3.80,99.00,0.97,3.06,14.76,14.32,11.68,13.76,14.11,11.99,13.37,12.73,14.51,14.39],
  [3.45,12.49,8.50,5.66,19.58,15.95,7.43,7.40,6.82,6.26,5.60,8.04,6.73,6.84,6.51,6.59,4.12,3.44,6.64,7.40,4.05,5.67,4.54,5.92,5.64,6.46,6.46,7.37,6.46,1.84,3.40,0.97,99.00,2.55,13.87,13.40,10.74,12.80,13.18,11.11,12.45,11.81,13.60,13.49],
  [5.95,13.42,7.28,5.45,19.58,14.78,6.44,7.75,7.76,5.88,6.32,8.14,7.16,7.01,7.35,9.13,6.67,5.97,9.18,9.93,6.60,8.22,7.08,8.47,8.19,8.90,8.96,9.92,8.81,0.99,0.91,3.06,2.55,99.00,14.11,13.43,10.66,12.39,13.15,11.52,12.58,11.93,13.76,13.71],
  [13.37,3.87,8.69,19.34,5.84,8.43,8.59,6.48,7.32,8.31,8.29,5.98,7.14,7.13,7.50,14.67,14.22,14.79,15.85,16.60,14.56,15.40,14.05,15.24,14.89,13.08,16.57,16.18,12.40,13.41,14.64,14.76,13.87,14.11,99.00,1.28,3.66,3.68,1.67,2.80,1.60,2.23,0.59,0.41],
  [13.22,4.76,7.61,18.76,6.19,7.26,7.63,6.03,7.14,7.56,7.92,5.37,6.70,6.57,7.24,14.78,14.12,14.61,15.92,16.70,14.44,15.40,13.99,15.27,14.91,13.22,16.58,16.29,12.54,12.79,13.90,14.32,13.40,13.43,1.28,99.00,2.79,2.40,0.40,2.78,1.03,1.60,0.69,1.02],
  [10.90,5.26,5.10,16.01,8.93,7.37,4.93,3.51,4.96,4.78,5.42,2.71,4.17,3.90,4.94,12.83,11.86,12.23,13.88,14.70,12.15,13.26,11.79,13.18,12.81,11.35,14.45,14.34,10.71,10.03,11.11,11.68,10.74,10.66,3.66,2.79,99.00,2.43,2.49,2.19,2.06,1.46,3.20,3.25],
  [13.24,6.76,5.79,17.83,7.43,5.21,6.12,5.85,7.38,6.60,7.73,4.95,6.48,6.10,7.33,15.26,14.22,14.54,16.29,17.12,14.50,15.66,14.17,15.59,15.21,13.78,16.84,16.76,13.14,11.88,12.72,13.76,12.80,12.39,3.68,2.40,2.43,99.00,2.01,4.02,2.66,2.61,3.09,3.39],
  [13.09,5.00,7.23,18.49,6.44,6.96,7.28,5.83,7.02,7.27,7.74,5.14,6.51,6.34,7.10,14.73,14.01,14.47,15.86,16.64,14.32,15.31,13.89,15.20,14.83,13.18,16.50,16.25,12.51,12.52,13.60,14.11,13.18,13.15,1.67,0.40,2.49,2.01,99.00,2.79,1.03,1.47,1.09,1.38],
  [10.58,3.07,7.01,16.65,8.64,9.23,6.59,3.78,4.51,5.89,5.52,3.46,4.42,4.51,4.70,12.01,11.44,11.99,13.16,13.93,11.78,12.67,11.29,12.53,12.17,10.44,13.84,13.53,9.77,10.76,12.11,11.99,11.11,11.52,2.80,2.78,2.19,4.02,2.79,99.00,1.77,1.45,2.68,2.47],
  [12.20,4.12,7.12,17.86,7.14,7.81,6.99,5.06,6.11,6.75,6.93,4.47,5.73,5.65,6.23,13.75,13.09,13.59,14.89,15.67,13.42,14.37,12.97,14.24,13.88,12.19,15.55,15.27,11.52,11.90,13.08,13.37,12.45,12.58,1.60,1.03,2.06,2.66,1.03,1.77,99.00,0.65,1.18,1.19],
  [11.63,4.21,6.55,17.21,7.77,7.83,6.38,4.43,5.55,6.10,6.31,3.81,5.10,5.00,5.64,13.27,12.54,13.01,14.38,15.17,12.85,13.84,12.42,13.72,13.36,11.72,15.03,14.78,11.05,11.25,12.43,12.73,11.81,11.93,2.23,1.60,1.46,2.61,1.47,1.45,0.65,99.00,1.83,1.82],
  [13.25,4.23,8.16,19.03,6.01,7.91,8.11,6.21,7.17,7.92,8.06,5.64,6.88,6.81,7.32,14.67,14.12,14.65,15.83,16.59,14.45,15.35,13.97,15.20,14.84,13.09,16.52,16.18,12.41,13.08,14.26,14.51,13.60,13.76,0.59,0.69,3.20,3.09,1.09,2.68,1.18,1.83,99.00,0.37],
  [13.05,3.85,8.29,18.95,6.17,8.27,8.18,6.10,6.98,7.90,7.92,5.58,6.76,6.74,7.15,14.41,13.91,14.46,15.58,16.33,14.24,15.11,13.75,14.96,14.60,12.82,16.28,15.92,12.14,13.01,14.23,14.39,13.49,13.71,0.41,1.02,3.25,3.39,1.38,2.47,1.19,1.82,0.37,99.00]
];
