// Chosen Depots: [1, 2, 3, 6]
// Chosen Demand Points (Original DP No): [3, 13, 14, 16, 20, 21, 23, 26, 27, 31, 87, 88, 90, 93, 94, 99, 100, 102, 103, 104, 105, 106, 108, 109, 115, 116, 118, 119, 120, 123, 124, 125, 128, 129, 131, 133, 136, 142, 145, 147, 148, 151, 153, 156, 157, 159, 161, 162, 166, 169]
// Original Weights: [9, 6, 5, 4, 6, 6, 6, 4, 7, 6, 7, 6, 6, 7, 6, 6, 7, 6, 7, 7, 6, 7, 7, 7, 7, 7, 7, 8, 7, 6, 3, 2, 2, 2, 2, 4, 2, 8, 7, 5, 6, 8, 8, 7, 7, 7, 8, 8, 6, 8]

|W| = 4;
|D| = 50;
V = 54;
C = 3;
|K| = 1;
M = 100;
S = 0.25;
|TR| = 11;
δmax = 18.3;
Runtime = 20;

// Priority weights for selected demand points
pj = [
  9, 6, 5, 4, 6, 6, 6, 4, 7, 6, 7, 6, 6, 7, 6, 6, 7, 6, 7, 7, 6, 7, 7, 7, 7, 7, 7, 8, 7, 6, 3, 2, 2, 2, 2, 4, 2, 8, 7, 5, 6, 8, 8, 7, 7, 7, 8, 8, 6, 8
];

δij =
[
  [99.00,99.00,99.00,99.00,17.00,7.40,5.42,7.41,5.52,8.30,7.04,9.54,6.11,6.00,3.22,1.64,2.02,3.60,1.70,1.26,2.70,1.23,2.57,2.81,0.36,2.46,4.35,3.63,4.28,2.70,4.65,3.14,4.21,2.62,4.44,6.34,7.10,6.83,5.42,3.51,5.95,11.71,11.87,10.83,10.90,10.58,11.66,12.20,11.63,10.82,13.25,13.05,1.30,4.75],
  [99.00,99.00,99.00,99.00,6.60,5.89,7.73,8.33,7.11,5.99,6.19,8.34,5.12,6.09,11.71,11.70,12.16,12.96,12.58,12.15,12.68,11.52,12.24,12.45,11.16,12.14,13.23,13.40,13.17,10.14,13.75,9.42,13.76,12.84,12.99,13.15,13.25,14.13,13.72,12.30,13.42,2.64,4.28,6.71,5.26,3.07,3.44,4.12,4.21,4.28,4.23,3.85,9.95,6.83],
  [99.00,99.00,99.00,99.00,11.78,4.86,5.27,3.03,5.60,4.22,4.86,1.62,7.61,6.07,13.12,11.85,12.28,13.82,11.85,11.47,12.97,11.45,12.78,13.03,10.60,12.66,14.52,13.90,14.45,11.77,14.88,11.53,14.47,12.89,8.16,6.62,6.09,7.39,8.13,8.25,7.28,8.06,6.68,3.65,5.10,7.01,7.29,7.12,6.55,5.98,8.16,8.29,10.16,10.15],
  [99.00,99.00,99.00,99.00,22.99,12.87,10.64,11.27,11.18,13.40,12.49,13.02,13.08,12.13,10.29,8.79,8.70,9.64,7.66,7.82,8.87,8.61,9.19,9.24,8.27,9.17,10.32,9.20,10.28,10.60,10.18,11.17,9.55,8.56,5.23,6.07,6.60,5.30,4.75,5.85,5.45,17.92,17.44,15.21,16.01,16.65,17.56,17.86,17.21,16.37,19.03,18.95,9.35,12.67],
  [17.00,6.60,11.78,22.99,99.00,10.15,12.42,11.86,11.97,9.60,10.55,10.62,10.92,11.18,18.11,17.87,18.35,19.33,18.62,18.17,18.93,17.63,18.52,18.75,17.13,18.41,19.67,19.72,19.60,16.50,20.18,15.82,20.13,19.05,17.78,17.24,17.05,18.20,18.27,17.31,17.71,5.29,5.57,8.24,7.09,6.48,5.47,5.14,5.79,6.62,3.96,4.06,16.00,13.23],
  [7.40,5.89,4.86,12.87,10.15,99.00,2.28,2.48,1.91,0.97,0.40,3.35,2.82,1.56,9.51,8.67,9.15,10.49,9.10,8.65,9.82,8.33,9.50,9.77,7.62,9.38,11.06,10.73,10.99,7.95,11.51,7.51,11.25,9.85,7.64,7.39,7.41,8.37,8.20,7.16,7.75,5.06,4.67,3.56,3.51,3.78,4.69,5.06,4.43,3.58,6.21,6.10,6.75,5.60],
  [5.42,7.73,5.27,10.64,12.42,2.28,99.00,2.23,0.66,3.01,1.88,4.22,3.22,1.69,7.95,6.85,7.32,8.78,7.11,6.68,8.01,6.48,7.75,8.01,5.69,7.63,9.43,8.94,9.35,6.53,9.83,6.27,9.49,7.99,5.41,5.44,5.62,6.40,6.03,4.89,5.69,7.28,6.94,5.43,5.71,6.01,6.96,7.34,6.70,5.86,8.48,8.37,5.03,5.07],
  [7.41,8.33,3.03,11.27,11.86,2.48,2.23,99.00,2.60,2.43,2.29,2.14,4.87,3.23,10.13,8.94,9.39,10.89,9.06,8.65,10.08,8.55,9.85,10.12,7.72,9.73,11.57,11.01,11.50,8.75,11.95,8.50,11.58,10.02,6.20,5.39,5.22,6.34,6.51,6.00,5.88,7.15,6.30,3.97,4.78,5.89,6.59,6.75,6.10,5.29,7.92,7.90,7.18,7.19],
  [5.52,7.11,5.60,11.18,11.97,1.91,0.66,2.60,99.00,2.77,1.53,4.41,2.56,1.04,7.84,6.86,7.34,8.74,7.22,6.78,8.02,6.50,7.73,7.99,5.76,7.61,9.36,8.94,9.28,6.35,9.78,6.02,9.48,8.02,5.96,6.08,6.28,7.05,6.62,5.38,6.32,6.77,6.55,5.32,5.42,5.52,6.51,6.93,6.31,5.47,8.06,7.92,4.97,4.60],
  [8.30,5.99,4.22,13.40,9.60,0.97,3.01,2.43,2.77,99.00,1.27,2.62,3.70,2.53,10.47,9.60,10.09,11.44,10.00,9.55,10.76,9.26,10.45,10.71,8.53,10.33,12.02,11.67,11.95,8.92,12.46,8.48,12.20,10.77,8.20,7.71,7.62,8.68,8.67,7.80,8.14,4.73,4.04,2.60,2.71,3.46,4.22,4.47,3.81,2.98,5.64,5.58,7.69,6.54],
  [7.04,6.19,4.86,12.49,10.55,0.40,1.88,2.29,1.53,1.27,99.00,3.41,2.76,1.33,9.21,8.33,8.82,10.17,8.74,8.30,9.49,7.99,9.18,9.44,7.27,9.06,10.76,10.40,10.69,7.67,11.20,7.26,10.93,9.51,7.25,7.04,7.08,8.02,7.82,6.77,7.39,5.44,5.06,3.86,3.89,4.16,5.08,5.46,4.82,3.98,6.60,6.49,6.42,5.44],
  [9.54,8.34,1.62,13.02,10.62,3.35,4.22,2.14,4.41,2.62,3.41,99.00,6.15,4.69,12.18,11.04,11.50,12.98,11.19,10.78,12.19,10.66,11.95,12.21,9.84,11.83,13.65,13.13,13.57,10.74,14.04,10.43,13.69,12.15,8.14,6.98,6.61,7.86,8.31,8.04,7.57,6.55,5.29,2.38,3.68,5.45,5.81,5.74,5.13,4.49,6.84,6.92,9.25,8.82],
  [6.11,5.12,7.61,13.08,10.92,2.82,3.22,4.87,2.56,3.70,2.76,6.15,99.00,1.65,7.41,6.97,7.46,8.55,7.70,7.25,8.06,6.71,7.67,7.91,6.22,7.56,9.00,8.89,8.93,5.78,9.49,5.20,9.35,8.16,8.00,8.50,8.77,9.43,8.80,7.24,8.64,5.65,6.09,6.12,5.55,4.62,5.71,6.34,5.86,5.15,7.29,7.05,5.08,2.92],
  [6.00,6.09,6.07,12.13,11.18,1.56,1.69,3.23,1.04,2.53,1.33,4.69,1.65,99.00,7.96,7.18,7.67,8.96,7.68,7.23,8.32,6.85,7.99,8.25,6.19,7.87,9.52,9.22,9.45,6.39,9.97,5.95,9.74,8.37,6.93,7.12,7.31,8.08,7.63,6.29,7.35,5.92,5.88,5.12,4.94,4.70,5.74,6.23,5.64,4.83,7.32,7.15,5.25,4.13],
  [3.22,11.71,13.12,10.29,18.11,9.51,7.95,10.13,7.84,10.47,9.21,12.18,7.41,7.96,99.00,1.69,1.61,1.28,2.66,2.63,1.49,2.05,1.10,1.11,2.86,1.11,1.59,1.79,1.52,1.63,2.08,2.29,2.06,1.80,7.56,9.55,10.31,9.99,8.51,6.67,9.13,12.96,13.50,13.07,12.83,12.01,13.11,13.75,13.27,12.54,14.67,14.41,2.96,4.89],
  [1.64,11.70,11.85,8.79,17.87,8.67,6.85,8.94,6.86,9.60,8.33,11.04,6.97,7.18,1.69,99.00,0.49,1.97,1.17,0.99,1.16,0.41,0.93,1.19,1.28,0.82,2.72,2.09,2.64,1.93,3.03,2.64,2.64,1.19,5.88,7.89,8.67,8.31,6.83,5.00,7.45,12.62,12.96,12.18,12.12,11.57,12.66,13.25,12.72,11.94,14.25,14.02,1.94,4.96],
  [2.02,12.16,12.28,8.70,18.35,9.15,7.32,9.39,7.34,10.09,8.82,11.50,7.46,7.67,1.61,0.49,99.00,1.58,1.05,1.08,0.69,0.84,0.61,0.81,1.69,0.53,2.36,1.63,2.29,2.25,2.63,2.98,2.19,0.71,6.09,8.14,8.93,8.51,7.01,5.24,7.67,13.11,13.45,12.66,12.61,12.06,13.15,13.74,13.21,12.43,14.74,14.50,2.43,5.39],
  [3.60,12.96,13.82,9.64,19.33,10.49,8.78,10.89,8.74,11.44,10.17,12.98,8.55,8.96,1.28,1.97,1.58,99.00,2.41,2.60,0.97,2.38,1.04,0.79,3.25,1.16,0.80,0.55,0.73,2.83,1.06,3.54,0.81,1.21,7.58,9.68,10.48,10.00,8.48,6.77,9.18,14.14,14.62,14.03,13.88,13.16,14.26,14.89,14.38,13.64,15.83,15.58,3.77,6.13],
  [1.70,12.58,11.85,7.66,18.62,9.10,7.11,9.06,7.22,10.00,8.74,11.19,7.70,7.68,2.66,1.17,1.05,2.41,99.00,0.45,1.45,1.13,1.61,1.75,1.50,1.56,3.21,2.23,3.14,3.09,3.36,3.77,2.80,1.21,5.18,7.29,8.10,7.59,6.07,4.39,6.78,13.33,13.55,12.52,12.60,12.23,13.31,13.87,13.31,12.50,14.90,14.69,2.64,5.96],
  [1.26,12.15,11.47,7.82,18.17,8.65,6.68,8.65,6.78,9.55,8.30,10.78,7.25,7.23,2.63,0.99,1.08,2.60,0.45,99.00,1.64,0.81,1.68,1.87,1.05,1.60,3.40,2.51,3.33,2.82,3.60,3.47,3.09,1.47,5.01,7.08,7.88,7.44,5.93,4.18,6.60,12.88,13.09,12.09,12.15,11.78,12.86,13.42,12.85,12.05,14.45,14.24,2.20,5.56],
  [2.70,12.68,12.97,8.87,18.93,9.82,8.01,10.08,8.02,10.76,9.49,12.19,8.06,8.32,1.49,1.16,0.69,0.97,1.45,1.64,99.00,1.53,0.47,0.38,2.37,0.54,1.77,0.94,1.70,2.61,1.97,3.35,1.51,0.31,6.62,8.71,9.51,9.04,7.51,5.81,8.22,13.70,14.08,13.33,13.26,12.67,13.76,14.37,13.84,13.07,15.35,15.11,3.08,5.87],
  [1.23,11.52,11.45,8.61,17.63,8.33,6.48,8.55,6.50,9.26,7.99,10.66,6.71,6.85,2.05,0.41,0.84,2.38,1.13,0.81,1.53,99.00,1.34,1.59,0.87,1.23,3.13,2.47,3.05,2.01,3.44,2.66,3.03,1.52,5.52,7.51,8.28,7.94,6.47,4.63,7.08,12.37,12.66,11.82,11.79,11.29,12.38,12.97,12.42,11.64,13.97,13.75,1.64,4.84],
  [2.57,12.24,12.78,9.19,18.52,9.50,7.75,9.85,7.73,10.45,9.18,11.95,7.67,7.99,1.10,0.93,0.61,1.04,1.61,1.68,0.47,1.34,99.00,0.26,2.22,0.12,1.79,1.24,1.71,2.15,2.10,2.89,1.75,0.73,6.69,8.75,9.53,9.12,7.61,5.84,8.28,13.30,13.71,13.03,12.92,12.28,13.38,13.99,13.47,12.71,14.96,14.71,2.76,5.42],
  [2.81,12.45,13.03,9.24,18.75,9.77,8.01,10.12,7.99,10.71,9.44,12.21,7.91,8.25,1.11,1.19,0.81,0.79,1.75,1.87,0.38,1.59,0.26,99.00,2.46,0.38,1.55,0.98,1.48,2.34,1.85,3.08,1.49,0.69,6.88,8.95,9.74,9.30,7.79,6.04,8.47,13.54,13.96,13.30,13.18,12.53,13.63,14.24,13.72,12.96,15.20,14.96,3.02,5.63],
  [0.36,11.16,10.60,8.27,17.13,7.62,5.69,7.72,5.76,8.53,7.27,9.84,6.22,6.19,2.86,1.28,1.69,3.25,1.50,1.05,2.37,0.87,2.22,2.46,99.00,2.10,4.00,3.31,3.93,2.41,4.31,2.91,3.88,2.31,4.77,6.70,7.45,7.18,5.75,3.85,6.30,11.84,12.05,11.08,11.11,10.73,11.81,12.37,11.81,11.01,13.40,13.20,1.23,4.68],
  [2.46,12.14,12.66,9.17,18.41,9.38,7.63,9.73,7.61,10.33,9.06,11.83,7.56,7.87,1.11,0.82,0.53,1.16,1.56,1.60,0.54,1.23,0.12,0.38,2.10,99.00,1.90,1.35,1.82,2.07,2.22,2.81,1.87,0.78,6.61,8.65,9.44,9.03,7.53,5.75,8.19,13.19,13.59,12.91,12.81,12.17,13.27,13.88,13.36,12.59,14.84,14.60,2.64,5.33],
  [4.35,13.23,14.52,10.32,19.67,11.06,9.43,11.57,9.36,12.02,10.76,13.65,9.00,9.52,1.59,2.72,2.36,0.80,3.21,3.40,1.77,3.13,1.79,1.55,4.00,1.90,99.00,1.12,0.08,3.22,0.52,3.85,0.87,2.00,8.38,10.48,11.28,10.80,9.27,7.57,9.98,14.53,15.08,14.62,14.41,13.59,14.69,15.34,14.85,14.12,16.25,15.98,4.40,6.44],
  [3.63,13.40,13.90,9.20,19.72,10.73,8.94,11.01,8.94,11.67,10.40,13.13,8.89,9.22,1.79,2.09,1.63,0.55,2.23,2.51,0.94,2.47,1.24,0.98,3.31,1.35,1.12,99.00,1.09,3.26,1.13,3.98,0.58,1.04,7.39,9.52,10.33,9.79,8.25,6.62,9.00,14.51,14.94,14.25,14.16,13.51,14.61,15.22,14.70,13.94,16.18,15.94,3.99,6.57],
  [4.28,13.17,14.45,10.28,19.60,10.99,9.35,11.50,9.28,11.95,10.69,13.57,8.93,9.45,1.52,2.64,2.29,0.73,3.14,3.33,1.70,3.05,1.71,1.48,3.93,1.82,0.08,1.09,99.00,3.15,0.58,3.79,0.87,1.94,8.32,10.41,11.21,10.74,9.21,7.50,9.92,14.47,15.01,14.54,14.34,13.53,14.62,15.27,14.78,14.05,16.18,15.92,4.33,6.37],
  [2.70,10.14,11.77,10.60,16.50,7.95,6.53,8.75,6.35,8.92,7.67,10.74,5.78,6.39,1.63,1.93,2.25,2.83,3.09,2.82,2.61,2.01,2.15,2.34,2.41,2.07,3.22,3.26,3.15,99.00,3.71,0.74,3.64,2.83,7.09,8.88,9.58,9.45,8.08,6.14,8.55,11.33,11.87,11.51,11.23,10.38,11.48,12.12,11.64,10.91,13.03,12.77,1.82,3.31],
  [4.65,13.75,14.88,10.18,20.18,11.51,9.83,11.95,9.78,12.46,11.20,14.04,9.49,9.97,2.08,3.03,2.63,1.06,3.36,3.60,1.97,3.44,2.10,1.85,4.31,2.22,0.52,1.13,0.58,3.71,99.00,4.36,0.64,2.15,8.52,10.65,11.46,10.93,9.39,7.75,10.13,15.04,15.57,15.06,14.88,14.09,15.19,15.83,15.34,14.60,16.75,16.49,4.81,6.95],
  [3.14,9.42,11.53,11.17,15.82,7.51,6.27,8.50,6.02,8.48,7.26,10.43,5.20,5.95,2.29,2.64,2.98,3.54,3.77,3.47,3.35,2.66,2.89,3.08,2.91,2.81,3.85,3.98,3.79,0.74,4.36,99.00,4.34,3.57,7.41,9.08,9.75,9.72,8.41,6.45,8.81,10.69,11.28,11.07,10.71,9.77,10.86,11.52,11.05,10.35,12.41,12.14,2.03,2.60],
  [4.21,13.76,14.47,9.55,20.13,11.25,9.49,11.58,9.48,12.20,10.93,13.69,9.35,9.74,2.06,2.64,2.19,0.81,2.80,3.09,1.51,3.03,1.75,1.49,3.88,1.87,0.87,0.58,0.87,3.64,0.64,4.34,99.00,1.62,7.94,10.08,10.89,10.33,8.79,7.18,9.55,14.95,15.42,14.79,14.66,13.96,15.06,15.69,15.18,14.43,16.63,16.38,4.51,6.94],
  [2.62,12.84,12.89,8.56,19.05,9.85,7.99,10.02,8.02,10.77,9.51,12.15,8.16,8.37,1.80,1.19,0.71,1.21,1.21,1.47,0.31,1.52,0.73,0.69,2.31,0.78,2.00,1.04,1.94,2.83,2.15,3.57,1.62,99.00,6.39,8.50,9.31,8.80,7.27,5.60,7.99,13.81,14.15,13.34,13.31,12.76,13.86,14.45,13.91,13.13,15.44,15.21,3.13,6.05],
  [4.44,12.99,8.16,5.23,17.78,7.64,5.41,6.20,5.96,8.20,7.25,8.14,8.00,6.93,7.56,5.88,6.09,7.58,5.18,5.01,6.62,5.52,6.69,6.88,4.77,6.61,8.38,7.39,8.32,7.09,8.52,7.41,7.94,6.39,99.00,2.18,3.01,2.43,1.00,0.96,1.61,12.69,12.24,10.17,10.85,11.41,12.33,12.65,12.01,11.16,13.82,13.73,5.38,8.15],
  [6.34,13.15,6.62,6.07,17.24,7.39,5.44,5.39,6.08,7.71,7.04,6.98,8.50,7.12,9.55,7.89,8.14,9.68,7.29,7.08,8.71,7.51,8.75,8.95,6.70,8.65,10.48,9.52,10.41,8.88,10.65,9.08,10.08,8.50,2.18,99.00,0.84,0.98,1.64,2.91,0.70,12.41,11.68,9.23,10.17,11.13,11.92,12.12,11.47,10.66,13.30,13.27,7.08,9.33],
  [7.10,13.25,6.09,6.60,17.05,7.41,5.62,5.22,6.28,7.62,7.08,6.61,8.77,7.31,10.31,8.67,8.93,10.48,8.10,7.88,9.51,8.28,9.53,9.74,7.45,9.44,11.28,10.33,11.21,9.58,11.46,9.75,10.89,9.31,3.01,0.84,99.00,1.30,2.44,3.71,1.50,12.34,11.51,8.93,9.96,11.07,11.81,11.96,11.31,10.51,13.13,13.12,7.77,9.83],
  [6.83,14.13,7.39,5.30,18.20,8.37,6.40,6.34,7.05,8.68,8.02,7.86,9.43,8.08,9.99,8.31,8.51,10.00,7.59,7.44,9.04,7.94,9.12,9.30,7.18,9.03,10.80,9.79,10.74,9.45,10.93,9.72,10.33,8.80,2.43,0.98,1.30,99.00,1.55,3.33,0.91,13.38,12.64,10.14,11.11,12.11,12.89,13.08,12.43,11.62,14.26,14.23,7.69,10.14],
  [5.42,13.72,8.13,4.75,18.27,8.20,6.03,6.51,6.62,8.67,7.82,8.31,8.80,7.63,8.51,6.83,7.01,8.48,6.07,5.93,7.51,6.47,7.61,7.79,5.75,7.53,9.27,8.25,9.21,8.08,9.39,8.41,8.79,7.27,1.00,1.64,2.44,1.55,99.00,1.95,0.94,13.26,12.70,10.46,11.26,11.98,12.86,13.13,12.48,11.64,14.30,14.24,6.38,9.10],
  [3.51,12.30,8.25,5.85,17.31,7.16,4.89,6.00,5.38,7.80,6.77,8.04,7.24,6.29,6.67,5.00,5.24,6.77,4.39,4.18,5.81,4.63,5.84,6.04,3.85,5.75,7.57,6.62,7.50,6.14,7.75,6.45,7.18,5.60,0.96,2.91,3.71,3.33,1.95,99.00,2.45,12.15,11.81,9.93,10.49,10.89,11.85,12.21,11.57,10.73,13.37,13.26,4.42,7.23],
  [5.95,13.42,7.28,5.45,17.71,7.75,5.69,5.88,6.32,8.14,7.39,7.57,8.64,7.35,9.13,7.45,7.67,9.18,6.78,6.60,8.22,7.08,8.28,8.47,6.30,8.19,9.98,9.00,9.92,8.55,10.13,8.81,9.55,7.99,1.61,0.70,1.50,0.91,0.94,2.45,99.00,12.80,12.15,9.78,10.66,11.52,12.35,12.58,11.93,11.10,13.76,13.71,6.79,9.25],
  [11.71,2.64,8.06,17.92,5.29,5.06,7.28,7.15,6.77,4.73,5.44,6.55,5.65,5.92,12.96,12.62,13.11,14.14,13.33,12.88,13.70,12.37,13.30,13.54,11.84,13.19,14.53,14.51,14.47,11.33,15.04,10.69,14.95,13.81,12.69,12.41,12.34,13.38,13.26,12.15,12.80,99.00,1.69,4.51,3.00,1.28,0.86,1.48,1.68,2.07,1.80,1.48,10.73,8.14],
  [11.87,4.28,6.68,17.44,5.57,4.67,6.94,6.30,6.55,4.04,5.06,5.29,6.09,5.88,13.50,12.96,13.45,14.62,13.55,13.09,14.08,12.66,13.71,13.96,12.05,13.59,15.08,14.94,15.01,11.87,15.57,11.28,15.42,14.15,12.24,11.68,11.51,12.64,12.70,11.81,12.15,1.69,99.00,3.05,1.62,1.63,0.84,0.45,0.24,1.08,1.62,1.64,11.03,8.85],
  [10.83,6.71,3.65,15.21,8.24,3.56,5.43,3.97,5.32,2.60,3.86,2.38,6.12,5.12,13.07,12.18,12.66,14.03,12.52,12.09,13.33,11.82,13.03,13.30,11.08,12.91,14.62,14.25,14.54,11.51,15.06,11.07,14.79,13.34,10.17,9.23,8.93,10.14,10.46,9.93,9.78,4.51,3.05,99.00,1.51,3.65,3.70,3.47,2.93,2.48,4.52,4.64,10.27,9.03],
  [10.90,5.26,5.10,16.01,7.09,3.51,5.71,4.78,5.42,2.71,3.89,3.68,5.55,4.94,12.83,12.12,12.61,13.88,12.60,12.15,13.26,11.79,12.92,13.18,11.11,12.81,14.41,14.16,14.34,11.23,14.88,10.71,14.66,13.31,10.85,10.17,9.96,11.11,11.26,10.49,10.66,3.00,1.62,1.51,99.00,2.19,2.19,2.06,1.46,0.98,3.20,3.25,10.19,8.45],
  [10.58,3.07,7.01,16.65,6.48,3.78,6.01,5.89,5.52,3.46,4.16,5.45,4.62,4.70,12.01,11.57,12.06,13.16,12.23,11.78,12.67,11.29,12.28,12.53,10.73,12.17,13.59,13.51,13.53,10.38,14.09,9.77,13.96,12.76,11.41,11.13,11.07,12.11,11.98,10.89,11.52,1.28,1.63,3.65,2.19,99.00,1.10,1.77,1.45,1.22,2.68,2.47,9.65,7.29],
  [11.66,3.44,7.29,17.56,5.47,4.69,6.96,6.59,6.51,4.22,5.08,5.81,5.71,5.74,13.11,12.66,13.15,14.26,13.31,12.86,13.76,12.38,13.38,13.63,11.81,13.27,14.69,14.61,14.62,11.48,15.19,10.86,15.06,13.86,12.33,11.92,11.81,12.89,12.86,11.85,12.35,0.86,0.84,3.70,2.19,1.10,99.00,0.75,0.82,1.34,1.59,1.42,10.75,8.37],
  [12.20,4.12,7.12,17.86,5.14,5.06,7.34,6.75,6.93,4.47,5.46,5.74,6.34,6.23,13.75,13.25,13.74,14.89,13.87,13.42,14.37,12.97,13.99,14.24,12.37,13.88,15.34,15.22,15.27,12.12,15.83,11.52,15.69,14.45,12.65,12.12,11.96,13.08,13.13,12.21,12.58,1.48,0.45,3.47,2.06,1.77,0.75,99.00,0.65,1.49,1.18,1.19,11.33,9.06],
  [11.63,4.21,6.55,17.21,5.79,4.43,6.70,6.10,6.31,3.81,4.82,5.13,5.86,5.64,13.27,12.72,13.21,14.38,13.31,12.85,13.84,12.42,13.47,13.72,11.81,13.36,14.85,14.70,14.78,11.64,15.34,11.05,15.18,13.91,12.01,11.47,11.31,12.43,12.48,11.57,11.93,1.68,0.24,2.93,1.46,1.45,0.82,0.65,99.00,0.85,1.83,1.82,10.79,8.63],
  [10.82,4.28,5.98,16.37,6.62,3.58,5.86,5.29,5.47,2.98,3.98,4.49,5.15,4.83,12.54,11.94,12.43,13.64,12.50,12.05,13.07,11.64,12.71,12.96,11.01,12.59,14.12,13.94,14.05,10.91,14.60,10.35,14.43,13.13,11.16,10.66,10.51,11.62,11.64,10.73,11.10,2.07,1.08,2.48,0.98,1.22,1.34,1.49,0.85,99.00,2.66,2.61,10.01,7.98],
  [13.25,4.23,8.16,19.03,3.96,6.21,8.48,7.92,8.06,5.64,6.60,6.84,7.29,7.32,14.67,14.25,14.74,15.83,14.90,14.45,15.35,13.97,14.96,15.20,13.40,14.84,16.25,16.18,16.18,13.03,16.75,12.41,16.63,15.44,13.82,13.30,13.13,14.26,14.30,13.37,13.76,1.80,1.62,4.52,3.20,2.68,1.59,1.18,1.83,2.66,99.00,0.37,12.33,9.89],
  [13.05,3.85,8.29,18.95,4.06,6.10,8.37,7.90,7.92,5.58,6.49,6.92,7.05,7.15,14.41,14.02,14.50,15.58,14.69,14.24,15.11,13.75,14.71,14.96,13.20,14.60,15.98,15.94,15.92,12.77,16.49,12.14,16.38,15.21,13.73,13.27,13.12,14.23,14.24,13.26,13.71,1.48,1.64,4.64,3.25,2.47,1.42,1.19,1.82,2.61,0.37,99.00,12.11,9.60],
  [1.30,9.95,10.16,9.35,16.00,6.75,5.03,7.18,4.97,7.69,6.42,9.25,5.08,5.25,2.96,1.94,2.43,3.77,2.64,2.20,3.08,1.64,2.76,3.02,1.23,2.64,4.40,3.99,4.33,1.82,4.81,2.03,4.51,3.13,5.38,7.08,7.77,7.69,6.38,4.42,6.79,10.73,11.03,10.27,10.19,9.65,10.75,11.33,10.79,10.01,12.33,12.11,99.00,3.46],
  [4.75,6.83,10.15,12.67,13.23,5.60,5.07,7.19,4.60,6.54,5.44,8.82,2.92,4.13,4.89,4.96,5.39,6.13,5.96,5.56,5.87,4.84,5.42,5.63,4.68,5.33,6.44,6.57,6.37,3.31,6.95,2.60,6.94,6.05,8.15,9.33,9.83,10.14,9.10,7.23,9.25,8.14,8.85,9.03,8.45,7.29,8.37,9.06,8.63,7.98,9.89,9.60,3.46,99.00]
];
