// Chosen Depots: [1, 2, 3, 6]
// Chosen Demand Points (Original DP No): [1, 3, 10, 11, 14, 15, 18, 23, 24, 30, 91, 92, 93, 94, 97, 100, 102, 103, 104, 107, 108, 111, 115, 120, 125, 128, 133, 134, 137, 138, 140, 141, 144, 146, 148, 150, 156, 159, 165, 170]
// Original Weights: [9, 9, 4, 5, 5, 7, 4, 6, 5, 5, 6, 5, 7, 6, 7, 7, 6, 7, 7, 8, 7, 7, 7, 7, 2, 2, 4, 4, 3, 3, 4, 4, 8, 8, 6, 7, 7, 7, 6, 8]

|W| = 4;
|D| = 40;
V = 54;
C = 3;
|K| = 2;
M = 100;
S = 0.25;
|TR| = 10;
δmax = 18.3;
Runtime = 15;

// Priority weights for selected demand points
pj = [
  9, 9, 4, 5, 5, 7, 4, 6, 5, 5, 6, 5, 7, 6, 7, 7, 6, 7, 7, 8, 7, 7, 7, 7, 2, 2, 4, 4, 3, 3, 4, 4, 8, 8, 6, 7, 7, 7, 6, 8
];

δij =
[
  [99.00,99.00,99.00,99.00,19.31,17.00,9.07,9.24,5.42,6.09,8.48,7.04,6.93,7.81,1.03,1.44,3.60,1.70,2.58,2.70,1.23,2.57,2.81,3.04,4.35,2.79,4.28,4.21,6.34,7.10,3.51,3.27,3.84,3.89,11.81,11.81,13.22,11.96,10.90,13.09,12.20,10.82,1.06,4.61],
  [99.00,99.00,99.00,99.00,9.07,6.60,9.37,6.43,7.73,5.71,9.26,6.19,8.35,7.88,11.79,12.55,12.96,12.58,10.69,12.68,11.52,12.24,12.45,10.10,13.23,12.72,13.17,13.76,13.15,13.25,12.30,13.57,13.33,13.59,9.48,9.48,4.76,3.06,5.26,5.00,4.12,4.28,10.11,7.19],
  [99.00,99.00,99.00,99.00,13.23,11.78,1.22,3.53,5.27,6.45,1.80,4.86,3.48,2.93,11.29,11.22,13.82,11.85,12.08,12.97,11.45,12.78,13.03,12.02,14.52,13.05,14.45,14.47,6.62,6.09,8.25,10.13,9.15,9.46,1.98,1.98,7.61,7.89,5.10,7.23,7.12,5.98,10.04,10.52],
  [99.00,99.00,99.00,99.00,24.98,22.99,11.89,13.89,10.64,12.46,11.44,12.49,10.93,11.86,8.11,7.06,9.64,7.66,10.28,8.87,8.61,9.19,9.24,10.91,10.32,8.93,10.28,9.55,6.07,6.60,5.85,4.86,4.83,4.60,14.66,14.66,18.76,18.03,16.01,18.49,17.86,16.37,9.09,12.61],
  [19.31,9.07,13.23,24.98,99.00,2.47,13.53,11.10,14.54,13.24,13.83,12.66,14.06,13.14,20.16,20.72,21.74,20.95,19.45,21.31,19.99,20.91,21.15,18.93,22.09,21.37,22.03,22.54,19.10,18.83,19.41,21.07,20.49,20.79,11.50,11.50,6.25,7.35,8.98,6.49,7.21,8.68,18.45,16.06],
  [17.00,6.60,11.78,22.99,2.47,99.00,11.90,9.23,12.42,10.98,12.12,10.55,12.13,11.27,17.82,18.43,19.33,18.62,17.04,18.93,17.63,18.52,18.75,16.50,19.67,18.98,19.60,20.13,17.24,17.05,17.31,18.91,18.40,18.69,10.26,10.26,4.31,5.07,7.09,4.63,5.14,6.62,16.11,13.63],
  [9.07,9.37,1.22,11.89,13.53,11.90,99.00,3.01,4.07,5.38,0.59,3.85,2.27,1.83,10.09,10.04,12.61,10.66,10.86,11.76,10.24,11.56,11.82,10.81,13.31,11.85,13.23,13.27,5.82,5.40,7.17,9.06,8.12,8.43,2.91,2.91,7.63,7.63,4.93,7.28,6.99,5.70,8.83,9.37],
  [9.24,6.43,3.53,13.89,11.10,9.23,3.01,99.00,3.85,3.79,3.04,2.29,2.96,2.05,10.23,10.49,12.45,10.94,10.39,11.75,10.23,11.45,11.71,10.14,13.05,11.83,12.97,13.20,8.02,7.82,8.46,10.24,9.52,9.83,3.55,3.55,4.93,4.66,2.14,4.63,4.14,2.74,8.67,8.02],
  [5.42,7.73,5.27,10.64,14.54,12.42,4.07,3.85,99.00,2.14,3.53,1.88,1.80,2.47,6.43,6.64,8.78,7.11,6.88,8.01,6.48,7.75,8.01,6.77,9.43,8.09,9.35,9.49,5.44,5.62,4.89,6.53,5.97,6.26,6.52,6.52,8.30,7.41,5.71,8.09,7.34,5.86,4.96,5.39],
  [6.09,5.71,6.45,12.46,13.24,10.98,5.38,3.79,2.14,99.00,4.97,1.62,3.42,3.55,6.99,7.49,8.92,7.76,6.75,8.32,6.88,7.97,8.23,6.43,9.45,8.39,9.38,9.71,7.55,7.75,6.61,8.02,7.67,7.94,7.18,7.18,7.14,5.91,4.96,7.02,6.11,4.76,5.30,4.24],
  [8.48,9.26,1.80,11.44,13.83,12.12,0.59,3.04,3.53,4.97,99.00,3.50,1.73,1.47,9.50,9.45,12.02,10.07,10.29,11.17,9.65,10.98,11.24,10.25,12.73,11.26,12.65,12.68,5.39,5.02,6.62,8.50,7.58,7.88,3.47,3.47,7.83,7.70,5.08,7.49,7.13,5.77,8.25,8.88],
  [7.04,6.19,4.86,12.49,12.66,10.55,3.85,2.29,1.88,1.62,3.50,99.00,2.19,2.03,8.02,8.35,10.17,8.74,8.10,9.49,7.99,9.18,9.44,7.85,10.76,9.57,10.69,10.93,7.04,7.08,6.77,8.41,7.85,8.14,5.57,5.57,6.42,5.55,3.89,6.23,5.46,3.98,6.41,5.84],
  [6.93,8.35,3.48,10.93,14.06,12.13,2.27,2.96,1.80,3.42,1.73,2.19,99.00,0.98,7.96,8.01,10.41,8.57,8.61,9.60,8.07,9.38,9.64,8.54,11.10,9.68,11.02,11.10,5.13,5.03,5.57,7.41,6.62,6.93,4.88,4.88,7.85,7.33,5.08,7.58,7.00,5.53,6.61,7.16],
  [7.81,7.88,2.93,11.86,13.14,11.27,1.83,2.05,2.47,3.55,1.47,2.03,0.98,99.00,8.83,8.93,11.23,9.47,9.35,10.44,8.91,10.20,10.46,9.23,11.89,10.52,11.82,11.94,5.98,5.80,6.55,8.38,7.60,7.90,4.05,4.05,6.97,6.58,4.19,6.68,6.16,4.72,7.41,7.60],
  [1.03,11.79,11.29,8.11,20.16,17.82,10.09,10.23,6.43,6.99,9.50,8.02,7.96,8.83,99.00,1.06,2.63,0.80,2.17,1.70,0.50,1.64,1.86,2.80,3.41,1.79,3.34,3.19,7.12,7.90,4.22,3.54,4.34,4.32,12.83,12.83,14.12,12.81,11.86,14.01,13.09,11.74,1.71,4.97],
  [1.44,12.55,11.22,7.06,20.72,18.43,10.04,10.49,6.64,7.49,9.45,8.35,8.01,8.93,1.06,99.00,3.22,0.81,3.22,2.26,1.55,2.39,2.54,3.86,4.02,2.35,3.95,3.59,6.49,7.30,3.59,2.58,3.50,3.43,12.86,12.86,14.61,13.38,12.23,14.47,13.59,12.19,2.46,5.92],
  [3.60,12.96,13.82,9.64,21.74,19.33,12.61,12.45,8.78,8.92,12.02,10.17,10.41,11.23,2.63,3.22,99.00,2.41,2.29,0.97,2.38,1.04,0.79,2.87,0.80,0.88,0.73,0.81,9.68,10.48,6.77,5.73,6.71,6.62,15.27,15.27,15.92,14.46,13.88,15.86,14.89,13.64,3.82,5.77],
  [1.70,12.58,11.85,7.66,20.95,18.62,10.66,10.94,7.11,7.76,10.07,8.74,8.57,9.47,0.80,0.81,2.41,99.00,2.68,1.45,1.13,1.61,1.75,3.36,3.21,1.53,3.14,2.80,7.29,8.10,4.39,3.36,4.31,4.23,13.44,13.44,14.89,13.60,12.60,14.77,13.87,12.50,2.51,5.73],
  [2.58,10.69,12.08,10.28,19.45,17.04,10.86,10.39,6.88,6.75,10.29,8.10,8.61,9.35,2.17,3.22,2.29,2.68,99.00,2.07,1.68,1.60,1.79,0.71,2.71,2.09,2.64,3.09,8.88,9.61,6.08,5.68,6.39,6.41,13.39,13.39,13.66,12.18,11.70,13.61,12.64,11.41,2.15,3.52],
  [2.70,12.68,12.97,8.87,21.31,18.93,11.76,11.75,8.01,8.32,11.17,9.49,9.60,10.44,1.70,2.26,0.97,1.45,2.07,99.00,1.53,0.47,0.38,2.76,1.77,0.09,1.70,1.51,8.71,9.51,5.81,4.79,5.75,5.67,14.47,14.47,15.40,14.00,13.26,15.31,14.37,13.07,3.08,5.55],
  [1.23,11.52,11.45,8.61,19.99,17.63,10.24,10.23,6.48,6.88,9.65,7.99,8.07,8.91,0.50,1.55,2.38,1.13,1.68,1.53,99.00,1.34,1.59,2.31,3.13,1.62,3.05,3.03,7.51,8.28,4.63,4.03,4.80,4.79,12.94,12.94,13.99,12.64,11.79,13.89,12.97,11.64,1.58,4.60],
  [2.57,12.24,12.78,9.19,20.91,18.52,11.56,11.45,7.75,7.97,10.98,9.18,9.38,10.20,1.64,2.39,1.04,1.61,1.60,0.47,1.34,99.00,0.26,2.29,1.79,0.49,1.71,1.75,8.75,9.53,5.84,4.96,5.88,5.82,14.24,14.24,15.02,13.60,12.92,14.94,13.99,12.71,2.80,5.10],
  [2.81,12.45,13.03,9.24,21.15,18.75,11.82,11.71,8.01,8.23,11.24,9.44,9.64,10.46,1.86,2.54,0.79,1.75,1.79,0.38,1.59,0.26,99.00,2.46,1.55,0.35,1.48,1.49,8.95,9.74,6.04,5.10,6.04,5.97,14.50,14.50,15.27,13.84,13.18,15.20,14.24,12.96,3.06,5.30],
  [3.04,10.10,12.02,10.91,18.93,16.50,10.81,10.14,6.77,6.43,10.25,7.85,8.54,9.23,2.80,3.86,2.87,3.36,0.71,2.76,2.31,2.29,2.46,99.00,3.17,2.77,3.10,3.67,9.22,9.92,6.49,6.25,6.89,6.93,13.25,13.25,13.22,11.70,11.35,13.18,12.19,11.01,2.39,2.91],
  [4.35,13.23,14.52,10.32,22.09,19.67,13.31,13.05,9.43,9.45,12.73,10.76,11.10,11.89,3.41,4.02,0.80,3.21,2.71,1.77,3.13,1.79,1.55,3.17,99.00,1.67,0.08,0.87,10.48,11.28,7.57,6.51,7.50,7.41,15.94,15.94,16.36,14.86,14.41,16.32,15.34,14.12,4.49,6.05],
  [2.79,12.72,13.05,8.93,21.37,18.98,11.85,11.83,8.09,8.39,11.26,9.57,9.68,10.52,1.79,2.35,0.88,1.53,2.09,0.09,1.62,0.49,0.35,2.77,1.67,99.00,1.61,1.42,8.80,9.61,5.90,4.87,5.84,5.76,14.55,14.55,15.46,14.05,13.33,15.38,14.43,13.14,3.16,5.58],
  [4.28,13.17,14.45,10.28,22.03,19.60,13.23,12.97,9.35,9.38,12.65,10.69,11.02,11.82,3.34,3.95,0.73,3.14,2.64,1.70,3.05,1.71,1.48,3.10,0.08,1.61,99.00,0.87,10.41,11.21,7.50,6.45,7.44,7.35,15.86,15.86,16.29,14.80,14.34,16.25,15.27,14.05,4.41,5.99],
  [4.21,13.76,14.47,9.55,22.54,20.13,13.27,13.20,9.49,9.71,12.68,10.93,11.10,11.94,3.19,3.59,0.81,2.80,3.09,1.51,3.03,1.75,1.49,3.67,0.87,1.42,0.87,99.00,10.08,10.89,7.18,5.96,7.01,6.89,15.97,15.97,16.72,15.26,14.66,16.65,15.69,14.43,4.54,6.57],
  [6.34,13.15,6.62,6.07,19.10,17.24,5.82,8.02,5.44,7.55,5.39,7.04,5.13,5.98,7.12,6.49,9.68,7.29,8.88,8.71,7.51,8.75,8.95,9.22,10.48,8.80,10.41,10.08,99.00,0.84,2.91,4.36,3.23,3.46,8.60,8.60,12.95,12.45,10.17,12.66,12.12,10.66,6.83,9.47],
  [7.10,13.25,6.09,6.60,18.83,17.05,5.40,7.82,5.62,7.75,5.02,7.08,5.03,5.80,7.90,7.30,10.48,8.10,9.61,9.51,8.28,9.53,9.74,9.92,11.28,9.61,11.21,10.89,0.84,99.00,3.71,5.20,4.07,4.29,8.07,8.07,12.74,12.36,9.96,12.43,11.96,10.51,7.52,10.00],
  [3.51,12.30,8.25,5.85,19.41,17.31,7.17,8.46,4.89,6.61,6.62,6.77,5.57,6.55,4.22,3.59,6.77,4.39,6.08,5.81,4.63,5.84,6.04,6.49,7.57,5.90,7.50,7.18,2.91,3.71,99.00,1.89,1.08,1.38,10.08,10.08,13.16,12.29,10.49,12.93,12.21,10.73,4.15,7.27],
  [3.27,13.57,10.13,4.86,21.07,18.91,9.06,10.24,6.53,8.02,8.50,8.41,7.41,8.38,3.54,2.58,5.73,3.36,5.68,4.79,4.03,4.96,5.10,6.25,6.51,4.87,6.45,5.96,4.36,5.20,1.89,99.00,1.14,0.94,11.97,11.97,14.83,13.85,12.22,14.63,13.86,12.39,4.24,7.75],
  [3.84,13.33,9.15,4.83,20.49,18.40,8.12,9.52,5.97,7.67,7.58,7.85,6.62,7.60,4.34,3.50,6.71,4.31,6.39,5.75,4.80,5.88,6.04,6.89,7.50,5.84,7.44,7.01,3.23,4.07,1.08,1.14,99.00,0.31,11.03,11.03,14.24,13.37,11.57,14.02,13.30,11.81,4.68,8.01],
  [3.89,13.59,9.46,4.60,20.79,18.69,8.43,9.83,6.26,7.94,7.88,8.14,6.93,7.90,4.32,3.43,6.62,4.23,6.41,5.67,4.79,5.82,5.97,6.93,7.41,5.76,7.35,6.89,3.46,4.29,1.38,0.94,0.31,99.00,11.34,11.34,14.54,13.66,11.87,14.31,13.59,12.11,4.77,8.16],
  [11.81,9.48,1.98,14.66,11.50,10.26,2.91,3.55,6.52,7.18,3.47,5.57,4.88,4.05,12.83,12.86,15.27,13.44,13.39,14.47,12.94,14.24,14.50,13.25,15.94,14.55,15.86,15.97,8.60,8.07,10.08,11.97,11.03,11.34,99.00,0.00,6.31,6.98,4.26,5.91,6.05,5.24,11.46,11.41],
  [11.81,9.48,1.98,14.66,11.50,10.26,2.91,3.55,6.52,7.18,3.47,5.57,4.88,4.05,12.83,12.86,15.27,13.44,13.39,14.47,12.94,14.24,14.50,13.25,15.94,14.55,15.86,15.97,8.60,8.07,10.08,11.97,11.03,11.34,0.00,99.00,6.31,6.98,4.26,5.91,6.05,5.24,11.46,11.41],
  [13.22,4.76,7.61,18.76,6.25,4.31,7.63,4.93,8.30,7.14,7.83,6.42,7.85,6.97,14.12,14.61,15.92,14.89,13.66,15.40,13.99,15.02,15.27,13.22,16.36,15.46,16.29,16.72,12.95,12.74,13.16,14.83,14.24,14.54,6.31,6.31,99.00,1.76,2.79,0.40,1.03,2.44,12.42,10.50],
  [11.96,3.06,7.89,18.03,7.35,5.07,7.63,4.66,7.41,5.91,7.70,5.55,7.33,6.58,12.81,13.38,14.46,13.60,12.18,14.00,12.64,13.60,13.84,11.70,14.86,14.05,14.80,15.26,12.45,12.36,12.29,13.85,13.37,13.66,6.98,6.98,1.76,99.00,2.80,1.96,1.09,1.93,11.10,8.91],
  [10.90,5.26,5.10,16.01,8.98,7.09,4.93,2.14,5.71,4.96,5.08,3.89,5.08,4.19,11.86,12.23,13.88,12.60,11.70,13.26,11.79,12.92,13.18,11.35,14.41,13.33,14.34,14.66,10.17,9.96,10.49,12.22,11.57,11.87,4.26,4.26,2.79,2.80,99.00,2.49,2.06,0.98,10.21,8.89],
  [13.09,5.00,7.23,18.49,6.49,4.63,7.28,4.63,8.09,7.02,7.49,6.23,7.58,6.68,14.01,14.47,15.86,14.77,13.61,15.31,13.89,14.94,15.20,13.18,16.32,15.38,16.25,16.65,12.66,12.43,12.93,14.63,14.02,14.31,5.91,5.91,0.40,1.96,2.49,99.00,1.03,2.28,12.32,10.50],
  [12.20,4.12,7.12,17.86,7.21,5.14,6.99,4.14,7.34,6.11,7.13,5.46,7.00,6.16,13.09,13.59,14.89,13.87,12.64,14.37,12.97,13.99,14.24,12.19,15.34,14.43,15.27,15.69,12.12,11.96,12.21,13.86,13.30,13.59,6.05,6.05,1.03,1.09,2.06,1.03,99.00,1.49,11.40,9.49],
  [10.82,4.28,5.98,16.37,8.68,6.62,5.70,2.74,5.86,4.76,5.77,3.98,5.53,4.72,11.74,12.19,13.64,12.50,11.41,13.07,11.64,12.71,12.96,11.01,14.12,13.14,14.05,14.43,10.66,10.51,10.73,12.39,11.81,12.11,5.24,5.24,2.44,1.93,0.98,2.28,1.49,99.00,10.06,8.42],
  [1.06,10.11,10.04,9.09,18.45,16.11,8.83,8.67,4.96,5.30,8.25,6.41,6.61,7.41,1.71,2.46,3.82,2.51,2.15,3.08,1.58,2.80,3.06,2.39,4.49,3.16,4.41,4.54,6.83,7.52,4.15,4.24,4.68,4.77,11.46,11.46,12.42,11.10,10.21,12.32,11.40,10.06,99.00,3.56],
  [4.61,7.19,10.52,12.61,16.06,13.63,9.37,8.02,5.39,4.24,8.88,5.84,7.16,7.60,4.97,5.92,5.77,5.73,3.52,5.55,4.60,5.10,5.30,2.91,6.05,5.58,5.99,6.57,9.47,10.00,7.27,7.75,8.01,8.16,11.41,11.41,10.50,8.91,8.89,10.50,9.49,8.42,3.56,99.00]
];
