// Chosen Depots: [1, 2, 3, 6]
// Chosen Demand Points (Original DP No): [2, 3, 13, 15, 16, 17, 19, 20, 22, 26, 27, 29, 87, 89, 90, 95, 96, 97, 98, 101, 106, 107, 111, 114, 115, 117, 119, 122, 124, 126, 129, 130, 131, 134, 135, 137, 139, 142, 145, 146, 147, 148, 149, 151, 154, 157, 166, 167, 170, 171]
// Original Weights: [9, 9, 6, 7, 4, 5, 5, 6, 6, 4, 7, 5, 7, 7, 6, 7, 7, 7, 6, 7, 7, 8, 7, 7, 7, 7, 8, 8, 3, 3, 2, 4, 2, 4, 4, 3, 4, 8, 7, 8, 5, 6, 6, 8, 4, 7, 6, 9, 8, 8]

|W| = 4;
|D| = 50;
V = 54;
C = 3;
|K| = 1;
M = 100;
S = 0.25;
|TR| = 11;
δmax = 18.3;
Runtime = 20;

// Priority weights for selected demand points
pj = [
  9, 9, 6, 7, 4, 5, 5, 6, 6, 4, 7, 5, 7, 7, 6, 7, 7, 7, 6, 7, 7, 8, 7, 7, 7, 7, 8, 8, 3, 3, 2, 4, 2, 4, 4, 3, 4, 8, 7, 8, 5, 6, 6, 8, 4, 7, 6, 9, 8, 8
];

δij =
[
  [99.00,99.00,99.00,99.00,19.21,17.00,7.40,6.09,7.41,6.15,8.42,5.52,6.76,9.54,6.11,6.88,3.22,4.43,2.02,4.45,4.53,2.58,2.57,2.39,2.46,3.04,2.79,3.82,4.28,3.26,3.14,3.86,4.44,5.05,6.83,3.46,5.42,3.27,3.45,3.84,12.27,11.71,11.87,11.96,10.83,10.90,13.24,10.58,10.88,11.63,1.30,5.18,4.61,4.08],
  [99.00,99.00,99.00,99.00,8.93,6.60,5.89,5.71,8.33,8.33,6.83,7.11,6.36,8.34,5.12,8.14,11.71,13.73,12.16,13.62,13.77,10.69,13.06,11.24,12.14,10.10,12.72,12.73,13.17,12.79,9.42,9.10,12.99,13.43,14.13,13.26,13.72,13.57,12.49,13.33,8.88,2.64,4.28,3.06,6.71,5.26,6.76,3.07,9.26,4.21,9.95,7.40,7.19,8.24],
  [99.00,99.00,99.00,99.00,13.22,11.78,4.86,6.45,3.03,4.25,3.36,5.60,4.96,1.62,7.61,3.61,13.12,14.68,12.28,14.68,14.78,12.08,12.81,12.25,12.66,12.02,13.05,13.95,14.45,13.49,11.53,11.88,8.16,8.11,7.39,9.45,8.13,10.13,8.50,9.15,2.94,8.06,6.68,7.89,3.65,5.10,5.79,7.01,1.17,6.55,10.16,11.45,10.52,11.22],
  [99.00,99.00,99.00,99.00,24.93,22.99,12.87,12.46,11.27,10.49,12.99,11.18,12.23,13.02,13.08,11.04,10.29,9.89,8.70,10.04,9.99,10.28,8.16,9.81,9.17,10.91,8.93,10.13,10.28,9.42,11.17,11.89,5.23,4.93,5.30,4.97,4.75,4.86,5.66,4.83,15.55,17.92,17.44,18.03,15.21,16.01,17.83,16.65,13.77,17.21,9.35,13.25,12.61,12.15],
  [19.21,8.93,13.22,24.93,99.00,2.33,12.20,13.15,13.70,14.45,11.94,14.06,12.87,12.24,13.17,13.89,20.41,22.44,20.62,22.34,22.49,19.34,21.48,19.85,20.69,18.81,21.26,21.45,21.91,21.41,18.13,17.89,19.76,20.00,20.00,20.50,20.18,21.00,19.58,20.43,10.47,7.52,7.53,7.25,9.88,8.93,7.43,8.64,12.07,7.77,18.25,16.27,15.94,17.01],
  [17.00,6.60,11.78,22.99,2.33,99.00,10.15,10.98,11.86,12.50,10.08,11.97,10.82,10.62,10.92,11.99,18.11,20.14,18.35,20.04,20.19,17.04,19.23,17.56,18.41,16.50,18.98,19.14,19.60,19.12,15.82,15.57,17.78,18.06,18.20,18.44,18.27,18.91,17.55,18.40,9.24,5.29,5.57,5.07,8.24,7.09,6.07,6.48,10.67,5.79,16.00,13.94,13.63,14.70],
  [7.40,5.89,4.86,12.87,12.20,10.15,99.00,1.77,2.48,2.50,1.57,1.91,0.68,3.35,2.82,2.25,9.51,11.37,9.15,11.33,11.45,8.39,9.90,8.73,9.38,8.12,9.90,10.48,10.99,10.21,7.51,7.67,7.64,7.97,8.37,8.31,8.20,8.80,7.40,8.25,5.47,5.06,4.67,5.16,3.56,3.51,5.85,3.78,4.72,4.43,6.75,6.87,6.01,6.89],
  [6.09,5.71,6.45,12.46,13.15,10.98,1.77,99.00,3.67,3.03,3.30,1.48,1.49,5.03,1.20,3.21,7.88,9.80,7.68,9.74,9.87,6.75,8.48,7.14,7.85,6.43,8.39,8.88,9.38,8.65,5.80,5.92,7.28,7.72,8.50,7.63,8.01,8.02,6.82,7.67,7.24,5.70,5.79,5.91,5.28,4.96,7.38,4.51,6.44,5.55,5.25,5.11,4.24,5.12],
  [7.41,8.33,3.03,11.27,13.70,11.86,2.48,3.67,99.00,1.26,1.79,2.60,2.25,2.14,4.87,0.58,10.13,11.76,9.39,11.75,11.86,9.08,9.98,9.28,9.73,9.00,10.16,11.00,11.50,10.57,8.50,8.85,6.20,6.36,6.34,7.22,6.51,7.84,6.26,7.03,4.91,7.15,6.30,7.14,3.97,4.78,6.60,5.89,3.47,6.10,7.18,8.48,7.54,8.20],
  [6.15,8.33,4.25,10.49,14.45,12.50,2.50,3.03,1.26,99.00,2.58,1.66,1.97,3.39,4.19,0.73,8.88,10.50,8.12,10.49,10.60,7.83,8.72,8.02,8.47,7.78,8.90,9.74,10.24,9.31,7.30,7.68,5.31,5.56,5.87,6.18,5.77,6.76,5.22,6.04,6.14,7.53,6.94,7.60,4.98,5.54,7.58,6.25,4.73,6.72,5.93,7.46,6.50,7.09],
  [8.42,6.83,3.36,12.99,11.94,10.08,1.57,3.30,1.79,2.58,99.00,2.97,1.89,1.80,4.38,1.96,10.80,12.59,10.29,12.56,12.68,9.69,10.98,9.99,10.57,9.49,11.05,11.74,12.25,11.41,8.91,9.12,7.86,8.07,8.12,8.76,8.24,9.34,7.81,8.62,4.01,5.41,4.52,5.38,2.43,3.02,5.00,4.18,3.16,4.31,7.94,8.41,7.54,8.37],
  [5.52,7.11,5.60,11.18,14.06,11.97,1.91,1.48,2.60,1.66,2.97,99.00,1.25,4.41,2.56,2.05,7.84,9.62,7.34,9.59,9.71,6.74,8.06,7.02,7.61,6.57,8.10,8.78,9.28,8.44,6.02,6.31,5.96,6.35,7.05,6.48,6.62,6.94,5.60,6.45,6.95,6.77,6.55,6.93,5.32,5.42,7.73,5.52,5.83,6.31,4.97,5.89,4.95,5.63],
  [6.76,6.36,4.96,12.23,12.87,10.82,0.68,1.49,2.25,1.97,1.89,1.25,99.00,3.55,2.67,1.89,8.96,10.79,8.55,10.75,10.88,7.84,9.28,8.17,8.79,7.61,9.29,9.92,10.43,9.62,7.03,7.23,7.00,7.33,7.81,7.64,7.58,8.13,6.73,7.58,5.90,5.69,5.34,5.80,4.12,4.17,6.48,4.42,4.98,5.10,6.15,6.56,5.67,6.48],
  [9.54,8.34,1.62,13.02,12.24,10.62,3.35,5.03,2.14,3.39,1.80,4.41,3.55,99.00,6.15,2.67,12.18,13.86,11.50,13.85,13.96,11.10,12.11,11.33,11.83,10.96,12.27,13.07,13.57,12.67,10.43,10.70,8.14,8.22,7.86,9.27,8.31,9.91,8.30,9.04,2.77,6.55,5.29,6.41,2.38,3.68,4.88,5.45,1.43,5.13,9.25,10.12,9.21,9.99],
  [6.11,5.12,7.61,13.08,13.17,10.92,2.82,1.20,4.87,4.19,4.38,2.56,2.67,6.15,99.00,4.41,7.41,9.40,7.46,9.33,9.47,6.29,8.32,6.75,7.56,5.87,8.12,8.44,8.93,8.31,5.20,5.19,8.00,8.48,9.43,8.16,8.80,8.45,7.42,8.25,8.20,5.65,6.09,5.94,6.12,5.55,7.97,4.62,7.54,5.86,5.08,4.13,3.35,4.34],
  [6.88,8.14,3.61,11.04,13.89,11.99,2.25,3.21,0.58,0.73,1.96,2.05,1.89,2.67,4.41,99.00,9.56,11.21,8.84,11.20,11.30,8.50,9.45,8.71,9.18,8.42,9.61,10.44,10.93,10.02,7.92,8.27,5.90,6.11,6.26,6.85,6.29,7.45,5.88,6.68,5.41,7.14,6.42,7.17,4.30,4.96,6.92,5.86,4.02,6.20,6.61,7.94,6.99,7.64],
  [3.22,11.71,13.12,10.29,20.41,18.11,9.51,7.88,10.13,8.88,10.80,7.84,8.96,12.18,7.41,9.56,99.00,2.03,1.61,1.93,2.08,1.13,2.20,0.88,1.11,1.61,1.46,1.03,1.52,1.20,2.29,2.67,7.56,8.16,9.99,6.38,8.51,5.97,6.59,6.82,14.79,12.96,13.50,13.28,13.07,12.83,15.26,12.01,13.58,13.27,2.96,4.46,4.52,3.48],
  [4.43,13.73,14.68,9.89,22.44,20.14,11.37,9.80,11.76,10.50,12.59,9.62,10.79,13.86,9.40,11.21,2.03,99.00,2.40,0.17,0.12,3.11,2.13,2.66,2.03,3.64,1.64,1.00,0.64,1.19,4.32,4.66,8.25,8.79,10.65,6.86,9.11,6.29,7.33,7.33,16.54,14.98,15.48,15.30,14.91,14.76,17.17,14.01,15.23,15.24,4.65,6.43,6.54,5.49],
  [2.02,12.16,12.28,8.70,20.62,18.35,9.15,7.68,9.39,8.12,10.29,7.34,8.55,11.50,7.46,8.84,1.61,2.40,99.00,2.42,2.51,1.76,0.91,1.19,0.53,2.47,0.77,1.87,2.29,1.25,2.98,3.61,6.09,6.67,8.51,4.82,7.01,4.38,5.12,5.27,14.21,13.11,13.45,13.40,12.66,12.61,14.99,12.06,12.85,13.21,2.43,5.33,5.10,4.22],
  [4.45,13.62,14.68,10.04,22.34,20.04,11.33,9.74,11.75,10.49,12.56,9.59,10.75,13.85,9.33,11.20,1.93,0.17,2.42,99.00,0.15,3.03,2.21,2.60,2.02,3.54,1.68,0.90,0.48,1.19,4.22,4.54,8.33,8.88,10.73,6.95,9.19,6.39,7.40,7.41,16.52,14.89,15.41,15.21,14.87,14.70,17.12,13.93,15.22,15.17,4.62,6.31,6.44,5.38],
  [4.53,13.77,14.78,9.99,22.49,20.19,11.45,9.87,11.86,10.60,12.68,9.71,10.88,13.96,9.47,11.30,2.08,0.12,2.51,0.15,99.00,3.18,2.25,2.74,2.13,3.69,1.75,1.05,0.63,1.29,4.37,4.69,8.36,8.91,10.76,6.98,9.22,6.40,7.44,7.44,16.63,15.04,15.55,15.36,15.00,14.84,17.25,14.08,15.33,15.31,4.74,6.46,6.59,5.53],
  [2.58,10.69,12.08,10.28,19.34,17.04,8.39,6.75,9.08,7.83,9.69,6.74,7.84,11.10,6.29,8.50,1.13,3.11,1.76,3.03,3.18,99.00,2.63,0.60,1.53,0.71,2.09,2.14,2.64,2.09,1.29,1.85,7.02,7.63,9.41,5.98,8.00,5.68,6.03,6.39,13.69,11.87,12.38,12.18,11.95,11.70,14.13,10.90,12.50,12.14,1.97,3.61,3.52,2.54],
  [2.57,13.06,12.81,8.16,21.48,19.23,9.90,8.48,9.98,8.72,10.98,8.06,9.28,12.11,8.32,9.45,2.20,2.13,0.91,2.21,2.25,2.63,99.00,2.04,1.15,3.34,0.77,2.01,2.27,1.28,3.88,4.48,6.12,6.66,8.52,4.74,6.98,4.19,5.20,5.20,14.84,13.97,14.27,14.25,13.37,13.38,15.75,12.90,13.44,14.03,3.25,6.23,6.02,5.12],
  [2.39,11.24,12.25,9.81,19.85,17.56,8.73,7.14,9.28,8.02,9.99,7.02,8.17,11.33,6.75,8.71,0.88,2.66,1.19,2.60,2.74,0.60,2.04,99.00,0.93,1.30,1.50,1.76,2.26,1.56,1.88,2.45,6.78,7.39,9.20,5.67,7.75,5.31,5.80,6.09,13.97,12.36,12.82,12.67,12.29,12.10,14.51,11.37,12.73,12.59,2.10,4.21,4.09,3.13],
  [2.46,12.14,12.66,9.17,20.69,18.41,9.38,7.85,9.73,8.47,10.57,7.61,8.79,11.83,7.56,9.18,1.11,2.03,0.53,2.02,2.13,1.53,1.15,0.93,99.00,2.23,0.58,1.37,1.82,0.84,2.81,3.37,6.61,7.19,9.03,5.35,7.53,4.90,5.64,5.80,14.51,13.19,13.59,13.49,12.91,12.81,15.21,12.17,13.20,13.36,2.64,5.14,5.01,4.06],
  [3.04,10.10,12.02,10.91,18.81,16.50,8.12,6.43,9.00,7.78,9.49,6.57,7.61,10.96,5.87,8.42,1.61,3.64,2.47,3.54,3.69,0.71,3.34,1.30,2.23,99.00,2.77,2.64,3.10,2.72,0.68,1.14,7.44,8.06,9.80,6.50,8.43,6.25,6.46,6.89,13.50,11.37,11.95,11.70,11.68,11.35,13.78,10.44,12.38,11.72,2.15,2.92,2.91,1.88],
  [2.79,12.72,13.05,8.93,21.26,18.98,9.90,8.39,10.16,8.90,11.05,8.10,9.29,12.27,8.12,9.61,1.46,1.64,0.77,1.68,1.75,2.09,0.77,1.50,0.58,2.77,99.00,1.28,1.61,0.56,3.38,3.91,6.71,7.27,9.13,5.38,7.60,4.87,5.76,5.84,14.97,13.76,14.14,14.05,13.41,13.33,15.73,12.73,13.63,13.90,3.15,5.69,5.58,4.62],
  [3.82,12.73,13.95,10.13,21.45,19.14,10.48,8.88,11.00,9.74,11.74,8.78,9.92,13.07,8.44,10.44,1.03,1.00,1.87,0.90,1.05,2.14,2.01,1.76,1.37,2.64,1.28,99.00,0.50,0.73,3.32,3.65,7.94,8.52,10.37,6.64,8.85,6.14,6.99,7.10,15.72,13.99,14.52,14.32,14.04,13.84,16.26,13.04,14.46,14.29,3.83,5.43,5.54,4.49],
  [4.28,13.17,14.45,10.28,21.91,19.60,10.99,9.38,11.50,10.24,12.25,9.28,10.43,13.57,8.93,10.93,1.52,0.64,2.29,0.48,0.63,2.64,2.27,2.26,1.82,3.10,1.61,0.50,99.00,1.06,3.79,4.08,8.32,8.88,10.74,6.98,9.21,6.45,7.37,7.44,16.22,14.47,15.01,14.80,14.54,14.34,16.76,13.53,14.96,14.78,4.33,5.84,5.99,4.93],
  [3.26,12.79,13.49,9.42,21.41,19.12,10.21,8.65,10.57,9.31,11.41,8.44,9.62,12.67,8.31,10.02,1.20,1.19,1.25,1.19,1.29,2.09,1.28,1.56,0.84,2.72,0.56,0.73,1.06,99.00,3.37,3.83,7.26,7.83,9.68,5.94,8.16,5.43,6.31,6.40,15.35,13.92,14.37,14.23,13.74,13.61,16.02,12.93,14.04,14.13,3.47,5.62,5.61,4.60],
  [3.14,9.42,11.53,11.17,18.13,15.82,7.51,5.80,8.50,7.30,8.91,6.02,7.03,10.43,5.20,7.92,2.29,4.32,2.98,4.22,4.37,1.29,3.88,1.88,2.81,0.68,3.38,3.32,3.79,3.37,99.00,0.72,7.41,8.04,9.72,6.59,8.41,6.41,6.46,6.95,12.92,10.69,11.28,11.02,11.07,10.71,13.14,9.77,11.85,11.05,2.03,2.34,2.24,1.25],
  [3.86,9.10,11.88,11.89,17.89,15.57,7.67,5.92,8.85,7.68,9.12,6.31,7.23,10.70,5.19,8.27,2.67,4.66,3.61,4.54,4.69,1.85,4.48,2.45,3.37,1.14,3.91,3.65,4.08,3.83,0.72,99.00,8.10,8.73,10.38,7.30,9.10,7.13,7.15,7.66,13.12,10.52,11.21,10.86,11.20,10.74,13.16,9.66,12.13,10.99,2.72,1.80,1.96,0.89],
  [4.44,12.99,8.16,5.23,19.76,17.78,7.64,7.28,6.20,5.31,7.86,5.96,7.00,8.14,8.00,5.90,7.56,8.25,6.09,8.33,8.36,7.02,6.12,6.78,6.61,7.44,6.71,7.94,8.32,7.26,7.41,8.10,99.00,0.62,2.43,1.50,1.00,2.21,0.98,1.08,10.83,12.69,12.24,12.80,10.17,10.85,12.80,11.41,9.12,12.01,5.38,9.02,8.20,8.06],
  [5.05,13.43,8.11,4.93,20.00,18.06,7.97,7.72,6.36,5.56,8.07,6.35,7.33,8.22,8.48,6.11,8.16,8.79,6.67,8.88,8.91,7.63,6.66,7.39,7.19,8.06,7.27,8.52,8.88,7.83,8.04,8.73,0.62,99.00,1.85,1.95,0.37,2.62,1.60,1.50,10.86,13.02,12.50,13.12,10.32,11.08,12.95,11.75,9.11,12.28,6.01,9.63,8.80,8.68],
  [6.83,14.13,7.39,5.30,20.00,18.20,8.37,8.50,6.34,5.87,8.12,7.05,7.81,7.86,9.43,6.26,9.99,10.65,8.51,10.73,10.76,9.41,8.52,9.20,9.03,9.80,9.13,10.37,10.74,9.68,9.72,10.38,2.43,1.85,99.00,3.80,1.55,4.43,3.40,3.33,10.29,13.38,12.64,13.42,10.14,11.11,12.72,12.11,8.50,12.43,7.69,11.13,10.25,10.25],
  [3.46,13.26,9.45,4.97,20.50,18.44,8.31,7.63,7.22,6.18,8.76,6.48,7.64,9.27,8.16,6.85,6.38,6.86,4.82,6.95,6.98,5.98,4.74,5.67,5.35,6.50,5.38,6.64,6.98,5.94,6.59,7.30,1.50,1.95,3.80,99.00,2.25,0.72,0.97,0.46,12.01,13.24,12.97,13.40,11.15,11.68,13.76,11.99,10.34,12.73,4.61,8.46,7.74,7.41],
  [5.42,13.72,8.13,4.75,20.18,18.27,8.20,8.01,6.51,5.77,8.24,6.62,7.58,8.31,8.80,6.29,8.51,9.11,7.01,9.19,9.22,8.00,6.98,7.75,7.53,8.43,7.60,8.85,9.21,8.16,8.41,9.10,1.00,0.37,1.55,2.25,99.00,2.89,1.97,1.78,10.92,13.26,12.70,13.35,10.46,11.26,13.09,11.98,9.17,12.48,6.38,10.00,9.17,9.05],
  [3.27,13.57,10.13,4.86,21.00,18.91,8.80,8.02,7.84,6.76,9.34,6.94,8.13,9.91,8.45,7.45,5.97,6.29,4.38,6.39,6.40,5.68,4.19,5.31,4.90,6.25,4.87,6.14,6.45,5.43,6.41,7.13,2.21,2.62,4.43,0.72,2.89,99.00,1.63,1.14,12.67,13.68,13.47,13.85,11.74,12.22,14.34,12.44,11.02,13.23,4.52,8.41,7.75,7.33],
  [3.45,12.49,8.50,5.66,19.58,17.55,7.40,6.82,6.26,5.22,7.81,5.60,6.73,8.30,7.42,5.88,6.59,7.33,5.12,7.40,7.44,6.03,5.20,5.80,5.64,6.46,5.76,6.99,7.37,6.31,6.46,7.15,0.98,1.60,3.40,0.97,1.97,1.63,99.00,0.86,11.05,12.37,12.05,12.52,10.19,10.74,12.80,11.11,9.39,11.81,4.43,8.13,7.34,7.15],
  [3.84,13.33,9.15,4.83,20.43,18.40,8.25,7.67,7.03,6.04,8.62,6.45,7.58,9.04,8.25,6.68,6.82,7.33,5.27,7.41,7.44,6.39,5.20,6.09,5.80,6.89,5.84,7.10,7.44,6.40,6.95,7.66,1.08,1.50,3.33,0.46,1.78,1.14,0.86,99.00,11.77,13.23,12.89,13.37,10.98,11.57,13.60,11.97,10.08,12.66,4.95,8.76,8.01,7.73],
  [12.27,8.88,2.94,15.55,10.47,9.24,5.47,7.24,4.91,6.14,4.01,6.95,5.90,2.77,8.20,5.41,14.79,16.54,14.21,16.52,16.63,13.69,14.84,13.97,14.51,13.50,14.97,15.72,16.22,15.35,12.92,13.12,10.83,10.86,10.29,12.01,10.92,12.67,11.05,11.77,99.00,6.50,4.87,6.21,2.27,3.62,3.17,5.81,1.79,4.83,11.90,12.32,11.48,12.35],
  [11.71,2.64,8.06,17.92,7.52,5.29,5.06,5.70,7.15,7.53,5.41,6.77,5.69,6.55,5.65,7.14,12.96,14.98,13.11,14.89,15.04,11.87,13.97,12.36,13.19,11.37,13.76,13.99,14.47,13.92,10.69,10.52,12.69,13.02,13.38,13.24,13.26,13.68,12.37,13.23,6.50,99.00,1.69,0.43,4.51,3.00,4.13,1.28,7.19,1.68,10.73,9.01,8.56,9.63],
  [11.87,4.28,6.68,17.44,7.53,5.57,4.67,5.79,6.30,6.94,4.52,6.55,5.34,5.29,6.09,6.42,13.50,15.48,13.45,15.41,15.55,12.38,14.27,12.82,13.59,11.95,14.14,14.52,15.01,14.37,11.28,11.21,12.24,12.50,12.64,12.97,12.70,13.47,12.05,12.89,4.87,1.69,99.00,1.35,3.05,1.62,2.50,1.63,5.73,0.24,11.03,9.87,9.29,10.34],
  [11.96,3.06,7.89,18.03,7.25,5.07,5.16,5.91,7.14,7.60,5.38,6.93,5.80,6.41,5.94,7.17,13.28,15.30,13.40,15.21,15.36,12.18,14.25,12.67,13.49,11.70,14.05,14.32,14.80,14.23,11.02,10.86,12.80,13.12,13.42,13.40,13.35,13.85,12.52,13.37,6.21,0.43,1.35,99.00,4.30,2.80,3.74,1.41,6.99,1.39,11.01,9.38,8.91,9.98],
  [10.83,6.71,3.65,15.21,9.88,8.24,3.56,5.28,3.97,4.98,2.43,5.32,4.12,2.38,6.12,4.30,13.07,14.91,12.66,14.87,15.00,11.95,13.37,12.29,12.91,11.68,13.41,14.04,14.54,13.74,11.07,11.20,10.17,10.32,10.14,11.15,10.46,11.74,10.19,10.98,2.27,4.51,3.05,4.30,99.00,1.51,2.63,3.65,2.69,2.93,10.27,10.25,9.46,10.39],
  [10.90,5.26,5.10,16.01,8.93,7.09,3.51,4.96,4.78,5.54,3.02,5.42,4.17,3.68,5.55,4.96,12.83,14.76,12.61,14.70,14.84,11.70,13.38,12.10,12.81,11.35,13.33,13.84,14.34,13.61,10.71,10.74,10.85,11.08,11.11,11.68,11.26,12.22,10.74,11.57,3.62,3.00,1.62,2.80,1.51,99.00,2.43,2.19,4.20,1.46,10.19,9.60,8.89,9.89],
  [13.24,6.76,5.79,17.83,7.43,6.07,5.85,7.38,6.60,7.58,5.00,7.73,6.48,4.88,7.97,6.92,15.26,17.17,14.99,17.12,17.25,14.13,15.75,14.51,15.21,13.78,15.73,16.26,16.76,16.02,13.14,13.16,12.80,12.95,12.72,13.76,13.09,14.34,12.80,13.60,3.17,4.13,2.50,3.74,2.63,2.43,99.00,4.02,4.65,2.61,12.58,11.98,11.30,12.31],
  [10.58,3.07,7.01,16.65,8.64,6.48,3.78,4.51,5.89,6.25,4.18,5.52,4.42,5.45,4.62,5.86,12.01,14.01,12.06,13.93,14.08,10.90,12.90,11.37,12.17,10.44,12.73,13.04,13.53,12.93,9.77,9.66,11.41,11.75,12.11,11.99,11.98,12.44,11.11,11.97,5.81,1.28,1.63,1.41,3.65,2.19,4.02,99.00,6.24,1.45,9.65,8.27,7.72,8.78],
  [10.88,9.26,1.17,13.77,12.07,10.67,4.72,6.44,3.47,4.73,3.16,5.83,4.98,1.43,7.54,4.02,13.58,15.23,12.85,15.22,15.33,12.50,13.44,12.73,13.20,12.38,13.63,14.46,14.96,14.04,11.85,12.13,9.12,9.11,8.50,10.34,9.17,11.02,9.39,10.08,1.79,7.19,5.73,6.99,2.69,4.20,4.65,6.24,99.00,5.62,10.63,11.54,10.64,11.42],
  [11.63,4.21,6.55,17.21,7.77,5.79,4.43,5.55,6.10,6.72,4.31,6.31,5.10,5.13,5.86,6.20,13.27,15.24,13.21,15.17,15.31,12.14,14.03,12.59,13.36,11.72,13.90,14.29,14.78,14.13,11.05,10.99,12.01,12.28,12.43,12.73,12.48,13.23,11.81,12.66,4.83,1.68,0.24,1.39,2.93,1.46,2.61,1.45,5.62,99.00,10.79,9.66,9.07,10.11],
  [1.30,9.95,10.16,9.35,18.25,16.00,6.75,5.25,7.18,5.93,7.94,4.97,6.15,9.25,5.08,6.61,2.96,4.65,2.43,4.62,4.74,1.97,3.25,2.10,2.64,2.15,3.15,3.83,4.33,3.47,2.03,2.72,5.38,6.01,7.69,4.61,6.38,4.52,4.43,4.95,11.90,10.73,11.03,11.01,10.27,10.19,12.58,9.65,10.63,10.79,99.00,3.90,3.31,2.81],
  [5.18,7.40,11.45,13.25,16.27,13.94,6.87,5.11,8.48,7.46,8.41,5.89,6.56,10.12,4.13,7.94,4.46,6.43,5.33,6.31,6.46,3.61,6.23,4.21,5.14,2.92,5.69,5.43,5.84,5.62,2.34,1.80,9.02,9.63,11.13,8.46,10.00,8.41,8.13,8.76,12.32,9.01,9.87,9.38,10.25,9.60,11.98,8.27,11.54,9.66,3.90,99.00,0.96,1.13],
  [4.61,7.19,10.52,12.61,15.94,13.63,6.01,4.24,7.54,6.50,7.54,4.95,5.67,9.21,3.35,6.99,4.52,6.54,5.10,6.44,6.59,3.52,6.02,4.09,5.01,2.91,5.58,5.54,5.99,5.61,2.24,1.96,8.20,8.80,10.25,7.74,9.17,7.75,7.34,8.01,11.48,8.56,9.29,8.91,9.46,8.89,11.30,7.72,10.64,9.07,3.31,0.96,99.00,1.07],
  [4.08,8.24,11.22,12.15,17.01,14.70,6.89,5.12,8.20,7.09,8.37,5.63,6.48,9.99,4.34,7.64,3.48,5.49,4.22,5.38,5.53,2.54,5.12,3.13,4.06,1.88,4.62,4.49,4.93,4.60,1.25,0.89,8.06,8.68,10.25,7.41,9.05,7.33,7.15,7.73,12.35,9.63,10.34,9.98,10.39,9.89,12.31,8.78,11.42,10.11,2.81,1.13,1.07,99.00]
];
