// Chosen Depots: [1, 2, 3, 6]
// Chosen Demand Points (Original DP No): [1, 8, 14, 16, 18, 20, 21, 22, 23, 25, 27, 29, 30, 31, 89, 93, 94, 99, 100, 101, 102, 105, 109, 111, 112, 118, 120, 121, 122, 124, 126, 128, 129, 133, 134, 143, 145, 146, 147, 148, 155, 156, 158, 159, 160, 161, 162, 166, 167, 169]
// Original Weights: [9, 4, 5, 4, 4, 6, 6, 6, 6, 5, 7, 5, 5, 6, 7, 7, 6, 6, 7, 7, 6, 6, 7, 7, 7, 7, 7, 6, 8, 3, 3, 2, 2, 4, 4, 8, 7, 8, 5, 6, 5, 7, 8, 7, 6, 8, 8, 6, 9, 8]

|W| = 4;
|D| = 50;
V = 54;
C = 3;
|K| = 2;
M = 100;
S = 0.25;
|TR| = 11;
δmax = 18.3;
Runtime = 20;

// Priority weights for selected demand points
pj = [
  9, 4, 5, 4, 4, 6, 6, 6, 6, 5, 7, 5, 5, 6, 7, 7, 6, 6, 7, 7, 6, 6, 7, 7, 7, 7, 7, 6, 8, 3, 3, 2, 2, 4, 4, 8, 7, 8, 5, 6, 5, 7, 8, 7, 6, 8, 8, 6, 9, 8
];

δij =
[
  [99.00,99.00,99.00,99.00,19.31,17.26,5.42,7.41,8.48,5.52,8.30,6.76,7.04,7.21,6.11,6.88,7.81,6.00,4.43,3.60,1.70,1.26,2.70,2.39,1.23,0.36,3.63,2.79,3.68,4.65,4.21,0.99,3.86,4.44,5.05,7.10,6.83,3.51,3.27,13.37,11.87,11.96,10.83,10.90,12.30,12.20,12.31,10.82,13.61,13.25,13.05,1.30,5.18,4.75],
  [99.00,99.00,99.00,99.00,9.07,11.93,7.73,8.33,9.26,7.11,5.99,6.36,6.19,6.74,5.12,8.14,7.88,6.09,13.73,12.96,12.58,12.15,12.68,11.24,11.52,11.16,13.40,12.72,12.55,13.75,13.76,10.69,9.10,12.99,13.43,13.25,14.13,12.30,13.57,3.87,4.28,3.06,6.71,5.26,7.87,4.12,3.71,4.28,7.56,4.23,3.85,9.95,7.40,6.83],
  [99.00,99.00,99.00,99.00,13.23,7.52,5.27,3.03,1.80,5.60,4.22,4.96,4.86,4.22,7.61,3.61,2.93,6.07,14.68,13.82,11.85,11.47,12.97,12.25,11.45,10.60,13.90,13.05,13.79,14.88,14.47,10.77,11.88,8.16,8.11,6.09,7.39,8.25,10.13,8.69,6.68,7.89,3.65,5.10,3.80,7.12,7.61,5.98,5.54,8.16,8.29,10.16,11.45,10.15],
  [99.00,99.00,99.00,99.00,24.98,20.10,10.64,11.27,11.44,11.18,13.40,12.23,12.49,12.22,13.08,11.04,11.86,12.13,9.89,9.64,7.66,7.82,8.87,9.81,8.61,8.27,9.20,8.93,10.13,10.18,9.55,8.99,11.89,5.23,4.93,6.60,5.30,5.85,4.86,19.34,17.44,18.03,15.21,16.01,16.16,17.86,18.15,16.37,17.85,19.03,18.95,9.35,13.25,12.67],
  [19.31,9.07,13.23,24.98,99.00,9.10,14.54,13.74,13.83,14.14,11.62,12.94,12.66,12.82,13.27,13.94,13.14,13.40,22.56,21.74,20.95,20.50,21.31,19.96,19.99,19.45,22.12,21.37,21.38,22.61,22.54,19.13,18.02,19.81,20.05,18.83,20.03,19.41,21.07,5.94,7.60,7.35,9.91,8.98,9.44,7.21,7.02,8.68,7.73,6.09,6.26,18.35,16.40,15.66],
  [17.26,11.93,7.52,20.10,9.10,99.00,11.85,9.90,9.08,11.87,9.26,10.74,10.50,10.15,12.78,10.40,9.46,11.79,21.49,20.61,18.92,18.50,19.86,18.89,18.33,17.54,20.79,19.94,20.47,21.65,21.34,17.56,17.88,15.66,15.62,13.51,14.81,15.70,17.58,8.43,7.71,8.87,6.69,7.37,5.08,7.81,8.23,8.11,4.46,7.91,8.27,16.84,16.90,15.70],
  [5.42,7.73,5.27,10.64,14.54,11.85,99.00,2.23,3.53,0.66,3.01,1.61,1.88,1.83,3.22,1.66,2.47,1.69,9.66,8.78,7.11,6.68,8.01,7.11,6.48,5.69,8.94,8.09,8.68,9.83,9.49,5.72,6.62,5.41,5.77,5.62,6.40,4.89,6.53,8.75,6.94,7.41,5.43,5.71,6.88,7.34,7.57,5.86,8.23,8.48,8.37,5.03,6.35,5.07],
  [7.41,8.33,3.03,11.27,13.74,9.90,2.23,99.00,1.34,2.60,2.43,2.25,2.29,1.64,4.87,0.58,0.60,3.23,11.76,10.89,9.06,8.65,10.08,9.28,8.55,7.72,11.01,10.16,10.83,11.95,11.58,7.83,8.85,6.20,6.36,5.22,6.34,6.00,7.84,8.31,6.30,7.14,3.97,4.78,5.15,6.75,7.11,5.29,6.72,7.92,7.90,7.18,8.48,7.19],
  [8.48,9.26,1.80,11.44,13.83,9.08,3.53,1.34,99.00,3.93,3.27,3.52,3.50,2.83,6.17,1.89,1.47,4.55,12.88,12.02,10.07,9.68,11.17,10.46,9.65,8.80,12.11,11.26,11.99,13.08,12.68,8.98,10.15,6.63,6.67,5.02,6.27,6.62,8.50,8.73,6.68,7.70,3.92,5.08,4.72,7.13,7.56,5.77,6.42,8.27,8.32,8.37,9.82,8.53],
  [5.52,7.11,5.60,11.18,14.14,11.87,0.66,2.60,3.93,99.00,2.77,1.25,1.53,1.73,2.56,2.05,2.70,1.04,9.62,8.74,7.22,6.78,8.02,7.02,6.50,5.76,8.94,8.10,8.60,9.78,9.48,5.70,6.31,5.96,6.35,6.28,7.05,5.38,6.94,8.29,6.55,6.93,5.32,5.42,6.84,6.93,7.13,5.47,8.09,8.06,7.92,4.97,5.89,4.60],
  [8.30,5.99,4.22,13.40,11.62,9.26,3.01,2.43,3.27,2.77,99.00,1.54,1.27,1.20,3.70,2.42,1.91,2.53,12.32,11.44,10.00,9.55,10.76,9.69,9.26,8.53,11.67,10.83,11.26,12.46,12.20,8.44,8.64,8.20,8.46,7.62,8.68,7.80,9.51,5.98,4.04,4.75,2.60,2.71,4.19,4.47,4.78,2.98,5.32,5.64,5.58,7.69,7.80,6.54],
  [6.76,6.36,4.96,12.23,12.94,10.74,1.61,2.25,3.52,1.25,1.54,99.00,0.29,0.74,2.67,1.89,2.07,1.14,10.79,9.91,8.46,8.02,9.22,8.17,7.71,6.99,10.14,9.29,9.74,10.94,10.66,6.90,7.23,7.00,7.33,6.90,7.81,6.50,8.13,7.14,5.34,5.80,4.12,4.17,5.68,5.73,5.97,4.26,6.86,6.88,6.76,6.15,6.56,5.27],
  [7.04,6.19,4.86,12.49,12.66,10.50,1.88,2.29,3.50,1.53,1.27,0.29,99.00,0.67,2.76,1.98,2.03,1.33,11.06,10.17,8.74,8.30,9.49,8.43,7.99,7.27,10.40,9.57,10.00,11.20,10.93,7.17,7.44,7.25,7.58,7.08,8.02,6.77,8.41,6.87,5.06,5.55,3.86,3.89,5.43,5.46,5.70,3.98,6.59,6.60,6.49,6.42,6.72,5.44],
  [7.21,6.74,4.22,12.22,12.82,10.15,1.83,1.64,2.83,1.73,1.20,0.74,0.67,99.00,3.40,1.40,1.36,1.87,11.35,10.46,8.91,8.47,9.74,8.75,8.22,7.46,10.67,9.82,10.32,11.50,11.21,7.42,7.92,7.01,7.29,6.59,7.59,6.60,8.32,7.13,5.23,5.85,3.61,3.90,5.12,5.65,5.94,4.15,6.41,6.81,6.74,6.70,7.29,6.00],
  [6.11,5.12,7.61,13.08,13.27,12.78,3.22,4.87,6.17,2.56,3.70,2.67,2.76,3.40,99.00,4.41,4.74,1.65,9.40,8.55,7.70,7.25,8.06,6.75,6.71,6.22,8.89,8.12,8.25,9.49,9.35,5.86,5.19,8.00,8.48,8.77,9.43,7.24,8.45,7.34,6.09,5.94,6.12,5.55,7.74,6.34,6.36,5.15,8.54,7.29,7.05,5.08,4.13,2.92],
  [6.88,8.14,3.61,11.04,13.94,10.40,1.66,0.58,1.89,2.05,2.42,1.89,1.98,1.40,4.41,99.00,0.96,2.76,11.21,10.33,8.53,8.11,9.53,8.71,8.00,7.17,10.46,9.61,10.27,11.39,11.03,7.27,8.27,5.90,6.11,5.21,6.26,5.63,7.45,8.39,6.42,7.17,4.30,4.96,5.58,6.86,7.19,5.38,7.09,8.03,7.99,6.61,7.94,6.64],
  [7.81,7.88,2.93,11.86,13.14,9.46,2.47,0.60,1.47,2.70,1.91,2.07,2.03,1.36,4.74,0.96,99.00,3.15,12.11,11.23,9.47,9.05,10.44,9.58,8.91,8.10,11.38,10.52,11.14,12.29,11.94,8.17,9.00,6.78,6.95,5.80,6.93,6.55,8.38,7.73,5.72,6.58,3.39,4.19,4.63,6.16,6.54,4.72,6.16,7.33,7.32,7.49,8.53,7.23],
  [6.00,6.09,6.07,12.13,13.40,11.79,1.69,3.23,4.55,1.04,2.53,1.14,1.33,1.87,1.65,2.76,3.15,99.00,9.84,8.96,7.68,7.23,8.32,7.19,6.85,6.19,9.22,8.40,8.76,9.97,9.74,6.01,6.12,6.93,7.34,7.31,8.08,6.29,7.76,7.50,5.88,6.11,5.12,4.94,6.72,6.23,6.38,4.83,7.78,7.32,7.15,5.25,5.42,4.13],
  [4.43,13.73,14.68,9.89,22.56,21.49,9.66,11.76,12.88,9.62,12.32,10.79,11.06,11.35,9.40,11.21,12.11,9.84,99.00,0.88,3.09,3.35,1.73,2.66,3.23,4.09,0.86,1.64,1.18,0.29,0.35,3.94,4.66,8.25,8.79,11.19,10.65,7.48,6.29,16.68,15.48,15.30,14.91,14.76,16.46,15.74,15.75,14.50,17.62,16.67,16.42,4.65,6.43,6.92],
  [3.60,12.96,13.82,9.64,21.74,20.61,8.78,10.89,12.02,8.74,11.44,9.91,10.17,10.46,8.55,10.33,11.23,8.96,0.88,99.00,2.41,2.60,0.97,1.80,2.38,3.25,0.55,0.88,0.57,1.06,0.81,3.06,3.94,7.58,8.15,10.48,10.00,6.77,5.73,15.85,14.62,14.46,14.03,13.88,15.58,14.89,14.90,13.64,16.74,15.83,15.58,3.77,5.74,6.13],
  [1.70,12.58,11.85,7.66,20.95,18.92,7.11,9.06,10.07,7.22,10.00,8.46,8.74,8.91,7.70,8.53,9.47,7.68,3.09,2.41,99.00,0.45,1.45,2.16,1.13,1.50,2.23,1.53,2.72,3.36,2.80,1.90,4.45,5.18,5.74,8.10,7.59,4.39,3.36,15.01,13.55,13.60,12.52,12.60,13.99,13.87,13.96,12.50,15.31,14.90,14.69,2.64,6.08,5.96],
  [1.26,12.15,11.47,7.82,20.50,18.50,6.68,8.65,9.68,6.78,9.55,8.02,8.30,8.47,7.25,8.11,9.05,7.23,3.35,2.60,0.45,99.00,1.64,2.01,0.81,1.05,2.51,1.73,2.84,3.60,3.09,1.49,4.16,5.01,5.59,7.88,7.44,4.18,3.33,14.56,13.09,13.15,12.09,12.15,13.56,13.42,13.51,12.05,14.87,14.45,14.24,2.20,5.74,5.56],
  [2.70,12.68,12.97,8.87,21.31,19.86,8.01,10.08,11.17,8.02,10.76,9.22,9.49,9.74,8.06,9.53,10.44,8.32,1.73,0.97,1.45,1.64,99.00,1.47,1.53,2.37,0.94,0.09,1.30,1.97,1.51,2.32,3.90,6.62,7.18,9.51,9.04,5.81,4.79,15.40,14.08,14.00,13.33,13.26,14.86,14.37,14.41,13.07,16.08,15.35,15.11,3.08,5.68,5.87],
  [2.39,11.24,12.25,9.81,19.96,18.89,7.11,9.28,10.46,7.02,9.69,8.17,8.43,8.75,6.75,8.71,9.58,7.19,2.66,1.80,2.16,2.01,1.47,99.00,1.29,2.03,2.16,1.50,1.58,2.78,2.60,1.54,2.45,6.78,7.39,9.48,9.20,5.88,5.31,14.07,12.82,12.67,12.29,12.10,13.85,13.09,13.11,11.84,14.98,14.04,13.79,2.10,4.21,4.42],
  [1.23,11.52,11.45,8.61,19.99,18.33,6.48,8.55,9.65,6.50,9.26,7.71,7.99,8.22,6.71,8.00,8.91,6.85,3.23,2.38,1.13,0.81,1.53,1.29,99.00,0.87,2.47,1.62,2.45,3.44,3.03,0.86,3.35,5.52,6.12,8.28,7.94,4.63,4.03,14.05,12.66,12.64,11.82,11.79,13.34,12.97,13.03,11.64,14.58,13.97,13.75,1.64,4.95,4.84],
  [0.36,11.16,10.60,8.27,19.45,17.54,5.69,7.72,8.80,5.76,8.53,6.99,7.27,7.46,6.22,7.17,8.10,6.19,4.09,3.25,1.50,1.05,2.37,2.03,0.87,99.00,3.31,2.46,3.32,4.31,3.88,0.72,3.63,4.77,5.39,7.45,7.18,3.85,3.51,13.51,12.05,12.10,11.08,11.11,12.57,12.37,12.46,11.01,13.85,13.40,13.20,1.23,5.03,4.68],
  [3.63,13.40,13.90,9.20,22.12,20.79,8.94,11.01,12.11,8.94,11.67,10.14,10.40,10.67,8.89,10.46,11.38,9.22,0.86,0.55,2.23,2.51,0.94,2.16,2.47,3.31,99.00,0.85,1.12,1.13,0.58,3.24,4.43,7.39,7.94,10.33,9.79,6.62,5.45,16.22,14.94,14.82,14.25,14.16,15.78,15.22,15.25,13.94,16.99,16.18,15.94,3.99,6.23,6.57],
  [2.79,12.72,13.05,8.93,21.37,19.94,8.09,10.16,11.26,8.10,10.83,9.29,9.57,9.82,8.12,9.61,10.52,8.40,1.64,0.88,1.53,1.73,0.09,1.50,1.62,2.46,0.85,99.00,1.23,1.88,1.42,2.40,3.91,6.71,7.27,9.61,9.13,5.90,4.87,15.46,14.14,14.05,13.41,13.33,14.94,14.43,14.47,13.14,16.15,15.41,15.17,3.15,5.69,5.90],
  [3.68,12.55,13.79,10.13,21.38,20.47,8.68,10.83,11.99,8.60,11.26,9.74,10.00,10.32,8.25,10.27,11.14,8.76,1.18,0.57,2.72,2.84,1.30,1.58,2.45,3.32,1.12,1.23,99.00,1.24,1.25,3.02,3.48,7.85,8.43,10.69,10.27,7.00,6.08,15.52,14.34,14.13,13.86,13.65,15.42,14.59,14.59,13.37,16.54,15.51,15.25,3.65,5.26,5.74],
  [4.65,13.75,14.88,10.18,22.61,21.65,9.83,11.95,13.08,9.78,12.46,10.94,11.20,11.50,9.49,11.39,12.29,9.97,0.29,1.06,3.36,3.60,1.97,2.78,3.44,4.31,1.13,1.88,1.24,99.00,0.64,4.12,4.66,8.52,9.07,11.46,10.93,7.75,6.58,16.75,15.57,15.36,15.06,14.88,16.61,15.83,15.82,14.60,17.76,16.75,16.49,4.81,6.41,6.95],
  [4.21,13.76,14.47,9.55,22.54,21.34,9.49,11.58,12.68,9.48,12.20,10.66,10.93,11.21,9.35,11.03,11.94,9.74,0.35,0.81,2.80,3.09,1.51,2.60,3.03,3.88,0.58,1.42,1.25,0.64,99.00,3.78,4.72,7.94,8.48,10.89,10.33,7.18,5.96,16.66,15.42,15.26,14.79,14.66,16.32,15.69,15.70,14.43,17.51,16.63,16.38,4.51,6.51,6.94],
  [0.99,10.69,10.77,8.99,19.13,17.56,5.72,7.83,8.98,5.70,8.44,6.90,7.17,7.42,5.86,7.27,8.17,6.01,3.94,3.06,1.90,1.49,2.32,1.54,0.86,0.72,3.24,2.40,3.02,4.12,3.78,99.00,2.91,5.41,6.03,8.00,7.79,4.47,4.23,13.19,11.81,11.79,11.01,10.95,12.54,12.11,12.17,10.78,13.76,13.11,12.89,0.78,4.34,4.08],
  [3.86,9.10,11.88,11.89,18.02,17.88,6.62,8.85,10.15,6.31,8.64,7.23,7.44,7.92,5.19,8.27,9.00,6.12,4.66,3.94,4.45,4.16,3.90,2.45,3.35,3.63,4.43,3.91,3.48,4.66,4.72,2.91,99.00,8.10,8.73,10.37,10.38,7.14,7.13,12.22,11.21,10.86,11.20,10.74,12.81,11.43,11.37,10.32,13.72,12.27,11.98,2.72,1.80,2.38],
  [4.44,12.99,8.16,5.23,19.81,15.66,5.41,6.20,6.63,5.96,8.20,7.00,7.25,7.01,8.00,5.90,6.78,6.93,8.25,7.58,5.18,5.01,6.62,6.78,5.52,4.77,7.39,6.71,7.85,8.52,7.94,5.41,8.10,99.00,0.62,3.01,2.43,0.96,2.21,14.12,12.24,12.80,10.17,10.85,11.28,12.65,12.93,11.16,12.91,13.82,13.73,5.38,9.02,8.15],
  [5.05,13.43,8.11,4.93,20.05,15.62,5.77,6.36,6.67,6.35,8.46,7.33,7.58,7.29,8.48,6.11,6.95,7.34,8.79,8.15,5.74,5.59,7.18,7.39,6.12,5.39,7.94,7.27,8.43,9.07,8.48,6.03,8.73,0.62,99.00,2.61,1.85,1.58,2.62,14.42,12.50,13.12,10.32,11.08,11.37,12.93,13.23,11.44,13.02,14.10,14.03,6.01,9.63,8.74],
  [7.10,13.25,6.09,6.60,18.83,13.51,5.62,5.22,5.02,6.28,7.62,6.90,7.08,6.59,8.77,5.21,5.80,7.31,11.19,10.48,8.10,7.88,9.51,9.48,8.28,7.45,10.33,9.61,10.69,11.46,10.89,8.00,10.37,3.01,2.61,99.00,1.30,3.71,5.20,13.53,11.51,12.36,8.93,9.96,9.69,11.96,12.34,10.51,11.42,13.13,13.12,7.77,10.91,9.83],
  [6.83,14.13,7.39,5.30,20.03,14.81,6.40,6.34,6.27,7.05,8.68,7.81,8.02,7.59,9.43,6.26,6.93,8.08,10.65,10.00,7.59,7.44,9.04,9.20,7.94,7.18,9.79,9.13,10.27,10.93,10.33,7.79,10.38,2.43,1.85,1.30,99.00,3.33,4.43,14.64,12.64,13.42,10.14,11.11,10.96,13.08,13.44,11.62,12.68,14.26,14.23,7.69,11.13,10.14],
  [3.51,12.30,8.25,5.85,19.41,15.70,4.89,6.00,6.62,5.38,7.80,6.50,6.77,6.60,7.24,5.63,6.55,6.29,7.48,6.77,4.39,4.18,5.81,5.88,4.63,3.85,6.62,5.90,7.00,7.75,7.18,4.47,7.14,0.96,1.58,3.71,3.33,99.00,1.89,13.64,11.81,12.29,9.93,10.49,11.14,12.21,12.46,10.73,12.71,13.37,13.26,4.42,8.07,7.23],
  [3.27,13.57,10.13,4.86,21.07,17.58,6.53,7.84,8.50,6.94,9.51,8.13,8.41,8.32,8.45,7.45,8.38,7.76,6.29,5.73,3.36,3.33,4.79,5.31,4.03,3.51,5.45,4.87,6.08,6.58,5.96,4.23,7.13,2.21,2.62,5.20,4.43,1.89,99.00,15.23,13.47,13.85,11.74,12.22,13.00,13.86,14.07,12.39,14.54,15.00,14.86,4.52,8.41,7.82],
  [13.37,3.87,8.69,19.34,5.94,8.43,8.75,8.31,8.73,8.29,5.98,7.14,6.87,7.13,7.34,8.39,7.73,7.50,16.68,15.85,15.01,14.56,15.40,14.07,14.05,13.51,16.22,15.46,15.52,16.75,16.66,13.19,12.22,14.12,14.42,13.53,14.64,13.64,15.23,99.00,2.05,1.41,5.04,3.66,5.46,1.60,1.20,3.02,4.44,0.59,0.41,12.42,10.70,9.84],
  [11.87,4.28,6.68,17.44,7.60,7.71,6.94,6.30,6.68,6.55,4.04,5.34,5.06,5.23,6.09,6.42,5.72,5.88,15.48,14.62,13.55,13.09,14.08,12.82,12.66,12.05,14.94,14.14,14.34,15.57,15.42,11.81,11.21,12.24,12.50,11.51,12.64,11.81,13.47,2.05,99.00,1.35,3.05,1.62,3.76,0.45,0.93,1.08,3.29,1.62,1.64,11.03,9.87,8.85],
  [11.96,3.06,7.89,18.03,7.35,8.87,7.41,7.14,7.70,6.93,4.75,5.80,5.55,5.85,5.94,7.17,6.58,6.11,15.30,14.46,13.60,13.15,14.00,12.67,12.64,12.10,14.82,14.05,14.13,15.36,15.26,11.79,10.86,12.80,13.12,12.36,13.42,12.29,13.85,1.41,1.35,99.00,4.30,2.80,5.11,1.09,0.65,1.93,4.54,1.41,1.12,11.01,9.38,8.49],
  [10.83,6.71,3.65,15.21,9.91,6.69,5.43,3.97,3.92,5.32,2.60,4.12,3.86,3.61,6.12,4.30,3.39,5.12,14.91,14.03,12.52,12.09,13.33,12.29,11.82,11.08,14.25,13.41,13.86,15.06,14.79,11.01,11.20,10.17,10.32,8.93,10.14,9.93,11.74,5.04,3.05,4.30,99.00,1.51,1.62,3.47,3.97,2.48,2.81,4.52,4.64,10.27,10.25,9.03],
  [10.90,5.26,5.10,16.01,8.98,7.37,5.71,4.78,5.08,5.42,2.71,4.17,3.89,3.90,5.55,4.96,4.19,4.94,14.76,13.88,12.60,12.15,13.26,12.10,11.79,11.11,14.16,13.33,13.65,14.88,14.66,10.95,10.74,10.85,11.08,9.96,11.11,10.49,12.22,3.66,1.62,2.80,1.51,99.00,2.67,2.06,2.52,0.98,3.00,3.20,3.25,10.19,9.60,8.45],
  [12.30,7.87,3.80,16.16,9.44,5.08,6.88,5.15,4.72,6.84,4.19,5.68,5.43,5.12,7.74,5.58,4.63,6.72,16.46,15.58,13.99,13.56,14.86,13.85,13.34,12.57,15.78,14.94,15.42,16.61,16.32,12.54,12.81,11.28,11.37,9.69,10.96,11.14,13.00,5.46,3.76,5.11,1.62,2.67,99.00,4.09,4.62,3.61,1.75,4.88,5.10,11.81,11.86,10.64],
  [12.20,4.12,7.12,17.86,7.21,7.81,7.34,6.75,7.13,6.93,4.47,5.73,5.46,5.65,6.34,6.86,6.16,6.23,15.74,14.89,13.87,13.42,14.37,13.09,12.97,12.37,15.22,14.43,14.59,15.83,15.69,12.11,11.43,12.65,12.93,11.96,13.08,12.21,13.86,1.60,0.45,1.09,3.47,2.06,4.09,99.00,0.53,1.49,3.46,1.18,1.19,11.33,10.04,9.06],
  [12.31,3.71,7.61,18.15,7.02,8.23,7.57,7.11,7.56,7.13,4.78,5.97,5.70,5.94,6.36,7.19,6.54,6.38,15.75,14.90,13.96,13.51,14.41,13.11,13.03,12.46,15.25,14.47,14.59,15.82,15.70,12.17,11.37,12.93,13.23,12.34,13.44,12.46,14.07,1.20,0.93,0.65,3.97,2.52,4.62,0.53,99.00,1.82,3.93,0.94,0.80,11.39,9.93,8.99],
  [10.82,4.28,5.98,16.37,8.68,8.11,5.86,5.29,5.77,5.47,2.98,4.26,3.98,4.15,5.15,5.38,4.72,4.83,14.50,13.64,12.50,12.05,13.07,11.84,11.64,11.01,13.94,13.14,13.37,14.60,14.43,10.78,10.32,11.16,11.44,10.51,11.62,10.73,12.39,3.02,1.08,1.93,2.48,0.98,3.61,1.49,1.82,99.00,3.67,2.66,2.61,10.01,9.06,7.98],
  [13.61,7.56,5.54,17.85,7.73,4.46,8.23,6.72,6.42,8.09,5.32,6.86,6.59,6.41,8.54,7.09,6.16,7.78,17.62,16.74,15.31,14.87,16.08,14.98,14.58,13.85,16.99,16.15,16.54,17.76,17.51,13.76,13.72,12.91,13.02,11.42,12.68,12.71,14.54,4.44,3.29,4.54,2.81,3.00,1.75,3.46,3.93,3.67,99.00,3.86,4.17,13.00,12.60,11.45],
  [13.25,4.23,8.16,19.03,6.09,7.91,8.48,7.92,8.27,8.06,5.64,6.88,6.60,6.81,7.29,8.03,7.33,7.32,16.67,15.83,14.90,14.45,15.35,14.04,13.97,13.40,16.18,15.41,15.51,16.75,16.63,13.11,12.27,13.82,14.10,13.13,14.26,13.37,15.00,0.59,1.62,1.41,4.52,3.20,4.88,1.18,0.94,2.66,3.86,99.00,0.37,12.33,10.80,9.89],
  [13.05,3.85,8.29,18.95,6.26,8.27,8.37,7.90,8.32,7.92,5.58,6.76,6.49,6.74,7.05,7.99,7.32,7.15,16.42,15.58,14.69,14.24,15.11,13.79,13.75,13.20,15.94,15.17,15.25,16.49,16.38,12.89,11.98,13.73,14.03,13.12,14.23,13.26,14.86,0.41,1.64,1.12,4.64,3.25,5.10,1.19,0.80,2.61,4.17,0.37,99.00,12.11,10.49,9.60],
  [1.30,9.95,10.16,9.35,18.35,16.84,5.03,7.18,8.37,4.97,7.69,6.15,6.42,6.70,5.08,6.61,7.49,5.25,4.65,3.77,2.64,2.20,3.08,2.10,1.64,1.23,3.99,3.15,3.65,4.81,4.51,0.78,2.72,5.38,6.01,7.77,7.69,4.42,4.52,12.42,11.03,11.01,10.27,10.19,11.81,11.33,11.39,10.01,13.00,12.33,12.11,99.00,3.90,3.46],
  [5.18,7.40,11.45,13.25,16.40,16.90,6.35,8.48,9.82,5.89,7.80,6.56,6.72,7.29,4.13,7.94,8.53,5.42,6.43,5.74,6.08,5.74,5.68,4.21,4.95,5.03,6.23,5.69,5.26,6.41,6.51,4.34,1.80,9.02,9.63,10.91,11.13,8.07,8.41,10.70,9.87,9.38,10.25,9.60,11.86,10.04,9.93,9.06,12.60,10.80,10.49,3.90,99.00,1.30],
  [4.75,6.83,10.15,12.67,15.66,15.70,5.07,7.19,8.53,4.60,6.54,5.27,5.44,6.00,2.92,6.64,7.23,4.13,6.92,6.13,5.96,5.56,5.87,4.42,4.84,4.68,6.57,5.90,5.74,6.95,6.94,4.08,2.38,8.15,8.74,9.83,10.14,7.23,7.82,9.84,8.85,8.49,9.03,8.45,10.64,9.06,8.99,7.98,11.45,9.89,9.60,3.46,1.30,99.00]
];
