// Chosen Depots: [1, 2, 3, 6]
// Chosen Demand Points (Original DP No): [6, 8, 11, 12, 13, 15, 16, 23, 24, 25, 26, 89, 91, 92, 93, 94, 98, 99, 100, 101, 102, 103, 104, 106, 108, 109, 110, 112, 113, 114, 115, 121, 124, 125, 126, 128, 129, 131, 133, 135, 136, 137, 138, 139, 140, 143, 144, 145, 146, 150, 151, 153, 154, 156, 158, 159, 162, 164, 166, 169]
// Original Weights: [9, 4, 5, 6, 6, 7, 4, 6, 5, 5, 4, 7, 6, 5, 7, 6, 6, 6, 7, 7, 6, 7, 7, 7, 7, 7, 7, 7, 7, 7, 7, 6, 3, 2, 3, 2, 2, 2, 4, 4, 2, 3, 3, 4, 4, 8, 8, 7, 8, 7, 8, 8, 4, 7, 8, 7, 8, 9, 6, 8]

|W| = 4;
|D| = 60;
V = 54;
C = 3;
|K| = 1;
M = 100;
S = 0.25;
|TR| = 12;
δmax = 18.3;
Runtime = 25;

// Priority weights for selected demand points
pj = [
  9, 4, 5, 6, 6, 7, 4, 6, 5, 5, 4, 7, 6, 5, 7, 6, 6, 6, 7, 7, 6, 7, 7, 7, 7, 7, 7, 7, 7, 7, 7, 6, 3, 2, 3, 2, 2, 2, 4, 4, 2, 3, 3, 4, 4, 8, 8, 7, 8, 7, 8, 8, 4, 7, 8, 7, 8, 9, 6, 8
];

δij =
[
  [99.00,99.00,99.00,99.00,18.10,17.26,9.24,9.16,7.40,6.09,7.41,7.04,6.93,7.21,9.54,4.43,1.03,1.44,3.60,1.70,2.57,1.26,2.70,2.39,1.23,2.57,2.81,2.46,4.35,3.63,4.20,3.68,3.80,3.82,4.28,0.99,4.44,6.34,5.05,7.10,6.83,5.42,3.51,3.45,5.95,3.84,3.89,12.27,11.81,13.37,13.22,11.87,11.96,13.09,10.58,11.66,10.88,12.20,12.31,10.82,13.05,4.80,1.30,4.75],
  [99.00,99.00,99.00,99.00,8.14,11.93,6.43,6.12,5.89,5.71,8.33,6.19,8.35,6.74,8.34,13.73,11.79,12.55,12.96,12.58,13.06,12.15,12.68,11.24,11.52,12.24,12.45,12.14,13.23,13.40,13.45,12.55,13.79,12.73,13.17,10.69,12.99,13.15,13.43,13.25,14.13,13.72,12.30,12.49,13.42,13.33,13.59,8.88,9.48,3.87,4.76,4.28,3.06,5.00,3.07,3.44,9.26,4.12,3.71,4.28,3.85,7.77,9.95,6.83],
  [99.00,99.00,99.00,99.00,11.91,7.52,3.53,3.84,4.86,6.45,3.03,4.86,3.48,4.22,1.62,14.68,11.29,11.22,13.82,11.85,12.81,11.47,12.97,12.25,11.45,12.78,13.03,12.66,14.52,13.90,14.44,13.79,14.06,13.95,14.45,10.77,8.16,6.62,8.11,6.09,7.39,8.13,8.25,8.50,7.28,9.15,9.46,2.94,1.98,8.69,7.61,6.68,7.89,7.23,7.01,7.29,1.17,7.12,7.61,5.98,8.29,11.46,10.16,10.15],
  [99.00,99.00,99.00,99.00,23.67,20.10,13.89,13.99,12.87,12.46,11.27,12.49,10.93,12.22,13.02,9.89,8.11,7.06,9.64,7.66,8.16,7.82,8.87,9.81,8.61,9.19,9.24,9.17,10.32,9.20,9.89,10.13,8.91,10.13,10.28,8.99,5.23,6.07,4.93,6.60,5.30,4.75,5.85,5.66,5.45,4.83,4.60,15.55,14.66,19.34,18.76,17.44,18.03,18.49,16.65,17.56,13.77,17.86,18.15,16.37,18.95,12.88,9.35,12.67],
  [18.10,8.14,11.91,23.67,99.00,8.14,9.79,9.68,10.99,12.02,12.42,11.39,12.75,11.52,10.94,21.44,18.97,19.51,20.61,19.75,20.41,19.30,20.16,18.82,18.81,19.76,20.00,19.65,20.99,20.98,21.16,20.27,21.33,20.45,20.92,17.95,18.51,17.78,18.75,17.51,18.71,18.92,18.12,18.36,18.30,19.20,19.50,9.16,10.21,4.76,4.97,6.32,6.16,5.19,7.52,6.44,10.76,5.94,5.79,7.41,5.06,15.70,17.17,14.57],
  [17.26,11.93,7.52,20.10,8.14,99.00,8.21,8.38,10.23,11.96,9.90,10.50,10.37,10.15,7.75,21.49,18.27,18.38,20.61,18.92,19.83,18.50,19.86,18.89,18.33,19.59,19.85,19.47,21.23,20.79,21.23,20.47,21.02,20.65,21.15,17.56,15.66,14.10,15.62,13.51,14.81,15.64,15.70,15.95,14.78,16.64,16.95,4.99,5.61,8.43,7.26,7.71,8.87,6.96,9.23,8.52,6.57,7.81,8.23,8.11,8.27,17.06,16.84,15.70],
  [9.24,6.43,3.53,13.89,9.79,8.21,99.00,0.32,2.03,3.79,2.64,2.29,2.96,2.03,1.92,13.33,10.23,10.49,12.45,10.94,11.78,10.50,11.75,10.71,10.23,11.45,11.71,11.33,13.05,12.67,13.07,12.29,12.92,12.47,12.97,9.43,8.76,8.02,8.97,7.82,8.97,9.13,8.46,8.71,8.52,9.52,9.83,3.46,3.55,5.73,4.93,3.70,4.66,4.63,3.58,4.08,3.01,4.14,4.55,2.74,5.32,8.97,8.69,7.60],
  [9.16,6.12,3.84,13.99,9.68,8.38,0.32,99.00,1.86,3.59,2.79,2.15,3.07,1.98,2.23,13.21,10.15,10.43,12.33,10.86,11.69,10.42,11.64,10.58,10.13,11.33,11.60,11.21,12.91,12.56,12.94,12.15,12.82,12.33,12.84,9.32,8.84,8.17,9.06,8.00,9.13,9.24,8.50,8.75,8.65,9.58,9.88,3.70,3.84,5.53,4.78,3.52,4.42,4.51,3.30,3.85,3.33,3.96,4.34,2.53,5.12,8.74,8.57,7.38],
  [7.40,5.89,4.86,12.87,10.99,10.23,2.03,1.86,99.00,1.77,2.48,0.40,2.46,0.85,3.35,11.37,8.37,8.72,10.49,9.10,9.90,8.65,9.82,8.73,8.33,9.50,9.77,9.38,11.06,10.73,11.10,10.30,11.01,10.48,10.99,7.50,7.64,7.39,7.97,7.41,8.37,8.20,7.16,7.40,7.75,8.25,8.54,5.47,5.42,6.48,6.03,4.67,5.16,5.83,3.78,4.69,4.72,5.06,5.30,3.58,6.10,6.96,6.75,5.60],
  [6.09,5.71,6.45,12.46,12.02,11.96,3.79,3.59,1.77,99.00,3.67,1.62,3.42,2.23,5.03,9.80,6.99,7.49,8.92,7.76,8.48,7.30,8.32,7.14,6.88,7.97,8.23,7.85,9.45,9.21,9.52,8.69,9.51,8.88,9.38,6.03,7.28,7.55,7.72,7.75,8.50,8.01,6.61,6.82,7.76,7.67,7.94,7.24,7.18,7.32,7.14,5.79,5.91,7.02,4.51,5.58,6.44,6.11,6.23,4.76,6.98,5.19,5.25,3.83],
  [7.41,8.33,3.03,11.27,12.42,9.90,2.64,2.79,2.48,3.67,99.00,2.29,0.48,1.64,2.14,11.76,8.44,8.49,10.89,9.06,9.98,8.65,10.08,9.28,8.55,9.85,10.12,9.73,11.57,11.01,11.51,10.83,11.21,11.00,11.50,7.83,6.20,5.39,6.36,5.22,6.34,6.51,6.00,6.26,5.88,7.03,7.34,4.91,4.39,8.31,7.56,6.30,7.14,7.27,5.89,6.59,3.47,6.75,7.11,5.29,7.90,8.47,7.18,7.19],
  [7.04,6.19,4.86,12.49,11.39,10.50,2.29,2.15,0.40,1.62,2.29,99.00,2.19,0.67,3.41,11.06,8.02,8.35,10.17,8.74,9.56,8.30,9.49,8.43,7.99,9.18,9.44,9.06,10.76,10.40,10.79,10.00,10.67,10.18,10.69,7.17,7.25,7.04,7.58,7.08,8.02,7.82,6.77,7.00,7.39,7.85,8.14,5.68,5.57,6.87,6.42,5.06,5.55,6.23,4.16,5.08,4.82,5.46,5.70,3.98,6.49,6.79,6.42,5.44],
  [6.93,8.35,3.48,10.93,12.75,10.37,2.96,3.07,2.46,3.42,0.48,2.19,99.00,1.61,2.62,11.28,7.96,8.01,10.41,8.57,9.50,8.16,9.60,8.81,8.07,9.38,9.64,9.26,11.10,10.53,11.03,10.36,10.73,10.53,11.02,7.35,5.82,5.13,6.01,5.03,6.10,6.18,5.57,5.83,5.58,6.62,6.93,5.39,4.88,8.54,7.85,6.56,7.33,7.58,6.04,6.80,3.95,7.00,7.34,5.53,8.14,8.08,6.71,6.82],
  [7.21,6.74,4.22,12.22,11.52,10.15,2.03,1.98,0.85,2.23,1.64,0.67,1.61,99.00,2.83,11.35,8.21,8.46,10.46,8.91,9.76,8.47,9.74,8.75,8.22,9.45,9.72,9.33,11.08,10.67,11.08,10.32,10.91,10.50,11.00,7.42,7.01,6.62,7.29,6.59,7.59,7.50,6.60,6.84,7.01,7.68,7.98,5.25,5.04,7.13,6.57,5.23,5.85,6.34,4.51,5.35,4.25,5.65,5.94,4.15,6.74,7.34,6.70,6.00],
  [9.54,8.34,1.62,13.02,10.94,7.75,1.92,2.23,3.35,5.03,2.14,3.41,2.62,2.83,99.00,13.86,10.57,10.63,12.98,11.19,12.11,10.78,12.19,11.33,10.66,11.95,12.21,11.83,13.65,13.13,13.61,12.90,13.33,13.07,13.57,9.92,8.14,6.98,8.22,6.61,7.86,8.31,8.04,8.30,7.57,9.04,9.35,2.77,2.29,7.33,6.35,5.29,6.41,6.00,5.45,5.81,1.43,5.74,6.20,4.49,6.92,10.16,9.25,8.82],
  [4.43,13.73,14.68,9.89,21.44,21.49,13.33,13.21,11.37,9.80,11.76,11.06,11.28,11.35,13.86,99.00,3.43,3.89,0.88,3.09,2.13,3.35,1.73,2.66,3.23,1.91,1.65,2.03,0.61,0.86,0.28,1.18,0.99,1.00,0.64,3.94,8.25,10.38,8.79,11.19,10.65,9.11,7.48,7.33,9.85,7.33,7.21,16.54,16.14,16.68,16.77,15.48,15.30,16.71,14.01,15.11,15.23,15.74,15.75,14.50,16.42,6.02,4.65,6.92],
  [1.03,11.79,11.29,8.11,18.97,18.27,10.23,10.15,8.37,6.99,8.44,8.02,7.96,8.21,10.57,3.43,99.00,1.06,2.63,0.80,1.55,0.37,1.70,1.77,0.50,1.64,1.86,1.54,3.41,2.62,3.22,2.79,2.77,2.91,3.34,1.12,5.09,7.12,5.69,7.90,7.52,6.04,4.22,4.12,6.67,4.34,4.32,13.29,12.83,14.22,14.12,12.78,12.81,14.01,11.44,12.53,11.90,13.09,13.18,11.74,13.91,4.97,1.84,5.19],
  [1.44,12.55,11.22,7.06,19.51,18.38,10.49,10.43,8.72,7.49,8.49,8.35,8.01,8.46,10.63,3.89,1.06,99.00,3.22,0.81,1.76,0.77,2.26,2.78,1.55,2.39,2.54,2.32,4.02,3.03,3.73,3.52,3.04,3.60,3.95,2.06,4.37,6.49,4.93,7.30,6.78,5.26,3.59,3.44,5.97,3.50,3.43,13.39,12.86,14.79,14.61,13.25,13.38,14.47,11.99,13.07,11.91,13.59,13.71,12.19,14.46,5.99,2.66,6.10],
  [3.60,12.96,13.82,9.64,20.61,20.61,12.45,12.33,10.49,8.92,10.89,10.17,10.41,10.46,12.98,0.88,2.63,3.22,99.00,2.41,1.55,2.60,0.97,1.80,2.38,1.04,0.79,1.16,0.80,0.55,0.62,0.57,0.98,0.50,0.73,3.06,7.58,9.68,8.15,10.48,10.00,8.48,6.77,6.64,9.18,6.71,6.62,15.66,15.27,15.85,15.92,14.62,14.46,15.86,13.16,14.26,14.36,14.89,14.90,13.64,15.58,5.32,3.77,6.13],
  [1.70,12.58,11.85,7.66,19.75,18.92,10.94,10.86,9.10,7.76,9.06,8.74,8.57,8.91,11.19,3.09,0.80,0.81,2.41,99.00,0.99,0.45,1.45,2.16,1.13,1.61,1.75,1.56,3.21,2.23,2.93,2.72,2.27,2.80,3.14,1.90,5.18,7.29,5.74,8.10,7.59,6.07,4.39,4.25,6.78,4.31,4.23,13.94,13.44,15.01,14.89,13.55,13.60,14.77,12.23,13.31,12.50,13.87,13.96,12.50,14.69,5.66,2.64,5.96],
  [2.57,13.06,12.81,8.16,20.41,19.83,11.78,11.69,9.90,8.48,9.98,9.56,9.50,9.76,12.11,2.13,1.55,1.76,1.55,0.99,99.00,1.34,0.72,2.04,1.61,1.12,1.10,1.15,2.33,1.28,2.00,1.99,1.29,2.01,2.27,2.47,6.12,8.25,6.66,9.06,8.52,6.98,5.36,5.20,7.72,5.20,5.09,14.84,14.37,15.66,15.60,14.27,14.25,15.50,12.90,13.99,13.44,14.57,14.64,13.24,15.36,5.80,3.25,6.31],
  [1.26,12.15,11.47,7.82,19.30,18.50,10.50,10.42,8.65,7.30,8.65,8.30,8.16,8.47,10.78,3.35,0.37,0.77,2.60,0.45,1.34,99.00,1.64,2.01,0.81,1.68,1.87,1.60,3.40,2.51,3.16,2.84,2.61,2.94,3.33,1.49,5.01,7.08,5.59,7.88,7.44,5.93,4.18,4.05,6.60,4.20,4.16,13.52,13.04,14.56,14.44,13.09,13.15,14.32,11.78,12.86,12.10,13.42,13.51,12.05,14.24,5.33,2.20,5.56],
  [2.70,12.68,12.97,8.87,20.16,19.86,11.75,11.64,9.82,8.32,10.08,9.49,9.60,9.74,12.19,1.73,1.70,2.26,0.97,1.45,0.72,1.64,99.00,1.47,1.53,0.47,0.38,0.54,1.77,0.94,1.53,1.30,1.19,1.36,1.70,2.32,6.62,8.71,7.18,9.51,9.04,7.51,5.81,5.67,8.22,5.75,5.67,14.89,14.47,15.40,15.40,14.08,14.00,15.31,12.67,13.76,13.54,14.37,14.41,13.07,15.11,5.25,3.08,5.87],
  [2.39,11.24,12.25,9.81,18.82,18.89,10.71,10.58,8.73,7.14,9.28,8.43,8.81,8.75,11.33,2.66,1.77,2.78,1.80,2.16,2.04,2.01,1.47,99.00,1.29,1.01,1.21,0.93,2.34,2.16,2.38,1.58,2.54,1.76,2.26,1.54,6.78,8.73,7.39,9.48,9.20,7.75,5.88,5.80,8.33,6.09,6.08,13.97,13.63,14.07,14.12,12.82,12.67,14.06,11.37,12.47,12.73,13.09,13.11,11.84,13.79,3.78,2.10,4.42],
  [1.23,11.52,11.45,8.61,18.81,18.33,10.23,10.13,8.33,6.88,8.55,7.99,8.07,8.22,10.66,3.23,0.50,1.55,2.38,1.13,1.61,0.81,1.53,1.29,99.00,1.34,1.59,1.23,3.13,2.47,2.99,2.45,2.69,2.59,3.05,0.86,5.52,7.51,6.12,8.28,7.94,6.47,4.63,4.54,7.08,4.80,4.79,13.36,12.94,14.05,13.99,12.66,12.64,13.89,11.29,12.38,12.01,12.97,13.03,11.64,13.75,4.54,1.64,4.84],
  [2.57,12.24,12.78,9.19,19.76,19.59,11.45,11.33,9.50,7.97,9.85,9.18,9.38,9.45,11.95,1.91,1.64,2.39,1.04,1.61,1.12,1.68,0.47,1.01,1.34,99.00,0.26,0.12,1.79,1.24,1.66,1.16,1.57,1.27,1.71,2.04,6.69,8.75,7.28,9.53,9.12,7.61,5.84,5.73,8.28,5.88,5.82,14.63,14.24,15.00,15.02,13.71,13.60,14.94,12.28,13.38,13.32,13.99,14.02,12.71,14.71,4.78,2.76,5.42],
  [2.81,12.45,13.03,9.24,20.00,19.85,11.71,11.60,9.77,8.23,10.12,9.44,9.64,9.72,12.21,1.65,1.86,2.54,0.79,1.75,1.10,1.87,0.38,1.21,1.59,0.26,99.00,0.38,1.55,0.98,1.40,0.98,1.33,1.07,1.48,2.30,6.88,8.95,7.45,9.74,9.30,7.79,6.04,5.92,8.47,6.04,5.97,14.90,14.50,15.24,15.27,13.96,13.84,15.20,12.53,13.63,13.58,14.24,14.27,12.96,14.96,4.95,3.02,5.63],
  [2.46,12.14,12.66,9.17,19.65,19.47,11.33,11.21,9.38,7.85,9.73,9.06,9.26,9.33,11.83,2.03,1.54,2.32,1.16,1.56,1.15,1.60,0.54,0.93,1.23,0.12,0.38,99.00,1.90,1.35,1.78,1.25,1.68,1.37,1.82,1.91,6.61,8.65,7.19,9.44,9.03,7.53,5.75,5.64,8.19,5.80,5.75,14.51,14.12,14.89,14.91,13.59,13.49,14.83,12.17,13.27,13.20,13.88,13.91,12.59,14.60,4.71,2.64,5.33],
  [4.35,13.23,14.52,10.32,20.99,21.23,13.05,12.91,11.06,9.45,11.57,10.76,11.10,11.08,13.65,0.61,3.41,4.02,0.80,3.21,2.33,3.40,1.77,2.34,3.13,1.79,1.55,1.90,99.00,1.12,0.45,0.76,1.43,0.58,0.08,3.75,8.38,10.48,8.95,11.28,10.80,9.27,7.57,7.44,9.98,7.50,7.41,16.30,15.94,16.24,16.36,15.08,14.86,16.32,13.59,14.69,15.03,15.34,15.33,14.12,15.98,5.49,4.40,6.44],
  [3.63,13.40,13.90,9.20,20.98,20.79,12.67,12.56,10.73,9.21,11.01,10.40,10.53,10.67,13.13,0.86,2.62,3.03,0.55,2.23,1.28,2.51,0.94,2.16,2.47,1.24,0.98,1.35,1.12,99.00,0.73,1.12,0.43,1.04,1.09,3.24,7.39,9.52,7.94,10.33,9.79,8.25,6.62,6.47,9.00,6.47,6.36,15.83,15.40,16.22,16.25,14.94,14.82,16.18,13.51,14.61,14.48,15.22,15.25,13.94,15.94,5.81,3.99,6.57],
  [4.20,13.45,14.44,9.89,21.16,21.23,13.07,12.94,11.10,9.52,11.51,10.79,11.03,11.08,13.61,0.28,3.22,3.73,0.62,2.93,2.00,3.16,1.53,2.38,2.99,1.66,1.40,1.78,0.45,0.73,99.00,0.91,0.99,0.73,0.44,3.69,8.10,10.22,8.65,11.02,10.51,8.97,7.31,7.17,9.70,7.20,7.09,16.28,15.89,16.40,16.49,15.20,15.02,16.43,13.73,14.83,14.98,15.46,15.47,14.22,16.14,5.75,4.39,6.64],
  [3.68,12.55,13.79,10.13,20.27,20.47,12.29,12.15,10.30,8.69,10.83,10.00,10.36,10.32,12.90,1.18,2.79,3.52,0.57,2.72,1.99,2.84,1.30,1.58,2.45,1.16,0.98,1.25,0.76,1.12,0.91,99.00,1.55,0.19,0.69,3.02,7.85,9.90,8.43,10.69,10.27,8.76,7.00,6.89,9.44,7.02,6.95,15.54,15.19,15.52,15.62,14.34,14.13,15.57,12.85,13.95,14.29,14.59,14.59,13.37,15.25,4.85,3.65,5.74],
  [3.80,13.79,14.06,8.91,21.33,21.02,12.92,12.82,11.01,9.51,11.21,10.67,10.73,10.91,13.33,0.99,2.77,3.04,0.98,2.27,1.29,2.61,1.19,2.54,2.69,1.57,1.33,1.68,1.43,0.43,0.99,1.55,99.00,1.45,1.41,3.50,7.35,9.50,7.88,10.32,9.73,8.18,6.62,6.46,8.96,6.40,6.27,16.04,15.60,16.57,16.58,15.26,15.17,16.50,13.84,14.94,14.67,15.55,15.59,14.26,16.28,6.23,4.27,6.96],
  [3.82,12.73,13.95,10.13,20.45,20.65,12.47,12.33,10.48,8.88,11.00,10.18,10.53,10.50,13.07,1.00,2.91,3.60,0.50,2.80,2.01,2.94,1.36,1.76,2.59,1.27,1.07,1.37,0.58,1.04,0.73,0.19,1.45,99.00,0.50,3.18,7.94,10.01,8.52,10.81,10.37,8.85,7.11,6.99,9.54,7.10,7.03,15.72,15.36,15.70,15.81,14.52,14.32,15.76,13.04,14.14,14.46,14.78,14.78,13.55,15.44,5.02,3.83,5.92],
  [4.28,13.17,14.45,10.28,20.92,21.15,12.97,12.84,10.99,9.38,11.50,10.69,11.02,11.00,13.57,0.64,3.34,3.95,0.73,3.14,2.27,3.33,1.70,2.26,3.05,1.71,1.48,1.82,0.08,1.09,0.44,0.69,1.41,0.50,99.00,3.67,8.32,10.41,8.88,11.21,10.74,9.21,7.50,7.37,9.92,7.44,7.35,16.22,15.86,16.18,16.29,15.01,14.80,16.25,13.53,14.62,14.96,15.27,15.26,14.05,15.92,5.43,4.33,6.37],
  [0.99,10.69,10.77,8.99,17.95,17.56,9.43,9.32,7.50,6.03,7.83,7.17,7.35,7.42,9.92,3.94,1.12,2.06,3.06,1.90,2.47,1.49,2.32,1.54,0.86,2.04,2.30,1.91,3.75,3.24,3.69,3.02,3.50,3.18,3.67,99.00,5.41,7.26,6.03,8.00,7.79,6.40,4.47,4.43,6.90,4.84,4.88,12.60,12.21,13.19,13.14,11.81,11.79,13.04,10.43,11.53,11.29,12.11,12.17,10.78,12.89,3.94,0.78,4.08],
  [4.44,12.99,8.16,5.23,18.51,15.66,8.76,8.84,7.64,7.28,6.20,7.25,5.82,7.01,8.14,8.25,5.09,4.37,7.58,5.18,6.12,5.01,6.62,6.78,5.52,6.69,6.88,6.61,8.38,7.39,8.10,7.85,7.35,7.94,8.32,5.41,99.00,2.18,0.62,3.01,2.43,1.00,0.96,0.98,1.61,1.08,1.35,10.83,10.06,14.12,13.57,12.24,12.80,13.32,11.41,12.33,9.12,12.65,12.93,11.16,13.73,8.72,5.38,8.15],
  [6.34,13.15,6.62,6.07,17.78,14.10,8.02,8.17,7.39,7.55,5.39,7.04,5.13,6.62,6.98,10.38,7.12,6.49,9.68,7.29,8.25,7.08,8.71,8.73,7.51,8.75,8.95,8.65,10.48,9.52,10.22,9.90,9.50,10.01,10.41,7.26,2.18,99.00,1.78,0.84,0.98,1.64,2.91,3.05,0.70,3.23,3.46,9.48,8.60,13.67,12.95,11.68,12.45,12.66,11.13,11.92,7.70,12.12,12.47,10.66,13.27,10.13,7.08,9.33],
  [5.05,13.43,8.11,4.93,18.75,15.62,8.97,9.06,7.97,7.72,6.36,7.58,6.01,7.29,8.22,8.79,5.69,4.93,8.15,5.74,6.66,5.59,7.18,7.39,6.12,7.28,7.45,7.19,8.95,7.94,8.65,8.43,7.88,8.52,8.88,6.03,0.62,1.78,99.00,2.61,1.85,0.37,1.58,1.60,1.12,1.50,1.69,10.86,10.05,14.42,13.82,12.50,13.12,13.56,11.75,12.64,9.11,12.93,13.23,11.44,14.03,9.33,6.01,8.74],
  [7.10,13.25,6.09,6.60,17.51,13.51,7.82,8.00,7.41,7.75,5.22,7.08,5.03,6.59,6.61,11.19,7.90,7.30,10.48,8.10,9.06,7.88,9.51,9.48,8.28,9.53,9.74,9.44,11.28,10.33,11.02,10.69,10.32,10.81,11.21,8.00,3.01,0.84,2.61,99.00,1.30,2.44,3.71,3.87,1.50,4.07,4.29,9.00,8.07,13.53,12.74,11.51,12.36,12.43,11.07,11.81,7.21,11.96,12.34,10.51,13.12,10.70,7.77,9.83],
  [6.83,14.13,7.39,5.30,18.71,14.81,8.97,9.13,8.37,8.50,6.34,8.02,6.10,7.59,7.86,10.65,7.52,6.78,10.00,7.59,8.52,7.44,9.04,9.20,7.94,9.12,9.30,9.03,10.80,9.79,10.51,10.27,9.73,10.37,10.74,7.79,2.43,0.98,1.85,1.30,99.00,1.55,3.33,3.40,0.91,3.33,3.49,10.29,9.37,14.64,13.90,12.64,13.42,13.60,12.11,12.89,8.50,13.08,13.44,11.62,14.23,10.87,7.69,10.14],
  [5.42,13.72,8.13,4.75,18.92,15.64,9.13,9.24,8.20,8.01,6.51,7.82,6.18,7.50,8.31,9.11,6.04,5.26,8.48,6.07,6.98,5.93,7.51,7.75,6.47,7.61,7.79,7.53,9.27,8.25,8.97,8.76,8.18,8.85,9.21,6.40,1.00,1.64,0.37,2.44,1.55,99.00,1.95,1.97,0.94,1.78,1.94,10.92,10.09,14.63,14.01,12.70,13.35,13.75,11.98,12.86,9.17,13.13,13.44,11.64,14.24,9.70,6.38,9.10],
  [3.51,12.30,8.25,5.85,18.12,15.70,8.46,8.50,7.16,6.61,6.00,6.77,5.57,6.60,8.04,7.48,4.22,3.59,6.77,4.39,5.36,4.18,5.81,5.88,4.63,5.84,6.04,5.75,7.57,6.62,7.31,7.00,6.62,7.11,7.50,4.47,0.96,2.91,1.58,3.71,3.33,1.95,99.00,0.26,2.45,1.08,1.38,10.79,10.08,13.64,13.16,11.81,12.29,12.93,10.89,11.85,9.13,12.21,12.46,10.73,13.26,7.77,4.42,7.23],
  [3.45,12.49,8.50,5.66,18.36,15.95,8.71,8.75,7.40,6.82,6.26,7.00,5.83,6.84,8.30,7.33,4.12,3.44,6.64,4.25,5.20,4.05,5.67,5.80,4.54,5.73,5.92,5.64,7.44,6.47,7.17,6.89,6.46,6.99,7.37,4.43,0.98,3.05,1.60,3.87,3.40,1.97,0.26,99.00,2.55,0.86,1.14,11.05,10.34,13.87,13.40,12.05,12.52,13.18,11.11,12.08,9.39,12.45,12.70,10.97,13.49,7.82,4.43,7.32],
  [5.95,13.42,7.28,5.45,18.30,14.78,8.52,8.65,7.75,7.76,5.88,7.39,5.58,7.01,7.57,9.85,6.67,5.97,9.18,6.78,7.72,6.60,8.22,8.33,7.08,8.28,8.47,8.19,9.98,9.00,9.70,9.44,8.96,9.54,9.92,6.90,1.61,0.70,1.12,1.50,0.91,0.94,2.45,2.55,99.00,2.60,2.81,10.12,9.25,14.11,13.43,12.15,12.86,13.15,11.52,12.35,8.34,12.58,12.91,11.10,13.71,9.97,6.79,9.25],
  [3.84,13.33,9.15,4.83,19.20,16.64,9.52,9.58,8.25,7.67,7.03,7.85,6.62,7.68,9.04,7.33,4.34,3.50,6.71,4.31,5.20,4.20,5.75,6.09,4.80,5.88,6.04,5.80,7.50,6.47,7.20,7.02,6.40,7.10,7.44,4.84,1.08,3.23,1.50,4.07,3.33,1.78,1.08,0.86,2.60,99.00,0.31,11.77,11.03,14.72,14.24,12.89,13.37,14.02,11.97,12.93,10.08,13.30,13.55,11.81,14.34,8.43,4.95,8.02],
  [3.89,13.59,9.46,4.60,19.50,16.95,9.83,9.88,8.54,7.94,7.34,8.14,6.93,7.98,9.35,7.21,4.32,3.43,6.62,4.23,5.09,4.16,5.67,6.08,4.79,5.82,5.97,5.75,7.41,6.36,7.09,6.95,6.27,7.03,7.35,4.88,1.35,3.46,1.69,4.29,3.49,1.94,1.38,1.14,2.81,0.31,99.00,12.08,11.34,15.01,14.54,13.19,13.66,14.31,12.25,13.22,10.39,13.59,13.84,12.11,14.63,8.54,5.05,8.18],
  [12.27,8.88,2.94,15.55,9.16,4.99,3.46,3.70,5.47,7.24,4.91,5.68,5.39,5.25,2.77,16.54,13.29,13.39,15.66,13.94,14.84,13.52,14.89,13.97,13.36,14.63,14.90,14.51,16.30,15.83,16.28,15.54,16.04,15.72,16.22,12.60,10.83,9.48,10.86,9.00,10.29,10.92,10.79,11.05,10.12,11.77,12.08,99.00,1.05,6.62,5.39,4.87,6.21,4.98,5.81,5.65,1.79,5.22,5.75,4.60,6.26,12.43,11.90,11.06],
  [11.81,9.48,1.98,14.66,10.21,5.61,3.55,3.84,5.42,7.18,4.39,5.57,4.88,5.04,2.29,16.14,12.83,12.86,15.27,13.44,14.37,13.04,14.47,13.63,12.94,14.24,14.50,14.12,15.94,15.40,15.89,15.19,15.60,15.36,15.86,12.21,10.06,8.60,10.05,8.07,9.37,10.09,10.08,10.34,9.25,11.03,11.34,1.05,99.00,7.51,6.31,5.66,6.98,5.91,6.42,6.39,0.96,6.05,6.57,5.24,7.13,12.36,11.54,11.01],
  [13.37,3.87,8.69,19.34,4.76,8.43,5.73,5.53,6.48,7.32,8.31,6.87,8.54,7.13,7.33,16.68,14.22,14.79,15.85,15.01,15.66,14.56,15.40,14.07,14.05,15.00,15.24,14.89,16.24,16.22,16.40,15.52,16.57,15.70,16.18,13.19,14.12,13.67,14.42,13.53,14.64,14.63,13.64,13.87,14.11,14.72,15.01,6.62,7.51,99.00,1.28,2.05,1.41,1.67,2.80,1.79,7.68,1.60,1.20,3.02,0.41,11.01,12.42,9.84],
  [13.22,4.76,7.61,18.76,4.97,7.26,4.93,4.78,6.03,7.14,7.56,6.42,7.85,6.57,6.35,16.77,14.12,14.61,15.92,14.89,15.60,14.44,15.40,14.12,13.99,15.02,15.27,14.91,16.36,16.25,16.49,15.62,16.58,15.81,16.29,13.14,13.57,12.95,13.82,12.74,13.90,14.01,13.16,13.40,13.43,14.24,14.54,5.39,6.31,1.28,99.00,1.36,1.76,0.40,2.78,1.70,6.56,1.03,1.13,2.44,1.02,11.31,12.36,10.07],
  [11.87,4.28,6.68,17.44,6.32,7.71,3.70,3.52,4.67,5.79,6.30,5.06,6.56,5.23,5.29,15.48,12.78,13.25,14.62,13.55,14.27,13.09,14.08,12.82,12.66,13.71,13.96,13.59,15.08,14.94,15.20,14.34,15.26,14.52,15.01,11.81,12.24,11.68,12.50,11.51,12.64,12.70,11.81,12.05,12.15,12.89,13.19,4.87,5.66,2.05,1.36,99.00,1.35,1.24,1.63,0.84,5.73,0.45,0.93,1.08,1.64,10.13,11.03,8.85],
  [11.96,3.06,7.89,18.03,6.16,8.87,4.66,4.42,5.16,5.91,7.14,5.55,7.33,5.85,6.41,15.30,12.81,13.38,14.46,13.60,14.25,13.15,14.00,12.67,12.64,13.60,13.84,13.49,14.86,14.82,15.02,14.13,15.17,14.32,14.80,11.79,12.80,12.45,13.12,12.36,13.42,13.35,12.29,12.52,12.86,13.37,13.66,6.21,6.98,1.41,1.76,1.35,99.00,1.96,1.41,0.60,6.99,1.09,0.65,1.93,1.12,9.68,11.01,8.49],
  [13.09,5.00,7.23,18.49,5.19,6.96,4.63,4.51,5.83,7.02,7.27,6.23,7.58,6.34,6.00,16.71,14.01,14.47,15.86,14.77,15.50,14.32,15.31,14.06,13.89,14.94,15.20,14.83,16.32,16.18,16.43,15.57,16.50,15.76,16.25,13.04,13.32,12.66,13.56,12.43,13.60,13.75,12.93,13.18,13.15,14.02,14.31,4.98,5.91,1.67,0.40,1.24,1.96,99.00,2.79,1.77,6.17,1.03,1.30,2.28,1.38,11.33,12.26,10.07],
  [10.58,3.07,7.01,16.65,7.52,9.23,3.58,3.30,3.78,4.51,5.89,4.16,6.04,4.51,5.45,14.01,11.44,11.99,13.16,12.23,12.90,11.78,12.67,11.37,11.29,12.28,12.53,12.17,13.59,13.51,13.73,12.85,13.84,13.04,13.53,10.43,11.41,11.13,11.75,11.07,12.11,11.98,10.89,11.11,11.52,11.97,12.25,5.81,6.42,2.80,2.78,1.63,1.41,2.79,99.00,1.10,6.24,1.77,1.74,1.22,2.47,8.54,9.65,7.29],
  [11.66,3.44,7.29,17.56,6.44,8.52,4.08,3.85,4.69,5.58,6.59,5.08,6.80,5.35,5.81,15.11,12.53,13.07,14.26,13.31,13.99,12.86,13.76,12.47,12.38,13.38,13.63,13.27,14.69,14.61,14.83,13.95,14.94,14.14,14.62,11.53,12.33,11.92,12.64,11.81,12.89,12.86,11.85,12.08,12.35,12.93,13.22,5.65,6.39,1.79,1.70,0.84,0.60,1.77,1.10,99.00,6.39,0.75,0.65,1.34,1.42,9.61,10.75,8.37],
  [10.88,9.26,1.17,13.77,10.76,6.57,3.01,3.33,4.72,6.44,3.47,4.82,3.95,4.25,1.43,15.23,11.90,11.91,14.36,12.50,13.44,12.10,13.54,12.73,12.01,13.32,13.58,13.20,15.03,14.48,14.98,14.29,14.67,14.46,14.96,11.29,9.12,7.70,9.11,7.21,8.50,9.17,9.13,9.39,8.34,10.08,10.39,1.79,0.96,7.68,6.56,5.73,6.99,6.17,6.24,6.39,99.00,6.14,6.65,5.13,7.29,11.59,10.63,10.25],
  [12.20,4.12,7.12,17.86,5.94,7.81,4.14,3.96,5.06,6.11,6.75,5.46,7.00,5.65,5.74,15.74,13.09,13.59,14.89,13.87,14.57,13.42,14.37,13.09,12.97,13.99,14.24,13.88,15.34,15.22,15.46,14.59,15.55,14.78,15.27,12.11,12.65,12.12,12.93,11.96,13.08,13.13,12.21,12.45,12.58,13.30,13.59,5.22,6.05,1.60,1.03,0.45,1.09,1.03,1.77,0.75,6.14,99.00,0.53,1.49,1.19,10.31,11.33,9.06],
  [12.31,3.71,7.61,18.15,5.79,8.23,4.55,4.34,5.30,6.23,7.11,5.70,7.34,5.94,6.20,15.75,13.18,13.71,14.90,13.96,14.64,13.51,14.41,13.11,13.03,14.02,14.27,13.91,15.33,15.25,15.47,14.59,15.59,14.78,15.26,12.17,12.93,12.47,13.23,12.34,13.44,13.44,12.46,12.70,12.91,13.55,13.84,5.75,6.57,1.20,1.13,0.93,0.65,1.30,1.74,0.65,6.65,0.53,99.00,1.82,0.80,10.21,11.39,8.99],
  [10.82,4.28,5.98,16.37,7.41,8.11,2.74,2.53,3.58,4.76,5.29,3.98,5.53,4.15,4.49,14.50,11.74,12.19,13.64,12.50,13.24,12.05,13.07,11.84,11.64,12.71,12.96,12.59,14.12,13.94,14.22,13.37,14.26,13.55,14.05,10.78,11.16,10.66,11.44,10.51,11.62,11.64,10.73,10.97,11.10,11.81,12.11,4.60,5.24,3.02,2.44,1.08,1.93,2.28,1.22,1.34,5.13,1.49,1.82,99.00,2.61,9.29,10.01,7.98],
  [13.05,3.85,8.29,18.95,5.06,8.27,5.32,5.12,6.10,6.98,7.90,6.49,8.14,6.74,6.92,16.42,13.91,14.46,15.58,14.69,15.36,14.24,15.11,13.79,13.75,14.71,14.96,14.60,15.98,15.94,16.14,15.25,16.28,15.44,15.92,12.89,13.73,13.27,14.03,13.12,14.23,14.24,13.26,13.49,13.71,14.34,14.63,6.26,7.13,0.41,1.02,1.64,1.12,1.38,2.47,1.42,7.29,1.19,0.80,2.61,99.00,10.79,12.11,9.60],
  [4.80,7.77,11.46,12.88,15.70,17.06,8.97,8.74,6.96,5.19,8.47,6.79,8.08,7.34,10.16,6.02,4.97,5.99,5.32,5.66,5.80,5.33,5.25,3.78,4.54,4.78,4.95,4.71,5.49,5.81,5.75,4.85,6.23,5.02,5.43,3.94,8.72,10.13,9.33,10.70,10.87,9.70,7.77,7.82,9.97,8.43,8.54,12.43,12.36,11.01,11.31,10.13,9.68,11.33,8.54,9.61,11.59,10.31,10.21,9.29,10.79,99.00,3.53,1.37],
  [1.30,9.95,10.16,9.35,17.17,16.84,8.69,8.57,6.75,5.25,7.18,6.42,6.71,6.70,9.25,4.65,1.84,2.66,3.77,2.64,3.25,2.20,3.08,2.10,1.64,2.76,3.02,2.64,4.40,3.99,4.39,3.65,4.27,3.83,4.33,0.78,5.38,7.08,6.01,7.77,7.69,6.38,4.42,4.43,6.79,4.95,5.05,11.90,11.54,12.42,12.36,11.03,11.01,12.26,9.65,10.75,10.63,11.33,11.39,10.01,12.11,3.53,99.00,3.46],
  [4.75,6.83,10.15,12.67,14.57,15.70,7.60,7.38,5.60,3.83,7.19,5.44,6.82,6.00,8.82,6.92,5.19,6.10,6.13,5.96,6.31,5.56,5.87,4.42,4.84,5.42,5.63,5.33,6.44,6.57,6.64,5.74,6.96,5.92,6.37,4.08,8.15,9.33,8.74,9.83,10.14,9.10,7.23,7.32,9.25,8.02,8.18,11.06,11.01,9.84,10.07,8.85,8.49,10.07,7.29,8.37,10.25,9.06,8.99,7.98,9.60,1.37,3.46,99.00]
];
