// Chosen Depots: [1, 2, 3, 6]
// Chosen Demand Points (Original DP No): [6, 10, 14, 15, 18, 20, 21, 22, 24, 25, 26, 28, 29, 31, 89, 90, 91, 92, 93, 94, 99, 100, 103, 104, 106, 109, 112, 113, 116, 117, 119, 121, 122, 123, 125, 127, 129, 130, 132, 133, 137, 143, 144, 145, 147, 148, 149, 150, 152, 153, 154, 155, 162, 163, 165, 166, 168, 169, 170, 171]
// Original Weights: [9, 4, 5, 7, 4, 6, 6, 6, 5, 5, 4, 5, 5, 6, 7, 6, 6, 5, 7, 6, 6, 7, 7, 7, 7, 7, 7, 7, 7, 7, 8, 6, 8, 6, 2, 3, 2, 4, 4, 4, 3, 8, 8, 7, 5, 6, 6, 7, 7, 8, 4, 5, 8, 8, 6, 6, 5, 8, 8, 8]

|W| = 4;
|D| = 60;
V = 54;
C = 3;
|K| = 1;
M = 100;
S = 0.25;
|TR| = 12;
δmax = 18.3;
Runtime = 25;

// Priority weights for selected demand points
pj = [
  9, 4, 5, 7, 4, 6, 6, 6, 5, 5, 4, 5, 5, 6, 7, 6, 6, 5, 7, 6, 6, 7, 7, 7, 7, 7, 7, 7, 7, 7, 8, 6, 8, 6, 2, 3, 2, 4, 4, 4, 3, 8, 8, 7, 5, 6, 6, 7, 7, 8, 4, 5, 8, 8, 6, 6, 5, 8, 8, 8
];

δij =
[
  [99.00,99.00,99.00,99.00,18.10,9.07,5.42,6.09,8.48,5.52,8.30,6.76,6.93,7.21,9.54,6.17,6.88,6.00,4.43,2.02,1.03,1.44,3.60,1.70,1.26,2.70,2.57,2.81,2.46,3.63,3.68,3.80,2.70,3.26,3.14,0.99,3.86,2.62,6.34,5.09,6.83,3.46,3.51,3.51,3.84,13.37,13.22,11.87,10.83,10.90,13.24,13.09,10.66,11.66,10.88,12.30,13.05,4.12,1.06,1.30,1.47,4.75,4.61,4.08],
  [99.00,99.00,99.00,99.00,8.14,9.37,7.73,5.71,9.26,7.11,5.99,6.36,8.35,6.74,8.34,7.46,8.14,6.09,13.73,12.16,11.79,12.55,12.96,12.58,12.15,12.68,12.24,12.45,12.14,13.40,12.55,13.79,10.14,12.79,9.42,10.69,9.10,12.84,13.15,12.55,14.13,13.26,12.30,12.30,13.33,3.87,4.76,4.28,6.71,5.26,6.76,5.00,3.67,3.44,9.26,7.87,3.85,7.83,10.11,9.95,10.35,6.83,7.19,8.24],
  [99.00,99.00,99.00,99.00,11.91,1.22,5.27,6.45,1.80,5.60,4.22,4.96,3.48,4.22,1.62,4.64,3.61,6.07,14.68,12.28,11.29,11.22,13.82,11.85,11.47,12.97,12.78,13.03,12.66,13.90,13.79,14.06,11.77,13.49,11.53,10.77,11.88,12.89,6.62,7.08,7.39,9.45,8.25,8.25,9.15,8.69,7.61,6.68,3.65,5.10,5.79,7.23,6.49,7.29,1.17,3.80,8.29,10.78,10.04,10.16,8.80,10.15,10.52,11.22],
  [99.00,99.00,99.00,99.00,23.67,11.89,10.64,12.46,11.44,11.18,13.40,12.23,10.93,12.22,13.02,11.16,11.04,12.13,9.89,8.70,8.11,7.06,9.64,7.66,7.82,8.87,9.19,9.24,9.17,9.20,10.13,8.91,10.60,9.42,11.17,8.99,11.89,8.56,6.07,5.97,5.30,4.97,5.85,5.85,4.83,19.34,18.76,17.44,15.21,16.01,17.83,18.49,16.48,17.56,13.77,16.16,18.95,12.17,9.09,9.35,8.10,12.67,12.61,12.15],
  [18.10,8.14,11.91,23.67,99.00,12.21,13.26,12.02,12.50,12.87,10.32,11.67,12.75,11.52,10.94,12.63,12.63,12.16,21.44,19.56,18.97,19.51,20.61,19.75,19.30,20.16,19.76,20.00,19.65,20.98,20.27,21.33,17.79,20.39,17.14,17.95,16.94,20.26,17.78,17.70,18.71,19.29,18.12,18.12,19.20,4.76,4.97,6.32,8.59,7.67,6.12,5.19,7.46,6.44,10.76,8.13,5.06,15.60,17.26,17.17,16.98,14.57,14.98,16.06],
  [9.07,9.37,1.22,11.89,12.21,99.00,4.07,5.38,0.59,4.43,3.43,3.90,2.27,3.18,1.28,3.47,2.41,4.98,13.47,11.07,10.09,10.04,12.61,10.66,10.27,11.76,11.56,11.82,11.45,12.69,12.57,12.86,10.55,12.28,10.33,9.56,10.68,11.68,5.82,6.12,6.66,8.39,7.17,7.17,8.12,8.59,7.63,6.55,3.66,4.93,6.12,7.28,6.12,7.04,1.96,4.29,8.18,9.61,8.83,8.94,7.60,9.01,9.37,10.04],
  [5.42,7.73,5.27,10.64,13.26,4.07,99.00,2.14,3.53,0.66,3.01,1.61,1.80,1.83,4.22,0.75,1.66,1.69,9.66,7.32,6.43,6.64,8.78,7.11,6.68,8.01,7.75,8.01,7.63,8.94,8.68,9.17,6.53,8.47,6.27,5.72,6.62,7.99,5.44,4.84,6.40,6.03,4.89,4.89,5.97,8.75,8.30,6.94,5.43,5.71,7.93,8.09,5.88,6.96,5.63,6.88,8.37,5.58,4.96,5.03,4.03,5.07,5.39,6.00],
  [6.09,5.71,6.45,12.46,12.02,5.38,2.14,99.00,4.97,1.48,2.72,1.49,3.42,2.23,5.03,2.17,3.21,0.46,9.80,7.68,6.99,7.49,8.92,7.76,7.30,8.32,7.97,8.23,7.85,9.21,8.69,9.51,6.28,8.65,5.80,6.03,5.92,8.38,7.55,6.86,8.50,7.63,6.61,6.61,7.67,7.32,7.14,5.79,5.28,4.96,7.38,7.02,4.57,5.58,6.44,6.89,6.98,4.64,5.30,5.25,4.99,3.83,4.24,5.12],
  [8.48,9.26,1.80,11.44,12.50,0.59,3.53,4.97,99.00,3.93,3.27,3.52,1.73,2.83,1.59,2.98,1.89,4.55,12.88,10.49,9.50,9.45,12.02,10.07,9.68,11.17,10.98,11.24,10.86,12.11,11.99,12.27,9.99,11.70,9.78,8.98,10.15,11.10,5.39,5.61,6.27,7.83,6.62,6.62,7.58,8.73,7.83,6.68,3.92,5.08,6.46,7.49,6.15,7.11,2.52,4.72,8.32,9.10,8.25,8.37,7.01,8.53,8.88,9.52],
  [5.52,7.11,5.60,11.18,12.87,4.43,0.66,1.48,3.93,99.00,2.77,1.25,2.23,1.73,4.41,0.96,2.05,1.04,9.62,7.34,6.51,6.82,8.74,7.22,6.78,8.02,7.73,7.99,7.61,8.94,8.60,9.19,6.35,8.44,6.02,5.70,6.31,8.02,6.08,5.45,7.05,6.48,5.38,5.38,6.45,8.29,7.92,6.55,5.32,5.42,7.73,7.74,5.44,6.51,5.83,6.84,7.92,5.19,4.94,4.97,4.21,4.60,4.95,5.63],
  [8.30,5.99,4.22,13.40,10.32,3.43,3.01,2.72,3.27,2.77,99.00,1.54,2.59,1.20,2.62,2.32,2.42,2.53,12.32,10.09,9.28,9.59,11.44,10.00,9.55,10.76,10.45,10.71,10.33,11.67,11.26,11.94,8.92,11.15,8.48,8.44,8.64,10.77,7.71,7.44,8.68,8.98,7.80,7.80,8.88,5.98,5.37,4.04,2.60,2.71,4.95,5.14,3.16,4.22,3.91,4.19,5.58,7.36,7.68,7.69,6.98,6.54,6.96,7.85],
  [6.76,6.36,4.96,12.23,11.67,3.90,1.61,1.49,3.52,1.25,1.54,99.00,2.10,0.74,3.55,1.12,1.89,1.14,10.79,8.55,7.74,8.07,9.91,8.46,8.02,9.22,8.91,9.18,8.79,10.14,9.74,10.40,7.43,9.62,7.03,6.90,7.23,9.23,6.84,6.37,7.81,7.64,6.50,6.50,7.58,7.14,6.70,5.34,4.12,4.17,6.48,6.51,4.27,5.35,4.98,5.68,6.76,6.01,6.14,6.15,5.46,5.27,5.67,6.48],
  [6.93,8.35,3.48,10.93,12.75,2.27,1.80,3.42,1.73,2.23,2.59,2.10,99.00,1.61,2.62,1.29,0.22,2.97,11.28,8.91,7.96,8.01,10.41,8.57,8.16,9.60,9.38,9.64,9.26,10.53,10.36,10.73,8.29,10.10,8.06,7.35,8.42,9.54,5.13,4.95,6.10,6.79,5.57,5.57,6.62,8.54,7.85,6.56,4.36,5.08,6.99,7.58,5.74,6.80,3.95,5.60,8.14,7.37,6.61,6.71,5.48,6.82,7.16,7.79],
  [7.21,6.74,4.22,12.22,11.52,3.18,1.83,2.23,2.83,1.73,1.20,0.74,1.61,99.00,2.83,1.12,1.40,1.87,11.35,9.06,8.21,8.46,10.46,8.91,8.47,9.74,9.45,9.72,9.33,10.67,10.32,10.91,8.05,10.17,7.68,7.42,7.92,9.74,6.62,6.28,7.59,7.78,6.60,6.60,7.68,7.13,6.57,5.23,3.61,3.90,6.10,6.34,4.28,5.35,4.25,5.12,6.74,6.72,6.66,6.70,5.85,6.00,6.39,7.18],
  [9.54,8.34,1.62,13.02,10.94,1.28,4.22,5.03,1.59,4.41,2.62,3.55,2.62,2.83,99.00,3.51,2.67,4.69,13.86,11.50,10.57,10.63,12.98,11.19,10.78,12.19,11.95,12.21,11.83,13.13,12.90,13.33,10.74,12.67,10.43,9.92,10.70,12.15,6.98,7.15,7.86,9.27,8.04,8.04,9.04,7.33,6.35,5.29,2.38,3.68,4.88,6.00,4.95,5.81,1.43,3.15,6.92,9.53,9.17,9.25,8.09,8.82,9.21,9.99],
  [6.17,7.46,4.64,11.16,12.63,3.47,0.75,2.17,2.98,0.96,2.32,1.12,1.29,1.12,3.51,99.00,1.10,1.71,10.40,8.07,7.18,7.39,9.52,7.86,7.43,8.75,8.49,8.76,8.37,9.69,9.41,9.92,7.23,9.21,6.93,6.46,7.24,8.74,5.72,5.26,6.69,6.66,5.49,5.49,6.57,8.19,7.67,6.32,4.69,5.03,7.21,7.45,5.32,6.40,4.93,6.13,7.80,6.14,5.70,5.76,4.78,5.55,5.90,6.58],
  [6.88,8.14,3.61,11.04,12.63,2.41,1.66,3.21,1.89,2.05,2.42,1.89,0.22,1.40,2.67,1.10,99.00,2.76,11.21,8.84,7.90,7.98,10.33,8.53,8.11,9.53,9.30,9.56,9.18,10.46,10.27,10.66,8.17,10.02,7.92,7.27,8.27,9.48,5.29,5.07,6.26,6.85,5.63,5.63,6.68,8.39,7.72,6.42,4.30,4.96,6.92,7.45,5.58,6.64,4.02,5.58,7.99,7.21,6.52,6.61,5.43,6.64,6.99,7.64],
  [6.00,6.09,6.07,12.13,12.16,4.98,1.69,0.46,4.55,1.04,2.53,1.14,2.97,1.87,4.69,1.71,2.76,99.00,9.84,7.67,6.93,7.37,8.96,7.68,7.23,8.32,7.99,8.25,7.87,9.22,8.76,9.51,6.39,8.69,5.95,6.01,6.12,8.37,7.12,6.46,8.08,7.35,6.29,6.29,7.36,7.50,7.24,5.88,5.12,4.94,7.33,7.10,4.70,5.74,6.12,6.72,7.15,4.88,5.27,5.25,4.82,4.13,4.53,5.36],
  [4.43,13.73,14.68,9.89,21.44,13.47,9.66,9.80,12.88,9.62,12.32,10.79,11.28,11.35,13.86,10.40,11.21,9.84,99.00,2.40,3.43,3.89,0.88,3.09,3.35,1.73,1.91,1.65,2.03,0.86,1.18,0.99,3.65,1.19,4.32,3.94,4.66,1.89,10.38,9.15,10.65,6.86,7.48,7.48,7.33,16.68,16.77,15.48,14.91,14.76,17.17,16.71,14.22,15.11,15.23,16.46,16.42,5.90,4.70,4.65,5.89,6.92,6.54,5.49],
  [2.02,12.16,12.28,8.70,19.56,11.07,7.32,7.68,10.49,7.34,10.09,8.55,8.91,9.06,11.50,8.07,8.84,7.67,2.40,99.00,1.05,1.80,1.58,1.05,1.08,0.69,0.61,0.81,0.53,1.63,1.76,1.85,2.25,1.25,2.98,1.65,3.61,0.71,8.14,6.90,8.51,4.82,5.24,5.24,5.27,14.80,14.77,13.45,12.66,12.61,14.99,14.68,12.21,13.15,12.85,14.18,14.50,4.48,2.41,2.43,3.49,5.39,5.10,4.22],
  [1.03,11.79,11.29,8.11,18.97,10.09,6.43,6.99,9.50,6.51,9.28,7.74,7.96,8.21,10.57,7.18,7.90,6.93,3.43,1.05,99.00,1.06,2.63,0.80,0.37,1.70,1.64,1.86,1.54,2.62,2.79,2.77,2.49,2.29,3.12,1.12,3.82,1.59,7.12,5.87,7.52,3.91,4.22,4.22,4.34,14.22,14.12,12.78,11.82,11.86,14.22,14.01,11.55,12.53,11.90,13.31,13.91,4.41,1.71,1.84,2.50,5.19,4.97,4.25],
  [1.44,12.55,11.22,7.06,19.51,10.04,6.64,7.49,9.45,6.82,9.59,8.07,8.01,8.46,10.63,7.39,7.98,7.37,3.89,1.80,1.06,99.00,3.22,0.81,0.77,2.26,2.39,2.54,2.32,3.03,3.52,3.04,3.55,2.90,4.16,2.06,4.87,2.02,6.49,5.27,6.78,3.04,3.59,3.59,3.50,14.79,14.61,13.25,12.07,12.23,14.54,14.47,12.06,13.07,11.91,13.50,14.46,5.38,2.46,2.66,2.61,6.10,5.92,5.26],
  [3.60,12.96,13.82,9.64,20.61,12.61,8.78,8.92,12.02,8.74,11.44,9.91,10.41,10.46,12.98,9.52,10.33,8.96,0.88,1.58,2.63,3.22,99.00,2.41,2.60,0.97,1.04,0.79,1.16,0.55,0.57,0.98,2.83,0.34,3.54,3.06,3.94,1.21,9.68,8.44,10.00,6.25,6.77,6.77,6.71,15.85,15.92,14.62,14.03,13.88,16.29,15.86,13.36,14.26,14.36,15.58,15.58,5.13,3.82,3.77,5.05,6.13,5.77,4.75],
  [1.70,12.58,11.85,7.66,19.75,10.66,7.11,7.76,10.07,7.22,10.00,8.46,8.57,8.91,11.19,7.86,8.53,7.68,3.09,1.05,0.80,0.81,2.41,99.00,0.45,1.45,1.61,1.75,1.56,2.23,2.72,2.27,3.09,2.09,3.77,1.90,4.45,1.21,7.29,6.06,7.59,3.85,4.39,4.39,4.31,15.01,14.89,13.55,12.52,12.60,14.94,14.77,12.33,13.31,12.50,13.99,14.69,5.14,2.51,2.64,3.10,5.96,5.73,4.95],
  [1.26,12.15,11.47,7.82,19.30,10.27,6.68,7.30,9.68,6.78,9.55,8.02,8.16,8.47,10.78,7.43,8.11,7.23,3.35,1.08,0.37,0.77,2.60,0.45,99.00,1.64,1.68,1.87,1.60,2.51,2.84,2.61,2.82,2.27,3.47,1.49,4.16,1.47,7.08,5.84,7.44,3.76,4.18,4.18,4.20,14.56,14.44,13.09,12.09,12.15,14.50,14.32,11.88,12.86,12.10,13.56,14.24,4.78,2.06,2.20,2.69,5.56,5.35,4.61],
  [2.70,12.68,12.97,8.87,20.16,11.76,8.01,8.32,11.17,8.02,10.76,9.22,9.60,9.74,12.19,8.75,9.53,8.32,1.73,0.69,1.70,2.26,0.97,1.45,1.64,99.00,0.47,0.38,0.54,0.94,1.30,1.19,2.61,0.64,3.35,2.32,3.90,0.31,8.71,7.48,9.04,5.29,5.81,5.81,5.75,15.40,15.40,14.08,13.33,13.26,15.66,15.31,12.83,13.76,13.54,14.86,15.11,4.91,3.08,3.08,4.17,5.87,5.55,4.60],
  [2.57,12.24,12.78,9.19,19.76,11.56,7.75,7.97,10.98,7.73,10.45,8.91,9.38,9.45,11.95,8.49,9.30,7.99,1.91,0.61,1.64,2.39,1.04,1.61,1.68,0.47,99.00,0.26,0.12,1.24,1.16,1.57,2.15,0.72,2.89,2.04,3.43,0.73,8.75,7.50,9.12,5.43,5.84,5.84,5.88,15.00,15.02,13.71,13.03,12.92,15.33,14.94,12.46,13.38,13.32,14.57,14.71,4.46,2.80,2.76,4.01,5.42,5.10,4.14],
  [2.81,12.45,13.03,9.24,20.00,11.82,8.01,8.23,11.24,7.99,10.71,9.18,9.64,9.72,12.21,8.76,9.56,8.25,1.65,0.81,1.86,2.54,0.79,1.75,1.87,0.38,0.26,99.00,0.38,0.98,0.98,1.33,2.34,0.46,3.08,2.30,3.59,0.69,8.95,7.71,9.30,5.59,6.04,6.04,6.04,15.24,15.27,13.96,13.30,13.18,15.59,15.20,12.71,13.63,13.58,14.83,14.96,4.66,3.06,3.02,4.27,5.63,5.30,4.32],
  [2.46,12.14,12.66,9.17,19.65,11.45,7.63,7.85,10.86,7.61,10.33,8.79,9.26,9.33,11.83,8.37,9.18,7.87,2.03,0.53,1.54,2.32,1.16,1.56,1.60,0.54,0.12,0.38,99.00,1.35,1.25,1.68,2.07,0.84,2.81,1.91,3.37,0.78,8.65,7.41,9.03,5.35,5.75,5.75,5.80,14.89,14.91,13.59,12.91,12.81,15.21,14.83,12.34,13.27,13.20,14.45,14.60,4.37,2.67,2.64,3.90,5.33,5.01,4.06],
  [3.63,13.40,13.90,9.20,20.98,12.69,8.94,9.21,12.11,8.94,11.67,10.14,10.53,10.67,13.13,9.69,10.46,9.22,0.86,1.63,2.62,3.03,0.55,2.23,2.51,0.94,1.24,0.98,1.35,99.00,1.12,0.43,3.26,0.61,3.98,3.24,4.43,1.04,9.52,8.30,9.79,6.01,6.62,6.62,6.47,16.22,16.25,14.94,14.25,14.16,16.56,16.18,13.69,14.61,14.48,15.78,15.94,5.57,4.00,3.99,5.10,6.57,6.22,5.21],
  [3.68,12.55,13.79,10.13,20.27,12.57,8.68,8.69,11.99,8.60,11.26,9.74,10.36,10.32,12.90,9.41,10.27,8.76,1.18,1.76,2.79,3.52,0.57,2.72,2.84,1.30,1.16,0.98,1.25,1.12,99.00,1.55,2.48,0.71,3.14,3.02,3.48,1.60,9.90,8.66,10.27,6.56,7.00,7.00,7.02,15.52,15.62,14.34,13.86,13.65,16.07,15.57,13.08,13.95,14.29,15.42,15.25,4.72,3.75,3.65,5.10,5.74,5.36,4.31],
  [3.80,13.79,14.06,8.91,21.33,12.86,9.17,9.51,12.27,9.19,11.94,10.40,10.73,10.91,13.33,9.92,10.66,9.51,0.99,1.85,2.77,3.04,0.98,2.27,2.61,1.19,1.57,1.33,1.68,0.43,1.55,99.00,3.66,1.03,4.39,3.50,4.85,1.18,9.50,8.29,9.73,5.94,6.62,6.62,6.40,16.57,16.58,15.26,14.51,14.45,16.84,16.50,14.02,14.94,14.67,16.03,16.28,5.98,4.26,4.27,5.27,6.96,6.62,5.62],
  [2.70,10.14,11.77,10.60,17.79,10.55,6.53,6.28,9.99,6.35,8.92,7.43,8.29,8.05,10.74,7.23,8.17,6.39,3.65,2.25,2.49,3.55,2.83,3.09,2.82,2.61,2.15,2.34,2.07,3.26,2.48,3.66,99.00,2.65,0.74,1.70,1.36,2.83,8.88,7.64,9.45,6.15,6.14,6.14,6.54,13.04,13.15,11.87,11.51,11.23,13.65,13.10,10.61,11.48,12.15,13.10,12.77,2.32,2.05,1.82,3.64,3.31,2.96,1.99],
  [3.26,12.79,13.49,9.42,20.39,12.28,8.47,8.65,11.70,8.44,11.15,9.62,10.10,10.17,12.67,9.21,10.02,8.69,1.19,1.25,2.29,2.90,0.34,2.09,2.27,0.64,0.72,0.46,0.84,0.61,0.71,1.03,2.65,99.00,3.37,2.75,3.83,0.91,9.35,8.11,9.68,5.94,6.44,6.44,6.40,15.63,15.68,14.37,13.74,13.61,16.02,15.61,13.12,14.03,14.04,15.28,15.35,4.96,3.51,3.47,4.72,5.96,5.61,4.60],
  [3.14,9.42,11.53,11.17,17.14,10.33,6.27,5.80,9.78,6.02,8.48,7.03,8.06,7.68,10.43,6.93,7.92,5.95,4.32,2.98,3.12,4.16,3.54,3.77,3.47,3.35,2.89,3.08,2.81,3.98,3.14,4.39,0.74,3.37,99.00,2.18,0.72,3.57,9.08,7.87,9.72,6.59,6.45,6.45,6.95,12.40,12.54,11.28,11.07,10.71,13.14,12.51,10.02,10.86,11.85,12.67,12.14,1.59,2.30,2.03,3.83,2.60,2.24,1.25],
  [0.99,10.69,10.77,8.99,17.95,9.56,5.72,6.03,8.98,5.70,8.44,6.90,7.35,7.42,9.92,6.46,7.27,6.01,3.94,1.65,1.12,2.06,3.06,1.90,1.49,2.32,2.04,2.30,1.91,3.24,3.02,3.50,1.70,2.75,2.18,99.00,2.91,2.35,7.26,6.02,7.79,4.45,4.47,4.47,4.84,13.19,13.14,11.81,11.01,10.95,13.34,13.04,10.57,11.53,11.29,12.54,12.89,3.32,0.76,0.78,2.14,4.08,3.87,3.21],
  [3.86,9.10,11.88,11.89,16.94,10.68,6.62,5.92,10.15,6.31,8.64,7.23,8.42,7.92,10.70,7.24,8.27,6.12,4.66,3.61,3.82,4.87,3.94,4.45,4.16,3.90,3.43,3.59,3.37,4.43,3.48,4.85,1.36,3.83,0.72,2.91,99.00,4.15,9.73,8.53,10.38,7.30,7.14,7.14,7.66,12.22,12.44,11.21,11.20,10.74,13.16,12.43,9.95,10.75,12.13,12.81,11.98,1.36,3.00,2.72,4.50,2.38,1.96,0.89],
  [2.62,12.84,12.89,8.56,20.26,11.68,7.99,8.38,11.10,8.02,10.77,9.23,9.54,9.74,12.15,8.74,9.48,8.37,1.89,0.71,1.59,2.02,1.21,1.21,1.47,0.31,0.73,0.69,0.78,1.04,1.60,1.18,2.83,0.91,3.57,2.35,4.15,99.00,8.50,7.27,8.80,5.04,5.60,5.60,5.51,15.50,15.48,14.15,13.34,13.31,15.69,15.39,12.91,13.86,13.49,14.85,15.21,5.11,3.10,3.13,4.09,6.05,5.74,4.82],
  [6.34,13.15,6.62,6.07,17.78,5.82,5.44,7.55,5.39,6.08,7.71,6.84,5.13,6.62,6.98,5.72,5.29,7.12,10.38,8.14,7.12,6.49,9.68,7.29,7.08,8.71,8.75,8.95,8.65,9.52,9.90,9.50,8.88,9.35,9.08,7.26,9.73,8.50,99.00,1.25,0.98,3.67,2.91,2.91,3.23,13.67,12.95,11.68,9.23,10.17,11.83,12.66,10.86,11.92,7.70,10.10,13.27,9.31,6.83,7.08,5.26,9.33,9.47,9.53],
  [5.09,12.55,7.08,5.97,17.70,6.12,4.84,6.86,5.61,5.45,7.44,6.37,4.95,6.28,7.15,5.26,5.07,6.46,9.15,6.90,5.87,5.27,8.44,6.06,5.84,7.48,7.50,7.71,7.41,8.30,8.66,8.29,7.64,8.11,7.87,6.02,8.53,7.27,1.25,99.00,1.89,2.58,1.68,1.68,2.19,13.41,12.79,11.48,9.26,10.03,11.88,12.52,10.56,11.63,8.06,10.30,13.01,8.17,5.60,5.86,4.04,8.26,8.37,8.37],
  [6.83,14.13,7.39,5.30,18.71,6.66,6.40,8.50,6.27,7.05,8.68,7.81,6.10,7.59,7.86,6.69,6.26,8.08,10.65,8.51,7.52,6.78,10.00,7.59,7.44,9.04,9.12,9.30,9.03,9.79,10.27,9.73,9.45,9.68,9.72,7.79,10.38,8.80,0.98,1.89,99.00,3.80,3.33,3.33,3.33,14.64,13.90,12.64,10.14,11.11,12.72,13.60,11.83,12.89,8.50,10.96,14.23,10.06,7.43,7.69,5.89,10.14,10.25,10.25],
  [3.46,13.26,9.45,4.97,19.29,8.39,6.03,7.63,7.83,6.48,8.98,7.64,6.79,7.78,9.27,6.66,6.85,7.35,6.86,4.82,3.91,3.04,6.25,3.85,3.76,5.29,5.43,5.59,5.35,6.01,6.56,5.94,6.15,5.94,6.59,4.45,7.30,5.04,3.67,2.58,3.80,99.00,1.23,1.23,0.46,14.76,14.32,12.97,11.15,11.68,13.76,14.11,11.90,12.98,10.34,12.37,14.39,7.36,4.34,4.61,3.15,7.77,7.74,7.41],
  [3.51,12.30,8.25,5.85,18.12,7.17,4.89,6.61,6.62,5.38,7.80,6.50,5.57,6.60,8.04,5.49,5.63,6.29,7.48,5.24,4.22,3.59,6.77,4.39,4.18,5.81,5.84,6.04,5.75,6.62,7.00,6.62,6.14,6.44,6.45,4.47,7.14,5.60,2.91,1.68,3.33,1.23,99.00,0.00,1.08,13.64,13.16,11.81,9.93,10.49,12.54,12.93,10.77,11.85,9.13,11.14,13.26,6.98,4.15,4.42,2.69,7.23,7.27,7.11],
  [3.51,12.30,8.25,5.85,18.12,7.17,4.89,6.61,6.62,5.38,7.80,6.50,5.57,6.60,8.04,5.49,5.63,6.29,7.48,5.24,4.22,3.59,6.77,4.39,4.18,5.81,5.84,6.04,5.75,6.62,7.00,6.62,6.14,6.44,6.45,4.47,7.14,5.60,2.91,1.68,3.33,1.23,0.00,99.00,1.08,13.64,13.16,11.81,9.93,10.49,12.54,12.93,10.77,11.85,9.13,11.14,13.26,6.98,4.15,4.42,2.69,7.23,7.27,7.11],
  [3.84,13.33,9.15,4.83,19.20,8.12,5.97,7.67,7.58,6.45,8.88,7.58,6.62,7.68,9.04,6.57,6.68,7.36,7.33,5.27,4.34,3.50,6.71,4.31,4.20,5.75,5.88,6.04,5.80,6.47,7.02,6.40,6.54,6.40,6.95,4.84,7.66,5.51,3.23,2.19,3.33,0.46,1.08,1.08,99.00,14.72,14.24,12.89,10.98,11.57,13.60,14.02,11.86,12.93,10.08,12.16,14.34,7.66,4.68,4.95,3.40,8.02,8.01,7.73],
  [13.37,3.87,8.69,19.34,4.76,8.59,8.75,7.32,8.73,8.29,5.98,7.14,8.54,7.13,7.33,8.19,8.39,7.50,16.68,14.80,14.22,14.79,15.85,15.01,14.56,15.40,15.00,15.24,14.89,16.22,15.52,16.57,13.04,15.63,12.40,13.19,12.22,15.50,13.67,13.41,14.64,14.76,13.64,13.64,14.72,99.00,1.28,2.05,5.04,3.66,3.68,1.67,2.87,1.79,7.68,5.46,0.41,10.87,12.51,12.42,12.30,9.84,10.26,11.33],
  [13.22,4.76,7.61,18.76,4.97,7.63,8.30,7.14,7.83,7.92,5.37,6.70,7.85,6.57,6.35,7.67,7.72,7.24,16.77,14.77,14.12,14.61,15.92,14.89,14.44,15.40,15.02,15.27,14.91,16.25,15.62,16.58,13.15,15.68,12.54,13.14,12.44,15.48,12.95,12.79,13.90,14.32,13.16,13.16,14.24,1.28,99.00,1.36,3.99,2.79,2.40,0.40,2.57,1.70,6.56,4.22,1.02,11.08,12.42,12.36,12.06,10.07,10.50,11.56],
  [11.87,4.28,6.68,17.44,6.32,6.55,6.94,5.79,6.68,6.55,4.04,5.34,6.56,5.23,5.29,6.32,6.42,5.88,15.48,13.45,12.78,13.25,14.62,13.55,13.09,14.08,13.71,13.96,13.59,14.94,14.34,15.26,11.87,14.37,11.28,11.81,11.21,14.15,11.68,11.48,12.64,12.97,11.81,11.81,12.89,2.05,1.36,99.00,3.05,1.62,2.50,1.24,1.26,0.84,5.73,3.76,1.64,9.85,11.09,11.03,10.70,8.85,9.29,10.34],
  [10.83,6.71,3.65,15.21,8.59,3.66,5.43,5.28,3.92,5.32,2.60,4.12,4.36,3.61,2.38,4.69,4.30,5.12,14.91,12.66,11.82,12.07,14.03,12.52,12.09,13.33,13.03,13.30,12.91,14.25,13.86,14.51,11.51,13.74,11.07,11.01,11.20,13.34,9.23,9.26,10.14,11.15,9.93,9.93,10.98,5.04,3.99,3.05,99.00,1.51,2.63,3.63,3.06,3.70,2.69,1.62,4.64,9.90,10.25,10.27,9.46,9.03,9.46,10.39],
  [10.90,5.26,5.10,16.01,7.67,4.93,5.71,4.96,5.08,5.42,2.71,4.17,5.08,3.90,3.68,5.03,4.96,4.94,14.76,12.61,11.86,12.23,13.88,12.60,12.15,13.26,12.92,13.18,12.81,14.16,13.65,14.45,11.23,13.61,10.71,10.95,10.74,13.31,10.17,10.03,11.11,11.68,10.49,10.49,11.57,3.66,2.79,1.62,1.51,99.00,2.43,2.49,1.59,2.19,4.20,2.67,3.25,9.40,10.21,10.19,9.63,8.45,8.89,9.89],
  [13.24,6.76,5.79,17.83,6.12,6.12,7.93,7.38,6.46,7.73,4.95,6.48,6.99,6.10,4.88,7.21,6.92,7.33,17.17,14.99,14.22,14.54,16.29,14.94,14.50,15.66,15.33,15.59,15.21,16.56,16.07,16.84,13.65,16.02,13.14,13.34,13.16,15.69,11.83,11.88,12.72,13.76,12.54,12.54,13.60,3.68,2.40,2.50,2.63,2.43,99.00,2.01,3.50,3.33,4.65,2.05,3.39,11.82,12.59,12.58,11.93,10.86,11.30,12.31],
  [13.09,5.00,7.23,18.49,5.19,7.28,8.09,7.02,7.49,7.74,5.14,6.51,7.58,6.34,6.00,7.45,7.45,7.10,16.71,14.68,14.01,14.47,15.86,14.77,14.32,15.31,14.94,15.20,14.83,16.18,15.57,16.50,13.10,15.61,12.51,13.04,12.43,15.39,12.66,12.52,13.60,14.11,12.93,12.93,14.02,1.67,0.40,1.24,3.63,2.49,2.01,99.00,2.49,1.77,6.17,3.82,1.38,11.07,12.32,12.26,11.90,10.07,10.50,11.55],
  [10.66,3.67,6.49,16.48,7.46,6.12,5.88,4.57,6.15,5.44,3.16,4.27,5.74,4.28,4.95,5.32,5.58,4.70,14.22,12.21,11.55,12.06,13.36,12.33,11.88,12.83,12.46,12.71,12.34,13.69,13.08,14.02,10.61,13.12,10.02,10.57,9.95,12.91,10.86,10.56,11.83,11.90,10.77,10.77,11.86,2.87,2.57,1.26,3.06,1.59,3.50,2.49,99.00,1.08,5.68,4.23,2.49,8.59,9.86,9.79,9.52,7.59,8.03,9.08],
  [11.66,3.44,7.29,17.56,6.44,7.04,6.96,5.58,7.11,6.51,4.22,5.35,6.80,5.35,5.81,6.40,6.64,5.74,15.11,13.15,12.53,13.07,14.26,13.31,12.86,13.76,13.38,13.63,13.27,14.61,13.95,14.94,11.48,14.03,10.86,11.53,10.75,13.86,11.92,11.63,12.89,12.98,11.85,11.85,12.93,1.79,1.70,0.84,3.70,2.19,3.33,1.77,1.08,99.00,6.39,4.56,1.42,9.39,10.83,10.75,10.55,8.37,8.80,9.86],
  [10.88,9.26,1.17,13.77,10.76,1.96,5.63,6.44,2.52,5.83,3.91,4.98,3.95,4.25,1.43,4.93,4.02,6.12,15.23,12.85,11.90,11.91,14.36,12.50,12.10,13.54,13.32,13.58,13.20,14.48,14.29,14.67,12.15,14.04,11.85,11.29,12.13,13.49,7.70,8.06,8.50,10.34,9.13,9.13,10.08,7.68,6.56,5.73,2.69,4.20,4.65,6.17,5.68,6.39,99.00,2.63,7.29,10.96,10.55,10.63,9.41,10.25,10.64,11.42],
  [12.30,7.87,3.80,16.16,8.13,4.29,6.88,6.89,4.72,6.84,4.19,5.68,5.60,5.12,3.15,6.13,5.58,6.72,16.46,14.18,13.31,13.50,15.58,13.99,13.56,14.86,14.57,14.83,14.45,15.78,15.42,16.03,13.10,15.28,12.67,12.54,12.81,14.85,10.10,10.30,10.96,12.37,11.14,11.14,12.16,5.46,4.22,3.76,1.62,2.67,2.05,3.82,4.23,4.56,2.63,99.00,5.10,11.51,11.78,11.81,10.91,10.64,11.07,12.00],
  [13.05,3.85,8.29,18.95,5.06,8.18,8.37,6.98,8.32,7.92,5.58,6.76,8.14,6.74,6.92,7.80,7.99,7.15,16.42,14.50,13.91,14.46,15.58,14.69,14.24,15.11,14.71,14.96,14.60,15.94,15.25,16.28,12.77,15.35,12.14,12.89,11.98,15.21,13.27,13.01,14.23,14.39,13.26,13.26,14.34,0.41,1.02,1.64,4.64,3.25,3.39,1.38,2.49,1.42,7.29,5.10,99.00,10.63,12.20,12.11,11.96,9.60,10.03,11.10],
  [4.12,7.83,10.78,12.17,15.60,9.61,5.58,4.64,9.10,5.19,7.36,6.01,7.37,6.72,9.53,6.14,7.21,4.88,5.90,4.48,4.41,5.38,5.13,5.14,4.78,4.91,4.46,4.66,4.37,5.57,4.72,5.98,2.32,4.96,1.59,3.32,1.36,5.11,9.31,8.17,10.06,7.36,6.98,6.98,7.66,10.87,11.08,9.85,9.90,9.40,11.82,11.07,8.59,9.39,10.96,11.51,10.63,99.00,3.09,2.83,4.29,1.03,0.64,0.49],
  [1.06,10.11,10.04,9.09,17.26,8.83,4.96,5.30,8.25,4.94,7.68,6.14,6.61,6.66,9.17,5.70,6.52,5.27,4.70,2.41,1.71,2.46,3.82,2.51,2.06,3.08,2.80,3.06,2.67,4.00,3.75,4.26,2.05,3.51,2.30,0.76,3.00,3.10,6.83,5.60,7.43,4.34,4.15,4.15,4.68,12.51,12.42,11.09,10.25,10.21,12.59,12.32,9.86,10.83,10.55,11.78,12.20,3.09,99.00,0.28,1.58,3.69,3.56,3.09],
  [1.30,9.95,10.16,9.35,17.17,8.94,5.03,5.25,8.37,4.97,7.69,6.15,6.71,6.70,9.25,5.76,6.61,5.25,4.65,2.43,1.84,2.66,3.77,2.64,2.20,3.08,2.76,3.02,2.64,3.99,3.65,4.27,1.82,3.47,2.03,0.78,2.72,3.13,7.08,5.86,7.69,4.61,4.42,4.42,4.95,12.42,12.36,11.03,10.27,10.19,12.58,12.26,9.79,10.75,10.63,11.81,12.11,2.83,0.28,99.00,1.83,3.46,3.31,2.81],
  [1.47,10.35,8.80,8.10,16.98,7.60,4.03,4.99,7.01,4.21,6.98,5.46,5.48,5.85,8.09,4.78,5.43,4.82,5.89,3.49,2.50,2.61,5.05,3.10,2.69,4.17,4.01,4.27,3.90,5.10,5.10,5.27,3.64,4.72,3.83,2.14,4.50,4.09,5.26,4.04,5.89,3.15,2.69,2.69,3.40,12.30,12.06,10.70,9.46,9.63,11.93,11.90,9.52,10.55,9.41,10.91,11.96,4.29,1.58,1.83,99.00,4.62,4.62,4.42],
  [4.75,6.83,10.15,12.67,14.57,9.01,5.07,3.83,8.53,4.60,6.54,5.27,6.82,6.00,8.82,5.55,6.64,4.13,6.92,5.39,5.19,6.10,6.13,5.96,5.56,5.87,5.42,5.63,5.33,6.57,5.74,6.96,3.31,5.96,2.60,4.08,2.38,6.05,9.33,8.26,10.14,7.77,7.23,7.23,8.02,9.84,10.07,8.85,9.03,8.45,10.86,10.07,7.59,8.37,10.25,10.64,9.60,1.03,3.69,3.46,4.62,99.00,0.44,1.49],
  [4.61,7.19,10.52,12.61,14.98,9.37,5.39,4.24,8.88,4.95,6.96,5.67,7.16,6.39,9.21,5.90,6.99,4.53,6.54,5.10,4.97,5.92,5.77,5.73,5.35,5.55,5.10,5.30,5.01,6.22,5.36,6.62,2.96,5.61,2.24,3.87,1.96,5.74,9.47,8.37,10.25,7.74,7.27,7.27,8.01,10.26,10.50,9.29,9.46,8.89,11.30,10.50,8.03,8.80,10.64,11.07,10.03,0.64,3.56,3.31,4.62,0.44,99.00,1.07],
  [4.08,8.24,11.22,12.15,16.06,10.04,6.00,5.12,9.52,5.63,7.85,6.48,7.79,7.18,9.99,6.58,7.64,5.36,5.49,4.22,4.25,5.26,4.75,4.95,4.61,4.60,4.14,4.32,4.06,5.21,4.31,5.62,1.99,4.60,1.25,3.21,0.89,4.82,9.53,8.37,10.25,7.41,7.11,7.11,7.73,11.33,11.56,10.34,10.39,9.89,12.31,11.55,9.08,9.86,11.42,12.00,11.10,0.49,3.09,2.81,4.42,1.49,1.07,99.00]
];
