// Chosen Depots: [1, 2, 3, 6]
// Chosen Demand Points (Original DP No): [8, 13, 21, 24, 29, 30, 88, 89, 95, 96, 97, 100, 104, 105, 109, 110, 111, 112, 114, 115, 119, 124, 126, 127, 128, 129, 133, 135, 136, 137, 139, 140, 141, 142, 143, 144, 146, 147, 150, 152, 158, 160, 161, 162, 163, 165, 166, 167, 168, 170]
// Original Weights: [4, 6, 6, 5, 5, 5, 6, 7, 7, 7, 7, 7, 7, 6, 7, 7, 7, 7, 7, 7, 8, 3, 3, 3, 2, 2, 4, 4, 2, 3, 4, 4, 4, 8, 8, 8, 8, 5, 7, 7, 8, 6, 8, 8, 8, 6, 6, 9, 5, 8]

|W| = 4;
|D| = 50;
V = 54;
C = 3;
|K| = 2;
M = 100;
S = 0.25;
|TR| = 11;
δmax = 18.3;
Runtime = 20;

// Priority weights for selected demand points
pj = [
  4, 6, 6, 5, 5, 5, 6, 7, 7, 7, 7, 7, 7, 6, 7, 7, 7, 7, 7, 7, 8, 3, 3, 3, 2, 2, 4, 4, 2, 3, 4, 4, 4, 8, 8, 8, 8, 5, 7, 7, 8, 6, 8, 8, 8, 6, 6, 9, 5, 8
];

δij =
[
  [99.00,99.00,99.00,99.00,17.26,7.40,8.30,6.93,6.88,7.81,1.64,4.43,4.45,4.53,2.58,2.70,2.81,0.36,3.63,4.20,2.79,3.68,3.82,4.28,3.14,4.44,5.05,5.09,7.10,6.83,3.51,3.45,5.95,3.84,12.27,11.81,11.81,11.71,13.37,13.22,11.96,10.83,13.09,10.66,12.31,13.61,13.25,13.05,4.12,1.06,1.30,5.18,1.47,4.61],
  [99.00,99.00,99.00,99.00,11.93,5.89,5.99,8.35,8.14,7.88,11.70,13.73,13.62,13.77,10.69,12.68,12.45,11.16,13.40,13.45,12.72,12.55,12.73,13.17,9.42,12.99,13.43,12.55,13.25,14.13,12.30,12.49,13.42,13.33,8.88,9.48,9.48,2.64,3.87,4.76,3.06,6.71,5.00,3.67,3.71,7.56,4.23,3.85,7.83,10.11,9.95,7.40,10.35,7.19],
  [99.00,99.00,99.00,99.00,7.52,4.86,4.22,3.48,3.61,2.93,11.85,14.68,14.68,14.78,12.08,12.97,13.03,10.60,13.90,14.44,13.05,13.79,13.95,14.45,11.53,8.16,8.11,7.08,6.09,7.39,8.25,8.50,7.28,9.15,2.94,1.98,1.98,8.06,8.69,7.61,7.89,3.65,7.23,6.49,7.61,5.54,8.16,8.29,10.78,10.04,10.16,11.45,8.80,10.52],
  [99.00,99.00,99.00,99.00,20.10,12.87,13.40,10.93,11.04,11.86,8.79,9.89,10.04,9.99,10.28,8.87,9.24,8.27,9.20,9.89,8.93,10.13,10.13,10.28,11.17,5.23,4.93,5.97,6.60,5.30,5.85,5.66,5.45,4.83,15.55,14.66,14.66,17.92,19.34,18.76,18.03,15.21,18.49,16.48,18.15,17.85,19.03,18.95,12.17,9.09,9.35,13.25,8.10,12.61],
  [17.26,11.93,7.52,20.10,99.00,10.23,9.26,10.37,10.40,9.46,18.70,21.49,21.46,21.58,18.59,19.86,19.85,17.54,20.79,21.23,19.94,20.47,20.65,21.15,17.75,15.66,15.62,14.59,13.51,14.81,15.70,15.95,14.78,16.64,4.99,5.61,5.61,9.29,8.43,7.26,8.87,6.69,6.96,8.68,8.23,4.46,7.91,8.27,16.58,16.80,16.84,16.90,15.82,16.13],
  [7.40,5.89,4.86,12.87,10.23,99.00,0.97,2.46,2.25,2.14,8.67,11.37,11.33,11.45,8.39,9.82,9.77,7.62,10.73,11.10,9.90,10.30,10.48,10.99,7.51,7.64,7.97,6.98,7.41,8.37,7.16,7.40,7.75,8.25,5.47,5.42,5.42,5.06,6.48,6.03,5.16,3.56,5.83,3.61,5.30,6.26,6.21,6.10,6.41,6.75,6.75,6.87,6.12,6.01],
  [8.30,5.99,4.22,13.40,9.26,0.97,99.00,2.59,2.42,1.91,9.60,12.32,12.28,12.41,9.35,10.76,10.71,8.53,11.67,12.05,10.83,11.26,11.44,11.95,8.48,8.20,8.46,7.44,7.62,8.68,7.80,8.04,8.14,8.88,4.52,4.54,4.54,4.73,5.98,5.37,4.75,2.60,5.14,3.16,4.78,5.32,5.64,5.58,7.36,7.68,7.69,7.80,6.98,6.96],
  [6.93,8.35,3.48,10.93,10.37,2.46,2.59,99.00,0.22,0.98,8.46,11.28,11.28,11.38,8.61,9.60,9.64,7.24,10.53,11.03,9.68,10.36,10.53,11.02,8.06,5.82,6.01,4.95,5.03,6.10,5.57,5.83,5.58,6.62,5.39,4.88,4.88,7.31,8.54,7.85,7.33,4.36,7.58,5.74,7.34,7.14,8.17,8.14,7.37,6.61,6.71,8.11,5.48,7.16],
  [6.88,8.14,3.61,11.04,10.40,2.25,2.42,0.22,99.00,0.96,8.39,11.21,11.20,11.30,8.50,9.53,9.56,7.17,10.46,10.96,9.61,10.27,10.44,10.93,7.92,5.90,6.11,5.07,5.21,6.26,5.63,5.88,5.72,6.68,5.41,4.94,4.94,7.14,8.39,7.72,7.17,4.30,7.45,5.58,7.19,7.09,8.03,7.99,7.21,6.52,6.61,7.94,5.43,6.99],
  [7.81,7.88,2.93,11.86,9.46,2.14,1.91,0.98,0.96,99.00,9.29,12.11,12.09,12.20,9.35,10.44,10.46,8.10,11.38,11.85,10.52,11.14,11.32,11.82,8.70,6.78,6.95,5.89,5.80,6.93,6.55,6.81,6.47,7.60,4.47,4.05,4.05,6.60,7.73,6.97,6.58,3.39,6.68,4.99,6.54,6.16,7.33,7.32,7.88,7.41,7.49,8.53,6.36,7.60],
  [1.64,11.70,11.85,8.79,18.70,8.67,9.60,8.46,8.39,9.29,99.00,2.83,2.83,2.93,1.51,1.16,1.19,1.28,2.09,2.59,1.24,2.05,2.18,2.64,2.64,5.88,6.48,6.64,8.67,8.31,5.00,4.91,7.45,5.13,13.74,13.33,13.33,12.62,14.32,14.28,12.91,12.18,14.19,11.72,13.31,14.92,14.25,14.02,4.08,1.92,1.94,4.97,3.08,4.69],
  [4.43,13.73,14.68,9.89,21.49,11.37,12.32,11.28,11.21,12.11,2.83,99.00,0.17,0.12,3.11,1.73,1.65,4.09,0.86,0.28,1.64,1.18,1.00,0.64,4.32,8.25,8.79,9.15,11.19,10.65,7.48,7.33,9.85,7.33,16.54,16.14,16.14,14.98,16.68,16.77,15.30,14.91,16.71,14.22,15.75,17.62,16.67,16.42,5.90,4.70,4.65,6.43,5.89,6.54],
  [4.45,13.62,14.68,10.04,21.46,11.33,12.28,11.28,11.20,12.09,2.83,0.17,99.00,0.15,3.03,1.77,1.64,4.10,0.94,0.24,1.68,1.08,0.90,0.48,4.22,8.33,8.88,9.22,11.26,10.73,7.55,7.40,9.93,7.41,16.52,16.13,16.13,14.89,16.60,16.70,15.21,14.87,16.64,14.15,15.67,17.58,16.59,16.33,5.80,4.68,4.62,6.31,5.91,6.44],
  [4.53,13.77,14.78,9.99,21.58,11.45,12.41,11.38,11.30,12.20,2.93,0.12,0.15,99.00,3.18,1.84,1.75,4.19,0.97,0.36,1.75,1.23,1.05,0.63,4.37,8.36,8.91,9.27,11.30,10.76,7.59,7.44,9.97,7.44,16.63,16.24,16.24,15.04,16.74,16.84,15.36,15.00,16.78,14.29,15.81,17.71,16.74,16.48,5.95,4.79,4.74,6.46,6.00,6.59],
  [2.58,10.69,12.08,10.28,18.59,8.39,9.35,8.61,8.50,9.35,1.51,3.11,3.03,3.18,99.00,2.07,1.79,2.25,2.70,2.83,2.09,1.96,2.14,2.64,1.29,7.02,7.63,7.64,9.61,9.41,6.08,6.03,8.52,6.39,13.69,13.39,13.39,11.87,13.57,13.66,12.18,11.95,13.61,11.12,12.64,14.61,13.56,13.30,2.88,2.15,1.97,3.61,3.71,3.52],
  [2.70,12.68,12.97,8.87,19.86,9.82,10.76,9.60,9.53,10.44,1.16,1.73,1.77,1.84,2.07,99.00,0.38,2.37,0.94,1.53,0.09,1.30,1.36,1.70,3.35,6.62,7.18,7.48,9.51,9.04,5.81,5.67,8.22,5.75,14.89,14.47,14.47,13.70,15.40,15.40,14.00,13.33,15.31,12.83,14.41,16.08,15.35,15.11,4.91,3.08,3.08,5.68,4.17,5.55],
  [2.81,12.45,13.03,9.24,19.85,9.77,10.71,9.64,9.56,10.46,1.19,1.65,1.64,1.75,1.79,0.38,99.00,2.46,0.98,1.40,0.35,0.98,1.07,1.48,3.08,6.88,7.45,7.71,9.74,9.30,6.04,5.92,8.47,6.04,14.90,14.50,14.50,13.54,15.24,15.27,13.84,13.30,15.20,12.71,14.27,16.02,15.20,14.96,4.66,3.06,3.02,5.38,4.27,5.30],
  [0.36,11.16,10.60,8.27,17.54,7.62,8.53,7.24,7.17,8.10,1.28,4.09,4.10,4.19,2.25,2.37,2.46,99.00,3.31,3.86,2.46,3.32,3.46,3.93,2.91,4.77,5.39,5.45,7.45,7.18,3.85,3.79,6.30,4.15,12.56,12.11,12.11,11.84,13.51,13.39,12.10,11.08,13.27,10.83,12.46,13.85,13.40,13.20,3.99,1.05,1.23,5.03,1.81,4.51],
  [3.63,13.40,13.90,9.20,20.79,10.73,11.67,10.53,10.46,11.38,2.09,0.86,0.94,0.97,2.70,0.94,0.98,3.31,99.00,0.73,0.85,1.12,1.04,1.09,3.98,7.39,7.94,8.30,10.33,9.79,6.62,6.47,9.00,6.47,15.83,15.40,15.40,14.51,16.22,16.25,14.82,14.25,16.18,13.69,15.25,16.99,16.18,15.94,5.57,4.00,3.99,6.23,5.10,6.22],
  [4.20,13.45,14.44,9.89,21.23,11.10,12.05,11.03,10.96,11.85,2.59,0.28,0.24,0.36,2.83,1.53,1.40,3.86,0.73,99.00,1.43,0.91,0.73,0.44,4.04,8.10,8.65,8.99,11.02,10.51,7.31,7.17,9.70,7.20,16.28,15.89,15.89,14.69,16.40,16.49,15.02,14.64,16.43,13.94,15.47,17.35,16.39,16.14,5.62,4.44,4.39,6.16,5.66,6.26],
  [2.79,12.72,13.05,8.93,19.94,9.90,10.83,9.68,9.61,10.52,1.24,1.64,1.68,1.75,2.09,0.09,0.35,2.46,0.85,1.43,99.00,1.23,1.28,1.61,3.38,6.71,7.27,7.57,9.61,9.13,5.90,5.76,8.31,5.84,14.97,14.55,14.55,13.76,15.46,15.46,14.05,13.41,15.38,12.90,14.47,16.15,15.41,15.17,4.94,3.16,3.15,5.69,4.26,5.58],
  [3.68,12.55,13.79,10.13,20.47,10.30,11.26,10.36,10.27,11.14,2.05,1.18,1.08,1.23,1.96,1.30,0.98,3.32,1.12,0.91,1.23,99.00,0.19,0.69,3.14,7.85,8.43,8.66,10.69,10.27,7.00,6.89,9.44,7.02,15.54,15.19,15.19,13.81,15.52,15.62,14.13,13.86,15.57,13.08,14.59,16.54,15.51,15.25,4.72,3.75,3.65,5.26,5.10,5.36],
  [3.82,12.73,13.95,10.13,20.65,10.48,11.44,10.53,10.44,11.32,2.18,1.00,0.90,1.05,2.14,1.36,1.07,3.46,1.04,0.73,1.28,0.19,99.00,0.50,3.32,7.94,8.52,8.77,10.81,10.37,7.11,6.99,9.54,7.10,15.72,15.36,15.36,13.99,15.70,15.81,14.32,14.04,15.76,13.26,14.78,16.73,15.70,15.44,4.90,3.92,3.83,5.43,5.25,5.54],
  [4.28,13.17,14.45,10.28,21.15,10.99,11.95,11.02,10.93,11.82,2.64,0.64,0.48,0.63,2.64,1.70,1.48,3.93,1.09,0.44,1.61,0.69,0.50,99.00,3.79,8.32,8.88,9.17,11.21,10.74,7.50,7.37,9.92,7.44,16.22,15.86,15.86,14.47,16.18,16.29,14.80,14.54,16.25,13.75,15.26,17.23,16.18,15.92,5.35,4.41,4.33,5.84,5.72,5.99],
  [3.14,9.42,11.53,11.17,17.75,7.51,8.48,8.06,7.92,8.70,2.64,4.32,4.22,4.37,1.29,3.35,3.08,2.91,3.98,4.04,3.38,3.14,3.32,3.79,99.00,7.41,8.04,7.87,9.75,9.72,6.45,6.46,8.81,6.95,12.92,12.70,12.70,10.69,12.40,12.54,11.02,11.07,12.51,10.02,11.49,13.66,12.41,12.14,1.59,2.30,2.03,2.34,3.83,2.24],
  [4.44,12.99,8.16,5.23,15.66,7.64,8.20,5.82,5.90,6.78,5.88,8.25,8.33,8.36,7.02,6.62,6.88,4.77,7.39,8.10,6.71,7.85,7.94,8.32,7.41,99.00,0.62,1.12,3.01,2.43,0.96,0.98,1.61,1.08,10.83,10.06,10.06,12.69,14.12,13.57,12.80,10.17,13.32,11.25,12.93,12.91,13.82,13.73,7.93,5.11,5.38,9.02,3.64,8.20],
  [5.05,13.43,8.11,4.93,15.62,7.97,8.46,6.01,6.11,6.95,6.48,8.79,8.88,8.91,7.63,7.18,7.45,5.39,7.94,8.65,7.27,8.43,8.52,8.88,8.04,0.62,99.00,1.07,2.61,1.85,1.58,1.60,1.12,1.50,10.86,10.05,10.05,13.02,14.42,13.82,13.12,10.32,13.56,11.56,13.23,13.02,14.10,14.03,8.54,5.74,6.01,9.63,4.26,8.80],
  [5.09,12.55,7.08,5.97,14.59,6.98,7.44,4.95,5.07,5.89,6.64,9.15,9.22,9.27,7.64,7.48,7.71,5.45,8.30,8.99,7.57,8.66,8.77,9.17,7.87,1.12,1.07,99.00,2.04,1.89,1.68,1.84,0.99,2.19,9.80,9.00,9.00,12.04,13.41,12.79,12.13,9.26,12.52,10.56,12.21,11.95,13.08,13.01,8.17,5.60,5.86,9.24,4.04,8.37],
  [7.10,13.25,6.09,6.60,13.51,7.41,7.62,5.03,5.21,5.80,8.67,11.19,11.26,11.30,9.61,9.51,9.74,7.45,10.33,11.02,9.61,10.69,10.81,11.21,9.75,3.01,2.61,2.04,99.00,1.30,3.71,3.87,1.50,4.07,9.00,8.07,8.07,12.34,13.53,12.74,12.36,8.93,12.43,10.77,12.34,11.42,13.13,13.12,9.88,7.52,7.77,10.91,5.94,10.00],
  [6.83,14.13,7.39,5.30,14.81,8.37,8.68,6.10,6.26,6.93,8.31,10.65,10.73,10.76,9.41,9.04,9.30,7.18,9.79,10.51,9.13,10.27,10.37,10.74,9.72,2.43,1.85,1.89,1.30,99.00,3.33,3.40,0.91,3.33,10.29,9.37,9.37,13.38,14.64,13.90,13.42,10.14,13.60,11.83,13.44,12.68,14.26,14.23,10.06,7.43,7.69,11.13,5.89,10.25],
  [3.51,12.30,8.25,5.85,15.70,7.16,7.80,5.57,5.63,6.55,5.00,7.48,7.55,7.59,6.08,5.81,6.04,3.85,6.62,7.31,5.90,7.00,7.11,7.50,6.45,0.96,1.58,1.68,3.71,3.33,99.00,0.26,2.45,1.08,10.79,10.08,10.08,12.15,13.64,13.16,12.29,9.93,12.93,10.77,12.46,12.71,13.37,13.26,6.98,4.15,4.42,8.07,2.69,7.27],
  [3.45,12.49,8.50,5.66,15.95,7.40,8.04,5.83,5.88,6.81,4.91,7.33,7.40,7.44,6.03,5.67,5.92,3.79,6.47,7.17,5.76,6.89,6.99,7.37,6.46,0.98,1.60,1.84,3.87,3.40,0.26,99.00,2.55,0.86,11.05,10.34,10.34,12.37,13.87,13.40,12.52,10.19,13.18,11.00,12.70,12.97,13.60,13.49,7.03,4.15,4.43,8.13,2.74,7.34],
  [5.95,13.42,7.28,5.45,14.78,7.75,8.14,5.58,5.72,6.47,7.45,9.85,9.93,9.97,8.52,8.22,8.47,6.30,9.00,9.70,8.31,9.44,9.54,9.92,8.81,1.61,1.12,0.99,1.50,0.91,2.45,2.55,99.00,2.60,10.12,9.25,9.25,12.80,14.11,13.43,12.86,9.78,13.15,11.28,12.91,12.40,13.76,13.71,9.16,6.53,6.79,10.23,4.98,9.36],
  [3.84,13.33,9.15,4.83,16.64,8.25,8.88,6.62,6.68,7.60,5.13,7.33,7.41,7.44,6.39,5.75,6.04,4.15,6.47,7.20,5.84,7.02,7.10,7.44,6.95,1.08,1.50,2.19,4.07,3.33,1.08,0.86,2.60,99.00,11.77,11.03,11.03,13.23,14.72,14.24,13.37,10.98,14.02,11.86,13.55,13.75,14.45,14.34,7.66,4.68,4.95,8.76,3.40,8.01],
  [12.27,8.88,2.94,15.55,4.99,5.47,4.52,5.39,5.41,4.47,13.74,16.54,16.52,16.63,13.69,14.89,14.90,12.56,15.83,16.28,14.97,15.54,15.72,16.22,12.92,10.83,10.86,9.80,9.00,10.29,10.79,11.05,10.12,11.77,99.00,1.05,1.05,6.50,6.62,5.39,6.21,2.27,4.98,5.21,5.75,2.73,6.04,6.26,11.87,11.84,11.90,12.32,10.83,11.48],
  [11.81,9.48,1.98,14.66,5.61,5.42,4.54,4.88,4.94,4.05,13.33,16.14,16.13,16.24,13.39,14.47,14.50,12.11,15.40,15.89,14.55,15.19,15.36,15.86,12.70,10.06,10.05,9.00,8.07,9.37,10.08,10.34,9.25,11.03,1.05,99.00,0.00,7.24,7.51,6.31,6.98,2.77,5.91,5.83,6.57,3.78,6.94,7.13,11.76,11.46,11.54,12.29,10.35,11.41],
  [11.81,9.48,1.98,14.66,5.61,5.42,4.54,4.88,4.94,4.05,13.33,16.14,16.13,16.24,13.39,14.47,14.50,12.11,15.40,15.89,14.55,15.19,15.36,15.86,12.70,10.06,10.05,9.00,8.07,9.37,10.08,10.34,9.25,11.03,1.05,0.00,99.00,7.24,7.51,6.31,6.98,2.77,5.91,5.83,6.57,3.78,6.94,7.13,11.76,11.46,11.54,12.29,10.35,11.41],
  [11.71,2.64,8.06,17.92,9.29,5.06,4.73,7.31,7.14,6.60,12.62,14.98,14.89,15.04,11.87,13.70,13.54,11.84,14.51,14.69,13.76,13.81,13.99,14.47,10.69,12.69,13.02,12.04,12.34,13.38,12.15,12.37,12.80,13.23,6.50,7.24,7.24,99.00,1.71,2.19,0.43,4.51,2.38,1.62,1.08,4.93,1.80,1.48,9.17,10.83,10.73,9.01,10.68,8.56],
  [13.37,3.87,8.69,19.34,8.43,6.48,5.98,8.54,8.39,7.73,14.32,16.68,16.60,16.74,13.57,15.40,15.24,13.51,16.22,16.40,15.46,15.52,15.70,16.18,12.40,14.12,14.42,13.41,13.53,14.64,13.64,13.87,14.11,14.72,6.62,7.51,7.51,1.71,99.00,1.28,1.41,5.04,1.67,2.87,1.20,4.44,0.59,0.41,10.87,12.51,12.42,10.70,12.30,10.26],
  [13.22,4.76,7.61,18.76,7.26,6.03,5.37,7.85,7.72,6.97,14.28,16.77,16.70,16.84,13.66,15.40,15.27,13.39,16.25,16.49,15.46,15.62,15.81,16.29,12.54,13.57,13.82,12.79,12.74,13.90,13.16,13.40,13.43,14.24,5.39,6.31,6.31,2.19,1.28,99.00,1.76,3.99,0.40,2.57,1.13,3.17,0.69,1.02,11.08,12.42,12.36,11.03,12.06,10.50],
  [11.96,3.06,7.89,18.03,8.87,5.16,4.75,7.33,7.17,6.58,12.91,15.30,15.21,15.36,12.18,14.00,13.84,12.10,14.82,15.02,14.05,14.13,14.32,14.80,11.02,12.80,13.12,12.13,12.36,13.42,12.29,12.52,12.86,13.37,6.21,6.98,6.98,0.43,1.41,1.76,99.00,4.30,1.96,1.59,0.65,4.54,1.41,1.12,9.51,11.10,11.01,9.38,10.90,8.91],
  [10.83,6.71,3.65,15.21,6.69,3.56,2.60,4.36,4.30,3.39,12.18,14.91,14.87,15.00,11.95,13.33,13.30,11.08,14.25,14.64,13.41,13.86,14.04,14.54,11.07,10.17,10.32,9.26,8.93,10.14,9.93,10.19,9.78,10.98,2.27,2.77,2.77,4.51,5.04,3.99,4.30,99.00,3.63,3.06,3.97,2.81,4.52,4.64,9.90,10.25,10.27,10.25,9.46,9.46],
  [13.09,5.00,7.23,18.49,6.96,5.83,5.14,7.58,7.45,6.68,14.19,16.71,16.64,16.78,13.61,15.31,15.20,13.27,16.18,16.43,15.38,15.57,15.76,16.25,12.51,13.32,13.56,12.52,12.43,13.60,12.93,13.18,13.15,14.02,4.98,5.91,5.91,2.38,1.67,0.40,1.96,3.63,99.00,2.49,1.30,2.79,1.09,1.38,11.07,12.32,12.26,11.06,11.90,10.50],
  [10.66,3.67,6.49,16.48,8.68,3.61,3.16,5.74,5.58,4.99,11.72,14.22,14.15,14.29,11.12,12.83,12.71,10.83,13.69,13.94,12.90,13.08,13.26,13.75,10.02,11.25,11.56,10.56,10.77,11.83,10.77,11.00,11.28,11.86,5.21,5.83,5.83,1.62,2.87,2.57,1.59,3.06,2.49,99.00,1.69,4.23,2.62,2.49,8.59,9.86,9.79,8.63,9.52,8.03],
  [12.31,3.71,7.61,18.15,8.23,5.30,4.78,7.34,7.19,6.54,13.31,15.75,15.67,15.81,12.64,14.41,14.27,12.46,15.25,15.47,14.47,14.59,14.78,15.26,11.49,12.93,13.23,12.21,12.34,13.44,12.46,12.70,12.91,13.55,5.75,6.57,6.57,1.08,1.20,1.13,0.65,3.97,1.30,1.69,99.00,3.93,0.94,0.80,10.01,11.47,11.39,9.93,11.20,9.42],
  [13.61,7.56,5.54,17.85,4.46,6.26,5.32,7.14,7.09,6.16,14.92,17.62,17.58,17.71,14.61,16.08,16.02,13.85,16.99,17.35,16.15,16.54,16.73,17.23,13.66,12.91,13.02,11.95,11.42,12.68,12.71,12.97,12.40,13.75,2.73,3.78,3.78,4.93,4.44,3.17,4.54,2.81,2.79,4.23,3.93,99.00,3.86,4.17,12.38,13.00,13.00,12.60,12.26,11.88],
  [13.25,4.23,8.16,19.03,7.91,6.21,5.64,8.17,8.03,7.33,14.25,16.67,16.59,16.74,13.56,15.35,15.20,13.40,16.18,16.39,15.41,15.51,15.70,16.18,12.41,13.82,14.10,13.08,13.13,14.26,13.37,13.60,13.76,14.45,6.04,6.94,6.94,1.80,0.59,0.69,1.41,4.52,1.09,2.62,0.94,3.86,99.00,0.37,10.91,12.41,12.33,10.80,12.14,10.31],
  [13.05,3.85,8.29,18.95,8.27,6.10,5.58,8.14,7.99,7.32,14.02,16.42,16.33,16.48,13.30,15.11,14.96,13.20,15.94,16.14,15.17,15.25,15.44,15.92,12.14,13.73,14.03,13.01,13.12,14.23,13.26,13.49,13.71,14.34,6.26,7.13,7.13,1.48,0.41,1.02,1.12,4.64,1.38,2.49,0.80,4.17,0.37,99.00,10.63,12.20,12.11,10.49,11.96,10.03],
  [4.12,7.83,10.78,12.17,16.58,6.41,7.36,7.37,7.21,7.88,4.08,5.90,5.80,5.95,2.88,4.91,4.66,3.99,5.57,5.62,4.94,4.72,4.90,5.35,1.59,7.93,8.54,8.17,9.88,10.06,6.98,7.03,9.16,7.66,11.87,11.76,11.76,9.17,10.87,11.08,9.51,9.90,11.07,8.59,10.01,12.38,10.91,10.63,99.00,3.09,2.83,1.10,4.29,0.64],
  [1.06,10.11,10.04,9.09,16.80,6.75,7.68,6.61,6.52,7.41,1.92,4.70,4.68,4.79,2.15,3.08,3.06,1.05,4.00,4.44,3.16,3.75,3.92,4.41,2.30,5.11,5.74,5.60,7.52,7.43,4.15,4.15,6.53,4.68,11.84,11.46,11.46,10.83,12.51,12.42,11.10,10.25,12.32,9.86,11.47,13.00,12.41,12.20,3.09,99.00,0.28,4.16,1.58,3.56],
  [1.30,9.95,10.16,9.35,16.84,6.75,7.69,6.71,6.61,7.49,1.94,4.65,4.62,4.74,1.97,3.08,3.02,1.23,3.99,4.39,3.15,3.65,3.83,4.33,2.03,5.38,6.01,5.86,7.77,7.69,4.42,4.43,6.79,4.95,11.90,11.54,11.54,10.73,12.42,12.36,11.01,10.27,12.26,9.79,11.39,13.00,12.33,12.11,2.83,0.28,99.00,3.90,1.83,3.31],
  [5.18,7.40,11.45,13.25,16.90,6.87,7.80,8.11,7.94,8.53,4.97,6.43,6.31,6.46,3.61,5.68,5.38,5.03,6.23,6.16,5.69,5.26,5.43,5.84,2.34,9.02,9.63,9.24,10.91,11.13,8.07,8.13,10.23,8.76,12.32,12.29,12.29,9.01,10.70,11.03,9.38,10.25,11.06,8.63,9.93,12.60,10.80,10.49,1.10,4.16,3.90,99.00,5.39,0.96],
  [1.47,10.35,8.80,8.10,15.82,6.12,6.98,5.48,5.43,6.36,3.08,5.89,5.91,6.00,3.71,4.17,4.27,1.81,5.10,5.66,4.26,5.10,5.25,5.72,3.83,3.64,4.26,4.04,5.94,5.89,2.69,2.74,4.98,3.40,10.83,10.35,10.35,10.68,12.30,12.06,10.90,9.46,11.90,9.52,11.20,12.26,12.14,11.96,4.29,1.58,1.83,5.39,99.00,4.62],
  [4.61,7.19,10.52,12.61,16.13,6.01,6.96,7.16,6.99,7.60,4.69,6.54,6.44,6.59,3.52,5.55,5.30,4.51,6.22,6.26,5.58,5.36,5.54,5.99,2.24,8.20,8.80,8.37,10.00,10.25,7.27,7.34,9.36,8.01,11.48,11.41,11.41,8.56,10.26,10.50,8.91,9.46,10.50,8.03,9.42,11.88,10.31,10.03,0.64,3.56,3.31,0.96,4.62,99.00]
];
