// Chosen Depots: [1, 2, 3, 4, 5, 6]
// Chosen Demand Points (Original DP No): [3, 6, 9, 12, 14, 16, 17, 18, 19, 20, 21, 24, 27, 28, 32, 35, 36, 37, 39, 41, 43, 44, 45, 47, 50, 61, 62, 66, 70, 71, 73, 74, 75, 77, 79, 80, 82, 83, 86, 91, 96, 97, 101, 104, 105, 106, 107, 108, 111, 114, 116, 119, 125, 126, 128, 130, 131, 132, 133, 134, 135, 136, 139, 140, 142, 145, 146, 148, 149, 150, 151, 157, 158, 159, 161, 163, 164, 165, 170, 171]
// Original Weights: [9, 9, 8, 6, 5, 4, 5, 4, 5, 6, 6, 5, 7, 5, 6, 10, 9, 9, 10, 6, 7, 7, 8, 6, 3, 7, 4, 6, 6, 7, 6, 2, 2, 6, 4, 5, 6, 5, 6, 6, 7, 7, 7, 7, 6, 7, 8, 7, 7, 7, 7, 8, 2, 3, 2, 4, 2, 4, 4, 4, 4, 2, 4, 4, 8, 7, 8, 6, 6, 7, 8, 7, 8, 7, 8, 8, 9, 6, 8, 8]

|W| = 6;
|D| = 80;
V = 54;
C = 3;
|K| = 2;
M = 100;
S = 0.25;
|TR| = 14;
δmax = 18.3;
Runtime = 40;

// Priority weights for selected demand points
pj = [
  9, 9, 8, 6, 5, 4, 5, 4, 5, 6, 6, 5, 7, 5, 6, 10, 9, 9, 10, 6, 7, 7, 8, 6, 3, 7, 4, 6, 6, 7, 6, 2, 2, 6, 4, 5, 6, 5, 6, 6, 7, 7, 7, 7, 6, 7, 8, 7, 7, 7, 7, 8, 2, 3, 2, 4, 2, 4, 4, 4, 4, 2, 4, 4, 8, 7, 8, 6, 6, 7, 8, 7, 8, 7, 8, 8, 9, 6, 8, 8
];

δij =
[
  [99.00,99.00,99.00,99.00,99.00,99.00,17.00,18.10,18.55,9.16,5.42,7.41,6.15,8.48,8.42,5.52,8.30,6.93,6.11,6.17,19.04,27.41,27.83,24.08,24.73,28.07,27.53,33.34,34.53,31.81,24.83,23.45,20.86,23.67,21.71,19.47,22.79,24.56,25.41,23.33,20.72,20.91,22.00,21.08,20.20,1.03,4.53,2.58,2.39,2.81,0.36,2.46,3.04,4.35,2.79,3.82,2.70,3.14,6.34,5.05,7.10,3.46,5.42,3.51,3.51,3.27,3.45,5.95,12.27,11.81,11.71,11.87,11.96,10.90,13.24,13.09,10.58,11.63,12.31,10.82,13.25,4.12,4.80,1.06,4.61,4.08],
  [99.00,99.00,99.00,99.00,99.00,99.00,6.60,8.14,9.19,6.12,7.73,8.33,8.33,9.26,6.83,7.11,5.99,8.35,5.12,7.46,11.43,17.27,17.89,14.17,14.44,19.41,18.77,24.20,25.19,23.22,18.64,14.85,14.68,15.61,13.23,10.51,14.84,18.71,19.18,15.04,13.85,13.35,13.56,13.75,11.95,11.79,13.77,10.69,11.24,12.45,11.16,12.14,10.10,13.23,12.72,12.73,10.14,9.42,13.15,13.43,13.25,13.26,13.72,12.30,12.30,13.57,12.49,13.42,8.88,9.48,2.64,4.28,3.06,5.26,6.76,5.00,3.07,4.21,3.71,4.28,4.23,7.83,7.77,10.11,7.19,8.24],
  [99.00,99.00,99.00,99.00,99.00,99.00,11.78,11.91,11.50,3.84,5.27,3.03,4.25,1.80,3.36,5.60,4.22,3.48,7.61,4.64,10.31,20.10,20.23,16.76,17.92,19.18,18.74,24.59,25.90,22.69,14.86,14.88,11.10,14.68,13.23,11.81,13.80,14.51,15.43,14.53,11.30,11.87,13.46,11.87,11.77,11.29,14.78,12.08,12.25,13.03,10.60,12.66,12.02,14.52,13.05,13.95,11.77,11.53,6.62,8.11,6.09,9.45,8.13,8.25,8.25,10.13,8.50,7.28,2.94,1.98,8.06,6.68,7.89,5.10,5.79,7.23,7.01,6.55,7.61,5.98,8.16,10.78,11.46,10.04,10.52,11.22],
  [99.00,99.00,99.00,99.00,99.00,99.00,9.40,7.92,6.34,11.41,15.06,13.21,14.42,12.48,12.06,15.01,12.30,13.68,15.61,14.31,2.69,10.97,10.69,8.28,9.90,8.38,8.03,13.76,15.11,11.75,4.80,4.79,1.08,4.01,3.85,5.14,3.24,4.89,5.35,4.14,0.46,1.82,3.85,1.37,3.37,21.49,24.71,21.64,21.99,23.00,20.75,22.62,21.35,24.32,23.11,23.74,21.20,20.72,17.56,19.07,16.97,20.31,19.10,19.10,19.10,20.98,19.35,18.24,8.32,9.03,11.29,9.94,10.86,10.06,7.66,8.91,11.56,10.12,10.21,10.61,9.62,19.46,19.85,19.95,18.95,19.95],
  [99.00,99.00,99.00,99.00,99.00,99.00,11.70,10.36,9.95,19.71,23.44,22.30,23.24,22.10,20.66,23.11,20.44,22.68,22.46,22.76,10.98,1.03,1.11,4.40,3.85,5.98,5.59,7.22,7.69,7.89,12.40,6.95,12.45,8.03,8.17,9.30,8.57,13.14,12.41,7.66,11.28,10.05,8.04,10.39,9.46,29.31,31.85,28.68,29.18,30.36,28.59,30.01,28.17,31.34,30.58,30.80,28.15,27.49,27.49,28.66,27.08,29.41,28.79,28.21,28.21,29.96,28.46,28.07,18.13,19.13,16.83,16.58,16.53,17.74,15.71,15.37,17.87,16.82,16.13,17.65,15.19,25.93,25.99,27.61,25.31,26.38],
  [99.00,99.00,99.00,99.00,99.00,99.00,22.99,23.67,23.66,13.99,10.64,11.27,10.49,11.44,12.99,11.18,13.40,10.93,13.08,11.16,22.96,32.52,32.74,29.14,30.13,31.85,31.42,37.25,38.57,35.31,27.05,27.54,23.59,27.35,25.87,24.22,26.47,26.58,27.59,27.20,23.92,24.55,26.11,24.53,24.39,8.11,9.99,10.28,9.81,9.24,8.27,9.17,10.91,10.32,8.93,10.13,10.60,11.17,6.07,4.93,6.60,4.97,4.75,5.85,5.85,4.86,5.66,5.45,15.55,14.66,17.92,17.44,18.03,16.01,17.83,18.49,16.65,17.21,18.15,16.37,19.03,12.17,12.88,9.09,12.61,12.15],
  [17.00,6.60,11.78,9.40,11.70,22.99,99.00,1.75,3.26,9.07,12.42,11.86,12.50,12.12,10.08,11.97,9.60,12.13,10.92,11.85,6.72,10.68,11.29,7.58,7.87,13.13,12.47,17.68,18.64,16.88,13.84,8.80,10.44,9.84,7.41,4.69,9.23,14.12,14.31,9.17,9.22,8.24,7.72,8.77,6.51,17.82,20.19,17.04,17.56,18.75,17.13,18.41,16.50,19.67,18.98,19.14,16.50,15.82,17.24,18.06,17.05,18.44,18.27,17.31,17.31,18.91,17.55,17.71,9.24,10.26,5.29,5.57,5.07,7.09,6.07,4.63,6.48,5.79,4.85,6.62,3.96,14.26,14.29,16.11,13.63,14.70],
  [18.10,8.14,11.91,7.92,10.36,23.67,1.75,99.00,1.60,9.68,13.26,12.42,13.20,12.50,10.68,12.87,10.32,12.75,12.10,12.63,5.26,9.34,9.85,6.09,6.63,11.41,10.75,16.06,17.06,15.18,12.20,7.05,8.98,8.10,5.67,2.99,7.50,12.52,12.65,7.42,7.69,6.62,5.98,7.17,4.85,18.97,21.50,18.33,18.82,20.00,18.25,19.65,17.82,20.99,20.22,20.45,17.79,17.14,17.78,18.75,17.51,19.29,18.92,18.12,18.12,19.79,18.36,18.30,9.16,10.21,6.46,6.32,6.16,7.67,6.12,5.19,7.52,6.56,5.79,7.41,4.85,15.60,15.70,17.26,14.98,16.06],
  [18.55,9.19,11.50,6.34,9.95,23.66,3.26,1.60,99.00,9.76,13.49,12.40,13.30,12.31,10.72,13.17,10.49,12.77,12.70,12.81,3.71,8.93,9.29,5.56,6.48,10.22,9.58,15.11,16.18,14.03,10.61,5.70,7.40,6.63,4.19,1.43,5.98,10.92,11.07,5.99,6.09,5.02,4.51,5.57,3.26,19.45,22.16,18.98,19.45,20.60,18.72,20.24,18.52,21.67,20.80,21.12,18.46,17.84,17.67,18.76,17.33,19.46,18.91,18.26,18.26,20.01,18.51,18.23,8.63,9.67,7.19,6.68,6.83,7.79,5.85,5.45,8.08,6.92,6.35,7.73,5.43,16.34,16.51,17.76,15.74,16.81],
  [9.16,6.12,3.84,11.41,19.71,13.99,9.07,9.68,9.76,99.00,3.81,2.79,3.54,3.29,1.01,3.64,0.89,3.07,4.50,3.09,9.88,18.69,19.00,15.31,16.19,18.92,18.39,24.22,25.44,22.65,15.95,14.33,11.89,14.52,12.58,10.50,13.63,15.77,16.52,14.18,11.62,11.76,12.87,11.93,11.07,10.15,13.29,10.24,10.58,11.60,9.40,11.21,9.97,12.91,11.71,12.33,9.80,9.37,8.17,9.06,8.00,9.70,9.24,8.50,8.50,10.26,8.75,8.65,3.70,3.84,4.48,3.52,4.42,2.02,4.12,4.51,3.30,3.31,4.34,2.53,5.13,8.22,8.74,8.56,7.80,8.71],
  [5.42,7.73,5.27,15.06,23.44,10.64,12.42,13.26,13.49,3.81,99.00,2.23,1.11,3.53,3.01,0.66,3.01,1.80,3.22,0.75,13.67,22.42,22.77,19.05,19.86,22.72,22.19,28.03,29.25,26.43,19.44,18.14,15.45,18.30,16.39,14.29,17.41,19.19,20.02,17.98,15.30,15.52,16.68,15.67,14.88,6.43,9.75,6.88,7.11,8.01,5.69,7.63,6.77,9.43,8.09,8.85,6.53,6.27,5.44,5.77,5.62,6.03,6.03,4.89,4.89,6.53,5.12,5.69,6.88,6.52,7.28,6.94,7.41,5.71,7.93,8.09,6.01,6.70,7.57,5.86,8.48,5.58,6.30,4.96,5.39,6.00],
  [7.41,8.33,3.03,13.21,22.30,11.27,11.86,12.42,12.40,2.79,2.23,99.00,1.26,1.34,1.79,2.60,2.43,0.48,4.87,1.64,12.07,21.30,21.56,17.91,18.86,21.12,20.63,26.49,27.74,24.77,17.44,16.62,13.51,16.64,14.90,13.03,15.75,17.16,18.02,16.38,13.49,13.84,15.17,13.93,13.39,8.44,11.86,9.08,9.28,10.12,7.72,9.73,9.00,11.57,10.16,11.00,8.75,8.50,5.39,6.36,5.22,7.22,6.51,6.00,6.00,7.84,6.26,5.88,4.91,4.39,7.15,6.30,7.14,4.78,6.60,7.27,5.89,6.10,7.11,5.29,7.92,7.77,8.47,7.09,7.54,8.20],
  [6.15,8.33,4.25,14.42,23.24,10.49,12.50,13.20,13.30,3.54,1.11,1.26,99.00,2.47,2.58,1.66,2.90,0.79,4.19,0.88,13.18,22.23,22.52,18.84,19.73,22.25,21.74,27.59,28.84,25.92,18.69,17.71,14.74,17.79,15.98,14.01,16.90,18.41,19.27,17.50,14.68,14.99,16.25,15.10,14.47,7.18,10.60,7.83,8.02,8.85,6.46,8.47,7.78,10.31,8.90,9.74,7.52,7.30,4.90,5.56,4.93,6.18,5.77,4.97,4.97,6.76,5.22,5.27,6.14,5.66,7.53,6.94,7.60,5.54,7.58,8.02,6.25,6.72,7.67,5.88,8.54,6.67,7.40,5.82,6.50,7.09],
  [8.48,9.26,1.80,12.48,22.10,11.44,12.12,12.50,12.31,3.29,3.53,1.34,2.47,99.00,2.43,3.93,3.27,1.73,6.17,2.98,11.58,21.11,21.30,17.73,18.78,20.57,20.10,25.96,27.25,24.15,16.54,16.16,12.70,16.07,14.46,12.79,15.18,16.21,17.11,15.86,12.79,13.25,14.72,13.30,12.97,9.50,12.98,10.29,10.46,11.24,8.80,10.86,10.25,12.73,11.26,12.16,9.99,9.78,5.39,6.67,5.02,7.83,6.75,6.62,6.62,8.50,6.87,5.99,4.20,3.47,7.77,6.68,7.70,5.08,6.46,7.49,6.58,6.50,7.56,5.77,8.27,9.10,9.80,8.25,8.88,9.52],
  [8.42,6.83,3.36,12.06,20.66,12.99,10.08,10.68,10.72,1.01,3.01,1.79,2.58,2.43,99.00,2.97,0.87,2.07,4.38,2.26,10.67,19.65,19.94,16.26,17.17,19.73,19.21,25.06,26.29,23.43,16.49,15.17,12.48,15.30,13.43,11.42,14.41,16.28,17.07,14.99,12.30,12.51,13.71,12.66,11.92,9.43,12.68,9.69,9.99,10.96,8.68,10.57,9.49,12.32,11.05,11.74,9.29,8.91,7.17,8.07,7.00,8.76,8.24,7.55,7.55,9.34,7.81,7.64,4.01,3.87,5.41,4.52,5.38,3.02,5.00,5.51,4.18,4.31,5.33,3.51,6.13,7.90,8.49,7.90,7.54,8.37],
  [5.52,7.11,5.60,15.01,23.11,11.18,11.97,12.87,13.17,3.64,0.66,2.60,1.66,3.93,2.97,99.00,2.77,2.23,2.56,0.96,13.51,22.09,22.46,18.72,19.49,22.55,22.01,27.83,29.03,26.28,19.46,17.94,15.44,18.15,16.19,14.02,17.27,19.24,20.04,17.81,15.23,15.39,16.49,15.57,14.69,6.51,9.71,6.74,7.02,7.99,5.76,7.61,6.57,9.36,8.10,8.78,6.35,6.02,6.08,6.35,6.28,6.48,6.62,5.38,5.38,6.94,5.60,6.32,6.95,6.68,6.77,6.55,6.93,5.42,7.73,7.74,5.52,6.31,7.13,5.47,8.06,5.19,5.87,4.94,4.95,5.63],
  [8.30,5.99,4.22,12.30,20.44,13.40,9.60,10.32,10.49,0.89,3.01,2.43,2.90,3.27,0.87,2.77,99.00,2.59,3.70,2.32,10.74,19.43,19.76,16.05,16.88,19.78,19.24,25.06,26.27,23.51,16.83,15.17,12.78,15.38,13.42,11.29,14.50,16.65,17.41,15.03,12.51,12.63,13.71,12.81,11.92,9.28,12.41,9.35,9.69,10.71,8.53,10.33,9.09,12.02,10.83,11.44,8.92,8.48,7.71,8.46,7.62,8.98,8.67,7.80,7.80,9.51,8.04,8.14,4.52,4.54,4.73,4.04,4.75,2.71,4.95,5.14,3.46,3.81,4.78,2.98,5.64,7.36,7.90,7.68,6.96,7.85],
  [6.93,8.35,3.48,13.68,22.68,10.93,12.13,12.75,12.77,3.07,1.80,0.48,0.79,1.73,2.07,2.23,2.59,99.00,4.62,1.29,12.51,21.68,21.95,18.29,19.22,21.57,21.07,26.93,28.18,25.22,17.92,17.05,13.99,17.10,15.33,13.42,16.20,17.64,18.50,16.83,13.95,14.29,15.60,14.39,13.82,7.96,11.38,8.61,8.81,9.64,7.24,9.26,8.54,11.10,9.68,10.53,8.29,8.06,5.13,6.01,5.03,6.79,6.18,5.57,5.57,7.41,5.83,5.58,5.39,4.88,7.31,6.56,7.33,5.08,6.99,7.58,6.04,6.35,7.34,5.53,8.17,7.37,8.08,6.61,7.16,7.79],
  [6.11,5.12,7.61,15.61,22.46,13.08,10.92,12.10,12.70,4.50,3.22,4.87,4.19,6.17,4.38,2.56,3.70,4.62,99.00,3.36,13.75,21.44,21.92,18.15,18.72,22.58,22.00,27.72,28.84,26.38,20.27,17.92,16.19,18.34,16.19,13.75,17.48,20.14,20.85,17.91,15.76,15.70,16.50,15.96,14.72,6.90,9.47,6.29,6.75,7.91,6.22,7.56,5.87,9.00,8.12,8.44,5.78,5.20,8.50,8.48,8.77,8.16,8.80,7.24,7.24,8.45,7.42,8.64,8.20,8.23,5.65,6.09,5.94,5.55,7.97,7.32,4.62,5.86,6.36,5.15,7.29,3.85,4.28,5.19,3.35,4.34],
  [6.17,7.46,4.64,14.31,22.76,11.16,11.85,12.63,12.81,3.09,0.75,1.64,0.88,2.98,2.26,0.96,2.32,1.29,3.36,99.00,12.93,21.75,22.08,18.37,19.20,21.99,21.46,27.30,28.52,25.69,18.69,17.41,14.70,17.55,15.66,13.59,16.67,18.45,19.27,17.24,14.55,14.77,15.95,14.92,14.15,7.18,10.49,7.59,7.84,8.76,6.44,8.37,7.45,10.16,8.84,9.58,7.23,6.93,5.72,6.25,5.79,6.66,6.48,5.49,5.49,7.19,5.73,6.05,6.14,5.80,6.78,6.32,6.88,5.03,7.21,7.45,5.50,6.09,7.00,5.24,7.89,6.14,6.83,5.70,5.90,6.58],
  [19.04,11.43,10.31,2.69,10.98,22.96,6.72,5.26,3.71,9.88,13.67,12.07,13.18,11.58,10.67,13.51,10.74,12.51,13.75,12.93,99.00,10.08,10.05,6.93,8.39,9.07,8.56,14.42,15.68,12.77,7.31,4.58,3.73,4.64,2.92,2.70,3.76,7.49,7.82,4.32,2.53,1.96,3.15,2.32,1.53,20.02,23.07,19.95,20.34,21.41,19.27,21.03,19.59,22.65,21.55,22.08,19.47,18.94,16.90,18.25,16.40,19.29,18.33,18.06,18.06,19.91,18.32,17.53,7.41,8.33,8.97,7.80,8.54,8.24,5.83,6.66,9.42,8.01,7.92,8.62,7.22,17.58,17.90,18.41,17.04,18.07],
  [27.41,17.27,20.10,10.97,1.03,32.52,10.68,9.34,8.93,18.69,22.42,21.30,22.23,21.11,19.65,22.09,19.43,21.68,21.44,21.75,10.08,99.00,1.04,3.39,2.86,5.93,5.45,7.91,8.50,8.30,11.96,6.21,11.73,7.39,7.31,8.31,7.87,12.68,12.02,6.96,10.51,9.25,7.20,9.61,8.55,28.29,30.82,27.66,28.16,29.34,27.57,28.99,27.14,30.31,29.55,29.78,27.12,26.46,26.50,27.65,26.10,28.39,27.79,27.19,27.19,28.94,27.44,27.08,17.17,18.17,15.80,15.56,15.50,16.72,14.70,14.35,16.85,15.80,15.11,16.62,14.17,24.91,24.97,26.58,24.29,25.36],
  [27.83,17.89,20.23,10.69,1.11,32.74,11.29,9.85,9.29,19.00,22.77,21.56,22.52,21.30,19.94,22.46,19.76,21.95,21.92,22.08,10.05,1.04,99.00,3.77,3.65,4.98,4.55,6.94,7.60,7.26,11.29,5.90,11.38,6.93,7.19,8.53,7.50,12.02,11.31,6.59,10.23,9.03,7.04,9.34,8.53,28.73,31.34,28.17,28.66,29.83,28.00,29.47,27.67,30.84,30.04,30.30,27.64,26.99,26.69,27.90,26.26,28.70,28.02,27.49,27.49,29.26,27.75,27.29,17.29,18.27,16.31,15.96,15.99,17.06,14.96,14.74,17.31,16.20,15.57,17.02,14.63,25.45,25.54,27.03,24.83,25.91],
  [24.08,14.17,16.76,8.28,4.40,29.14,7.58,6.09,5.56,15.31,19.05,17.91,18.84,17.73,16.26,18.72,16.05,18.29,18.15,18.37,6.93,3.39,3.77,99.00,1.66,6.33,5.67,10.19,11.08,9.76,10.41,3.99,9.18,5.44,4.44,4.95,5.57,11.03,10.62,4.79,7.83,6.47,4.44,6.93,5.42,24.97,27.58,24.40,24.89,26.06,24.24,25.71,23.91,27.08,26.27,26.53,23.87,23.23,23.12,24.27,22.73,25.01,24.40,23.81,23.81,25.56,24.06,23.70,13.82,14.84,12.54,12.21,12.22,13.34,11.32,11.00,13.54,12.45,11.80,13.27,10.86,21.69,21.79,23.27,21.07,22.15],
  [24.73,14.44,17.92,9.90,3.85,30.13,7.87,6.63,6.48,16.19,19.86,18.86,19.73,18.78,17.17,19.49,16.88,19.22,18.72,19.20,8.39,2.86,3.65,1.66,99.00,7.41,6.79,10.54,11.25,10.51,12.03,5.63,10.82,7.07,6.05,6.16,7.23,12.66,12.22,6.44,9.46,8.08,6.07,8.56,6.92,25.59,28.06,24.90,25.41,26.60,24.88,26.25,24.37,27.54,26.82,27.01,24.36,23.69,24.15,25.22,23.80,25.86,25.38,24.68,24.68,26.39,24.93,24.70,15.00,16.03,13.07,12.94,12.78,14.19,12.32,11.76,14.15,13.18,12.43,14.01,11.49,22.13,22.17,23.88,21.50,22.57],
  [28.07,19.41,19.18,8.38,5.98,31.85,13.13,11.41,10.22,18.92,22.72,21.12,22.25,20.57,19.73,22.55,19.78,21.57,22.58,21.99,9.07,5.93,4.98,6.33,7.41,99.00,0.67,5.40,6.74,3.82,7.07,4.65,8.64,4.50,6.39,8.94,5.39,7.84,6.93,4.75,7.98,7.32,6.09,7.32,7.88,29.04,32.01,28.85,29.27,30.38,28.30,30.00,28.45,31.56,30.53,30.99,28.35,27.78,25.81,27.23,25.25,28.33,27.29,27.11,27.11,28.97,27.37,26.46,16.37,17.21,17.32,16.50,16.93,17.20,14.83,15.28,18.05,16.73,16.38,17.44,15.52,26.35,26.59,27.41,25.77,26.83],
  [27.53,18.77,18.74,8.03,5.59,31.42,12.47,10.75,9.58,18.39,22.19,20.63,21.74,20.10,19.21,22.01,19.24,21.07,22.00,21.46,8.56,5.45,4.55,5.67,6.79,0.67,99.00,5.86,7.15,4.44,7.12,4.08,8.36,4.08,5.83,8.32,4.94,7.89,7.03,4.24,7.61,6.87,5.53,6.91,7.32,28.49,31.43,28.28,28.70,29.81,27.75,29.44,27.86,30.98,29.97,30.42,27.77,27.20,25.36,26.77,24.82,27.84,26.83,26.62,26.62,28.47,26.88,26.01,15.91,16.76,16.70,15.91,16.32,16.64,14.28,14.69,17.46,16.14,15.77,16.86,14.91,25.76,25.98,26.85,25.17,26.23],
  [33.34,24.20,24.59,13.76,7.22,37.25,17.68,16.06,15.11,24.22,28.03,26.49,27.59,25.96,25.06,27.83,25.06,26.93,27.72,27.30,14.42,7.91,6.94,10.19,10.54,5.40,5.86,99.00,1.41,2.63,11.66,9.89,13.94,9.91,11.64,13.96,10.79,12.40,11.34,10.11,13.37,12.72,11.35,12.73,13.15,34.30,37.18,34.01,34.45,35.57,33.55,35.20,33.57,36.71,35.74,36.15,33.50,32.90,31.21,32.63,30.66,33.71,32.69,32.48,32.48,34.33,32.74,31.86,21.77,22.61,22.30,21.63,21.93,22.44,20.11,20.40,23.13,21.86,21.42,22.61,20.52,31.43,31.61,32.64,30.83,31.90],
  [34.53,25.19,25.90,15.11,7.69,38.57,18.64,17.06,16.18,25.44,29.25,27.74,28.84,27.25,26.29,29.03,26.27,28.18,28.84,28.52,15.68,8.50,7.60,11.08,11.25,6.74,7.15,1.41,99.00,3.99,13.07,11.13,15.32,11.22,12.86,15.09,12.10,13.81,12.75,11.38,14.72,14.02,12.58,14.05,14.37,35.48,38.31,35.14,35.59,36.72,34.73,36.35,34.69,37.84,36.90,37.28,34.62,34.01,32.52,33.92,31.97,34.96,33.98,33.74,33.74,35.58,34.00,33.17,23.06,23.92,23.37,22.77,23.01,23.63,21.32,21.53,24.24,23.00,22.52,23.76,21.61,32.52,32.69,33.81,31.92,32.99],
  [31.81,23.22,22.69,11.75,7.89,35.31,16.88,15.18,14.03,22.65,26.43,24.77,25.92,24.15,23.43,26.28,23.51,25.22,26.38,25.69,12.77,8.30,7.26,9.76,10.51,3.82,4.44,2.63,3.99,99.00,9.17,8.46,11.80,8.14,10.19,12.76,9.03,9.89,8.82,8.49,11.40,10.94,9.88,10.85,11.66,32.79,35.79,32.64,33.05,34.15,32.04,33.77,32.24,35.35,34.30,34.78,32.15,31.58,29.31,30.78,28.72,31.96,30.82,30.73,30.73,32.60,30.99,29.97,19.95,20.74,21.13,20.30,20.75,20.96,18.57,19.08,21.86,20.53,20.19,21.23,19.34,30.16,30.40,31.16,29.58,30.64],
  [24.83,18.64,14.86,4.80,12.40,27.05,13.84,12.20,10.61,15.95,19.44,17.44,18.69,16.54,16.49,19.46,16.83,17.92,20.27,18.69,7.31,11.96,11.29,10.41,12.03,7.07,7.12,11.66,13.07,9.17,99.00,6.45,4.08,4.98,6.86,9.23,5.08,0.77,0.58,5.68,4.80,5.60,6.63,5.08,7.35,25.85,29.17,26.17,26.48,27.44,25.12,27.06,25.92,28.82,27.53,28.24,25.75,25.31,21.24,22.87,20.56,24.30,22.84,23.11,23.11,24.99,23.36,21.94,12.56,13.08,16.09,14.73,15.66,14.75,12.40,13.72,16.34,14.90,15.01,15.36,14.42,24.10,24.54,24.38,23.62,24.59],
  [23.45,14.85,14.88,4.79,6.95,27.54,8.80,7.05,5.70,14.33,18.14,16.62,17.71,16.16,15.17,17.94,15.17,17.05,17.92,17.41,4.58,6.21,5.90,3.99,5.63,4.65,4.08,9.89,11.13,8.46,6.45,99.00,5.51,1.47,1.75,4.34,1.67,7.06,6.71,0.81,4.33,3.18,1.46,3.45,3.25,24.42,27.36,24.20,24.62,25.73,23.67,25.36,23.79,26.91,25.89,26.34,23.70,23.13,21.47,22.83,20.97,23.84,22.90,22.62,22.62,24.46,22.87,22.11,11.99,12.89,12.69,11.85,12.30,12.56,10.22,10.62,13.40,12.07,11.73,12.79,10.89,21.69,21.94,22.77,21.12,22.18],
  [20.86,14.68,11.10,1.08,12.45,23.59,10.44,8.98,7.40,11.89,15.45,13.51,14.74,12.70,12.48,15.44,12.78,13.99,16.19,14.70,3.73,11.73,11.38,9.18,10.82,8.64,8.36,13.94,15.32,11.80,4.08,5.51,99.00,4.51,4.79,6.22,3.88,4.04,4.66,4.79,1.42,2.80,4.75,2.27,4.43,21.88,25.15,22.13,22.45,23.43,21.14,23.05,21.86,24.79,23.53,24.21,21.70,21.25,17.64,19.19,17.01,20.52,19.20,19.31,19.31,21.20,19.56,18.32,8.60,9.22,12.09,10.68,11.66,10.67,8.32,9.71,12.29,10.85,11.01,11.29,10.47,20.03,20.45,20.38,19.54,20.52],
  [23.67,15.61,14.68,4.01,8.03,27.35,9.84,8.10,6.63,14.52,18.30,16.64,17.79,16.07,15.30,18.15,15.38,17.10,18.34,17.55,4.64,7.39,6.93,5.44,7.07,4.50,4.08,9.91,11.22,8.14,4.98,1.47,4.51,99.00,2.44,5.21,0.89,5.59,5.23,0.74,3.57,2.82,2.12,2.83,3.68,24.66,27.70,24.57,24.97,26.04,23.91,25.67,24.20,27.28,26.19,26.70,24.08,23.54,21.30,22.73,20.75,23.85,22.78,22.62,22.62,24.49,22.88,21.96,11.87,12.70,13.32,12.32,12.91,12.87,10.46,11.13,13.92,12.53,12.31,13.20,11.52,22.15,22.45,23.05,21.60,22.64],
  [21.71,13.23,13.23,3.85,8.17,25.87,7.41,5.67,4.19,12.58,16.39,14.90,15.98,14.46,13.43,16.19,13.42,15.33,16.19,15.66,2.92,7.31,7.19,4.44,6.05,6.39,5.83,11.64,12.86,10.19,6.86,1.75,4.79,2.44,99.00,2.77,1.86,7.32,7.23,1.81,3.41,2.04,0.33,2.52,1.51,22.67,25.61,22.46,22.88,23.98,21.92,23.61,22.05,25.17,24.14,24.60,21.96,21.39,19.80,21.13,19.32,22.12,21.22,20.89,20.89,22.73,21.15,20.43,10.32,11.25,11.00,10.11,10.60,10.82,8.47,8.90,11.68,10.34,10.03,11.05,9.20,19.97,20.22,21.02,19.39,20.45],
  [19.47,10.51,11.81,5.14,9.30,24.22,4.69,2.99,1.43,10.50,14.29,13.03,14.01,12.79,11.42,14.02,11.29,13.42,13.75,13.59,2.70,8.31,8.53,4.95,6.16,8.94,8.32,13.96,15.09,12.76,9.23,4.34,6.22,5.21,2.77,99.00,4.54,9.57,9.67,4.58,4.85,3.68,3.09,4.24,1.89,20.41,23.22,20.05,20.50,21.63,19.67,21.26,19.61,22.75,21.81,22.19,19.53,18.93,18.18,19.37,17.78,20.18,19.49,18.97,18.97,20.76,19.23,18.77,8.88,9.90,8.38,7.67,8.00,8.60,6.43,6.44,9.17,7.91,7.46,8.68,6.59,17.47,17.67,18.73,16.88,17.94],
  [22.79,14.84,13.80,3.24,8.57,26.47,9.23,7.50,5.98,13.63,17.41,15.75,16.90,15.18,14.41,17.27,14.50,16.20,17.48,16.67,3.76,7.87,7.50,5.57,7.23,5.39,4.94,10.79,12.10,9.03,5.08,1.67,3.88,0.89,1.86,4.54,99.00,5.61,5.42,0.91,2.79,1.93,1.58,1.99,2.89,23.77,26.83,23.70,24.09,25.17,23.03,24.79,23.33,26.40,25.31,25.83,23.22,22.68,20.42,21.84,19.88,22.96,21.90,21.73,21.73,23.60,21.99,21.08,10.98,11.82,12.51,11.47,12.10,11.99,9.58,10.29,13.08,11.69,11.49,12.34,10.72,21.30,21.60,22.16,20.75,21.79],
  [24.56,18.71,14.51,4.89,13.14,26.58,14.12,12.52,10.92,15.77,19.19,17.16,18.41,16.21,16.28,19.24,16.65,17.64,20.14,18.45,7.49,12.68,12.02,11.03,12.66,7.84,7.89,12.40,13.81,9.89,0.77,7.06,4.04,5.59,7.32,9.57,5.61,99.00,1.10,6.26,4.96,5.90,7.12,5.36,7.68,25.59,28.94,25.97,26.26,27.20,24.86,26.82,25.73,28.60,27.28,28.02,25.55,25.13,20.82,22.47,20.12,23.93,22.43,22.75,22.75,24.63,23.00,21.52,12.31,12.78,16.13,14.72,15.70,14.66,12.34,13.74,16.32,14.88,15.05,15.30,14.49,23.96,24.42,24.15,23.49,24.45],
  [25.41,19.18,15.43,5.35,12.41,27.59,14.31,12.65,11.07,16.52,20.02,18.02,19.27,17.11,17.07,20.04,17.41,18.50,20.85,19.27,7.82,12.02,11.31,10.62,12.22,6.93,7.03,11.34,12.75,8.82,0.58,6.71,4.66,5.23,7.23,9.67,5.42,1.10,99.00,5.95,5.34,6.07,6.99,5.56,7.80,26.43,29.75,26.75,27.06,28.02,25.70,27.64,26.50,29.40,28.11,28.82,26.33,25.89,21.80,23.43,21.11,24.87,23.40,23.68,23.68,25.56,23.93,22.49,13.14,13.66,16.64,15.29,16.21,15.33,12.97,14.27,16.91,15.46,15.56,15.93,14.96,24.68,25.11,24.96,24.20,25.17],
  [23.33,15.04,14.53,4.14,7.66,27.20,9.17,7.42,5.99,14.18,17.98,16.38,17.50,15.86,14.99,17.81,15.03,16.83,17.91,17.24,4.32,6.96,6.59,4.79,6.44,4.75,4.24,10.11,11.38,8.49,5.68,0.81,4.79,0.74,1.81,4.58,0.91,6.26,5.95,99.00,3.68,2.68,1.49,2.85,3.18,24.30,27.30,24.16,24.57,25.66,23.56,25.28,23.77,26.87,25.81,26.30,23.67,23.11,21.14,22.53,20.61,23.60,22.60,22.38,22.38,24.23,22.63,21.79,11.67,12.54,12.79,11.86,12.39,12.48,10.09,10.65,13.44,12.08,11.81,12.76,10.99,21.71,21.98,22.68,21.14,22.19],
  [20.72,13.85,11.30,0.46,11.28,23.92,9.22,7.69,6.09,11.62,15.30,13.49,14.68,12.79,12.30,15.23,12.51,13.95,15.76,14.55,2.53,10.51,10.23,7.83,9.46,7.98,7.61,13.37,14.72,11.40,4.80,4.33,1.42,3.57,3.41,4.85,2.79,4.96,5.34,3.68,99.00,1.39,3.40,0.91,3.03,21.72,24.91,21.84,22.19,23.22,20.98,22.83,21.53,24.52,23.33,23.95,21.38,20.90,17.91,19.40,17.33,20.62,19.43,19.40,19.40,21.28,19.65,18.58,8.61,9.35,11.32,10.02,10.89,10.21,7.80,8.96,11.65,10.20,10.25,10.73,9.62,19.61,19.99,20.17,19.10,20.10],
  [20.91,13.35,11.87,1.82,10.05,24.55,8.24,6.62,5.02,11.76,15.52,13.84,14.99,13.25,12.51,15.39,12.63,14.29,15.70,14.77,1.96,9.25,9.03,6.47,8.08,7.32,6.87,12.72,14.02,10.94,5.60,3.18,2.80,2.82,2.04,3.68,1.93,5.90,6.07,2.68,1.39,99.00,2.06,0.57,1.79,21.90,24.99,21.88,22.26,23.32,21.16,22.94,21.53,24.58,23.46,24.01,21.40,20.88,18.50,19.91,17.96,21.03,19.97,19.81,19.81,21.67,20.07,19.15,9.05,9.90,10.91,9.77,10.49,10.18,7.75,8.62,11.39,9.97,9.87,10.58,9.15,19.53,19.86,20.31,18.99,20.02],
  [22.00,13.56,13.46,3.85,8.04,26.11,7.72,5.98,4.51,12.87,16.68,15.17,16.25,14.72,13.71,16.49,13.71,15.60,16.50,15.95,3.15,7.20,7.04,4.44,6.07,6.09,5.53,11.35,12.58,9.88,6.63,1.46,4.75,2.12,0.33,3.09,1.58,7.12,6.99,1.49,3.40,2.06,99.00,2.50,1.80,22.97,25.92,22.77,23.19,24.29,22.22,23.92,22.37,25.48,24.45,24.91,22.27,21.70,20.05,21.38,19.55,22.39,21.47,21.16,21.16,23.00,21.42,20.68,10.56,11.48,11.33,10.43,10.93,11.12,8.76,9.21,12.00,10.65,10.35,11.36,9.52,20.28,20.54,21.32,19.71,20.76],
  [21.08,13.75,11.87,1.37,10.39,24.53,8.77,7.17,5.57,11.93,15.67,13.93,15.10,13.30,12.66,15.57,12.81,14.39,15.96,14.92,2.32,9.61,9.34,6.93,8.56,7.32,6.91,12.73,14.05,10.85,5.08,3.45,2.27,2.83,2.52,4.24,1.99,5.36,5.56,2.85,0.91,0.57,2.50,99.00,2.36,22.07,25.20,22.10,22.47,23.52,21.33,23.14,21.77,24.80,23.65,24.22,21.63,21.12,18.49,19.94,17.93,21.11,19.99,19.88,19.88,21.75,20.14,19.15,9.10,9.90,11.29,10.08,10.86,10.42,7.99,8.97,11.71,10.28,10.23,10.86,9.54,19.80,20.15,20.49,19.27,20.29],
  [20.20,11.95,11.77,3.37,9.46,24.39,6.51,4.85,3.26,11.07,14.88,13.39,14.47,12.97,11.92,14.69,11.92,13.82,14.72,14.15,1.53,8.55,8.53,5.42,6.92,7.88,7.32,13.15,14.37,11.66,7.35,3.25,4.43,3.68,1.51,1.89,2.89,7.68,7.80,3.18,3.03,1.79,1.80,2.36,99.00,21.17,24.14,20.98,21.40,22.50,20.42,22.12,20.59,23.69,22.65,23.13,20.49,19.93,18.32,19.63,17.84,20.61,19.72,19.38,19.38,21.22,19.64,18.94,8.85,9.79,9.64,8.67,9.23,9.32,6.96,7.47,10.26,8.89,8.64,9.58,7.84,18.52,18.79,19.53,17.96,19.01],
  [1.03,11.79,11.29,21.49,29.31,8.11,17.82,18.97,19.45,10.15,6.43,8.44,7.18,9.50,9.43,6.51,9.28,7.96,6.90,7.18,20.02,28.29,28.73,24.97,25.59,29.04,28.49,34.30,35.48,32.79,25.85,24.42,21.88,24.66,22.67,20.41,23.77,25.59,26.43,24.30,21.72,21.90,22.97,22.07,21.17,99.00,3.54,2.17,1.77,1.86,0.75,1.54,2.80,3.41,1.79,2.91,2.49,3.12,7.12,5.69,7.90,3.91,6.04,4.22,4.22,3.54,4.12,6.67,13.29,12.83,12.54,12.78,12.81,11.86,14.22,14.01,11.44,12.54,13.18,11.74,14.12,4.41,4.97,1.71,4.97,4.25],
  [4.53,13.77,14.78,24.71,31.85,9.99,20.19,21.50,22.16,13.29,9.75,11.86,10.60,12.98,12.68,9.71,12.41,11.38,9.47,10.49,23.07,30.82,31.34,27.58,28.06,32.01,31.43,37.18,38.31,35.79,29.17,27.36,25.15,27.70,25.61,23.22,26.83,28.94,29.75,27.30,24.91,24.99,25.92,25.20,24.14,3.54,99.00,3.18,2.74,1.75,4.19,2.13,3.69,0.60,1.75,1.05,3.70,4.37,10.49,8.91,11.30,6.98,9.22,7.59,7.59,6.40,7.44,9.97,16.63,16.24,15.04,15.55,15.36,14.84,17.25,16.78,14.08,15.31,15.81,14.57,16.74,5.95,6.05,4.79,6.59,5.53],
  [2.58,10.69,12.08,21.64,28.68,10.28,17.04,18.33,18.98,10.24,6.88,9.08,7.83,10.29,9.69,6.74,9.35,8.61,6.29,7.59,19.95,27.66,28.17,24.40,24.90,28.85,28.28,34.01,35.14,32.64,26.17,24.20,22.13,24.57,22.46,20.05,23.70,25.97,26.75,24.16,21.84,21.88,22.77,22.10,20.98,2.17,3.18,99.00,0.60,1.79,2.25,1.53,0.71,2.71,2.09,2.14,0.56,1.29,8.88,7.63,9.61,5.98,8.00,6.08,6.08,5.68,6.03,8.52,13.69,13.39,11.87,12.38,12.18,11.70,14.13,13.61,10.90,12.14,12.64,11.41,13.56,2.88,3.18,2.15,3.52,2.54],
  [2.39,11.24,12.25,21.99,29.18,9.81,17.56,18.82,19.45,10.58,7.11,9.28,8.02,10.46,9.99,7.02,9.69,8.81,6.75,7.84,20.34,28.16,28.66,24.89,25.41,29.27,28.70,34.45,35.59,33.05,26.48,24.62,22.45,24.97,22.88,20.50,24.09,26.26,27.06,24.57,22.19,22.26,23.19,22.47,21.40,1.77,2.74,0.60,99.00,1.21,2.03,0.93,1.30,2.34,1.50,1.76,1.14,1.88,8.73,7.39,9.48,5.67,7.75,5.88,5.88,5.31,5.80,8.33,13.97,13.63,12.36,12.82,12.67,12.10,14.51,14.06,11.37,12.59,13.11,11.84,14.04,3.45,3.78,2.22,4.09,3.13],
  [2.81,12.45,13.03,23.00,30.36,9.24,18.75,20.00,20.60,11.60,8.01,10.12,8.85,11.24,10.96,7.99,10.71,9.64,7.91,8.76,21.41,29.34,29.83,26.06,26.60,30.38,29.81,35.57,36.72,34.15,27.44,25.73,23.43,26.04,23.98,21.63,25.17,27.20,28.02,25.66,23.22,23.32,24.29,23.52,22.50,1.86,1.75,1.79,1.21,99.00,2.46,0.38,2.46,1.55,0.35,1.07,2.34,3.08,8.95,7.45,9.74,5.59,7.79,6.04,6.04,5.10,5.92,8.47,14.90,14.50,13.54,13.96,13.84,13.18,15.59,15.20,12.53,13.72,14.27,12.96,15.20,4.66,4.95,3.06,5.30,4.32],
  [0.36,11.16,10.60,20.75,28.59,8.27,17.13,18.25,18.72,9.40,5.69,7.72,6.46,8.80,8.68,5.76,8.53,7.24,6.22,6.44,19.27,27.57,28.00,24.24,24.88,28.30,27.75,33.55,34.73,32.04,25.12,23.67,21.14,23.91,21.92,19.67,23.03,24.86,25.70,23.56,20.98,21.16,22.22,21.33,20.42,0.75,4.19,2.25,2.03,2.46,99.00,2.10,2.75,4.00,2.46,3.46,2.41,2.91,6.70,5.39,7.45,3.75,5.75,3.85,3.85,3.51,3.79,6.30,12.56,12.11,11.84,12.05,12.10,11.11,13.47,13.27,10.73,11.81,12.46,11.01,13.40,3.99,4.63,1.05,4.51,3.91],
  [2.46,12.14,12.66,22.62,30.01,9.17,18.41,19.65,20.24,11.21,7.63,9.73,8.47,10.86,10.57,7.61,10.33,9.26,7.56,8.37,21.03,28.99,29.47,25.71,26.25,30.00,29.44,35.20,36.35,33.77,27.06,25.36,23.05,25.67,23.61,21.26,24.79,26.82,27.64,25.28,22.83,22.94,23.92,23.14,22.12,1.54,2.13,1.53,0.93,0.38,2.10,99.00,2.23,1.90,0.58,1.37,2.07,2.81,8.65,7.19,9.44,5.35,7.53,5.75,5.75,4.90,5.64,8.19,14.51,14.12,13.19,13.59,13.49,12.81,15.21,14.83,12.17,13.36,13.91,12.59,14.84,4.37,4.71,2.67,5.01,4.06],
  [3.04,10.10,12.02,21.35,28.17,10.91,16.50,17.82,18.52,9.97,6.77,9.00,7.78,10.25,9.49,6.57,9.09,8.54,5.87,7.45,19.59,27.14,27.67,23.91,24.37,28.45,27.86,33.57,34.69,32.24,25.92,23.79,21.86,24.20,22.05,19.61,23.33,25.73,26.50,23.77,21.53,21.53,22.37,21.77,20.59,2.80,3.69,0.71,1.30,2.46,2.75,2.23,99.00,3.17,2.77,2.64,0.35,0.68,9.22,8.06,9.92,6.50,8.43,6.49,6.49,6.25,6.46,8.90,13.50,13.25,11.37,11.95,11.70,11.35,13.78,13.18,10.44,11.72,12.17,11.01,13.09,2.26,2.49,2.39,2.91,1.88],
  [4.35,13.23,14.52,24.32,31.34,10.32,19.67,20.99,21.67,12.91,9.43,11.57,10.31,12.73,12.32,9.36,12.02,11.10,9.00,10.16,22.65,30.31,30.84,27.08,27.54,31.56,30.98,36.71,37.84,35.35,28.82,26.91,24.79,27.28,25.17,22.75,26.40,28.60,29.40,26.87,24.52,24.58,25.48,24.80,23.69,3.41,0.60,2.71,2.34,1.55,4.00,1.90,3.17,99.00,1.67,0.58,3.22,3.85,10.48,8.95,11.28,7.04,9.27,7.57,7.57,6.51,7.44,9.98,16.30,15.94,14.53,15.08,14.86,14.41,16.83,16.32,13.59,14.85,15.33,14.12,16.25,5.41,5.49,4.49,6.05,4.99],
  [2.79,12.72,13.05,23.11,30.58,8.93,18.98,20.22,20.80,11.71,8.09,10.16,8.90,11.26,11.05,8.10,10.83,9.68,8.12,8.84,21.55,29.55,30.04,26.27,26.82,30.53,29.97,35.74,36.90,34.30,27.53,25.89,23.53,26.19,24.14,21.81,25.31,27.28,28.11,25.81,23.33,23.46,24.45,23.65,22.65,1.79,1.75,2.09,1.50,0.35,2.46,0.58,2.77,1.67,99.00,1.28,2.63,3.38,8.80,7.27,9.61,5.38,7.60,5.90,5.90,4.87,5.76,8.31,14.97,14.55,13.76,14.14,14.05,13.33,15.73,15.38,12.73,13.90,14.47,13.14,15.41,4.94,5.27,3.16,5.58,4.62],
  [3.82,12.73,13.95,23.74,30.80,10.13,19.14,20.45,21.12,12.33,8.85,11.00,9.74,12.16,11.74,8.78,11.44,10.53,8.44,9.58,22.08,29.78,30.30,26.53,27.01,30.99,30.42,36.15,37.28,34.78,28.24,26.34,24.21,26.70,24.60,22.19,25.83,28.02,28.82,26.30,23.95,24.01,24.91,24.22,23.13,2.91,1.05,2.14,1.76,1.07,3.46,1.37,2.64,0.58,1.28,99.00,2.66,3.32,10.01,8.52,10.81,6.64,8.85,7.11,7.11,6.14,6.99,9.54,15.72,15.36,13.99,14.52,14.32,13.84,16.26,15.76,13.04,14.29,14.78,13.55,15.70,4.90,5.02,3.92,5.54,4.49],
  [2.70,10.14,11.77,21.20,28.15,10.60,16.50,17.79,18.46,9.80,6.53,8.75,7.52,9.99,9.29,6.35,8.92,8.29,5.78,7.23,19.47,27.12,27.64,23.87,24.36,28.35,27.77,33.50,34.62,32.15,25.75,23.70,21.70,24.08,21.96,19.53,23.22,25.55,26.33,23.67,21.38,21.40,22.27,21.63,20.49,2.49,3.70,0.56,1.14,2.34,2.41,2.07,0.35,3.22,2.63,2.66,99.00,0.74,8.88,7.72,9.58,6.15,8.08,6.14,6.14,5.91,6.12,8.55,13.30,13.02,11.33,11.87,11.65,11.23,13.65,13.10,10.38,11.64,12.11,10.91,13.03,2.32,2.65,2.05,2.96,1.99],
  [3.14,9.42,11.53,20.72,27.49,11.17,15.82,17.14,17.84,9.37,6.27,8.50,7.30,9.78,8.91,6.02,8.48,8.06,5.20,6.93,18.94,26.46,26.99,23.23,23.69,27.78,27.20,32.90,34.01,31.58,25.31,23.13,21.25,23.54,21.39,18.93,22.68,25.13,25.89,23.11,20.90,20.88,21.70,21.12,19.93,3.12,4.37,1.29,1.88,3.08,2.91,2.81,0.68,3.85,3.38,3.32,0.74,99.00,9.08,8.04,9.75,6.59,8.41,6.45,6.45,6.41,6.46,8.81,12.92,12.70,10.69,11.28,11.02,10.71,13.14,12.51,9.77,11.05,11.49,10.35,12.41,1.59,1.92,2.30,2.24,1.25],
  [6.34,13.15,6.62,17.56,27.49,6.07,17.24,17.78,17.67,8.17,5.44,5.39,4.90,5.39,7.17,6.08,7.71,5.13,8.50,5.72,16.90,26.50,26.69,23.12,24.15,25.81,25.36,31.21,32.52,29.31,21.24,21.47,17.64,21.30,19.80,18.18,20.42,20.82,21.80,21.14,17.91,18.50,20.05,18.49,18.32,7.12,10.49,8.88,8.73,8.95,6.70,8.65,9.22,10.48,8.80,10.01,8.88,9.08,99.00,1.78,0.84,3.67,1.64,2.91,2.91,4.36,3.05,0.70,9.48,8.60,12.41,11.68,12.45,10.17,11.83,12.66,11.13,11.47,12.47,10.66,13.30,9.31,10.13,6.83,9.47,9.53],
  [5.05,13.43,8.11,19.07,28.66,4.93,18.06,18.75,18.76,9.06,5.77,6.36,5.56,6.67,8.07,6.35,8.46,6.01,8.48,6.25,18.25,27.65,27.90,24.27,25.22,27.23,26.77,32.63,33.92,30.78,22.87,22.83,19.19,22.73,21.13,19.37,21.84,22.47,23.43,22.53,19.40,19.91,21.38,19.94,19.63,5.69,8.91,7.63,7.39,7.45,5.39,7.19,8.06,8.95,7.27,8.52,7.72,8.04,1.78,99.00,2.61,1.95,0.37,1.58,1.58,2.62,1.60,1.12,10.86,10.05,13.02,12.50,13.12,11.08,12.95,13.56,11.75,12.28,13.23,11.44,14.10,8.54,9.33,5.74,8.80,8.68],
  [7.10,13.25,6.09,16.97,27.08,6.60,17.05,17.51,17.33,8.00,5.62,5.22,4.93,5.02,7.00,6.28,7.62,5.03,8.77,5.79,16.40,26.10,26.26,22.73,23.80,25.25,24.82,30.66,31.97,28.72,20.56,20.97,17.01,20.75,19.32,17.78,19.88,20.12,21.11,20.61,17.33,17.96,19.55,17.93,17.84,7.90,11.30,9.61,9.48,9.74,7.45,9.44,9.92,11.28,9.61,10.81,9.58,9.75,0.84,2.61,99.00,4.50,2.44,3.71,3.71,5.20,3.87,1.50,9.00,8.07,12.34,11.51,12.36,9.96,11.49,12.43,11.07,11.31,12.34,10.51,13.13,9.88,10.70,7.52,10.00,10.13],
  [3.46,13.26,9.45,20.31,29.41,4.97,18.44,19.29,19.46,9.70,6.03,7.22,6.18,7.83,8.76,6.48,8.98,6.79,8.16,6.66,19.29,28.39,28.70,25.01,25.86,28.33,27.84,33.71,34.96,31.96,24.30,23.84,20.52,23.85,22.12,20.18,22.96,23.93,24.87,23.60,20.62,21.03,22.39,21.11,20.61,3.91,6.98,5.98,5.67,5.59,3.75,5.35,6.50,7.04,5.38,6.64,6.15,6.59,3.67,1.95,4.50,99.00,2.25,1.23,1.23,0.72,0.97,3.06,12.01,11.30,13.24,12.97,13.40,11.68,13.76,14.11,11.99,12.73,13.60,11.89,14.51,7.36,8.11,4.34,7.74,7.41],
  [5.42,13.72,8.13,19.10,28.79,4.75,18.27,18.92,18.91,9.24,6.03,6.51,5.77,6.75,8.24,6.62,8.67,6.18,8.80,6.48,18.33,27.79,28.02,24.40,25.38,27.29,26.83,32.69,33.98,30.82,22.84,22.90,19.20,22.78,21.22,19.49,21.90,22.43,23.40,22.60,19.43,19.97,21.47,19.99,19.72,6.04,9.22,8.00,7.75,7.79,5.75,7.53,8.43,9.27,7.60,8.85,8.08,8.41,1.64,0.37,2.44,2.25,99.00,1.95,1.95,2.89,1.97,0.94,10.92,10.09,13.26,12.70,13.35,11.26,13.09,13.75,11.98,12.48,13.44,11.64,14.30,8.91,9.70,6.11,9.17,9.05],
  [3.51,12.30,8.25,19.10,28.21,5.85,17.31,18.12,18.26,8.50,4.89,6.00,4.97,6.62,7.55,5.38,7.80,5.57,7.24,5.49,18.06,27.19,27.49,23.81,24.68,27.11,26.62,32.48,33.74,30.73,23.11,22.62,19.31,22.62,20.89,18.97,21.73,22.75,23.68,22.38,19.40,19.81,21.16,19.88,19.38,4.22,7.59,6.08,5.88,6.04,3.85,5.75,6.49,7.57,5.90,7.11,6.14,6.45,2.91,1.58,3.71,1.23,1.95,99.00,0.00,1.89,0.26,2.45,10.79,10.08,12.15,11.81,12.29,10.49,12.54,12.93,10.89,11.57,12.46,10.73,13.37,6.98,7.77,4.15,7.27,7.11],
  [3.51,12.30,8.25,19.10,28.21,5.85,17.31,18.12,18.26,8.50,4.89,6.00,4.97,6.62,7.55,5.38,7.80,5.57,7.24,5.49,18.06,27.19,27.49,23.81,24.68,27.11,26.62,32.48,33.74,30.73,23.11,22.62,19.31,22.62,20.89,18.97,21.73,22.75,23.68,22.38,19.40,19.81,21.16,19.88,19.38,4.22,7.59,6.08,5.88,6.04,3.85,5.75,6.49,7.57,5.90,7.11,6.14,6.45,2.91,1.58,3.71,1.23,1.95,0.00,99.00,1.89,0.26,2.45,10.79,10.08,12.15,11.81,12.29,10.49,12.54,12.93,10.89,11.57,12.46,10.73,13.37,6.98,7.77,4.15,7.27,7.11],
  [3.27,13.57,10.13,20.98,29.96,4.86,18.91,19.79,20.01,10.26,6.53,7.84,6.76,8.50,9.34,6.94,9.51,7.41,8.45,7.19,19.91,28.94,29.26,25.56,26.39,28.97,28.47,34.33,35.58,32.60,24.99,24.46,21.20,24.49,22.73,20.76,23.60,24.63,25.56,24.23,21.28,21.67,23.00,21.75,21.22,3.54,6.40,5.68,5.31,5.10,3.51,4.90,6.25,6.51,4.87,6.14,5.91,6.41,4.36,2.62,5.20,0.72,2.89,1.89,1.89,99.00,1.63,3.74,12.67,11.97,13.68,13.47,13.85,12.22,14.34,14.63,12.44,13.23,14.07,12.39,15.00,7.33,8.04,4.24,7.75,7.33],
  [3.45,12.49,8.50,19.35,28.46,5.66,17.55,18.36,18.51,8.75,5.12,6.26,5.22,6.87,7.81,5.60,8.04,5.83,7.42,5.73,18.32,27.44,27.75,24.06,24.93,27.37,26.88,32.74,34.00,30.99,23.36,22.87,19.56,22.88,21.15,19.23,21.99,23.00,23.93,22.63,19.65,20.07,21.42,20.14,19.64,4.12,7.44,6.03,5.80,5.92,3.79,5.64,6.46,7.44,5.76,6.99,6.12,6.46,3.05,1.60,3.87,0.97,1.97,0.26,0.26,1.63,99.00,2.55,11.05,10.34,12.37,12.05,12.52,10.74,12.80,13.18,11.11,11.81,12.70,10.97,13.60,7.03,7.82,4.15,7.34,7.15],
  [5.95,13.42,7.28,18.24,28.07,5.45,17.71,18.30,18.23,8.65,5.69,5.88,5.27,5.99,7.64,6.32,8.14,5.58,8.64,6.05,17.53,27.08,27.29,23.70,24.70,26.46,26.01,31.86,33.17,29.97,21.94,22.11,18.32,21.96,20.43,18.77,21.08,21.52,22.49,21.79,18.58,19.15,20.68,19.15,18.94,6.67,9.97,8.52,8.33,8.47,6.30,8.19,8.90,9.98,8.31,9.54,8.55,8.81,0.70,1.12,1.50,3.06,0.94,2.45,2.45,3.74,2.55,99.00,10.12,9.25,12.80,12.15,12.86,10.66,12.39,13.15,11.52,11.93,12.91,11.10,13.76,9.16,9.97,6.53,9.36,9.35],
  [12.27,8.88,2.94,8.32,18.13,15.55,9.24,9.16,8.63,3.70,6.88,4.91,6.14,4.20,4.01,6.95,4.52,5.39,8.20,6.14,7.41,17.17,17.29,13.82,15.00,16.37,15.91,21.77,23.06,19.95,12.56,11.99,8.60,11.87,10.32,8.88,10.98,12.31,13.14,11.67,8.61,9.05,10.56,9.10,8.85,13.29,16.63,13.69,13.97,14.90,12.56,14.51,13.50,16.30,14.97,15.72,13.30,12.92,9.48,10.86,9.00,12.01,10.92,10.79,10.79,12.67,11.05,10.12,99.00,1.05,6.50,4.87,6.21,3.62,3.17,4.98,5.81,4.83,5.75,4.60,6.04,11.87,12.43,11.84,11.48,12.35],
  [11.81,9.48,1.98,9.03,19.13,14.66,10.26,10.21,9.67,3.84,6.52,4.39,5.66,3.47,3.87,6.68,4.54,4.88,8.23,5.80,8.33,18.17,18.27,14.84,16.03,17.21,16.76,22.61,23.92,20.74,13.08,12.89,9.22,12.70,11.25,9.90,11.82,12.78,13.66,12.54,9.35,9.90,11.48,9.90,9.79,12.83,16.24,13.39,13.63,14.50,12.11,14.12,13.25,15.94,14.55,15.36,13.02,12.70,8.60,10.05,8.07,11.30,10.09,10.08,10.08,11.97,10.34,9.25,1.05,99.00,7.24,5.66,6.98,4.26,4.19,5.91,6.42,5.59,6.57,5.24,6.94,11.76,12.36,11.46,11.41,12.23],
  [11.71,2.64,8.06,11.29,16.83,17.92,5.29,6.46,7.19,4.48,7.28,7.15,7.53,7.77,5.41,6.77,4.73,7.31,5.65,6.78,8.97,15.80,16.31,12.54,13.07,17.32,16.70,22.30,23.37,21.13,16.09,12.69,12.09,13.32,11.00,8.38,12.51,16.13,16.64,12.79,11.32,10.91,11.33,11.29,9.64,12.54,15.04,11.87,12.36,13.54,11.84,13.19,11.37,14.53,13.76,13.99,11.33,10.69,12.41,13.02,12.34,13.24,13.26,12.15,12.15,13.68,12.37,12.80,6.50,7.24,99.00,1.69,0.43,3.00,4.13,2.38,1.28,1.68,1.08,2.07,1.80,9.17,9.32,10.83,8.56,9.63],
  [11.87,4.28,6.68,9.94,16.58,17.44,5.57,6.32,6.68,3.52,6.94,6.30,6.94,6.68,4.52,6.55,4.04,6.56,6.09,6.32,7.80,15.56,15.96,12.21,12.94,16.50,15.91,21.63,22.77,20.30,14.73,11.85,10.68,12.32,10.11,7.67,11.47,14.72,15.29,11.86,10.02,9.77,10.43,10.08,8.67,12.78,15.55,12.38,12.82,13.96,12.05,13.59,11.95,15.08,14.14,14.52,11.87,11.28,11.68,12.50,11.51,12.97,12.70,11.81,11.81,13.47,12.05,12.15,4.87,5.66,1.69,99.00,1.35,1.62,2.50,1.24,1.63,0.24,0.93,1.08,1.62,9.85,10.13,11.09,9.29,10.34],
  [11.96,3.06,7.89,10.86,16.53,18.03,5.07,6.16,6.83,4.42,7.41,7.14,7.60,7.70,5.38,6.93,4.75,7.33,5.94,6.88,8.54,15.50,15.99,12.22,12.78,16.93,16.32,21.93,23.01,20.75,15.66,12.30,11.66,12.91,10.60,8.00,12.10,15.70,16.21,12.39,10.89,10.49,10.93,10.86,9.23,12.81,15.36,12.18,12.67,13.84,12.10,13.49,11.70,14.86,14.05,14.32,11.65,11.02,12.45,13.12,12.36,13.40,13.35,12.29,12.29,13.85,12.52,12.86,6.21,6.98,0.43,1.35,99.00,2.80,3.74,1.96,1.41,1.39,0.65,1.93,1.41,9.51,9.68,11.10,8.91,9.98],
  [10.90,5.26,5.10,10.06,17.74,16.01,7.09,7.67,7.79,2.02,5.71,4.78,5.54,5.08,3.02,5.42,2.71,5.08,5.55,5.03,8.24,16.72,17.06,13.34,14.19,17.20,16.64,22.44,23.63,20.96,14.75,12.56,10.67,12.87,10.82,8.60,11.99,14.66,15.33,12.48,10.21,10.18,11.12,10.42,9.32,11.86,14.84,11.70,12.10,13.18,11.11,12.81,11.35,14.41,13.33,13.84,11.23,10.71,10.17,11.08,9.96,11.68,11.26,10.49,10.49,12.22,10.74,10.66,3.62,4.26,3.00,1.62,2.80,99.00,2.43,2.49,2.19,1.46,2.52,0.98,3.20,9.40,9.79,10.21,8.89,9.89],
  [13.24,6.76,5.79,7.66,15.71,17.83,6.07,6.12,5.85,4.12,7.93,6.60,7.58,6.46,5.00,7.73,4.95,6.99,7.97,7.21,5.83,14.70,14.96,11.32,12.32,14.83,14.28,20.11,21.32,18.57,12.40,10.22,8.32,10.46,8.47,6.43,9.58,12.34,12.97,10.09,7.80,7.75,8.76,7.99,6.96,14.22,17.25,14.13,14.51,15.59,13.47,15.21,13.78,16.83,15.73,16.26,13.65,13.14,11.83,12.95,11.49,13.76,13.09,12.54,12.54,14.34,12.80,12.39,3.17,4.19,4.13,2.50,3.74,2.43,99.00,2.01,4.02,2.61,3.13,2.97,3.09,11.82,12.19,12.59,11.30,12.31],
  [13.09,5.00,7.23,8.91,15.37,18.49,4.63,5.19,5.45,4.51,8.09,7.27,8.02,7.49,5.51,7.74,5.14,7.58,7.32,7.45,6.66,14.35,14.74,11.00,11.76,15.28,14.69,20.40,21.53,19.08,13.72,10.62,9.71,11.13,8.90,6.44,10.29,13.74,14.27,10.65,8.96,8.62,9.21,8.97,7.47,14.01,16.78,13.61,14.06,15.20,13.27,14.83,13.18,16.32,15.38,15.76,13.10,12.51,12.66,13.56,12.43,14.11,13.75,12.93,12.93,14.63,13.18,13.15,4.98,5.91,2.38,1.24,1.96,2.49,2.01,99.00,2.79,1.47,1.30,2.28,1.09,11.07,11.33,12.32,10.50,11.55],
  [10.58,3.07,7.01,11.56,17.87,16.65,6.48,7.52,8.08,3.30,6.01,5.89,6.25,6.58,4.18,5.52,3.46,6.04,4.62,5.50,9.42,16.85,17.31,13.54,14.15,18.05,17.46,23.13,24.24,21.86,16.34,13.40,12.29,13.92,11.68,9.17,13.08,16.32,16.91,13.44,11.65,11.39,12.00,11.71,10.26,11.44,14.08,10.90,11.37,12.53,10.73,12.17,10.44,13.59,12.73,13.04,10.38,9.77,11.13,11.75,11.07,11.99,11.98,10.89,10.89,12.44,11.11,11.52,5.81,6.42,1.28,1.63,1.41,2.19,4.02,2.79,99.00,1.45,1.74,1.22,2.68,8.30,8.54,9.74,7.72,8.78],
  [11.63,4.21,6.55,10.12,16.82,17.21,5.79,6.56,6.92,3.31,6.70,6.10,6.72,6.50,4.31,6.31,3.81,6.35,5.86,6.09,8.01,15.80,16.20,12.45,13.18,16.73,16.14,21.86,23.00,20.53,14.90,12.07,10.85,12.53,10.34,7.91,11.69,14.88,15.46,12.08,10.20,9.97,10.65,10.28,8.89,12.54,15.31,12.14,12.59,13.72,11.81,13.36,11.72,14.85,13.90,14.29,11.64,11.05,11.47,12.28,11.31,12.73,12.48,11.57,11.57,13.23,11.81,11.93,4.83,5.59,1.68,0.24,1.39,1.46,2.61,1.47,1.45,99.00,1.06,0.85,1.83,9.63,9.91,10.85,9.07,10.11],
  [12.31,3.71,7.61,10.21,16.13,18.15,4.85,5.79,6.35,4.34,7.57,7.11,7.67,7.56,5.33,7.13,4.78,7.34,6.36,7.00,7.92,15.11,15.57,11.80,12.43,16.38,15.77,21.42,22.52,20.19,15.01,11.73,11.01,12.31,10.03,7.46,11.49,15.05,15.56,11.81,10.25,9.87,10.35,10.23,8.64,13.18,15.81,12.64,13.11,14.27,12.46,13.91,12.17,15.33,14.47,14.78,12.11,11.49,12.47,13.23,12.34,13.60,13.44,12.46,12.46,14.07,12.70,12.91,5.75,6.57,1.08,0.93,0.65,2.52,3.13,1.30,1.74,1.06,99.00,1.82,0.94,10.01,10.21,11.47,9.42,10.48],
  [10.82,4.28,5.98,10.61,17.65,16.37,6.62,7.41,7.73,2.53,5.86,5.29,5.88,5.77,3.51,5.47,2.98,5.53,5.15,5.24,8.62,16.62,17.02,13.27,14.01,17.44,16.86,22.61,23.76,21.23,15.36,12.79,11.29,13.20,11.05,8.68,12.34,15.30,15.93,12.76,10.73,10.58,11.36,10.86,9.58,11.74,14.57,11.41,11.84,12.96,11.01,12.59,11.01,14.12,13.14,13.55,10.91,10.35,10.66,11.44,10.51,11.89,11.64,10.73,10.73,12.39,10.97,11.10,4.60,5.24,2.07,1.08,1.93,0.98,2.97,2.28,1.22,0.85,1.82,99.00,2.66,8.96,9.29,10.06,8.42,9.45],
  [13.25,4.23,8.16,9.62,15.19,19.03,3.96,4.85,5.43,5.13,8.48,7.92,8.54,8.27,6.13,8.06,5.64,8.17,7.29,7.89,7.22,14.17,14.63,10.86,11.49,15.52,14.91,20.52,21.61,19.34,14.42,10.89,10.47,11.52,9.20,6.59,10.72,14.49,14.96,10.99,9.62,9.15,9.52,9.54,7.84,14.12,16.74,13.56,14.04,15.20,13.40,14.84,13.09,16.25,15.41,15.70,13.03,12.41,13.30,14.10,13.13,14.51,14.30,13.37,13.37,15.00,13.60,13.76,6.04,6.94,1.80,1.62,1.41,3.20,3.09,1.09,2.68,1.83,0.94,2.66,99.00,10.91,11.09,12.41,10.31,11.38],
  [4.12,7.83,10.78,19.46,25.93,12.17,14.26,15.60,16.34,8.22,5.58,7.77,6.67,9.10,7.90,5.19,7.36,7.37,3.85,6.14,17.58,24.91,25.45,21.69,22.13,26.35,25.76,31.43,32.52,30.16,24.10,21.69,20.03,22.15,19.97,17.47,21.30,23.96,24.68,21.71,19.61,19.53,20.28,19.80,18.52,4.41,5.95,2.88,3.45,4.66,3.99,4.37,2.26,5.41,4.94,4.90,2.32,1.59,9.31,8.54,9.88,7.36,8.91,6.98,6.98,7.33,7.03,9.16,11.87,11.76,9.17,9.85,9.51,9.40,11.82,11.07,8.30,9.63,10.01,8.96,10.91,99.00,0.82,3.09,0.64,0.49],
  [4.80,7.77,11.46,19.85,25.99,12.88,14.29,15.70,16.51,8.74,6.30,8.47,7.40,9.80,8.49,5.87,7.90,8.08,4.28,6.83,17.90,24.97,25.54,21.79,22.17,26.59,25.98,31.61,32.69,30.40,24.54,21.94,20.45,22.45,20.22,17.67,21.60,24.42,25.11,21.98,19.99,19.86,20.54,20.15,18.79,4.97,6.05,3.18,3.78,4.95,4.63,4.71,2.49,5.49,5.27,5.02,2.65,1.92,10.13,9.33,10.70,8.11,9.70,7.77,7.77,8.04,7.82,9.97,12.43,12.36,9.32,10.13,9.68,9.79,12.19,11.33,8.54,9.91,10.21,9.29,11.09,0.82,99.00,3.80,0.95,0.73],
  [1.06,10.11,10.04,19.95,27.61,9.09,16.11,17.26,17.76,8.56,4.96,7.09,5.82,8.25,7.90,4.94,7.68,6.61,5.19,5.70,18.41,26.58,27.03,23.27,23.88,27.41,26.85,32.64,33.81,31.16,24.38,22.77,20.38,23.05,21.02,18.73,22.16,24.15,24.96,22.68,20.17,20.31,21.32,20.49,19.53,1.71,4.79,2.15,2.22,3.06,1.05,2.67,2.39,4.49,3.16,3.92,2.05,2.30,6.83,5.74,7.52,4.34,6.11,4.15,4.15,4.24,4.15,6.53,11.84,11.46,10.83,11.09,11.10,10.21,12.59,12.32,9.74,10.85,11.47,10.06,12.41,3.09,3.80,99.00,3.56,3.09],
  [4.61,7.19,10.52,18.95,25.31,12.61,13.63,14.98,15.74,7.80,5.39,7.54,6.50,8.88,7.54,4.95,6.96,7.16,3.35,5.90,17.04,24.29,24.83,21.07,21.50,25.77,25.17,30.83,31.92,29.58,23.62,21.12,19.54,21.60,19.39,16.88,20.75,23.49,24.20,21.14,19.10,18.99,19.71,19.27,17.96,4.97,6.59,3.52,4.09,5.30,4.51,5.01,2.91,6.05,5.58,5.54,2.96,2.24,9.47,8.80,10.00,7.74,9.17,7.27,7.27,7.75,7.34,9.36,11.48,11.41,8.56,9.29,8.91,8.89,11.30,10.50,7.72,9.07,9.42,8.42,10.31,0.64,0.95,3.56,99.00,1.07],
  [4.08,8.24,11.22,19.95,26.38,12.15,14.70,16.06,16.81,8.71,6.00,8.20,7.09,9.52,8.37,5.63,7.85,7.79,4.34,6.58,18.07,25.36,25.91,22.15,22.57,26.83,26.23,31.90,32.99,30.64,24.59,22.18,20.52,22.64,20.45,17.94,21.79,24.45,25.17,22.19,20.10,20.02,20.76,20.29,19.01,4.25,5.53,2.54,3.13,4.32,3.91,4.06,1.88,4.99,4.62,4.49,1.99,1.25,9.53,8.68,10.13,7.41,9.05,7.11,7.11,7.33,7.15,9.35,12.35,12.23,9.63,10.34,9.98,9.89,12.31,11.55,8.78,10.11,10.48,9.45,11.38,0.49,0.73,3.09,1.07,99.00]
];
