// Chosen Depots: [1, 2, 3, 4, 5, 6]
// Chosen Demand Points (Original DP No): [1, 2, 4, 5, 6, 7, 8, 9, 10, 11, 13, 14, 15, 16, 17, 19, 21, 22, 25, 26, 27, 31, 33, 34, 35, 36, 37, 40, 42, 43, 44, 45, 47, 48, 49, 50, 51, 52, 55, 57, 58, 60, 61, 62, 64, 66, 67, 68, 69, 71, 72, 74, 75, 76, 78, 80, 81, 83, 85, 86, 87, 89, 90, 91, 93, 94, 95, 96, 97, 98, 100, 103, 104, 105, 106, 107, 109, 110, 111, 112, 113, 114, 115, 117, 118, 120, 122, 123, 124, 125, 130, 131, 132, 134, 135, 137, 138, 139, 141, 142, 144, 145, 146, 147, 148, 152, 153, 154, 155, 156, 157, 158, 159, 160, 161, 162, 163, 166, 168, 171]
// Original Weights: [9, 9, 6, 6, 9, 8, 4, 8, 4, 5, 6, 5, 7, 4, 5, 5, 6, 6, 5, 4, 7, 6, 8, 7, 10, 9, 9, 9, 7, 7, 7, 8, 6, 6, 8, 3, 6, 6, 5, 5, 6, 5, 7, 4, 6, 6, 6, 7, 4, 7, 7, 2, 2, 5, 5, 5, 7, 5, 6, 6, 7, 7, 6, 6, 7, 6, 7, 7, 7, 6, 7, 7, 7, 6, 7, 8, 7, 7, 7, 7, 7, 7, 7, 7, 7, 7, 8, 6, 3, 2, 4, 2, 4, 4, 4, 3, 3, 4, 4, 8, 8, 7, 8, 5, 6, 7, 8, 4, 5, 7, 7, 8, 7, 6, 8, 8, 8, 6, 5, 8]

|W| = 6;
|D| = 120;
V = 54;
C = 3;
|K| = 3;
M = 100;
S = 0.25;
|TR| = 16;
δmax = 18.3;
Runtime = 60;

// Priority weights for selected demand points
pj = [
  9, 9, 6, 6, 9, 8, 4, 8, 4, 5, 6, 5, 7, 4, 5, 5, 6, 6, 5, 4, 7, 6, 8, 7, 10, 9, 9, 9, 7, 7, 7, 8, 6, 6, 8, 3, 6, 6, 5, 5, 6, 5, 7, 4, 6, 6, 6, 7, 4, 7, 7, 2, 2, 5, 5, 5, 7, 5, 6, 6, 7, 7, 6, 6, 7, 6, 7, 7, 7, 6, 7, 7, 7, 6, 7, 8, 7, 7, 7, 7, 7, 7, 7, 7, 7, 7, 8, 6, 3, 2, 4, 2, 4, 4, 4, 3, 3, 4, 4, 8, 8, 7, 8, 5, 6, 7, 8, 4, 5, 7, 7, 8, 7, 6, 8, 8, 8, 6, 5, 8
];

δij =
[
  [99.00,99.00,99.00,99.00,99.00,99.00,19.31,19.21,18.70,18.70,18.10,18.65,17.26,18.55,9.07,9.24,7.40,5.42,6.09,7.41,6.15,8.42,8.30,6.76,7.21,9.54,6.11,6.00,24.16,24.34,27.41,27.83,24.08,21.64,27.47,27.53,33.34,34.53,31.81,28.60,33.29,24.83,21.14,19.53,23.83,19.52,24.56,21.87,23.45,20.86,24.33,23.67,20.18,19.81,22.41,19.47,23.28,24.56,25.41,22.19,22.64,20.91,20.18,21.08,19.49,20.20,3.22,4.43,2.02,1.03,3.60,1.70,4.45,4.53,2.58,2.57,2.70,2.57,2.81,0.36,2.46,3.04,3.63,4.20,2.79,3.68,3.80,3.82,4.28,3.26,4.65,4.21,3.86,2.62,4.44,6.34,3.46,5.42,3.51,3.27,3.45,3.84,3.89,12.27,11.81,11.71,13.22,11.87,11.96,10.83,10.90,10.66,11.66,10.88,12.30,12.20,11.63,12.31,10.82,13.61,13.25,13.05,4.12,1.30,1.47,4.08],
  [99.00,99.00,99.00,99.00,99.00,99.00,9.07,8.93,10.80,10.80,8.14,9.55,11.93,9.19,9.37,6.43,5.89,7.73,5.71,8.33,8.33,6.83,5.99,6.36,6.74,8.34,5.12,6.09,14.95,15.21,17.27,17.89,14.17,11.84,18.64,18.77,24.20,25.19,23.22,19.93,23.93,18.64,12.74,11.32,15.99,12.63,15.96,14.43,14.85,14.68,16.01,15.61,12.54,10.80,15.73,10.51,14.62,18.71,19.18,14.39,15.19,13.35,11.14,13.75,11.55,11.95,11.71,13.73,12.16,11.79,12.96,12.58,13.62,13.77,10.69,13.06,12.68,12.24,12.45,11.16,12.14,10.10,13.40,13.45,12.72,12.55,13.79,12.73,13.17,12.79,13.75,13.76,9.10,12.84,12.99,13.15,13.26,13.72,12.30,13.57,12.49,13.33,13.59,8.88,9.48,2.64,4.76,4.28,3.06,6.71,5.26,3.67,3.44,9.26,7.87,4.12,4.21,3.71,4.28,7.56,4.23,3.85,7.83,9.95,10.35,8.24],
  [99.00,99.00,99.00,99.00,99.00,99.00,13.23,13.22,10.26,10.26,11.91,11.31,7.52,11.50,1.22,3.53,4.86,5.27,6.45,3.03,4.25,3.36,4.22,4.96,4.22,1.62,7.61,6.07,16.06,16.13,20.10,20.23,16.76,14.51,18.75,18.74,24.59,25.90,22.69,19.69,24.73,14.86,12.68,11.18,14.67,10.25,15.88,12.64,14.88,11.10,15.46,14.68,11.30,12.12,12.75,11.81,14.77,14.51,15.43,13.16,13.36,11.87,12.46,11.87,10.93,11.77,13.12,14.68,12.28,11.29,13.82,11.85,14.68,14.78,12.08,12.81,12.97,12.78,13.03,10.60,12.66,12.02,13.90,14.44,13.05,13.79,14.06,13.95,14.45,13.49,14.88,14.47,11.88,12.89,8.16,6.62,9.45,8.13,8.25,10.13,8.50,9.15,9.46,2.94,1.98,8.06,7.61,6.68,7.89,3.65,5.10,6.49,7.29,1.17,3.80,7.12,6.55,7.61,5.98,5.54,8.16,8.29,10.78,10.16,8.80,11.22],
  [99.00,99.00,99.00,99.00,99.00,99.00,8.44,8.59,3.42,3.42,7.92,5.74,3.46,6.34,11.94,11.29,13.26,15.06,14.92,13.21,14.42,12.06,12.30,13.83,13.29,11.09,15.61,14.81,6.49,6.38,10.97,10.69,8.28,7.18,8.10,8.03,13.76,15.11,11.75,8.86,14.02,4.80,3.60,3.53,3.82,1.22,5.48,1.90,4.79,1.08,4.86,4.01,2.11,5.15,1.97,5.14,4.82,4.89,5.35,2.66,2.47,1.82,5.17,1.37,3.00,3.37,22.77,24.62,22.35,21.49,23.74,22.17,24.58,24.71,21.64,23.04,23.03,22.74,23.00,20.75,22.62,21.35,23.95,24.35,23.11,23.56,24.20,23.74,24.25,23.45,24.77,24.49,20.79,23.03,19.09,17.56,20.31,19.10,19.10,20.98,19.35,20.06,20.36,8.32,9.03,11.29,9.10,9.94,10.86,9.71,10.06,11.10,10.66,9.98,8.18,9.91,10.12,10.21,10.61,7.07,9.62,9.99,19.46,19.98,19.07,19.95],
  [99.00,99.00,99.00,99.00,99.00,99.00,9.24,9.37,10.87,10.87,10.36,9.95,14.60,9.95,21.69,19.75,21.20,23.44,22.35,22.30,23.24,20.66,20.44,21.87,21.64,20.51,22.46,22.46,5.29,5.36,1.03,1.11,4.40,6.81,5.32,5.59,7.22,7.69,7.89,6.08,6.52,12.40,8.64,9.96,8.51,11.69,6.48,9.91,6.95,12.45,7.23,8.03,10.29,8.98,11.26,9.30,6.92,13.14,12.41,9.10,9.64,10.05,8.63,10.39,10.31,9.46,29.77,31.79,29.92,29.31,30.97,30.09,31.70,31.85,28.68,30.77,30.52,30.12,30.36,28.59,30.01,28.17,31.34,31.51,30.58,30.62,31.69,30.80,31.27,30.75,31.85,31.77,27.26,30.62,28.50,27.49,29.41,28.79,28.21,29.96,28.46,29.28,29.58,18.13,19.13,16.83,15.22,16.58,16.53,18.34,17.74,17.77,16.78,19.92,17.39,16.24,16.82,16.13,17.65,15.67,15.19,15.42,25.93,27.53,27.27,26.38],
  [99.00,99.00,99.00,99.00,99.00,99.00,24.98,24.93,22.86,22.86,23.67,23.59,20.10,23.66,11.89,13.89,12.87,10.64,12.46,11.27,10.49,12.99,13.40,12.23,12.22,13.02,13.08,12.13,28.66,28.75,32.52,32.74,29.14,26.78,31.43,31.42,37.25,38.57,35.31,32.36,37.41,27.05,25.31,23.78,27.32,22.91,28.55,25.30,27.54,23.59,28.13,27.35,23.97,24.54,25.26,24.22,27.42,26.58,27.59,25.83,25.99,24.55,24.91,24.53,23.56,24.39,10.29,9.89,8.70,8.11,9.64,7.66,10.04,9.99,10.28,8.16,8.87,9.19,9.24,8.27,9.17,10.91,9.20,9.89,8.93,10.13,8.91,10.13,10.28,9.42,10.18,9.55,11.89,8.56,5.23,6.07,4.97,4.75,5.85,4.86,5.66,4.83,4.60,15.55,14.66,17.92,18.76,17.44,18.03,15.21,16.01,16.48,17.56,13.77,16.16,17.86,17.21,18.15,16.37,17.85,19.03,18.95,12.17,9.35,8.10,12.15],
  [19.31,9.07,13.23,8.44,9.24,24.98,99.00,0.19,5.23,5.23,1.32,2.81,9.10,2.26,13.53,11.10,12.27,14.54,13.24,13.74,14.51,11.99,11.62,12.94,12.82,12.26,13.27,13.40,6.26,6.57,8.22,8.81,5.11,2.91,9.99,10.18,15.25,16.18,14.55,11.34,14.91,12.42,5.42,4.91,8.54,7.46,7.72,7.83,6.76,9.52,8.04,7.98,6.37,3.35,9.64,3.30,6.50,12.81,12.83,7.35,8.36,6.95,3.44,7.52,5.45,5.16,20.53,22.56,20.73,20.16,21.74,20.95,22.46,22.61,19.45,21.59,21.31,20.91,21.15,19.45,20.80,18.93,22.12,22.27,21.37,21.38,22.48,21.56,22.03,21.52,22.61,22.54,18.02,21.43,19.81,19.10,20.57,20.23,19.41,21.07,19.65,20.49,20.79,10.45,11.50,7.62,6.25,7.60,7.35,9.91,8.98,8.71,7.67,12.07,9.44,7.21,7.84,7.02,8.68,7.73,6.09,6.26,16.69,18.35,18.22,17.14],
  [19.21,8.93,13.22,8.59,9.37,24.93,0.19,99.00,5.36,5.36,1.31,2.94,9.20,2.38,13.51,11.06,12.20,14.47,13.15,13.70,14.45,11.94,11.56,12.87,12.75,12.24,13.17,13.32,6.44,6.75,8.35,8.96,5.27,3.09,10.17,10.36,15.41,16.34,14.72,11.52,15.07,12.60,5.60,5.06,8.72,7.60,7.91,8.00,6.95,9.67,8.22,8.16,6.53,3.51,9.81,3.46,6.69,12.98,13.01,7.52,8.53,7.12,3.62,7.68,5.60,5.33,20.41,22.44,20.62,20.06,21.62,20.85,22.34,22.49,19.34,21.48,21.20,20.80,21.03,19.35,20.69,18.81,22.01,22.16,21.26,21.26,22.37,21.45,21.91,21.41,22.49,22.43,17.89,21.32,19.76,19.07,20.50,20.18,19.34,21.00,19.58,20.43,20.72,10.47,11.52,7.52,6.19,7.53,7.25,9.88,8.93,8.63,7.58,12.07,9.44,7.14,7.77,6.94,8.62,7.74,6.01,6.17,16.57,18.25,18.13,17.01],
  [18.70,10.80,10.26,3.42,10.87,22.86,5.23,5.36,99.00,0.00,4.54,2.43,4.14,3.01,10.98,9.52,11.30,13.36,12.80,11.85,12.93,10.39,10.40,11.94,11.53,9.88,13.29,12.78,5.80,5.89,9.94,9.99,6.69,4.80,8.79,8.83,14.67,15.90,13.13,9.91,14.69,8.01,2.48,0.92,5.31,2.29,5.87,3.64,4.78,4.46,5.64,5.05,1.74,2.30,5.07,2.13,4.63,8.21,8.52,3.66,4.40,2.55,2.53,2.98,0.80,1.54,20.66,22.59,20.44,19.67,21.72,20.40,22.54,22.67,19.53,21.21,21.10,20.76,21.02,18.92,20.65,19.15,22.00,22.32,21.17,21.48,22.29,21.67,22.16,21.45,22.71,22.50,18.47,21.14,18.01,16.79,19.07,18.19,17.85,19.68,18.11,18.88,19.19,7.33,8.29,8.37,6.20,7.29,7.96,7.96,7.84,8.53,7.88,9.12,6.73,7.14,7.50,7.34,8.15,5.15,6.61,6.97,17.11,18.02,17.38,17.60],
  [18.70,10.80,10.26,3.42,10.87,22.86,5.23,5.36,0.00,99.00,4.54,2.43,4.14,3.01,10.98,9.52,11.30,13.36,12.80,11.85,12.93,10.39,10.40,11.94,11.53,9.88,13.29,12.78,5.80,5.89,9.94,9.99,6.69,4.80,8.79,8.83,14.67,15.90,13.13,9.91,14.69,8.01,2.48,0.92,5.31,2.29,5.87,3.64,4.78,4.46,5.64,5.05,1.74,2.30,5.07,2.13,4.63,8.21,8.52,3.66,4.40,2.55,2.53,2.98,0.80,1.54,20.66,22.59,20.44,19.67,21.72,20.40,22.54,22.67,19.53,21.21,21.10,20.76,21.02,18.92,20.65,19.15,22.00,22.32,21.17,21.48,22.29,21.67,22.16,21.45,22.71,22.50,18.47,21.14,18.01,16.79,19.07,18.19,17.85,19.68,18.11,18.88,19.19,7.33,8.29,8.37,6.20,7.29,7.96,7.96,7.84,8.53,7.88,9.12,6.73,7.14,7.50,7.34,8.15,5.15,6.61,6.97,17.11,18.02,17.38,17.60],
  [18.10,8.14,11.91,7.92,10.36,23.67,1.32,1.31,4.54,4.54,99.00,2.19,8.14,1.60,12.21,9.79,10.99,13.26,12.02,12.42,13.20,10.68,10.32,11.67,11.52,10.94,12.10,12.16,6.87,7.15,9.34,9.85,6.09,3.71,10.59,10.75,16.06,17.06,15.18,11.92,15.79,12.20,5.33,4.45,8.61,6.83,8.10,7.60,7.05,8.98,8.30,8.10,5.94,3.16,9.33,2.99,6.79,12.52,12.65,7.24,8.22,6.62,3.39,7.17,4.94,4.85,19.42,21.44,19.56,18.97,20.61,19.75,21.35,21.50,18.33,20.41,20.16,19.76,20.00,18.25,19.65,17.82,20.98,21.16,20.22,20.27,21.33,20.45,20.92,20.39,21.50,21.41,16.94,20.26,18.51,17.78,19.29,18.92,18.12,19.79,18.36,19.20,19.50,9.16,10.21,6.46,4.97,6.32,6.16,8.59,7.67,7.46,6.44,10.76,8.13,5.94,6.56,5.79,7.41,6.43,4.85,5.06,15.60,17.17,16.98,16.06],
  [18.65,9.55,11.31,5.74,9.95,23.59,2.81,2.94,2.43,2.43,2.19,99.00,6.34,0.59,11.81,9.80,11.32,13.53,12.59,12.35,13.29,10.71,10.52,11.99,11.71,10.60,12.87,12.66,5.57,5.79,8.95,9.24,5.56,3.21,9.14,9.26,14.86,15.97,13.70,10.41,14.71,10.04,3.30,2.26,6.61,4.69,6.41,5.44,5.30,6.81,6.48,6.15,3.75,1.25,7.15,0.96,5.07,10.34,10.50,5.14,6.09,4.44,1.60,4.98,2.75,2.70,20.28,22.27,20.26,19.58,21.42,20.34,22.20,22.34,19.17,21.07,20.89,20.52,20.77,18.84,20.40,18.72,21.75,21.99,20.95,21.12,22.07,21.31,21.80,21.18,22.36,22.22,17.92,20.96,18.54,17.58,19.46,18.85,18.26,20.02,18.51,19.33,19.63,8.41,9.44,7.45,5.50,6.81,7.08,8.39,7.82,8.06,7.18,10.14,7.54,6.53,7.05,6.56,7.84,5.79,5.67,5.97,16.57,17.84,17.43,17.04],
  [17.26,11.93,7.52,3.46,14.60,20.10,9.10,9.20,4.14,4.14,8.14,6.34,99.00,6.85,8.53,8.21,10.23,11.85,11.96,9.90,11.13,8.90,9.26,10.74,10.15,7.75,12.78,11.79,9.33,9.31,13.73,13.62,10.66,8.93,11.47,11.42,17.20,18.54,15.21,12.30,17.42,7.59,5.97,4.91,7.25,2.97,8.70,5.24,7.84,3.62,8.17,7.35,4.31,6.44,5.24,6.26,7.79,7.39,8.17,5.87,5.91,4.66,6.66,4.52,4.43,5.24,19.70,21.49,19.17,18.27,20.61,18.92,21.46,21.58,18.59,19.83,19.86,19.59,19.85,17.54,19.47,18.35,20.79,21.23,19.94,20.47,21.02,20.65,21.15,20.31,21.65,21.34,17.88,19.84,15.66,14.10,16.91,15.64,15.70,17.58,15.95,16.64,16.95,4.99,5.61,9.29,7.26,7.71,8.87,6.69,7.37,8.68,8.52,6.57,5.08,7.81,7.83,8.23,8.11,4.46,7.91,8.27,16.58,16.84,15.82,17.07],
  [18.55,9.19,11.50,6.34,9.95,23.66,2.26,2.38,3.01,3.01,1.60,0.59,6.85,99.00,11.95,9.82,11.26,13.49,12.47,12.40,13.30,10.72,10.49,11.93,11.69,10.72,12.70,12.55,5.81,6.05,8.93,9.29,5.56,3.14,9.45,9.58,15.11,16.18,14.03,10.74,14.92,10.61,3.80,2.85,7.11,5.28,6.79,6.01,5.70,7.40,6.91,6.63,4.34,1.66,7.73,1.43,5.46,10.92,11.07,5.68,6.64,5.02,1.97,5.57,3.34,3.26,20.09,22.09,20.11,19.45,21.24,20.22,22.01,22.16,18.98,20.94,20.73,20.35,20.60,18.72,20.24,18.52,21.58,21.81,20.80,20.94,21.92,21.12,21.61,21.01,22.17,22.05,17.70,20.82,18.58,17.67,19.46,18.91,18.26,20.01,18.51,19.34,19.64,8.63,9.67,7.19,5.34,6.68,6.83,8.45,7.79,7.91,6.98,10.33,7.71,6.37,6.92,6.35,7.73,5.96,5.43,5.72,16.34,17.70,17.35,16.81],
  [9.07,9.37,1.22,11.94,21.69,11.89,13.53,13.51,10.98,10.98,12.21,11.81,8.53,11.95,99.00,3.01,3.91,4.07,5.38,1.84,3.03,2.56,3.43,3.90,3.18,1.28,6.57,4.98,16.77,16.86,20.70,20.88,17.33,15.02,19.60,19.60,25.46,26.75,23.63,20.58,25.57,15.96,13.43,11.89,15.58,11.16,16.70,13.56,15.67,12.13,16.31,15.56,12.12,12.70,13.77,12.39,15.55,15.63,16.53,14.03,14.29,12.74,13.06,12.78,11.68,12.50,11.90,13.47,11.07,10.09,12.61,10.66,13.47,13.57,10.86,11.61,11.76,11.56,11.82,9.39,11.45,10.81,12.69,13.22,11.85,12.57,12.86,12.74,13.23,12.28,13.67,13.27,10.68,11.68,7.16,5.82,8.39,7.24,7.17,9.06,7.43,8.12,8.43,3.69,2.91,7.73,7.63,6.55,7.63,3.66,4.93,6.12,7.04,1.96,4.29,6.99,6.38,7.44,5.70,6.02,8.11,8.18,9.61,8.94,7.60,10.04],
  [9.24,6.43,3.53,11.29,19.75,13.89,11.10,11.06,9.52,9.52,9.79,9.80,8.21,9.82,3.01,99.00,2.03,3.85,3.79,2.64,3.49,0.90,1.07,2.55,2.03,1.92,4.75,3.59,15.14,15.28,18.74,19.04,15.36,12.96,18.30,18.35,24.19,25.41,22.59,19.41,24.19,15.78,11.98,10.38,14.59,10.29,15.39,12.63,14.29,11.74,15.12,14.45,10.95,10.85,13.24,10.52,14.13,15.59,16.36,12.95,13.41,11.68,11.23,11.84,10.29,11.04,11.51,13.33,11.07,10.23,12.45,10.94,13.30,13.42,10.39,11.78,11.75,11.45,11.71,9.49,11.33,10.14,12.67,13.07,11.83,12.29,12.92,12.47,12.97,12.16,13.48,13.20,9.70,11.75,8.76,8.02,9.66,9.13,8.46,10.24,8.71,9.52,9.83,3.46,3.55,4.74,4.93,3.70,4.66,1.59,2.14,3.12,4.08,3.01,3.14,4.14,3.50,4.55,2.74,4.38,5.31,5.32,8.43,8.69,7.88,8.92],
  [7.40,5.89,4.86,13.26,21.20,12.87,12.27,12.20,11.30,11.30,10.99,11.32,10.23,11.26,3.91,2.03,99.00,2.28,1.77,2.48,2.50,1.57,0.97,0.68,0.85,3.35,2.82,1.56,16.79,16.95,20.18,20.54,16.81,14.38,20.07,20.13,25.94,27.13,24.42,21.21,25.90,17.80,13.74,12.13,16.47,12.23,17.16,14.54,16.05,13.75,16.94,16.30,12.81,12.44,15.22,12.11,15.88,17.62,18.38,14.83,15.33,13.56,12.82,13.76,12.09,12.80,9.51,11.37,9.15,8.37,10.49,9.10,11.33,11.45,8.39,9.90,9.82,9.50,9.77,7.62,9.38,8.12,10.73,11.10,9.90,10.30,11.01,10.48,10.99,10.21,11.51,11.25,7.67,9.85,7.64,7.39,8.31,8.20,7.16,8.80,7.40,8.25,8.54,5.47,5.42,5.06,6.03,4.67,5.16,3.56,3.51,3.61,4.69,4.72,5.16,5.06,4.43,5.30,3.58,6.26,6.21,6.10,6.41,6.75,6.12,6.89],
  [5.42,7.73,5.27,15.06,23.44,10.64,14.54,14.47,13.36,13.36,13.26,13.53,11.85,13.49,4.07,3.85,2.28,99.00,2.14,2.23,1.11,3.01,3.01,1.61,1.83,4.22,3.22,1.69,18.95,19.10,22.42,22.77,19.05,16.63,22.15,22.19,28.03,29.25,26.43,23.26,28.02,19.44,15.83,14.22,18.43,14.10,19.23,16.46,18.14,15.45,18.97,18.30,14.80,14.62,16.99,14.29,17.97,19.19,20.02,16.80,17.23,15.52,15.00,15.67,14.14,14.88,7.95,9.66,7.32,6.43,8.78,7.11,9.64,9.75,6.88,7.99,8.01,7.75,8.01,5.69,7.63,6.77,8.94,9.40,8.09,8.68,9.17,8.85,9.35,8.47,9.83,9.49,6.62,7.99,5.41,5.44,6.03,6.03,4.89,6.53,5.12,5.97,6.26,6.88,6.52,7.28,8.30,6.94,7.41,5.43,5.71,5.88,6.96,5.63,6.88,7.34,6.70,7.57,5.86,8.23,8.48,8.37,5.58,5.03,4.03,6.00],
  [6.09,5.71,6.45,14.92,22.35,12.46,13.24,13.15,12.80,12.80,12.02,12.59,11.96,12.47,5.38,3.79,1.77,2.14,99.00,3.67,3.03,3.30,2.72,1.49,2.23,5.03,1.20,0.46,18.13,18.32,21.32,21.75,17.99,15.55,21.51,21.58,27.35,28.52,25.92,22.68,27.27,19.51,15.20,13.59,18.03,13.87,18.62,16.13,17.50,15.45,18.44,17.83,14.37,13.76,16.89,13.43,17.32,19.35,20.09,16.38,16.92,15.13,14.14,15.35,13.60,14.27,7.88,9.80,7.68,6.99,8.92,7.76,9.74,9.87,6.75,8.48,8.32,7.97,8.23,6.26,7.85,6.43,9.21,9.52,8.39,8.69,9.51,8.88,9.38,8.65,9.91,9.71,5.92,8.38,7.28,7.55,7.63,8.01,6.61,8.02,6.82,7.67,7.94,7.24,7.18,5.70,7.14,5.79,5.91,5.28,4.96,4.57,5.58,6.44,6.89,6.11,5.55,6.23,4.76,7.87,7.17,6.98,4.64,5.25,4.99,5.12],
  [7.41,8.33,3.03,13.21,22.30,11.27,13.74,13.70,11.85,11.85,12.42,12.35,9.90,12.40,1.84,2.64,2.48,2.23,3.67,99.00,1.26,1.79,2.43,2.25,1.64,2.14,4.87,3.23,17.58,17.70,21.30,21.56,17.91,15.53,20.60,20.63,26.49,27.74,24.77,21.65,26.54,17.44,14.33,12.74,16.73,12.33,17.69,14.72,16.62,13.51,17.36,16.64,13.16,13.35,15.10,13.03,16.47,17.16,18.02,15.13,15.48,13.84,13.72,13.93,12.60,13.39,10.13,11.76,9.39,8.44,10.89,9.06,11.75,11.86,9.08,9.98,10.08,9.85,10.12,7.72,9.73,9.00,11.01,11.51,10.16,10.83,11.21,11.00,11.50,10.57,11.95,11.58,8.85,10.02,6.20,5.39,7.22,6.51,6.00,7.84,6.26,7.03,7.34,4.91,4.39,7.15,7.56,6.30,7.14,3.97,4.78,5.55,6.59,3.47,5.15,6.75,6.10,7.11,5.29,6.72,7.92,7.90,7.77,7.18,5.96,8.20],
  [6.15,8.33,4.25,14.42,23.24,10.49,14.51,14.45,12.93,12.93,13.20,13.29,11.13,13.30,3.03,3.49,2.50,1.11,3.03,1.26,99.00,2.58,2.90,1.97,1.74,3.39,4.19,2.56,18.61,18.74,22.23,22.52,18.84,16.44,21.71,21.74,27.59,28.84,25.92,22.78,27.62,18.69,15.41,13.81,17.89,13.51,18.79,15.89,17.71,14.74,18.49,17.79,14.29,14.34,16.32,14.01,17.56,18.41,19.27,16.28,16.66,14.99,14.71,15.10,13.69,14.47,8.88,10.50,8.12,7.18,9.63,7.80,10.49,10.60,7.83,8.72,8.81,8.59,8.85,6.46,8.47,7.78,9.75,10.25,8.90,9.57,9.94,9.74,10.24,9.31,10.69,10.31,7.68,8.76,5.31,4.90,6.18,5.77,4.97,6.76,5.22,6.04,6.34,6.14,5.66,7.53,8.27,6.94,7.60,4.98,5.54,6.02,7.09,4.73,6.30,7.37,6.72,7.67,5.88,7.78,8.54,8.47,6.67,5.93,4.70,7.09],
  [8.42,6.83,3.36,12.06,20.66,12.99,11.99,11.94,10.39,10.39,10.68,10.71,8.90,10.72,2.56,0.90,1.57,3.01,3.30,1.79,2.58,99.00,0.87,1.89,1.24,1.80,4.38,3.02,16.03,16.17,19.65,19.94,16.26,13.86,19.17,19.21,25.06,26.29,23.43,20.27,25.07,16.49,12.86,11.26,15.42,11.10,16.26,13.45,15.17,12.48,15.98,15.30,11.80,11.75,14.00,11.42,15.01,16.28,17.07,13.80,14.23,12.51,12.13,12.66,11.16,11.92,10.80,12.59,10.29,9.43,11.71,10.12,12.56,12.68,9.69,10.98,10.97,10.69,10.96,8.68,10.57,9.49,11.90,12.32,11.05,11.57,12.14,11.74,12.25,11.41,12.75,12.44,9.12,10.97,7.86,7.17,8.76,8.24,7.55,9.34,7.81,8.62,8.93,4.01,3.87,5.41,5.79,4.52,5.38,2.43,3.02,3.80,4.82,3.16,3.88,4.96,4.31,5.33,3.51,5.25,6.13,6.12,7.90,7.94,7.04,8.37],
  [8.30,5.99,4.22,12.30,20.44,13.40,11.62,11.56,10.40,10.40,10.32,10.52,9.26,10.49,3.43,1.07,0.97,3.01,2.72,2.43,2.90,0.87,99.00,1.54,1.20,2.62,3.70,2.53,15.95,16.10,19.43,19.76,16.05,13.63,19.18,19.24,25.06,26.27,23.51,20.31,25.04,16.83,12.86,11.25,15.54,11.28,16.27,13.60,15.17,12.78,16.03,15.38,11.89,11.62,14.26,11.29,15.00,16.65,17.41,13.90,14.39,12.63,12.00,12.81,11.19,11.92,10.47,12.32,10.09,9.28,11.44,10.00,12.28,12.41,9.35,10.82,10.76,10.45,10.71,8.53,10.33,9.09,11.67,12.05,10.83,11.26,11.94,11.44,11.95,11.15,12.46,12.20,8.64,10.77,8.20,7.71,8.98,8.67,7.80,9.51,8.04,8.88,9.18,4.52,4.54,4.73,5.37,4.04,4.75,2.60,2.71,3.16,4.22,3.91,4.19,4.47,3.81,4.78,2.98,5.32,5.64,5.58,7.36,7.69,6.98,7.85],
  [6.76,6.36,4.96,13.83,21.87,12.23,12.94,12.87,11.94,11.94,11.67,11.99,10.74,11.93,3.90,2.55,0.68,1.61,1.49,2.25,1.97,1.89,1.54,99.00,0.74,3.55,2.67,1.14,17.45,17.61,20.85,21.22,17.49,15.06,20.71,20.77,26.59,27.78,25.05,21.84,26.55,18.33,14.38,12.77,17.08,12.82,17.80,15.14,16.70,14.29,17.57,16.92,13.43,13.11,15.78,12.77,16.52,18.13,18.91,15.44,15.92,14.17,13.48,14.35,12.73,13.44,8.96,10.79,8.55,7.74,9.91,8.46,10.75,10.88,7.84,9.28,9.22,8.91,9.18,6.99,8.79,7.61,10.14,10.52,9.29,9.74,10.40,9.92,10.43,9.62,10.94,10.66,7.23,9.23,7.00,6.84,7.64,7.58,6.50,8.13,6.73,7.58,7.87,5.90,5.75,5.69,6.70,5.34,5.80,4.12,4.17,4.27,5.35,4.98,5.68,5.73,5.10,5.97,4.26,6.86,6.88,6.76,6.01,6.15,5.46,6.48],
  [7.21,6.74,4.22,13.29,21.64,12.22,12.82,12.75,11.53,11.53,11.52,11.71,10.15,11.69,3.18,2.03,0.85,1.83,2.23,1.64,1.74,1.24,1.20,0.74,99.00,2.83,3.40,1.87,17.11,17.27,20.62,20.95,17.25,14.83,20.32,20.36,26.20,27.41,24.61,21.43,26.19,17.74,13.99,12.39,16.62,12.31,17.40,14.66,16.30,13.72,17.14,16.47,12.98,12.80,15.24,12.47,16.14,17.52,18.32,14.98,15.43,13.70,13.18,13.86,12.31,13.05,9.56,11.35,9.06,8.21,10.46,8.91,11.32,11.44,8.45,9.76,9.74,9.45,9.72,7.46,9.33,8.25,10.67,11.08,9.82,10.32,10.91,10.50,11.00,10.17,11.50,11.21,7.92,9.74,7.01,6.62,7.78,7.50,6.60,8.32,6.84,7.68,7.98,5.25,5.04,5.79,6.57,5.23,5.85,3.61,3.90,4.28,5.35,4.25,5.12,5.65,5.00,5.94,4.15,6.41,6.81,6.74,6.72,6.70,5.85,7.18],
  [9.54,8.34,1.62,11.09,20.51,13.02,12.26,12.24,9.88,9.88,10.94,10.60,7.75,10.72,1.28,1.92,3.35,4.22,5.03,2.14,3.39,1.80,2.62,3.55,2.83,99.00,6.15,4.69,15.66,15.76,19.52,19.72,16.14,13.81,18.58,18.59,24.45,25.73,22.69,19.60,24.54,15.30,12.35,10.79,14.64,10.23,15.67,12.63,14.62,11.37,15.32,14.58,11.11,11.53,12.97,11.21,14.49,15.02,15.88,13.06,13.38,11.77,11.89,11.84,10.61,11.42,12.18,13.86,11.50,10.57,12.98,11.19,13.85,13.96,11.10,12.11,12.19,11.95,12.21,9.84,11.83,10.96,13.13,13.61,12.27,12.90,13.33,13.07,13.57,12.67,14.04,13.69,10.70,12.15,8.14,6.98,9.27,8.31,8.04,9.91,8.30,9.04,9.35,2.77,2.29,6.55,6.35,5.29,6.41,2.38,3.68,4.95,5.81,1.43,3.15,5.74,5.13,6.20,4.49,4.84,6.84,6.92,9.53,9.25,8.09,9.99],
  [6.11,5.12,7.61,15.61,22.46,13.08,13.27,13.17,13.29,13.29,12.10,12.87,12.78,12.70,6.57,4.75,2.82,3.22,1.20,4.87,4.19,4.38,3.70,2.67,3.40,6.15,99.00,1.65,18.44,18.65,21.44,21.92,18.15,15.72,21.91,22.00,27.72,28.84,26.38,23.11,27.59,20.27,15.64,14.05,18.58,14.51,19.05,16.73,17.92,16.19,18.91,18.34,14.91,14.08,17.58,13.75,17.73,20.14,20.85,16.92,17.52,15.70,14.45,15.96,14.09,14.72,7.41,9.40,7.46,6.90,8.55,7.70,9.33,9.47,6.29,8.32,8.06,7.67,7.91,6.22,7.56,5.87,8.89,9.12,8.12,8.25,9.23,8.44,8.93,8.31,9.49,9.35,5.19,8.16,8.00,8.50,8.16,8.80,7.24,8.45,7.42,8.25,8.49,8.20,8.23,5.65,7.37,6.09,5.94,6.12,5.55,4.83,5.71,7.54,7.74,6.34,5.86,6.36,5.15,8.54,7.29,7.05,3.85,5.08,5.25,4.34],
  [6.00,6.09,6.07,14.81,22.46,12.13,13.40,13.32,12.78,12.78,12.16,12.66,11.79,12.55,4.98,3.59,1.56,1.69,0.46,3.23,2.56,3.02,2.53,1.14,1.87,4.69,1.65,99.00,18.17,18.35,21.44,21.84,18.09,15.66,21.52,21.58,27.37,28.55,25.90,22.68,27.31,19.36,15.20,13.59,17.98,13.77,18.62,16.06,17.50,15.31,18.42,17.79,14.32,13.81,16.77,13.48,17.32,19.18,19.94,16.33,16.85,15.07,14.19,15.28,13.57,14.26,7.96,9.84,7.67,6.93,8.96,7.68,9.79,9.92,6.84,8.45,8.32,7.99,8.25,6.19,7.87,6.56,9.22,9.57,8.40,8.76,9.51,8.94,9.45,8.69,9.97,9.74,6.12,8.37,6.93,7.12,7.35,7.63,6.29,7.76,6.51,7.36,7.63,7.00,6.88,5.92,7.24,5.88,6.11,5.12,4.94,4.70,5.74,6.12,6.72,6.23,5.64,6.38,4.83,7.78,7.32,7.15,4.88,5.25,4.82,5.36],
  [24.16,14.95,16.06,6.49,5.29,28.66,6.26,6.44,5.80,5.80,6.87,5.57,9.33,5.81,16.77,15.14,16.79,18.95,18.13,17.58,18.61,16.03,15.95,17.45,17.11,15.66,18.44,18.17,99.00,0.35,4.48,4.29,2.34,3.36,3.74,3.92,9.30,10.40,8.32,5.08,9.15,8.10,3.41,4.88,3.77,6.41,1.94,4.72,1.79,7.27,2.62,3.17,5.01,4.37,6.28,4.70,1.69,8.74,8.29,3.90,4.60,4.77,3.99,5.13,5.15,4.30,25.85,27.84,25.80,25.10,26.99,25.86,27.77,27.91,24.74,26.61,26.44,26.07,26.33,24.36,25.96,24.29,27.31,27.56,26.51,26.69,27.63,26.88,27.37,26.74,27.93,27.78,23.49,26.51,23.76,22.59,24.78,23.97,23.56,25.37,23.81,24.61,24.91,13.13,14.09,13.00,11.07,12.37,12.63,13.63,13.27,13.62,12.75,14.92,12.51,12.10,12.60,12.13,13.37,10.86,11.23,11.52,22.13,23.38,22.91,22.61],
  [24.34,15.21,16.13,6.38,5.36,28.75,6.57,6.75,5.89,5.89,7.15,5.79,9.31,6.05,16.86,15.28,16.95,19.10,18.32,17.70,18.74,16.17,16.10,17.61,17.27,15.76,18.65,18.35,0.35,99.00,4.60,4.33,2.66,3.69,3.45,3.61,9.07,10.20,8.03,4.78,8.95,7.82,3.46,4.97,3.51,6.37,1.61,4.57,1.62,7.13,2.32,2.92,5.00,4.57,6.08,4.90,1.56,8.47,8.00,3.76,4.40,4.70,4.20,5.03,5.21,4.37,26.06,28.04,25.99,25.28,27.19,26.03,27.97,28.11,24.94,26.80,26.63,26.27,26.52,24.54,26.15,24.50,27.50,27.76,26.70,26.90,27.82,27.09,27.58,26.94,28.14,27.98,23.71,26.70,23.88,22.68,24.91,24.07,23.69,25.51,23.95,24.73,25.04,13.21,14.15,13.23,11.28,12.57,12.86,13.76,13.44,13.82,12.97,15.00,12.61,12.31,12.80,12.35,13.56,10.98,11.45,11.75,22.35,23.57,23.07,22.83],
  [27.41,17.27,20.10,10.97,1.03,32.52,8.22,8.35,9.94,9.94,9.34,8.95,13.73,8.93,20.70,18.74,20.18,22.42,21.32,21.30,22.23,19.65,19.43,20.85,20.62,19.52,21.44,21.44,4.48,4.60,99.00,1.04,3.39,5.79,5.17,5.45,7.91,8.50,8.30,6.11,7.29,11.96,7.76,9.03,7.91,10.86,5.87,9.17,6.21,11.73,6.64,7.39,9.43,8.00,10.61,8.31,6.15,12.68,12.02,8.36,8.97,9.25,7.64,9.61,9.40,8.55,28.75,30.77,28.89,28.29,29.94,29.07,30.68,30.82,27.66,29.75,29.50,29.10,29.34,27.57,28.99,27.14,30.31,30.49,29.55,29.59,30.67,29.78,30.25,29.72,30.82,30.75,26.24,29.60,27.49,26.50,28.39,27.79,27.19,28.94,27.44,28.26,28.57,17.17,18.17,15.80,14.20,15.56,15.50,17.33,16.72,16.75,15.76,18.94,16.41,15.21,15.80,15.11,16.62,14.68,14.17,14.39,24.91,26.50,26.25,25.36],
  [27.83,17.89,20.23,10.69,1.11,32.74,8.81,8.96,9.99,9.99,9.85,9.24,13.62,9.29,20.88,19.04,20.54,22.77,21.75,21.56,22.52,19.94,19.76,21.22,20.95,19.72,21.92,21.84,4.29,4.33,1.04,99.00,3.77,6.20,4.27,4.55,6.94,7.60,7.26,5.13,6.37,11.29,7.68,9.06,7.41,10.69,5.38,8.84,5.90,11.38,6.13,6.93,9.30,8.20,10.16,8.53,5.88,12.02,11.31,8.04,8.55,9.03,7.84,9.34,9.39,8.53,29.27,31.28,29.36,28.73,30.45,29.50,31.20,31.34,28.17,30.20,29.98,29.58,29.83,28.00,29.47,27.67,30.81,31.00,30.04,30.11,31.15,30.30,30.77,30.22,31.35,31.25,26.79,30.07,27.76,26.69,28.70,28.02,27.49,29.26,27.75,28.56,28.86,17.29,18.27,16.31,14.61,15.96,15.99,17.59,17.06,17.18,16.21,19.08,16.59,15.64,16.20,15.57,17.02,14.89,14.63,14.87,25.45,26.96,26.64,25.91],
  [24.08,14.17,16.76,8.28,4.40,29.14,5.11,5.27,6.69,6.69,6.09,5.56,10.66,5.56,17.33,15.36,16.81,19.05,17.99,17.91,18.84,16.26,16.05,17.49,17.25,16.14,18.15,18.09,2.34,2.66,3.39,3.77,99.00,2.44,5.43,5.67,10.19,11.08,9.76,6.75,9.81,10.41,4.77,5.81,6.06,7.93,4.27,6.69,3.99,9.18,4.95,5.44,6.47,4.64,8.41,4.95,3.81,11.03,10.62,5.89,6.73,6.47,4.30,6.93,6.24,5.42,25.50,27.52,25.60,24.97,26.68,25.75,27.43,27.58,24.40,26.44,26.21,25.82,26.06,24.24,25.71,23.91,27.04,27.24,26.27,26.35,27.38,26.53,27.01,26.45,27.58,27.49,23.03,26.30,24.10,23.12,25.01,24.40,23.81,25.56,24.06,24.88,25.18,13.82,14.84,12.54,10.86,12.21,12.22,13.95,13.34,13.42,12.45,15.59,13.04,11.88,12.45,11.80,13.27,11.31,10.86,11.10,21.69,23.19,22.90,22.15],
  [21.64,11.84,14.51,7.18,6.81,26.78,2.91,3.09,4.80,4.80,3.71,3.21,8.93,3.14,15.02,12.96,14.38,16.63,15.55,15.53,16.44,13.86,13.63,15.06,14.83,13.81,15.72,15.66,3.36,3.69,5.79,6.20,2.44,99.00,7.09,7.28,12.38,13.35,11.63,8.43,12.08,10.36,3.61,4.04,6.15,6.51,4.98,6.00,4.16,8.20,5.41,5.54,5.12,2.53,7.86,2.78,3.90,10.86,10.69,5.33,6.33,5.41,2.27,5.96,4.56,3.88,23.08,25.10,23.17,22.53,24.26,23.31,25.01,25.16,21.98,24.01,23.78,23.39,23.63,21.81,23.28,21.49,24.61,24.81,23.84,23.93,24.95,24.11,24.59,24.03,25.16,25.06,20.63,23.87,21.72,20.78,22.60,22.04,21.41,23.15,21.65,22.48,22.78,11.59,12.62,10.12,8.42,9.77,9.80,11.58,10.93,10.98,10.01,13.34,10.75,9.44,10.02,9.37,10.84,9.00,8.43,8.68,19.29,20.76,20.47,19.74],
  [27.47,18.64,18.75,8.10,5.32,31.43,9.99,10.17,8.79,8.79,10.59,9.14,11.47,9.45,19.60,18.30,20.07,22.15,21.51,20.60,21.71,19.17,19.18,20.71,20.32,18.58,21.91,21.52,3.74,3.45,5.17,4.27,5.43,7.09,99.00,0.29,5.89,7.15,4.59,1.35,5.98,7.34,6.33,7.94,4.29,8.55,2.92,6.23,4.02,8.46,3.30,4.12,7.47,7.90,6.94,8.21,4.20,8.10,7.26,5.61,5.65,6.88,7.54,6.95,8.02,7.27,29.32,31.29,29.18,28.43,30.42,29.17,31.22,31.36,28.19,29.96,29.83,29.48,29.74,27.69,29.37,27.78,30.72,31.01,29.90,30.15,31.02,30.34,30.83,30.16,31.39,31.21,27.02,29.88,26.72,25.37,27.82,26.83,26.60,28.45,26.86,27.62,27.93,15.91,16.77,16.59,14.58,15.83,16.21,16.74,16.58,17.09,16.28,17.67,15.46,15.60,16.06,15.67,16.79,13.93,14.80,15.11,25.66,26.76,26.16,26.14],
  [27.53,18.77,18.74,8.03,5.59,31.42,10.18,10.36,8.83,8.83,10.75,9.26,11.42,9.58,19.60,18.35,20.13,22.19,21.58,20.63,21.74,19.21,19.24,20.77,20.36,18.59,22.00,21.58,3.92,3.61,5.45,4.55,5.67,7.28,0.29,99.00,5.86,7.15,4.44,1.17,6.01,7.12,6.39,8.00,4.21,8.52,2.96,6.18,4.08,8.36,3.29,4.08,7.48,8.01,6.81,8.32,4.27,7.89,7.03,5.59,5.57,6.87,7.66,6.91,8.05,7.32,29.40,31.36,29.25,28.49,30.49,29.23,31.30,31.43,28.28,30.02,29.90,29.55,29.81,27.75,29.44,27.86,30.79,31.08,29.97,30.23,31.09,30.42,30.91,30.23,31.47,31.28,27.12,29.95,26.73,25.36,27.84,26.83,26.62,28.47,26.88,27.63,27.94,15.91,16.76,16.70,14.68,15.91,16.32,16.78,16.64,17.18,16.38,17.67,15.48,15.69,16.14,15.77,16.86,13.97,14.91,15.22,25.76,26.82,26.21,26.23],
  [33.34,24.20,24.59,13.76,7.22,37.25,15.25,15.41,14.67,14.67,16.06,14.86,17.20,15.11,25.46,24.19,25.94,28.03,27.35,26.49,27.59,25.06,25.06,26.59,26.20,24.45,27.72,27.37,9.30,9.07,7.91,6.94,10.19,12.38,5.89,5.86,99.00,1.41,2.63,4.90,1.03,11.66,12.21,13.81,9.95,14.34,8.80,11.97,9.89,13.94,9.14,9.91,13.34,13.64,12.30,13.96,10.06,12.40,11.34,11.43,11.30,12.72,13.27,12.73,13.90,13.15,35.13,37.11,35.03,34.30,36.25,35.04,37.04,37.18,34.01,35.82,35.68,35.32,35.57,33.55,35.20,33.57,36.55,36.83,35.74,35.97,36.86,36.15,36.64,35.99,37.20,37.04,32.79,35.73,32.59,31.21,33.71,32.69,32.48,34.33,32.74,33.50,33.80,21.77,22.61,22.30,20.36,21.63,21.93,22.63,22.44,22.89,22.04,23.52,21.34,21.38,21.86,21.42,22.61,19.82,20.52,20.82,31.43,32.61,32.04,31.90],
  [34.53,25.19,25.90,15.11,7.69,38.57,16.18,16.34,15.90,15.90,17.06,15.97,18.54,16.18,26.75,25.41,27.13,29.25,28.52,27.74,28.84,26.29,26.27,27.78,27.41,25.73,28.84,28.55,10.40,10.20,8.50,7.60,11.08,13.35,7.15,7.15,1.41,99.00,3.99,6.25,1.27,13.07,13.43,15.03,11.29,15.66,10.06,13.30,11.13,15.32,10.44,11.22,14.62,14.76,13.68,15.09,11.28,13.81,12.75,12.74,12.65,14.02,14.39,14.05,15.14,14.37,36.25,38.24,36.19,35.48,37.38,36.22,38.17,38.31,35.14,36.99,36.83,36.47,36.72,34.73,36.35,34.69,37.70,37.96,36.90,37.09,38.02,37.28,37.77,37.14,38.33,38.18,33.88,36.90,33.87,32.52,34.96,33.98,33.74,35.58,34.00,34.76,35.07,23.06,23.92,23.37,21.47,22.77,23.01,23.86,23.63,24.02,23.15,24.82,22.60,22.50,23.00,22.52,23.76,21.05,21.61,21.90,32.52,33.77,33.24,32.99],
  [31.81,23.22,22.69,11.75,7.89,35.31,14.55,14.72,13.13,13.13,15.18,13.70,15.21,14.03,23.63,22.59,24.42,26.43,25.92,24.77,25.92,23.43,23.51,25.05,24.61,22.69,26.38,25.90,8.32,8.03,8.30,7.26,9.76,11.63,4.59,4.44,2.63,3.99,99.00,3.29,3.47,9.17,10.74,12.33,8.05,12.47,7.33,10.07,8.46,11.80,7.48,8.14,11.64,12.45,10.12,12.76,8.67,9.89,8.82,9.64,9.34,10.94,12.10,10.85,12.33,11.66,33.77,35.71,33.57,32.79,34.84,33.51,35.65,35.79,32.64,34.33,34.23,33.89,34.15,32.04,33.77,32.24,35.12,35.44,34.30,34.59,35.41,34.78,35.28,34.58,35.83,35.63,31.52,34.26,30.78,29.31,31.96,30.82,30.73,32.60,30.99,31.72,32.03,19.95,20.74,21.13,19.09,20.30,20.75,21.01,20.96,21.57,20.79,21.67,19.63,20.09,20.53,20.19,21.23,18.20,19.34,19.66,30.16,31.15,30.46,30.64],
  [28.60,19.93,19.69,8.86,6.08,32.36,11.34,11.52,9.91,9.91,11.92,10.41,12.30,10.74,20.58,19.41,21.21,23.26,22.68,21.65,22.78,20.27,20.31,21.84,21.43,19.60,23.11,22.68,5.08,4.78,6.11,5.13,6.75,8.43,1.35,1.17,4.90,6.25,3.29,99.00,5.18,7.34,7.49,9.09,5.05,9.45,4.06,7.07,5.19,9.09,4.29,5.02,8.49,9.16,7.48,9.47,5.40,8.11,7.16,6.54,6.40,7.84,8.81,7.83,9.12,8.41,30.51,32.47,30.34,29.58,31.60,30.31,32.41,32.54,29.39,31.11,31.00,30.65,30.91,28.83,30.54,28.98,31.89,32.19,31.07,31.34,32.19,31.53,32.03,31.34,32.58,32.39,28.25,31.04,27.72,26.32,28.86,27.80,27.63,29.49,27.89,28.64,28.95,16.89,17.72,17.85,15.81,17.04,17.46,17.83,17.73,18.30,17.51,18.64,16.50,16.82,17.26,16.91,17.98,15.02,16.05,16.37,26.89,27.92,27.28,27.37],
  [33.29,23.93,24.73,14.02,6.52,37.41,14.91,15.07,14.69,14.69,15.79,14.71,17.42,14.92,25.57,24.19,25.90,28.02,27.27,26.54,27.62,25.07,25.04,26.55,26.19,24.54,27.59,27.31,9.15,8.95,7.29,6.37,9.81,12.08,5.98,6.01,1.03,1.27,3.47,5.18,99.00,12.24,12.21,13.81,10.19,14.52,8.87,12.18,9.92,14.27,9.28,10.09,13.45,13.51,12.66,13.84,10.07,12.99,11.95,11.59,11.55,12.86,13.14,12.92,13.94,13.16,35.00,36.99,34.95,34.23,36.13,34.99,36.91,37.06,33.88,35.75,35.59,35.22,35.47,33.49,35.11,33.43,36.45,36.71,35.65,35.84,36.77,36.02,36.51,35.88,37.07,36.93,32.62,35.65,32.68,31.35,33.76,32.81,32.54,34.38,32.79,33.56,33.87,21.88,22.75,22.11,20.22,21.51,21.75,22.65,22.39,22.77,21.89,23.65,21.40,21.25,21.75,21.26,22.52,19.84,20.35,20.64,31.26,32.52,32.01,31.73],
  [24.83,18.64,14.86,4.80,12.40,27.05,12.42,12.60,8.01,8.01,12.20,10.04,7.59,10.61,15.96,15.78,17.80,19.44,19.51,17.44,18.69,16.49,16.83,18.33,17.74,15.30,20.27,19.36,8.10,7.82,11.96,11.29,10.41,10.36,7.34,7.12,11.66,13.07,9.17,7.34,12.24,99.00,7.01,7.80,4.35,6.01,6.24,4.61,6.45,4.08,5.50,4.98,6.34,9.11,2.95,9.23,6.67,0.77,0.58,5.09,4.08,5.60,8.98,5.08,7.38,7.35,27.29,29.08,26.76,25.85,28.20,26.49,29.05,29.17,26.17,27.40,27.44,27.18,27.44,25.12,27.06,25.92,28.38,28.82,27.53,28.06,28.60,28.24,28.74,27.89,29.24,28.93,25.42,27.42,22.98,21.24,24.30,22.84,23.11,24.99,23.36,24.00,24.30,12.56,13.08,16.09,13.90,14.73,15.66,14.24,14.75,15.87,15.45,14.03,12.65,14.70,14.90,15.01,15.36,11.75,14.42,14.79,24.10,24.43,23.39,24.59],
  [21.14,12.74,12.68,3.60,8.64,25.31,5.42,5.60,2.48,2.48,5.33,3.30,5.97,3.80,13.43,11.98,13.74,15.83,15.20,14.33,15.41,12.86,12.86,14.38,13.99,12.35,15.64,15.20,3.41,3.46,7.76,7.68,4.77,3.61,6.33,6.39,12.21,13.43,10.74,7.49,12.21,7.01,99.00,1.61,3.31,3.16,3.43,2.46,2.31,4.60,3.30,2.87,1.70,2.17,4.31,2.37,2.15,7.42,7.41,1.93,2.94,1.80,1.98,2.35,1.76,0.94,23.03,24.98,22.86,22.11,24.12,22.84,24.92,25.06,21.90,23.64,23.51,23.17,23.43,21.36,23.05,21.51,24.40,24.71,23.59,23.86,24.70,24.05,24.54,23.85,25.09,24.90,20.78,23.56,20.49,19.25,21.55,20.66,20.33,22.16,20.59,21.36,21.67,9.77,10.70,10.49,8.38,9.57,10.08,10.43,10.26,10.83,10.08,11.56,9.21,9.37,9.79,9.50,10.50,7.63,8.69,9.02,19.42,20.44,19.83,19.91],
  [19.53,11.32,11.18,3.53,9.96,23.78,4.91,5.06,0.92,0.92,4.45,2.26,4.91,2.85,11.89,10.38,12.13,14.22,13.59,12.74,13.81,11.26,11.25,12.77,12.39,10.79,14.05,13.59,4.88,4.97,9.03,9.06,5.81,4.04,7.94,8.00,13.81,15.03,12.33,9.09,13.81,7.80,1.61,99.00,4.68,2.59,5.03,3.24,3.92,4.61,4.87,4.34,1.49,1.67,4.89,1.62,3.75,8.08,8.27,3.08,3.94,2.20,1.80,2.73,0.56,0.68,21.43,23.38,21.25,20.50,22.51,21.23,23.32,23.46,20.31,22.03,21.91,21.56,21.82,19.75,21.45,19.91,22.80,23.10,21.98,22.26,23.10,22.45,22.94,22.25,23.49,23.30,19.20,21.95,18.91,17.71,19.96,19.10,18.74,20.57,19.00,19.78,20.09,8.25,9.22,8.98,6.84,7.99,8.57,8.83,8.65,9.25,8.54,10.04,7.64,7.82,8.21,7.97,8.90,6.03,7.19,7.54,17.84,18.83,18.22,18.33],
  [23.83,15.99,14.67,3.82,8.51,27.32,8.54,8.72,5.31,5.31,8.61,6.61,7.25,7.11,15.58,14.59,16.47,18.43,18.03,16.73,17.89,15.42,15.54,17.08,16.62,14.64,18.58,17.98,3.77,3.51,7.91,7.41,6.06,6.15,4.29,4.21,9.95,11.29,8.05,5.05,10.19,4.35,3.31,4.68,99.00,4.42,2.05,2.03,2.11,4.19,1.28,0.63,3.67,5.46,2.77,5.67,2.33,4.97,4.60,1.66,1.36,2.91,5.22,2.81,4.52,4.04,25.91,27.82,25.63,24.82,26.95,25.52,27.77,27.90,24.78,26.36,26.29,25.97,26.23,24.07,25.85,24.42,27.20,27.55,26.37,26.72,27.48,26.91,27.41,26.67,27.95,27.72,23.76,26.32,22.74,21.29,23.91,22.79,22.68,24.55,22.94,23.67,23.98,11.91,12.71,13.65,11.50,12.60,13.24,13.00,13.07,13.84,13.18,13.63,11.59,12.45,12.81,12.63,13.44,10.22,11.86,12.21,22.41,23.22,22.46,22.89],
  [19.52,12.63,10.25,1.22,11.69,22.91,7.46,7.60,2.29,2.29,6.83,4.69,2.97,5.28,11.16,10.29,12.23,14.10,13.87,12.33,13.51,11.10,11.28,12.82,12.31,10.23,14.51,13.77,6.41,6.37,10.86,10.69,7.93,6.51,8.55,8.52,14.34,15.66,12.47,9.45,14.52,6.01,3.16,2.59,4.42,99.00,5.75,2.40,4.87,2.19,5.24,4.44,1.46,4.27,3.12,4.20,4.84,6.10,6.55,2.93,3.15,1.70,4.36,1.62,2.04,2.63,21.73,23.60,21.36,20.52,22.72,21.21,23.56,23.69,20.60,22.07,22.04,21.73,21.99,19.77,21.61,20.29,22.95,23.33,22.11,22.53,23.21,22.72,23.22,22.44,23.74,23.48,19.70,22.04,18.31,16.87,19.49,18.37,18.27,20.15,18.53,19.26,19.56,7.48,8.28,10.09,7.90,8.77,9.66,8.70,8.96,9.95,9.47,9.21,7.23,8.72,8.95,9.01,9.47,6.00,8.41,8.78,18.36,18.97,18.13,18.85],
  [24.56,15.96,15.88,5.48,6.48,28.55,7.72,7.91,5.87,5.87,8.10,6.41,8.70,6.79,16.70,15.39,17.16,19.23,18.62,17.69,18.79,16.26,16.27,17.80,17.40,15.67,19.05,18.62,1.94,1.61,5.87,5.38,4.27,4.98,2.92,2.96,8.80,10.06,7.33,4.06,8.87,6.24,3.43,5.03,2.05,5.75,99.00,3.58,1.13,6.05,0.77,1.56,4.58,5.16,4.78,5.46,1.35,6.92,6.40,2.85,3.19,4.05,4.83,4.21,5.10,4.36,26.45,28.41,26.29,25.53,27.54,26.26,28.34,28.48,25.32,27.06,26.94,26.59,26.85,24.79,26.48,24.92,27.83,28.13,27.01,27.28,28.13,27.47,27.96,27.28,28.51,28.33,24.18,26.99,23.81,22.49,24.91,23.94,23.68,25.53,23.94,24.70,25.01,13.01,13.90,13.81,11.76,12.97,13.42,13.83,13.68,14.24,13.46,14.79,12.54,12.76,13.20,12.86,13.91,11.01,12.01,12.34,22.82,23.86,23.25,23.30],
  [21.87,14.43,12.64,1.90,9.91,25.30,7.83,8.00,3.64,3.64,7.60,5.44,5.24,6.01,13.56,12.63,14.54,16.46,16.13,14.72,15.89,13.45,13.60,15.14,14.66,12.63,16.73,16.06,4.72,4.57,9.17,8.84,6.69,6.00,6.23,6.18,11.97,13.30,10.07,7.07,12.18,4.61,2.46,3.24,2.03,2.40,3.58,99.00,2.96,2.55,2.97,2.12,1.90,4.50,1.86,4.62,3.03,4.98,5.05,0.82,0.79,1.09,4.39,0.79,2.90,2.75,24.01,25.91,23.69,22.86,25.03,23.56,25.86,25.99,22.88,24.41,24.36,24.05,24.31,22.12,23.93,22.55,25.27,25.63,24.43,24.82,25.54,25.01,25.51,24.75,26.04,25.79,21.92,24.38,20.72,19.26,21.89,20.77,20.67,22.54,20.93,21.66,21.96,9.88,10.68,11.99,9.81,10.83,11.57,11.04,11.19,12.05,11.46,11.61,9.60,10.72,11.03,10.95,11.62,8.28,10.24,10.60,20.57,21.29,20.49,21.06],
  [23.45,14.85,14.88,4.79,6.95,27.54,6.76,6.95,4.78,4.78,7.05,5.30,7.84,5.70,15.67,14.29,16.05,18.14,17.50,16.62,17.71,15.17,15.17,16.70,16.30,14.62,17.92,17.50,1.79,1.62,6.21,5.90,3.99,4.16,4.02,4.08,9.89,11.13,8.46,5.19,9.92,6.45,2.31,3.92,2.11,4.87,1.13,2.96,99.00,5.51,1.28,1.47,3.60,4.06,4.49,4.34,0.26,7.06,6.71,2.15,2.81,3.18,3.73,3.45,4.02,3.25,25.32,27.28,25.17,24.42,26.42,25.15,27.22,27.36,24.20,25.95,25.82,25.47,25.73,23.67,25.36,23.79,26.71,27.01,25.89,26.16,27.01,26.34,26.84,26.15,27.39,27.20,23.06,25.87,22.76,21.47,23.84,22.90,22.62,24.46,22.87,23.64,23.95,11.99,12.89,12.69,10.63,11.85,12.30,12.74,12.56,13.11,12.33,13.77,11.48,11.63,12.07,11.73,12.79,9.93,10.89,11.21,21.69,22.75,22.14,22.18],
  [20.86,14.68,11.10,1.08,12.45,23.59,9.52,9.67,4.46,4.46,8.98,6.81,3.62,7.40,12.13,11.74,13.75,15.45,15.45,13.51,14.74,12.48,12.78,14.29,13.72,11.37,16.19,15.31,7.27,7.13,11.73,11.38,9.18,8.20,8.46,8.36,13.94,15.32,11.80,9.09,14.27,4.08,4.60,4.61,4.19,2.19,6.05,2.55,5.51,99.00,5.36,4.51,3.18,6.22,1.68,6.22,5.58,4.04,4.66,3.37,2.87,2.80,6.24,2.27,4.07,4.43,23.25,25.06,22.76,21.88,24.18,22.53,25.03,25.15,22.13,23.43,23.45,23.17,23.43,21.14,23.05,21.86,24.38,24.80,23.53,24.03,24.61,24.21,24.71,23.88,25.22,24.92,21.35,23.43,19.25,17.64,20.52,19.20,19.31,21.20,19.56,20.24,20.55,8.60,9.22,12.09,9.92,10.68,11.66,10.18,10.67,11.80,11.43,10.18,8.61,10.68,10.85,11.01,11.29,7.67,10.47,10.85,20.03,20.41,19.43,20.52],
  [24.33,16.01,15.46,4.86,7.23,28.13,8.04,8.22,5.64,5.64,8.30,6.48,8.17,6.91,16.31,15.12,16.94,18.97,18.44,17.36,18.49,15.98,16.03,17.57,17.14,15.32,18.91,18.42,2.62,2.32,6.64,6.13,4.95,5.41,3.30,3.29,9.14,10.44,7.48,4.29,9.28,5.50,3.30,4.87,1.28,5.24,0.77,2.97,1.28,5.36,99.00,0.86,4.20,5.25,4.03,5.52,1.54,6.16,5.68,2.31,2.49,3.58,4.94,3.66,4.85,4.19,26.29,28.23,26.08,25.31,27.36,26.03,28.18,28.31,25.16,26.84,26.74,26.41,26.67,24.56,26.29,24.78,27.64,27.96,26.82,27.12,27.93,27.30,27.80,27.09,28.35,28.14,24.07,26.78,23.45,22.08,24.57,23.55,23.35,25.21,23.61,24.36,24.67,12.63,13.48,13.78,11.68,12.86,13.38,13.55,13.48,14.12,13.38,14.38,12.21,12.67,13.08,12.80,13.77,10.74,11.98,12.32,22.71,23.66,22.99,23.19],
  [23.67,15.61,14.68,4.01,8.03,27.35,7.98,8.16,5.05,5.05,8.10,6.15,7.35,6.63,15.56,14.45,16.30,18.30,17.83,16.64,17.79,15.30,15.38,16.92,16.47,14.58,18.34,17.79,3.17,2.92,7.39,6.93,5.44,5.54,4.12,4.08,9.91,11.22,8.14,5.02,10.09,4.98,2.87,4.34,0.63,4.44,1.56,2.12,1.47,4.51,0.86,99.00,3.50,4.97,3.23,5.21,1.70,5.59,5.23,1.52,1.64,2.82,4.71,2.83,4.24,3.68,25.70,27.62,25.45,24.66,26.75,25.37,27.57,27.70,24.57,26.20,26.11,25.78,26.04,23.91,25.67,24.20,27.02,27.35,26.19,26.52,27.30,26.70,27.20,26.48,27.74,27.53,23.51,26.15,22.70,21.30,23.85,22.78,22.62,24.49,22.88,23.62,23.93,11.87,12.70,13.32,11.18,12.32,12.91,12.87,12.87,13.57,12.88,13.62,11.50,12.15,12.53,12.31,13.20,10.07,11.52,11.87,22.15,23.04,22.32,22.64],
  [20.18,12.54,11.30,2.11,10.29,23.97,6.37,6.53,1.74,1.74,5.94,3.75,4.31,4.34,12.12,10.95,12.81,14.80,14.37,13.16,14.29,11.80,11.89,13.43,12.98,11.11,14.91,14.32,5.01,5.00,9.43,9.30,6.47,5.12,7.47,7.48,13.34,14.62,11.64,8.49,13.45,6.34,1.70,1.49,3.67,1.46,4.58,1.90,3.60,3.18,4.20,3.50,99.00,3.05,3.42,3.07,3.52,6.60,6.83,2.01,2.67,0.81,3.06,1.27,1.04,1.27,22.24,24.16,21.97,21.17,23.28,21.88,24.10,24.24,21.11,22.71,22.63,22.31,22.57,20.42,22.19,20.76,23.54,23.88,22.71,23.06,23.82,23.24,23.74,23.00,24.28,24.05,20.10,22.66,19.25,17.91,20.37,19.36,19.15,21.00,19.40,20.16,20.47,8.44,9.31,10.10,7.92,8.96,9.68,9.37,9.41,10.20,9.58,10.21,8.01,8.84,9.17,9.06,9.79,6.57,8.34,8.71,18.75,19.56,18.83,19.24],
  [19.81,10.80,12.12,5.15,8.98,24.54,3.35,3.51,2.30,2.30,3.16,1.25,6.44,1.66,12.70,10.85,12.44,14.62,13.76,13.35,14.34,11.75,11.62,13.11,12.80,11.53,14.08,13.81,4.37,4.57,8.00,8.20,4.64,2.53,7.90,8.01,13.64,14.76,12.45,9.16,13.51,9.11,2.17,1.67,5.46,4.27,5.16,4.50,4.06,6.22,5.25,4.97,3.05,99.00,6.30,0.33,3.82,9.48,9.54,4.09,5.08,3.60,0.38,4.17,2.23,1.82,21.49,23.48,21.44,20.74,22.62,21.50,23.40,23.55,20.37,22.25,22.07,21.71,21.96,20.00,21.59,19.93,22.94,23.20,22.14,22.33,23.26,22.52,23.01,22.37,23.57,23.42,19.15,22.14,19.55,18.50,20.51,19.82,19.30,21.09,19.56,20.36,20.67,9.18,10.20,8.69,6.72,8.00,8.31,9.39,8.93,9.26,8.40,10.95,8.41,7.74,8.24,7.78,9.01,6.69,6.90,7.21,17.79,19.01,18.56,18.27],
  [22.41,15.73,12.75,1.97,11.26,25.26,9.64,9.81,5.07,5.07,9.33,7.15,5.24,7.73,13.77,13.24,15.22,16.99,16.89,15.10,16.32,14.00,14.26,15.78,15.24,12.97,17.58,16.77,6.28,6.08,10.61,10.16,8.41,7.86,6.94,6.81,12.30,13.68,10.12,7.48,12.66,2.95,4.31,4.89,2.77,3.12,4.78,1.86,4.49,1.68,4.03,3.23,3.42,6.30,99.00,6.39,4.62,3.19,3.46,2.56,1.68,2.71,6.21,2.16,4.45,4.50,24.73,26.57,24.29,23.42,25.69,24.09,26.54,26.66,23.61,24.98,24.97,24.69,24.95,22.68,24.57,23.32,25.90,26.31,25.05,25.52,26.15,25.70,26.21,25.40,26.72,26.44,22.76,24.97,20.90,19.30,22.15,20.86,20.94,22.83,21.20,21.88,22.19,10.20,10.86,13.20,11.01,11.89,12.77,11.66,12.04,13.06,12.59,11.81,10.12,11.84,12.07,12.13,12.58,9.04,11.50,11.88,21.43,21.93,21.00,21.92],
  [19.47,10.51,11.81,5.14,9.30,24.22,3.30,3.46,2.13,2.13,2.99,0.96,6.26,1.43,12.39,10.52,12.11,14.29,13.43,13.03,14.01,11.42,11.29,12.77,12.47,11.21,13.75,13.48,4.70,4.90,8.31,8.53,4.95,2.78,8.21,8.32,13.96,15.09,12.76,9.47,13.84,9.23,2.37,1.62,5.67,4.20,5.46,4.62,4.34,6.22,5.52,5.21,3.07,0.33,6.39,99.00,4.11,9.57,9.67,4.25,5.23,3.68,0.71,4.24,2.17,1.89,21.16,23.15,21.11,20.41,22.29,21.17,23.08,23.22,20.05,21.92,21.74,21.38,21.63,19.67,21.26,19.61,22.61,22.87,21.81,22.00,22.93,22.19,22.68,22.04,23.24,23.09,18.83,21.81,19.23,18.18,20.18,19.49,18.97,20.76,19.23,20.03,20.34,8.88,9.90,8.38,6.39,7.67,8.00,9.06,8.60,8.93,8.08,10.64,8.09,7.41,7.91,7.46,8.68,6.37,6.59,6.90,17.47,18.68,18.23,17.94],
  [23.28,14.62,14.77,4.82,6.92,27.42,6.50,6.69,4.63,4.63,6.79,5.07,7.79,5.46,15.55,14.13,15.88,17.97,17.32,16.47,17.56,15.01,15.00,16.52,16.14,14.49,17.73,17.32,1.69,1.56,6.15,5.88,3.81,3.90,4.20,4.27,10.06,11.28,8.67,5.40,10.07,6.67,2.15,3.75,2.33,4.84,1.35,3.03,0.26,5.58,1.54,1.70,3.52,3.82,4.62,4.11,99.00,7.26,6.93,2.21,2.94,3.16,3.49,3.47,3.88,3.09,25.13,27.09,24.99,24.24,26.23,24.98,27.03,27.17,24.00,25.77,25.64,25.29,25.54,23.50,25.17,23.59,26.52,26.81,25.71,25.96,26.83,26.15,26.64,25.97,27.20,27.01,22.85,25.69,22.62,21.36,23.70,22.78,22.47,24.31,22.73,23.50,23.81,11.87,12.79,12.47,10.42,11.64,12.08,12.58,12.38,12.91,12.12,13.66,11.34,11.42,11.87,11.52,12.59,9.77,10.67,10.99,21.49,22.56,21.98,21.97],
  [24.56,18.71,14.51,4.89,13.14,26.58,12.81,12.98,8.21,8.21,12.52,10.34,7.39,10.92,15.63,15.59,17.62,19.19,19.35,17.16,18.41,16.28,16.65,18.13,17.52,15.02,20.14,19.18,8.74,8.47,12.68,12.02,11.03,10.86,8.10,7.89,12.40,13.81,9.89,8.11,12.99,0.77,7.42,8.08,4.97,6.10,6.92,4.98,7.06,4.04,6.16,5.59,6.60,9.48,3.19,9.57,7.26,99.00,1.10,5.55,4.54,5.90,9.37,5.36,7.64,7.68,27.08,28.84,26.51,25.59,27.96,26.21,28.82,28.94,25.97,27.13,27.19,26.94,27.20,24.86,26.82,25.73,28.13,28.58,27.28,27.84,28.34,28.02,28.52,27.66,29.01,28.68,25.27,27.16,22.59,20.82,23.93,22.43,22.75,24.63,23.00,23.62,23.92,12.31,12.78,16.13,13.95,14.72,15.70,14.07,14.66,15.83,15.46,13.72,12.47,14.72,14.88,15.05,15.30,11.67,14.49,14.86,23.96,24.20,23.11,24.45],
  [25.41,19.18,15.43,5.35,12.41,27.59,12.83,13.01,8.52,8.52,12.65,10.50,8.17,11.07,16.53,16.36,18.38,20.02,20.09,18.02,19.27,17.07,17.41,18.91,18.32,15.88,20.85,19.94,8.29,8.00,12.02,11.31,10.62,10.69,7.26,7.03,11.34,12.75,8.82,7.16,11.95,0.58,7.41,8.27,4.60,6.55,6.40,5.05,6.71,4.66,5.68,5.23,6.83,9.54,3.46,9.67,6.93,1.10,99.00,5.49,4.47,6.07,9.39,5.56,7.87,7.80,27.87,29.66,27.34,26.43,28.78,27.07,29.63,29.75,26.75,27.98,28.02,27.76,28.02,25.70,27.64,26.50,28.96,29.40,28.11,28.64,29.18,28.82,29.32,28.47,29.82,29.51,26.00,28.00,23.54,21.80,24.87,23.40,23.68,25.56,23.93,24.56,24.86,13.14,13.66,16.64,14.45,15.29,16.21,14.82,15.33,16.43,16.01,14.61,13.23,15.26,15.46,15.56,15.93,12.33,14.96,15.33,24.68,25.01,23.97,25.17],
  [22.19,14.39,13.16,2.66,9.10,25.83,7.35,7.52,3.66,3.66,7.24,5.14,5.87,5.68,14.03,12.95,14.83,16.80,16.38,15.13,16.28,13.80,13.90,15.44,14.98,13.06,16.92,16.33,3.90,3.76,8.36,8.04,5.89,5.33,5.61,5.59,11.43,12.74,9.64,6.54,11.59,5.09,1.93,3.08,1.66,2.93,2.85,0.82,2.15,3.37,2.31,1.52,2.01,4.09,2.56,4.25,2.21,5.55,5.49,99.00,1.02,1.29,3.91,1.36,2.87,2.47,24.25,26.17,23.98,23.17,25.29,23.89,26.12,26.25,23.12,24.72,24.64,24.32,24.58,22.43,24.20,22.76,25.55,25.89,24.72,25.07,25.83,25.25,25.75,25.02,26.29,26.07,22.10,24.67,21.18,19.78,22.33,21.26,21.10,22.97,21.36,22.10,22.41,10.35,11.18,12.02,9.86,10.94,11.60,11.37,11.42,12.18,11.53,12.10,9.98,10.80,11.15,10.99,11.78,8.58,10.24,10.59,20.75,21.57,20.83,21.23],
  [22.64,15.19,13.36,2.47,9.64,25.99,8.36,8.53,4.40,4.40,8.22,6.09,5.91,6.64,14.29,13.41,15.33,17.23,16.92,15.48,16.66,14.23,14.39,15.92,15.43,13.38,17.52,16.85,4.60,4.40,8.97,8.55,6.73,6.33,5.65,5.57,11.30,12.65,9.34,6.40,11.55,4.08,2.94,3.94,1.36,3.15,3.19,0.79,2.81,2.87,2.49,1.64,2.67,5.08,1.68,5.23,2.94,4.54,4.47,1.02,99.00,1.86,4.92,1.57,3.65,3.40,24.80,26.69,24.47,23.64,25.81,24.34,26.65,26.78,23.67,25.19,25.14,24.83,25.09,22.90,24.71,23.34,26.06,26.42,25.22,25.61,26.32,25.79,26.30,25.53,26.83,26.58,22.71,25.16,21.45,19.97,22.64,21.49,21.42,23.29,21.68,22.40,22.71,10.63,11.40,12.77,10.59,11.61,12.35,11.82,11.98,12.84,12.25,12.34,10.37,11.50,11.82,11.72,12.41,9.07,11.01,11.37,21.36,22.07,21.26,21.85],
  [20.91,13.35,11.87,1.82,10.05,24.55,6.95,7.12,2.55,2.55,6.62,4.44,4.66,5.02,12.74,11.68,13.56,15.52,15.13,13.84,14.99,12.51,12.63,14.17,13.70,11.77,15.70,15.07,4.77,4.70,9.25,9.03,6.47,5.41,6.88,6.87,12.72,14.02,10.94,7.84,12.86,5.60,1.80,2.20,2.91,1.70,4.05,1.09,3.18,2.80,3.58,2.82,0.81,3.60,2.71,3.68,3.16,5.90,6.07,1.29,1.86,99.00,3.55,0.57,1.82,1.79,23.01,24.91,22.71,21.90,24.04,22.61,24.86,24.99,21.88,23.45,23.38,23.06,23.32,21.16,22.94,21.53,24.29,24.64,23.46,23.82,24.57,24.01,24.51,23.76,25.04,24.81,20.89,23.40,19.89,18.50,21.03,19.97,19.81,21.67,20.07,20.81,21.12,9.05,9.90,10.91,8.73,9.77,10.49,10.09,10.18,10.99,10.39,10.81,8.69,9.65,9.97,9.87,10.58,7.31,9.15,9.52,19.53,20.31,19.55,20.02],
  [20.18,11.14,12.46,5.17,8.63,24.91,3.44,3.62,2.53,2.53,3.39,1.60,6.66,1.97,13.06,11.23,12.82,15.00,14.14,13.72,14.71,12.13,12.00,13.48,13.18,11.89,14.45,14.19,3.99,4.20,7.64,7.84,4.30,2.27,7.54,7.66,13.27,14.39,12.10,8.81,13.14,8.98,1.98,1.80,5.22,4.36,4.83,4.39,3.73,6.24,4.94,4.71,3.06,0.38,6.21,0.71,3.49,9.37,9.39,3.91,4.92,3.55,99.00,4.12,2.34,1.80,21.86,23.85,21.81,21.12,22.99,21.87,23.78,23.92,20.75,22.62,22.45,22.08,22.33,20.38,21.97,20.31,23.32,23.57,22.52,22.70,23.64,22.89,23.38,22.75,23.94,23.79,19.52,22.52,19.93,18.86,20.89,20.18,19.68,21.47,19.93,20.74,21.04,9.53,10.54,9.06,7.09,8.38,8.68,9.76,9.31,9.63,8.77,11.30,8.77,8.11,8.61,8.15,9.38,7.05,7.27,7.58,18.16,19.39,18.94,18.63],
  [21.08,13.75,11.87,1.37,10.39,24.53,7.52,7.68,2.98,2.98,7.17,4.98,4.52,5.57,12.78,11.84,13.76,15.67,15.35,13.93,15.10,12.66,12.81,14.35,13.86,11.84,15.96,15.28,5.13,5.03,9.61,9.34,6.93,5.96,6.95,6.91,12.73,14.05,10.85,7.83,12.92,5.08,2.35,2.73,2.81,1.62,4.21,0.79,3.45,2.27,3.66,2.83,1.27,4.17,2.16,4.24,3.47,5.36,5.56,1.36,1.57,0.57,4.12,99.00,2.31,2.36,23.23,25.12,22.90,22.07,24.24,22.77,25.07,25.20,22.10,23.62,23.57,23.26,23.52,21.33,23.14,21.77,24.49,24.85,23.65,24.04,24.75,24.22,24.73,23.96,25.25,25.01,21.15,23.59,19.93,18.49,21.11,19.99,19.88,21.75,20.14,20.87,21.18,9.10,9.90,11.29,9.10,10.08,10.86,10.25,10.42,11.30,10.73,10.83,8.81,9.99,10.28,10.23,10.86,7.50,9.54,9.91,19.80,20.50,19.70,20.29],
  [19.49,11.55,10.93,3.00,10.31,23.56,5.45,5.60,0.80,0.80,4.94,2.75,4.43,3.34,11.68,10.29,12.09,14.14,13.60,12.60,13.69,11.16,11.19,12.73,12.31,10.61,14.09,13.57,5.15,5.21,9.40,9.39,6.24,4.56,8.02,8.05,13.90,15.14,12.33,9.12,13.94,7.38,1.76,0.56,4.52,2.04,5.10,2.90,4.02,4.07,4.85,4.24,1.04,2.23,4.45,2.17,3.88,7.64,7.87,2.87,3.65,1.82,2.34,2.31,99.00,0.86,21.46,23.39,21.24,20.46,22.52,21.19,23.34,23.47,20.33,22.00,21.90,21.56,21.82,19.71,21.44,19.95,22.79,23.12,21.97,22.28,23.08,22.47,22.97,22.25,23.51,23.30,19.27,21.93,18.74,17.49,19.82,18.90,18.60,20.44,18.85,19.62,19.93,8.01,8.95,9.15,6.99,8.08,8.74,8.73,8.64,9.33,8.67,9.80,7.46,7.93,8.30,8.12,8.95,5.91,7.38,7.73,17.91,18.82,18.16,18.40],
  [20.20,11.95,11.77,3.37,9.46,24.39,5.16,5.33,1.54,1.54,4.85,2.70,5.24,3.26,12.50,11.04,12.80,14.88,14.27,13.39,14.47,11.92,11.92,13.44,13.05,11.42,14.72,14.26,4.30,4.37,8.55,8.53,5.42,3.88,7.27,7.32,13.15,14.37,11.66,8.41,13.16,7.35,0.94,0.68,4.04,2.63,4.36,2.75,3.25,4.43,4.19,3.68,1.27,1.82,4.50,1.89,3.09,7.68,7.80,2.47,3.40,1.79,1.80,2.36,0.86,99.00,22.11,24.06,21.93,21.17,23.19,21.90,24.00,24.14,20.98,22.70,22.58,22.24,22.50,20.42,22.12,20.59,23.48,23.78,22.65,22.94,23.77,23.13,23.62,22.92,24.17,23.97,19.88,22.63,19.55,18.32,20.61,19.72,19.38,21.22,19.64,20.42,20.73,8.85,9.79,9.64,7.51,8.67,9.23,9.49,9.32,9.93,9.21,10.64,8.27,8.49,8.89,8.64,9.58,6.68,7.84,8.19,18.52,19.51,18.89,19.01],
  [3.22,11.71,13.12,22.77,29.77,10.29,20.53,20.41,20.66,20.66,19.42,20.28,19.70,20.09,11.90,11.51,9.51,7.95,7.88,10.13,8.88,10.80,10.47,8.96,9.56,12.18,7.41,7.96,25.85,26.06,28.75,29.27,25.50,23.08,29.32,29.40,35.13,36.25,33.77,30.51,35.00,27.29,23.03,21.43,25.91,21.73,26.45,24.01,25.32,23.25,26.29,25.70,22.24,21.49,24.73,21.16,25.13,27.08,27.87,24.25,24.80,23.01,21.86,23.23,21.46,22.11,99.00,2.03,1.61,2.48,1.28,2.66,1.93,2.08,1.13,2.20,1.49,1.10,1.11,2.86,1.11,1.61,1.79,1.75,1.46,0.85,2.22,1.03,1.52,1.20,2.08,2.06,2.67,1.80,7.56,9.55,6.38,8.51,6.67,5.97,6.59,6.82,6.79,14.79,14.47,12.96,14.78,13.50,13.28,13.07,12.83,12.24,13.11,13.58,14.64,13.75,13.27,13.75,12.54,15.74,14.67,14.41,3.87,2.96,4.55,3.48],
  [4.43,13.73,14.68,24.62,31.79,9.89,22.56,22.44,22.59,22.59,21.44,22.27,21.49,22.09,13.47,13.33,11.37,9.66,9.80,11.76,10.50,12.59,12.32,10.79,11.35,13.86,9.40,9.84,27.84,28.04,30.77,31.28,27.52,25.10,31.29,31.36,37.11,38.24,35.71,32.47,36.99,29.08,24.98,23.38,27.82,23.60,28.41,25.91,27.28,25.06,28.23,27.62,24.16,23.48,26.57,23.15,27.09,28.84,29.66,26.17,26.69,24.91,23.85,25.12,23.39,24.06,2.03,99.00,2.40,3.43,0.88,3.09,0.17,0.12,3.11,2.13,1.73,1.91,1.65,4.09,2.03,3.64,0.86,0.28,1.64,1.18,0.99,1.00,0.64,1.19,0.29,0.35,4.66,1.89,8.25,10.38,6.86,9.11,7.48,6.29,7.33,7.33,7.21,16.54,16.14,14.98,16.77,15.48,15.30,14.91,14.76,14.22,15.11,15.23,16.46,15.74,15.24,15.75,14.50,17.62,16.67,16.42,5.90,4.65,5.89,5.49],
  [2.02,12.16,12.28,22.35,29.92,8.70,20.73,20.62,20.44,20.44,19.56,20.26,19.17,20.11,11.07,11.07,9.15,7.32,7.68,9.39,8.12,10.29,10.09,8.55,9.06,11.50,7.46,7.67,25.80,25.99,28.89,29.36,25.60,23.17,29.18,29.25,35.03,36.19,33.57,30.34,34.95,26.76,22.86,21.25,25.63,21.36,26.29,23.69,25.17,22.76,26.08,25.45,21.97,21.44,24.29,21.11,24.99,26.51,27.34,23.98,24.47,22.71,21.81,22.90,21.24,21.93,1.61,2.40,99.00,1.05,1.58,1.05,2.42,2.51,1.76,0.91,0.69,0.61,0.81,1.69,0.53,2.47,1.63,2.18,0.77,1.76,1.85,1.87,2.29,1.25,2.63,2.19,3.61,0.71,6.09,8.14,4.82,7.01,5.24,4.38,5.12,5.27,5.22,14.21,13.78,13.11,14.77,13.45,13.40,12.66,12.61,12.21,13.15,12.85,14.18,13.74,13.21,13.80,12.43,15.41,14.74,14.50,4.48,2.43,3.49,4.22],
  [1.03,11.79,11.29,21.49,29.31,8.11,20.16,20.06,19.67,19.67,18.97,19.58,18.27,19.45,10.09,10.23,8.37,6.43,6.99,8.44,7.18,9.43,9.28,7.74,8.21,10.57,6.90,6.93,25.10,25.28,28.29,28.73,24.97,22.53,28.43,28.49,34.30,35.48,32.79,29.58,34.23,25.85,22.11,20.50,24.82,20.52,25.53,22.86,24.42,21.88,25.31,24.66,21.17,20.74,23.42,20.41,24.24,25.59,26.43,23.17,23.64,21.90,21.12,22.07,20.46,21.17,2.48,3.43,1.05,99.00,2.63,0.80,3.46,3.54,2.17,1.55,1.70,1.64,1.86,0.75,1.54,2.80,2.62,3.22,1.79,2.79,2.77,2.91,3.34,2.29,3.67,3.19,3.82,1.59,5.09,7.12,3.91,6.04,4.22,3.54,4.12,4.34,4.32,13.29,12.83,12.54,14.12,12.78,12.81,11.82,11.86,11.55,12.53,11.90,13.31,13.09,12.54,13.18,11.74,14.60,14.12,13.91,4.41,1.84,2.50,4.25],
  [3.60,12.96,13.82,23.74,30.97,9.64,21.74,21.62,21.72,21.72,20.61,21.42,20.61,21.24,12.61,12.45,10.49,8.78,8.92,10.89,9.63,11.71,11.44,9.91,10.46,12.98,8.55,8.96,26.99,27.19,29.94,30.45,26.68,24.26,30.42,30.49,36.25,37.38,34.84,31.60,36.13,28.20,24.12,22.51,26.95,22.72,27.54,25.03,26.42,24.18,27.36,26.75,23.28,22.62,25.69,22.29,26.23,27.96,28.78,25.29,25.81,24.04,22.99,24.24,22.52,23.19,1.28,0.88,1.58,2.63,99.00,2.41,0.86,0.97,2.29,1.55,0.97,1.04,0.79,3.25,1.16,2.87,0.55,0.62,0.88,0.57,0.98,0.50,0.73,0.34,1.06,0.81,3.94,1.21,7.58,9.68,6.25,8.48,6.77,5.73,6.64,6.71,6.62,15.66,15.27,14.14,15.92,14.62,14.46,14.03,13.88,13.36,14.26,14.36,15.58,14.89,14.38,14.90,13.64,16.74,15.83,15.58,5.13,3.77,5.05,4.75],
  [1.70,12.58,11.85,22.17,30.09,7.66,20.95,20.85,20.40,20.40,19.75,20.34,18.92,20.22,10.66,10.94,9.10,7.11,7.76,9.06,7.80,10.12,10.00,8.46,8.91,11.19,7.70,7.68,25.86,26.03,29.07,29.50,25.75,23.31,29.17,29.23,35.04,36.22,33.51,30.31,34.99,26.49,22.84,21.23,25.52,21.21,26.26,23.56,25.15,22.53,26.03,25.37,21.88,21.50,24.09,21.17,24.98,26.21,27.07,23.89,24.34,22.61,21.87,22.77,21.19,21.90,2.66,3.09,1.05,0.80,2.41,99.00,3.16,3.20,2.68,0.99,1.45,1.61,1.75,1.50,1.56,3.36,2.23,2.93,1.53,2.72,2.27,2.80,3.14,2.09,3.36,2.80,4.45,1.21,5.18,7.29,3.85,6.07,4.39,3.36,4.25,4.31,4.23,13.94,13.44,13.33,14.89,13.55,13.60,12.52,12.60,12.33,13.31,12.50,13.99,13.87,13.31,13.96,12.50,15.31,14.90,14.69,5.14,2.64,3.10,4.95],
  [4.45,13.62,14.68,24.58,31.70,10.04,22.46,22.34,22.54,22.54,21.35,22.20,21.46,22.01,13.47,13.30,11.33,9.64,9.74,11.75,10.49,12.56,12.28,10.75,11.32,13.85,9.33,9.79,27.77,27.97,30.68,31.20,27.43,25.01,31.22,31.30,37.04,38.17,35.65,32.41,36.91,29.05,24.92,23.32,27.77,23.56,28.34,25.86,27.22,25.03,28.18,27.57,24.10,23.40,26.54,23.08,27.03,28.82,29.63,26.12,26.65,24.86,23.78,25.07,23.34,24.00,1.93,0.17,2.42,3.46,0.86,3.16,99.00,0.15,3.03,2.21,1.77,1.90,1.64,4.10,2.02,3.54,0.94,0.24,1.68,1.08,1.13,0.90,0.48,1.19,0.20,0.49,4.54,1.95,8.33,10.45,6.95,9.19,7.55,6.39,7.40,7.41,7.30,16.52,16.13,14.89,16.70,15.41,15.21,14.87,14.70,14.15,15.03,15.22,16.43,15.67,15.17,15.67,14.43,17.58,16.59,16.33,5.80,4.62,5.91,5.38],
  [4.53,13.77,14.78,24.71,31.85,9.99,22.61,22.49,22.67,22.67,21.50,22.34,21.58,22.16,13.57,13.42,11.45,9.75,9.87,11.86,10.60,12.68,12.41,10.88,11.44,13.96,9.47,9.92,27.91,28.11,30.82,31.34,27.58,25.16,31.36,31.43,37.18,38.31,35.79,32.54,37.06,29.17,25.06,23.46,27.90,23.69,28.48,25.99,27.36,25.15,28.31,27.70,24.24,23.55,26.66,23.22,27.17,28.94,29.75,26.25,26.78,24.99,23.92,25.20,23.47,24.14,2.08,0.12,2.51,3.54,0.97,3.20,0.15,99.00,3.18,2.25,1.84,2.01,1.75,4.19,2.13,3.69,0.97,0.36,1.75,1.23,1.10,1.05,0.63,1.29,0.19,0.45,4.69,2.00,8.36,10.49,6.98,9.22,7.59,6.40,7.44,7.44,7.33,16.63,16.24,15.04,16.84,15.55,15.36,15.00,14.84,14.29,15.17,15.33,16.55,15.81,15.31,15.81,14.57,17.71,16.74,16.48,5.95,4.74,6.00,5.53],
  [2.58,10.69,12.08,21.64,28.68,10.28,19.45,19.34,19.53,19.53,18.33,19.17,18.59,18.98,10.86,10.39,8.39,6.88,6.75,9.08,7.83,9.69,9.35,7.84,8.45,11.10,6.29,6.84,24.74,24.94,27.66,28.17,24.40,21.98,28.19,28.28,34.01,35.14,32.64,29.39,33.88,26.17,21.90,20.31,24.78,20.60,25.32,22.88,24.20,22.13,25.16,24.57,21.11,20.37,23.61,20.05,24.00,25.97,26.75,23.12,23.67,21.88,20.75,22.10,20.33,20.98,1.13,3.11,1.76,2.17,2.29,2.68,3.03,3.18,99.00,2.63,2.07,1.60,1.79,2.25,1.53,0.71,2.70,2.83,2.09,1.96,3.10,2.14,2.64,2.09,3.19,3.09,1.85,2.30,7.02,8.88,5.98,8.00,6.08,5.68,6.03,6.39,6.41,13.69,13.39,11.87,13.66,12.38,12.18,11.95,11.70,11.12,12.00,12.50,13.52,12.64,12.14,12.64,11.41,14.61,13.56,13.30,2.88,1.97,3.71,2.54],
  [2.57,13.06,12.81,23.04,30.77,8.16,21.59,21.48,21.21,21.21,20.41,21.07,19.83,20.94,11.61,11.78,9.90,7.99,8.48,9.98,8.72,10.98,10.82,9.28,9.76,12.11,8.32,8.45,26.61,26.80,29.75,30.20,26.44,24.01,29.96,30.02,35.82,36.99,34.33,31.11,35.75,27.40,23.64,22.03,26.36,22.07,27.06,24.41,25.95,23.43,26.84,26.20,22.71,22.25,24.98,21.92,25.77,27.13,27.98,24.72,25.19,23.45,22.62,23.62,22.00,22.70,2.20,2.13,0.91,1.55,1.55,0.99,2.21,2.25,2.63,99.00,0.72,1.12,1.10,2.30,1.15,3.34,1.28,2.00,0.77,1.99,1.29,2.01,2.27,1.28,2.41,1.83,4.48,0.41,6.12,8.25,4.74,6.98,5.36,4.19,5.20,5.20,5.09,14.84,14.37,13.97,15.60,14.27,14.25,13.37,13.38,13.03,13.99,13.44,14.86,14.57,14.03,14.64,13.24,16.14,15.58,15.36,5.40,3.25,4.02,5.12],
  [2.70,12.68,12.97,23.03,30.52,8.87,21.31,21.20,21.10,21.10,20.16,20.89,19.86,20.73,11.76,11.75,9.82,8.01,8.32,10.08,8.81,10.97,10.76,9.22,9.74,12.19,8.06,8.32,26.44,26.63,29.50,29.98,26.21,23.78,29.83,29.90,35.68,36.83,34.23,31.00,35.59,27.44,23.51,21.91,26.29,22.04,26.94,24.36,25.82,23.45,26.74,26.11,22.63,22.07,24.97,21.74,25.64,27.19,28.02,24.64,25.14,23.38,22.45,23.57,21.90,22.58,1.49,1.73,0.69,1.70,0.97,1.45,1.77,1.84,2.07,0.72,99.00,0.47,0.38,2.37,0.54,2.76,0.94,1.53,0.09,1.30,1.19,1.36,1.70,0.64,1.97,1.51,3.90,0.31,6.62,8.71,5.29,7.51,5.81,4.79,5.67,5.75,5.67,14.89,14.47,13.70,15.40,14.08,14.00,13.33,13.26,12.83,13.76,13.54,14.86,14.37,13.84,14.41,13.07,16.08,15.35,15.11,4.91,3.08,4.17,4.60],
  [2.57,12.24,12.78,22.74,30.12,9.19,20.91,20.80,20.76,20.76,19.76,20.52,19.59,20.35,11.56,11.45,9.50,7.75,7.97,9.85,8.59,10.69,10.45,8.91,9.45,11.95,7.67,7.99,26.07,26.27,29.10,29.58,25.82,23.39,29.48,29.55,35.32,36.47,33.89,30.65,35.22,27.18,23.17,21.56,25.97,21.73,26.59,24.05,25.47,23.17,26.41,25.78,22.31,21.71,24.69,21.38,25.29,26.94,27.76,24.32,24.83,23.06,22.08,23.26,21.56,22.24,1.10,1.91,0.61,1.64,1.04,1.61,1.90,2.01,1.60,1.12,0.47,99.00,0.26,2.22,0.12,2.29,1.24,1.66,0.49,1.16,1.57,1.27,1.71,0.72,2.10,1.75,3.43,0.73,6.69,8.75,5.43,7.61,5.84,4.96,5.73,5.88,5.82,14.63,14.24,13.30,15.02,13.71,13.60,13.03,12.92,12.46,13.38,13.32,14.57,13.99,13.47,14.02,12.71,15.76,14.96,14.71,4.46,2.76,4.01,4.14],
  [2.81,12.45,13.03,23.00,30.36,9.24,21.15,21.03,21.02,21.02,20.00,20.77,19.85,20.60,11.82,11.71,9.77,8.01,8.23,10.12,8.85,10.96,10.71,9.18,9.72,12.21,7.91,8.25,26.33,26.52,29.34,29.83,26.06,23.63,29.74,29.81,35.57,36.72,34.15,30.91,35.47,27.44,23.43,21.82,26.23,21.99,26.85,24.31,25.73,23.43,26.67,26.04,22.57,21.96,24.95,21.63,25.54,27.20,28.02,24.58,25.09,23.32,22.33,23.52,21.82,22.50,1.11,1.65,0.81,1.86,0.79,1.75,1.64,1.75,1.79,1.10,0.38,0.26,99.00,2.46,0.38,2.46,0.98,1.40,0.35,0.98,1.33,1.07,1.48,0.46,1.85,1.49,3.59,0.69,6.88,8.95,5.59,7.79,6.04,5.10,5.92,6.04,5.97,14.90,14.50,13.54,15.27,13.96,13.84,13.30,13.18,12.71,13.63,13.58,14.83,14.24,13.72,14.27,12.96,16.02,15.20,14.96,4.66,3.02,4.27,4.32],
  [0.36,11.16,10.60,20.75,28.59,8.27,19.45,19.35,18.92,18.92,18.25,18.84,17.54,18.72,9.39,9.49,7.62,5.69,6.26,7.72,6.46,8.68,8.53,6.99,7.46,9.84,6.22,6.19,24.36,24.54,27.57,28.00,24.24,21.81,27.69,27.75,33.55,34.73,32.04,28.83,33.49,25.12,21.36,19.75,24.07,19.77,24.79,22.12,23.67,21.14,24.56,23.91,20.42,20.00,22.68,19.67,23.50,24.86,25.70,22.43,22.90,21.16,20.38,21.33,19.71,20.42,2.86,4.09,1.69,0.75,3.25,1.50,4.10,4.19,2.25,2.30,2.37,2.22,2.46,99.00,2.10,2.75,3.31,3.86,2.46,3.32,3.49,3.46,3.93,2.92,4.31,3.88,3.63,2.31,4.77,6.70,3.75,5.75,3.85,3.51,3.79,4.15,4.18,12.56,12.11,11.84,13.39,12.05,12.10,11.08,11.11,10.83,11.81,11.18,12.57,12.37,11.81,12.46,11.01,13.85,13.40,13.20,3.99,1.23,1.81,3.91],
  [2.46,12.14,12.66,22.62,30.01,9.17,20.80,20.69,20.65,20.65,19.65,20.40,19.47,20.24,11.45,11.33,9.38,7.63,7.85,9.73,8.47,10.57,10.33,8.79,9.33,11.83,7.56,7.87,25.96,26.15,28.99,29.47,25.71,23.28,29.37,29.44,35.20,36.35,33.77,30.54,35.11,27.06,23.05,21.45,25.85,21.61,26.48,23.93,25.36,23.05,26.29,25.67,22.19,21.59,24.57,21.26,25.17,26.82,27.64,24.20,24.71,22.94,21.97,23.14,21.44,22.12,1.11,2.03,0.53,1.54,1.16,1.56,2.02,2.13,1.53,1.15,0.54,0.12,0.38,2.10,99.00,2.23,1.35,1.78,0.58,1.25,1.68,1.37,1.82,0.84,2.22,1.87,3.37,0.78,6.61,8.65,5.35,7.53,5.75,4.90,5.64,5.80,5.75,14.51,14.12,13.19,14.91,13.59,13.49,12.91,12.81,12.34,13.27,13.20,14.45,13.88,13.36,13.91,12.59,15.64,14.84,14.60,4.37,2.64,3.90,4.06],
  [3.04,10.10,12.02,21.35,28.17,10.91,18.93,18.81,19.15,19.15,17.82,18.72,18.35,18.52,10.81,10.14,8.12,6.77,6.43,9.00,7.78,9.49,9.09,7.61,8.25,10.96,5.87,6.56,24.29,24.50,27.14,27.67,23.91,21.49,27.78,27.86,33.57,34.69,32.24,28.98,33.43,25.92,21.51,19.91,24.42,20.29,24.92,22.55,23.79,21.86,24.78,24.20,20.76,19.93,23.32,19.61,23.59,25.73,26.50,22.76,23.34,21.53,20.31,21.77,19.95,20.59,1.61,3.64,2.47,2.80,2.87,3.36,3.54,3.69,0.71,3.34,2.76,2.29,2.46,2.75,2.23,99.00,3.33,3.36,2.77,2.46,3.74,2.64,3.10,2.72,3.68,3.67,1.14,3.00,7.44,9.22,6.50,8.43,6.49,6.25,6.46,6.89,6.93,13.50,13.25,11.37,13.22,11.95,11.70,11.68,11.35,10.69,11.54,12.38,13.27,12.19,11.72,12.17,11.01,14.29,13.09,12.82,2.26,2.15,3.97,1.88],
  [3.63,13.40,13.90,23.95,31.34,9.20,22.12,22.01,22.00,22.00,20.98,21.75,20.79,21.58,12.69,12.67,10.73,8.94,9.21,11.01,9.75,11.90,11.67,10.14,10.67,13.13,8.89,9.22,27.31,27.50,30.31,30.81,27.04,24.61,30.72,30.79,36.55,37.70,35.12,31.89,36.45,28.38,24.40,22.80,27.20,22.95,27.83,25.27,26.71,24.38,27.64,27.02,23.54,22.94,25.90,22.61,26.52,28.13,28.96,25.55,26.06,24.29,23.32,24.49,22.79,23.48,1.79,0.86,1.63,2.62,0.55,2.23,0.94,0.97,2.70,1.28,0.94,1.24,0.98,3.31,1.35,3.33,99.00,0.73,0.85,1.12,0.43,1.04,1.09,0.61,1.13,0.58,4.43,1.04,7.39,9.52,6.01,8.25,6.62,5.45,6.47,6.47,6.36,15.83,15.40,14.51,16.25,14.94,14.82,14.25,14.16,13.69,14.61,14.48,15.78,15.22,14.70,15.25,13.94,16.99,16.18,15.94,5.57,3.99,5.10,5.21],
  [4.20,13.45,14.44,24.35,31.51,9.89,22.27,22.16,22.32,22.32,21.16,21.99,21.23,21.81,13.22,13.07,11.10,9.40,9.52,11.51,10.25,12.32,12.05,10.52,11.08,13.61,9.12,9.57,27.56,27.76,30.49,31.00,27.24,24.81,31.01,31.08,36.83,37.96,35.44,32.19,36.71,28.82,24.71,23.10,27.55,23.33,28.13,25.63,27.01,24.80,27.96,27.35,23.88,23.20,26.31,22.87,26.81,28.58,29.40,25.89,26.42,24.64,23.57,24.85,23.12,23.78,1.75,0.28,2.18,3.22,0.62,2.93,0.24,0.36,2.83,2.00,1.53,1.66,1.40,3.86,1.78,3.36,0.73,99.00,1.43,0.91,0.99,0.73,0.44,0.94,0.45,0.43,4.38,1.71,8.10,10.22,6.73,8.97,7.31,6.18,7.17,7.20,7.09,16.28,15.89,14.69,16.49,15.20,15.02,14.64,14.48,13.94,14.83,14.98,16.19,15.46,14.96,15.47,14.22,17.35,16.39,16.14,5.62,4.39,5.66,5.22],
  [2.79,12.72,13.05,23.11,30.58,8.93,21.37,21.26,21.17,21.17,20.22,20.95,19.94,20.80,11.85,11.83,9.90,8.09,8.39,10.16,8.90,11.05,10.83,9.29,9.82,12.27,8.12,8.40,26.51,26.70,29.55,30.04,26.27,23.84,29.90,29.97,35.74,36.90,34.30,31.07,35.65,27.53,23.59,21.98,26.37,22.11,27.01,24.43,25.89,23.53,26.82,26.19,22.71,22.14,25.05,21.81,25.71,27.28,28.11,24.72,25.22,23.46,22.52,23.65,21.97,22.65,1.46,1.64,0.77,1.79,0.88,1.53,1.68,1.75,2.09,0.77,0.09,0.49,0.35,2.46,0.58,2.77,0.85,1.43,99.00,1.23,1.12,1.28,1.61,0.56,1.88,1.42,3.91,0.37,6.71,8.80,5.38,7.60,5.90,4.87,5.76,5.84,5.76,14.97,14.55,13.76,15.46,14.14,14.05,13.41,13.33,12.90,13.83,13.63,14.94,14.43,13.90,14.47,13.14,16.15,15.41,15.17,4.94,3.15,4.26,4.62],
  [3.68,12.55,13.79,23.56,30.62,10.13,21.38,21.26,21.48,21.48,20.27,21.12,20.47,20.94,12.57,12.29,10.30,8.68,8.69,10.83,9.57,11.57,11.26,9.74,10.32,12.90,8.25,8.76,26.69,26.90,29.59,30.11,26.35,23.93,30.15,30.23,35.97,37.09,34.59,31.34,35.84,28.06,23.86,22.26,26.72,22.53,27.28,24.82,26.16,24.03,27.12,26.52,23.06,22.33,25.52,22.00,25.96,27.84,28.64,25.07,25.61,23.82,22.70,24.04,22.28,22.94,0.85,1.18,1.76,2.79,0.57,2.72,1.08,1.23,1.96,1.99,1.30,1.16,0.98,3.32,1.25,2.46,1.12,0.91,1.23,99.00,1.55,0.19,0.69,0.71,1.24,1.25,3.48,1.60,7.85,9.90,6.56,8.76,7.00,6.08,6.89,7.02,6.95,15.54,15.19,13.81,15.62,14.34,14.13,13.86,13.65,13.08,13.95,14.29,15.42,14.59,14.10,14.59,13.37,16.54,15.51,15.25,4.72,3.65,5.10,4.31],
  [3.80,13.79,14.06,24.20,31.69,8.91,22.48,22.37,22.29,22.29,21.33,22.07,21.02,21.92,12.86,12.92,11.01,9.17,9.51,11.21,9.94,12.14,11.94,10.40,10.91,13.33,9.23,9.51,27.63,27.82,30.67,31.15,27.38,24.95,31.02,31.09,36.86,38.02,35.41,32.19,36.77,28.60,24.70,23.10,27.48,23.21,28.13,25.54,27.01,24.61,27.93,27.30,23.82,23.26,26.15,22.93,26.83,28.34,29.18,25.83,26.32,24.57,23.64,24.75,23.08,23.77,2.22,0.99,1.85,2.77,0.98,2.27,1.13,1.10,3.10,1.29,1.19,1.57,1.33,3.49,1.68,3.74,0.43,0.99,1.12,1.55,99.00,1.45,1.41,1.03,1.28,0.65,4.85,1.18,7.35,9.50,5.94,8.18,6.62,5.34,6.46,6.40,6.27,16.04,15.60,14.87,16.58,15.26,15.17,14.51,14.45,14.02,14.94,14.67,16.03,15.55,15.03,15.59,14.26,17.26,16.52,16.28,5.98,4.27,5.27,5.62],
  [3.82,12.73,13.95,23.74,30.80,10.13,21.56,21.45,21.67,21.67,20.45,21.31,20.65,21.12,12.74,12.47,10.48,8.85,8.88,11.00,9.74,11.74,11.44,9.92,10.50,13.07,8.44,8.94,26.88,27.09,29.78,30.30,26.53,24.11,30.34,30.42,36.15,37.28,34.78,31.53,36.02,28.24,24.05,22.45,26.91,22.72,27.47,25.01,26.34,24.21,27.30,26.70,23.24,22.52,25.70,22.19,26.15,28.02,28.82,25.25,25.79,24.01,22.89,24.22,22.47,23.13,1.03,1.00,1.87,2.91,0.50,2.80,0.90,1.05,2.14,2.01,1.36,1.27,1.07,3.46,1.37,2.64,1.04,0.73,1.28,0.19,1.45,99.00,0.50,0.73,1.05,1.10,3.65,1.64,7.94,10.01,6.64,8.85,7.11,6.14,6.99,7.10,7.03,15.72,15.36,13.99,15.81,14.52,14.32,14.04,13.84,13.26,14.14,14.46,15.60,14.78,14.29,14.78,13.55,16.73,15.70,15.44,4.90,3.83,5.25,4.49],
  [4.28,13.17,14.45,24.25,31.27,10.28,22.03,21.91,22.16,22.16,20.92,21.80,21.15,21.61,13.23,12.97,10.99,9.35,9.38,11.50,10.24,12.25,11.95,10.43,11.00,13.57,8.93,9.45,27.37,27.58,30.25,30.77,27.01,24.59,30.83,30.91,36.64,37.77,35.28,32.03,36.51,28.74,24.54,22.94,27.41,23.22,27.96,25.51,26.84,24.71,27.80,27.20,23.74,23.01,26.21,22.68,26.64,28.52,29.32,25.75,26.30,24.51,23.38,24.73,22.97,23.62,1.52,0.64,2.29,3.34,0.73,3.14,0.48,0.63,2.64,2.27,1.70,1.71,1.48,3.93,1.82,3.10,1.09,0.44,1.61,0.69,1.41,0.50,99.00,1.06,0.58,0.87,4.08,1.94,8.32,10.41,6.98,9.21,7.50,6.45,7.37,7.44,7.35,16.22,15.86,14.47,16.29,15.01,14.80,14.54,14.34,13.75,14.62,14.96,16.11,15.27,14.78,15.26,14.05,17.23,16.18,15.92,5.35,4.33,5.72,4.93],
  [3.26,12.79,13.49,23.45,30.75,9.42,21.52,21.41,21.45,21.45,20.39,21.18,20.31,21.01,12.28,12.16,10.21,8.47,8.65,10.57,9.31,11.41,11.15,9.62,10.17,12.67,8.31,8.69,26.74,26.94,29.72,30.22,26.45,24.03,30.16,30.23,35.99,37.14,34.58,31.34,35.88,27.89,23.85,22.25,26.67,22.44,27.28,24.75,26.15,23.88,27.09,26.48,23.00,22.37,25.40,22.04,25.97,27.66,28.47,25.02,25.53,23.76,22.75,23.96,22.25,22.92,1.20,1.19,1.25,2.29,0.34,2.09,1.19,1.29,2.09,1.28,0.64,0.72,0.46,2.92,0.84,2.72,0.61,0.94,0.56,0.71,1.03,0.73,1.06,99.00,1.39,1.05,3.83,0.91,7.26,9.35,5.94,8.16,6.44,5.43,6.31,6.40,6.31,15.35,14.96,13.92,15.68,14.37,14.23,13.74,13.61,13.12,14.03,14.04,15.28,14.65,14.13,14.67,13.38,16.46,15.60,15.35,4.96,3.47,4.72,4.60],
  [4.65,13.75,14.88,24.77,31.85,10.18,22.61,22.49,22.71,22.71,21.50,22.36,21.65,22.17,13.67,13.48,11.51,9.83,9.91,11.95,10.69,12.75,12.46,10.94,11.50,14.04,9.49,9.97,27.93,28.14,30.82,31.35,27.58,25.16,31.39,31.47,37.20,38.33,35.83,32.58,37.07,29.24,25.09,23.49,27.95,23.74,28.51,26.04,27.39,25.22,28.35,27.74,24.28,23.57,26.72,23.24,27.20,29.01,29.82,26.29,26.83,25.04,23.94,25.25,23.51,24.17,2.08,0.29,2.63,3.67,1.06,3.36,0.20,0.19,3.19,2.41,1.97,2.10,1.85,4.31,2.22,3.68,1.13,0.45,1.88,1.24,1.28,1.05,0.58,1.39,99.00,0.64,4.66,2.15,8.52,10.65,7.14,9.39,7.75,6.58,7.60,7.61,7.49,16.71,16.33,15.04,16.86,15.57,15.36,15.06,14.88,14.31,15.19,15.42,16.61,15.83,15.34,15.82,14.60,17.76,16.75,16.49,5.93,4.81,6.11,5.51],
  [4.21,13.76,14.47,24.49,31.77,9.55,22.54,22.43,22.50,22.50,21.41,22.22,21.34,22.05,13.27,13.20,11.25,9.49,9.71,11.58,10.31,12.44,12.20,10.66,11.21,13.69,9.35,9.74,27.78,27.98,30.75,31.25,27.49,25.06,31.21,31.28,37.04,38.18,35.63,32.39,36.93,28.93,24.90,23.30,27.72,23.48,28.33,25.79,27.20,24.92,28.14,27.53,24.05,23.42,26.44,23.09,27.01,28.68,29.51,26.07,26.58,24.81,23.79,25.01,23.30,23.97,2.06,0.35,2.19,3.19,0.81,2.80,0.49,0.45,3.09,1.83,1.51,1.75,1.49,3.88,1.87,3.67,0.58,0.43,1.42,1.25,0.65,1.10,0.87,1.05,0.64,99.00,4.72,1.62,7.94,10.08,6.54,8.79,7.18,5.96,7.03,7.01,6.89,16.38,15.97,14.95,16.72,15.42,15.26,14.79,14.66,14.16,15.06,15.04,16.32,15.69,15.18,15.70,14.43,17.51,16.63,16.38,5.93,4.51,5.68,5.54],
  [3.86,9.10,11.88,20.79,27.26,11.89,18.02,17.89,18.47,18.47,16.94,17.92,17.88,17.70,10.68,9.70,7.67,6.62,5.92,8.85,7.68,9.12,8.64,7.23,7.92,10.70,5.19,6.12,23.49,23.71,26.24,26.79,23.03,20.63,27.02,27.12,32.79,33.88,31.52,28.25,32.62,25.42,20.78,19.20,23.76,19.70,24.18,21.92,23.06,21.35,24.07,23.51,20.10,19.15,22.76,18.83,22.85,25.27,26.00,22.10,22.71,20.89,19.52,21.15,19.27,19.88,2.67,4.66,3.61,3.82,3.94,4.45,4.54,4.69,1.85,4.48,3.90,3.43,3.59,3.63,3.37,1.14,4.43,4.38,3.91,3.48,4.85,3.65,4.08,3.83,4.66,4.72,99.00,4.15,8.10,9.73,7.30,9.10,7.14,7.13,7.15,7.66,7.74,13.12,12.96,10.52,12.44,11.21,10.86,11.20,10.74,9.95,10.75,12.13,12.81,11.43,10.99,11.37,10.32,13.72,12.27,11.98,1.36,2.72,4.50,0.89],
  [2.62,12.84,12.89,23.03,30.62,8.56,21.43,21.32,21.14,21.14,20.26,20.96,19.84,20.82,11.68,11.75,9.85,7.99,8.38,10.02,8.76,10.97,10.77,9.23,9.74,12.15,8.16,8.37,26.51,26.70,29.60,30.07,26.30,23.87,29.88,29.95,35.73,36.90,34.26,31.04,35.65,27.42,23.56,21.95,26.32,22.04,26.99,24.38,25.87,23.43,26.78,26.15,22.66,22.14,24.97,21.81,25.69,27.16,28.00,24.67,25.16,23.40,22.52,23.59,21.93,22.63,1.80,1.89,0.71,1.59,1.21,1.21,1.95,2.00,2.30,0.41,0.31,0.73,0.69,2.31,0.78,3.00,1.04,1.71,0.37,1.60,1.18,1.64,1.94,0.91,2.15,1.62,4.15,99.00,6.39,8.50,5.04,7.27,5.60,4.52,5.46,5.51,5.41,14.86,14.42,13.81,15.48,14.15,14.10,13.34,13.31,12.91,13.86,13.49,14.85,14.45,13.91,14.50,13.13,16.10,15.44,15.21,5.11,3.13,4.09,4.82],
  [4.44,12.99,8.16,19.09,28.50,5.23,19.81,19.76,18.01,18.01,18.51,18.54,15.66,18.58,7.16,8.76,7.64,5.41,7.28,6.20,5.31,7.86,8.20,7.00,7.01,8.14,8.00,6.93,23.76,23.88,27.49,27.76,24.10,21.72,26.72,26.73,32.59,33.87,30.78,27.72,32.68,22.98,20.49,18.91,22.74,18.31,23.81,20.72,22.76,19.25,23.45,22.70,19.25,19.55,20.90,19.23,22.62,22.59,23.54,21.18,21.45,19.89,19.93,19.93,18.74,19.55,7.56,8.25,6.09,5.09,7.58,5.18,8.33,8.36,7.02,6.12,6.62,6.69,6.88,4.77,6.61,7.44,7.39,8.10,6.71,7.85,7.35,7.94,8.32,7.26,8.52,7.94,8.10,6.39,99.00,2.18,1.50,1.00,0.96,2.21,0.98,1.08,1.35,10.83,10.06,12.69,13.57,12.24,12.80,10.17,10.85,11.25,12.33,9.12,11.28,12.65,12.01,12.93,11.16,12.91,13.82,13.73,7.93,5.38,3.64,8.06],
  [6.34,13.15,6.62,17.56,27.49,6.07,19.10,19.07,16.79,16.79,17.78,17.58,14.10,17.67,5.82,8.02,7.39,5.44,7.55,5.39,4.90,7.17,7.71,6.84,6.62,6.98,8.50,7.12,22.59,22.68,26.50,26.69,23.12,20.78,25.37,25.36,31.21,32.52,29.31,26.32,31.35,21.24,19.25,17.71,21.29,16.87,22.49,19.26,21.47,17.64,22.08,21.30,17.91,18.50,19.30,18.18,21.36,20.82,21.80,19.78,19.97,18.50,18.86,18.49,17.49,18.32,9.55,10.38,8.14,7.12,9.68,7.29,10.45,10.49,8.88,8.25,8.71,8.75,8.95,6.70,8.65,9.22,9.52,10.22,8.80,9.90,9.50,10.01,10.41,9.35,10.65,10.08,9.73,8.50,2.18,99.00,3.67,1.64,2.91,4.36,3.05,3.23,3.46,9.48,8.60,12.41,12.95,11.68,12.45,9.23,10.17,10.86,11.92,7.70,10.10,12.12,11.47,12.47,10.66,11.81,13.30,13.27,9.31,7.08,5.26,9.53],
  [3.46,13.26,9.45,20.31,29.41,4.97,20.57,20.50,19.07,19.07,19.29,19.46,16.91,19.46,8.39,9.66,8.31,6.03,7.63,7.22,6.18,8.76,8.98,7.64,7.78,9.27,8.16,7.35,24.78,24.91,28.39,28.70,25.01,22.60,27.82,27.84,33.71,34.96,31.96,28.86,33.76,24.30,21.55,19.96,23.91,19.49,24.91,21.89,23.84,20.52,24.57,23.85,20.37,20.51,22.15,20.18,23.70,23.93,24.87,22.33,22.64,21.03,20.89,21.11,19.82,20.61,6.38,6.86,4.82,3.91,6.25,3.85,6.95,6.98,5.98,4.74,5.29,5.43,5.59,3.75,5.35,6.50,6.01,6.73,5.38,6.56,5.94,6.64,6.98,5.94,7.14,6.54,7.30,5.04,1.50,3.67,99.00,2.25,1.23,0.72,0.97,0.46,0.43,12.01,11.30,13.24,14.32,12.97,13.40,11.15,11.68,11.90,12.98,10.34,12.37,13.37,12.73,13.60,11.89,13.93,14.51,14.39,7.36,4.61,3.15,7.41],
  [5.42,13.72,8.13,19.10,28.79,4.75,20.23,20.18,18.19,18.19,18.92,18.85,15.64,18.91,7.24,9.13,8.20,6.03,8.01,6.51,5.77,8.24,8.67,7.58,7.50,8.31,8.80,7.63,23.97,24.07,27.79,28.02,24.40,22.04,26.83,26.83,32.69,33.98,30.82,27.80,32.81,22.84,20.66,19.10,22.79,18.37,23.94,20.77,22.90,19.20,23.55,22.78,19.36,19.82,20.86,19.49,22.78,22.43,23.40,21.26,21.49,19.97,20.18,19.99,18.90,19.72,8.51,9.11,7.01,6.04,8.48,6.07,9.19,9.22,8.00,6.98,7.51,7.61,7.79,5.75,7.53,8.43,8.25,8.97,7.60,8.76,8.18,8.85,9.21,8.16,9.39,8.79,9.10,7.27,1.00,1.64,2.25,99.00,1.95,2.89,1.97,1.78,1.94,10.92,10.09,13.26,14.01,12.70,13.35,10.46,11.26,11.78,12.86,9.17,11.46,13.13,12.48,13.44,11.64,13.14,14.30,14.24,8.91,6.38,4.63,9.05],
  [3.51,12.30,8.25,19.10,28.21,5.85,19.41,19.34,17.85,17.85,18.12,18.26,15.70,18.26,7.17,8.46,7.16,4.89,6.61,6.00,4.97,7.55,7.80,6.50,6.60,8.04,7.24,6.29,23.56,23.69,27.19,27.49,23.81,21.41,26.60,26.62,32.48,33.74,30.73,27.63,32.54,23.11,20.33,18.74,22.68,18.27,23.68,20.67,22.62,19.31,23.35,22.62,19.15,19.30,20.94,18.97,22.47,22.75,23.68,21.10,21.42,19.81,19.68,19.88,18.60,19.38,6.67,7.48,5.24,4.22,6.77,4.39,7.55,7.59,6.08,5.36,5.81,5.84,6.04,3.85,5.75,6.49,6.62,7.31,5.90,7.00,6.62,7.11,7.50,6.44,7.75,7.18,7.14,5.60,0.96,2.91,1.23,1.95,99.00,1.89,0.26,1.08,1.38,10.79,10.08,12.15,13.16,11.81,12.29,9.93,10.49,10.77,11.85,9.13,11.14,12.21,11.57,12.46,10.73,12.71,13.37,13.26,6.98,4.42,2.69,7.11],
  [3.27,13.57,10.13,20.98,29.96,4.86,21.07,21.00,19.68,19.68,19.79,20.02,17.58,20.01,9.06,10.24,8.80,6.53,8.02,7.84,6.76,9.34,9.51,8.13,8.32,9.91,8.45,7.76,25.37,25.51,28.94,29.26,25.56,23.15,28.45,28.47,34.33,35.58,32.60,29.49,34.38,24.99,22.16,20.57,24.55,20.15,25.53,22.54,24.46,21.20,25.21,24.49,21.00,21.09,22.83,20.76,24.31,24.63,25.56,22.97,23.29,21.67,21.47,21.75,20.44,21.22,5.97,6.29,4.38,3.54,5.73,3.36,6.39,6.40,5.68,4.19,4.79,4.96,5.10,3.51,4.90,6.25,5.45,6.18,4.87,6.08,5.34,6.14,6.45,5.43,6.58,5.96,7.13,4.52,2.21,4.36,0.72,2.89,1.89,99.00,1.63,1.14,0.94,12.67,11.97,13.68,14.83,13.47,13.85,11.74,12.22,12.38,13.44,11.02,13.00,13.86,13.23,14.07,12.39,14.54,15.00,14.86,7.33,4.52,3.29,7.33],
  [3.45,12.49,8.50,19.35,28.46,5.66,19.65,19.58,18.11,18.11,18.36,18.51,15.95,18.51,7.43,8.71,7.40,5.12,6.82,6.26,5.22,7.81,8.04,6.73,6.84,8.30,7.42,6.51,23.81,23.95,27.44,27.75,24.06,21.65,26.86,26.88,32.74,34.00,30.99,27.89,32.79,23.36,20.59,19.00,22.94,18.53,23.94,20.93,22.87,19.56,23.61,22.88,19.40,19.56,21.20,19.23,22.73,23.00,23.93,21.36,21.68,20.07,19.93,20.14,18.85,19.64,6.59,7.33,5.12,4.12,6.64,4.25,7.40,7.44,6.03,5.20,5.67,5.73,5.92,3.79,5.64,6.46,6.47,7.17,5.76,6.89,6.46,6.99,7.37,6.31,7.60,7.03,7.15,5.46,0.98,3.05,0.97,1.97,0.26,1.63,99.00,0.86,1.14,11.05,10.34,12.37,13.40,12.05,12.52,10.19,10.74,11.00,12.08,9.39,11.40,12.45,11.81,12.70,10.97,12.97,13.60,13.49,7.03,4.43,2.74,7.15],
  [3.84,13.33,9.15,20.06,29.28,4.83,20.49,20.43,18.88,18.88,19.20,19.33,16.64,19.34,8.12,9.52,8.25,5.97,7.67,7.03,6.04,8.62,8.88,7.58,7.68,9.04,8.25,7.36,24.61,24.73,28.26,28.56,24.88,22.48,27.62,27.63,33.50,34.76,31.72,28.64,33.56,24.00,21.36,19.78,23.67,19.26,24.70,21.66,23.64,20.24,24.36,23.62,20.16,20.36,21.88,20.03,23.50,23.62,24.56,22.10,22.40,20.81,20.74,20.87,19.62,20.42,6.82,7.33,5.27,4.34,6.71,4.31,7.41,7.44,6.39,5.20,5.75,5.88,6.04,4.15,5.80,6.89,6.47,7.20,5.84,7.02,6.40,7.10,7.44,6.40,7.61,7.01,7.66,5.51,1.08,3.23,0.46,1.78,1.08,1.14,0.86,99.00,0.31,11.77,11.03,13.23,14.24,12.89,13.37,10.98,11.57,11.86,12.93,10.08,12.16,13.30,12.66,13.55,11.81,13.75,14.45,14.34,7.66,4.95,3.40,7.73],
  [3.89,13.59,9.46,20.36,29.58,4.60,20.79,20.72,19.19,19.19,19.50,19.63,16.95,19.64,8.43,9.83,8.54,6.26,7.94,7.34,6.34,8.93,9.18,7.87,7.98,9.35,8.49,7.63,24.91,25.04,28.57,28.86,25.18,22.78,27.93,27.94,33.80,35.07,32.03,28.95,33.87,24.30,21.67,20.09,23.98,19.56,25.01,21.96,23.95,20.55,24.67,23.93,20.47,20.67,22.19,20.34,23.81,23.92,24.86,22.41,22.71,21.12,21.04,21.18,19.93,20.73,6.79,7.21,5.22,4.32,6.62,4.23,7.30,7.33,6.41,5.09,5.67,5.82,5.97,4.18,5.75,6.93,6.36,7.09,5.76,6.95,6.27,7.03,7.35,6.31,7.49,6.89,7.74,5.41,1.35,3.46,0.43,1.94,1.38,0.94,1.14,0.31,99.00,12.08,11.34,13.51,14.54,13.19,13.66,11.29,11.87,12.14,13.22,10.39,12.47,13.59,12.95,13.84,12.11,14.06,14.74,14.63,7.79,5.05,3.56,7.84],
  [12.27,8.88,2.94,8.32,18.13,15.55,10.45,10.47,7.33,7.33,9.16,8.41,4.99,8.63,3.69,3.46,5.47,6.88,7.24,4.91,6.14,4.01,4.52,5.90,5.25,2.77,8.20,7.00,13.13,13.21,17.17,17.29,13.82,11.59,15.91,15.91,21.77,23.06,19.95,16.89,21.88,12.56,9.77,8.25,11.91,7.48,13.01,9.88,11.99,8.60,12.63,11.87,8.44,9.18,10.20,8.88,11.87,12.31,13.14,10.35,10.63,9.05,9.53,9.10,8.01,8.85,14.79,16.54,14.21,13.29,15.66,13.94,16.52,16.63,13.69,14.84,14.89,14.63,14.90,12.56,14.51,13.50,15.83,16.28,14.97,15.54,16.04,15.72,16.22,15.35,16.71,16.38,13.12,14.86,10.83,9.48,12.01,10.92,10.79,12.67,11.05,11.77,12.08,99.00,1.05,6.50,5.39,4.87,6.21,2.27,3.62,5.21,5.65,1.79,1.16,5.22,4.83,5.75,4.60,2.73,6.04,6.26,11.87,11.90,10.83,12.35],
  [11.81,9.48,1.98,9.03,19.13,14.66,11.50,11.52,8.29,8.29,10.21,9.44,5.61,9.67,2.91,3.55,5.42,6.52,7.18,4.39,5.66,3.87,4.54,5.75,5.04,2.29,8.23,6.88,14.09,14.15,18.17,18.27,14.84,12.62,16.77,16.76,22.61,23.92,20.74,17.72,22.75,13.08,10.70,9.22,12.71,8.28,13.90,10.68,12.89,9.22,13.48,12.70,9.31,10.20,10.86,9.90,12.79,12.78,13.66,11.18,11.40,9.90,10.54,9.90,8.95,9.79,14.47,16.14,13.78,12.83,15.27,13.44,16.13,16.24,13.39,14.37,14.47,14.24,14.50,12.11,14.12,13.25,15.40,15.89,14.55,15.19,15.60,15.36,15.86,14.96,16.33,15.97,12.96,14.42,10.06,8.60,11.30,10.09,10.08,11.97,10.34,11.03,11.34,1.05,99.00,7.24,6.31,5.66,6.98,2.77,4.26,5.83,6.39,0.96,2.14,6.05,5.59,6.57,5.24,3.78,6.94,7.13,11.76,11.54,10.35,12.23],
  [11.71,2.64,8.06,11.29,16.83,17.92,7.62,7.52,8.37,8.37,6.46,7.45,9.29,7.19,7.73,4.74,5.06,7.28,5.70,7.15,7.53,5.41,4.73,5.69,5.79,6.55,5.65,5.92,13.00,13.23,15.80,16.31,12.54,10.12,16.59,16.70,22.30,23.37,21.13,17.85,22.11,16.09,10.49,8.98,13.65,10.09,13.81,11.99,12.69,12.09,13.78,13.32,10.10,8.69,13.20,8.38,12.47,16.13,16.64,12.02,12.77,10.91,9.06,11.29,9.15,9.64,12.96,14.98,13.11,12.54,14.14,13.33,14.89,15.04,11.87,13.97,13.70,13.30,13.54,11.84,13.19,11.37,14.51,14.69,13.76,13.81,14.87,13.99,14.47,13.92,15.04,14.95,10.52,13.81,12.69,12.41,13.24,13.26,12.15,13.68,12.37,13.23,13.51,6.50,7.24,99.00,2.19,1.69,0.43,4.51,3.00,1.62,0.86,7.19,5.42,1.48,1.68,1.08,2.07,4.93,1.80,1.48,9.17,10.73,10.68,9.63],
  [13.22,4.76,7.61,9.10,15.22,18.76,6.25,6.19,6.20,6.20,4.97,5.50,7.26,5.34,7.63,4.93,6.03,8.30,7.14,7.56,8.27,5.79,5.37,6.70,6.57,6.35,7.37,7.24,11.07,11.28,14.20,14.61,10.86,8.42,14.58,14.68,20.36,21.47,19.09,15.81,20.22,13.90,8.38,6.84,11.50,7.90,11.76,9.81,10.63,9.92,11.68,11.18,7.92,6.72,11.01,6.39,10.42,13.95,14.45,9.86,10.59,8.73,7.09,9.10,6.99,7.51,14.78,16.77,14.77,14.12,15.92,14.89,16.70,16.84,13.66,15.60,15.40,15.02,15.27,13.39,14.91,13.22,16.25,16.49,15.46,15.62,16.58,15.81,16.29,15.68,16.86,16.72,12.44,15.48,13.57,12.95,14.32,14.01,13.16,14.83,13.40,14.24,14.54,5.39,6.31,2.19,99.00,1.36,1.76,3.99,2.79,2.57,1.70,6.56,4.22,1.03,1.60,1.13,2.44,3.17,0.69,1.02,11.08,12.36,12.06,11.56],
  [11.87,4.28,6.68,9.94,16.58,17.44,7.60,7.53,7.29,7.29,6.32,6.81,7.71,6.68,6.55,3.70,4.67,6.94,5.79,6.30,6.94,4.52,4.04,5.34,5.23,5.29,6.09,5.88,12.37,12.57,15.56,15.96,12.21,9.77,15.83,15.91,21.63,22.77,20.30,17.04,21.51,14.73,9.57,7.99,12.60,8.77,12.97,10.83,11.85,10.68,12.86,12.32,8.96,8.00,11.89,7.67,11.64,14.72,15.29,10.94,11.61,9.77,8.38,10.08,8.08,8.67,13.50,15.48,13.45,12.78,14.62,13.55,15.41,15.55,12.38,14.27,14.08,13.71,13.96,12.05,13.59,11.95,14.94,15.20,14.14,14.34,15.26,14.52,15.01,14.37,15.57,15.42,11.21,14.15,12.24,11.68,12.97,12.70,11.81,13.47,12.05,12.89,13.19,4.87,5.66,1.69,1.36,99.00,1.35,3.05,1.62,1.26,0.84,5.73,3.76,0.45,0.24,0.93,1.08,3.29,1.62,1.64,9.85,11.03,10.70,10.34],
  [11.96,3.06,7.89,10.86,16.53,18.03,7.35,7.25,7.96,7.96,6.16,7.08,8.87,6.83,7.63,4.66,5.16,7.41,5.91,7.14,7.60,5.38,4.75,5.80,5.85,6.41,5.94,6.11,12.63,12.86,15.50,15.99,12.22,9.80,16.21,16.32,21.93,23.01,20.75,17.46,21.75,15.66,10.08,8.57,13.24,9.66,13.42,11.57,12.30,11.66,13.38,12.91,9.68,8.31,12.77,8.00,12.08,15.70,16.21,11.60,12.35,10.49,8.68,10.86,8.74,9.23,13.28,15.30,13.40,12.81,14.46,13.60,15.21,15.36,12.18,14.25,14.00,13.60,13.84,12.10,13.49,11.70,14.82,15.02,14.05,14.13,15.17,14.32,14.80,14.23,15.36,15.26,10.86,14.10,12.80,12.45,13.40,13.35,12.29,13.85,12.52,13.37,13.66,6.21,6.98,0.43,1.76,1.35,99.00,4.30,2.80,1.59,0.60,6.99,5.11,1.09,1.39,0.65,1.93,4.54,1.41,1.12,9.51,11.01,10.90,9.98],
  [10.83,6.71,3.65,9.71,18.34,15.21,9.91,9.88,7.96,7.96,8.59,8.39,6.69,8.45,3.66,1.59,3.56,5.43,5.28,3.97,4.98,2.43,2.60,4.12,3.61,2.38,6.12,5.12,13.63,13.76,17.33,17.59,13.95,11.58,16.74,16.78,22.63,23.86,21.01,17.83,22.65,14.24,10.43,8.83,13.00,8.70,13.83,11.04,12.74,10.18,13.55,12.87,9.37,9.39,11.66,9.06,12.58,14.07,14.82,11.37,11.82,10.09,9.76,10.25,8.73,9.49,13.07,14.91,12.66,11.82,14.03,12.52,14.87,15.00,11.95,13.37,13.33,13.03,13.30,11.08,12.91,11.68,14.25,14.64,13.41,13.86,14.51,14.04,14.54,13.74,15.06,14.79,11.20,13.34,10.17,9.23,11.15,10.46,9.93,11.74,10.19,10.98,11.29,2.27,2.77,4.51,3.99,3.05,4.30,99.00,1.51,3.06,3.70,2.69,1.62,3.47,2.93,3.97,2.48,2.81,4.52,4.64,9.90,10.27,9.46,10.39],
  [10.90,5.26,5.10,10.06,17.74,16.01,8.98,8.93,7.84,7.84,7.67,7.82,7.37,7.79,4.93,2.14,3.51,5.71,4.96,4.78,5.54,3.02,2.71,4.17,3.90,3.68,5.55,4.94,13.27,13.44,16.72,17.06,13.34,10.93,16.58,16.64,22.44,23.63,20.96,17.73,22.39,14.75,10.26,8.65,13.07,8.96,13.68,11.19,12.56,10.67,13.48,12.87,9.41,8.93,12.04,8.60,12.38,14.66,15.33,11.42,11.98,10.18,9.31,10.42,8.64,9.32,12.83,14.76,12.61,11.86,13.88,12.60,14.70,14.84,11.70,13.38,13.26,12.92,13.18,11.11,12.81,11.35,14.16,14.48,13.33,13.65,14.45,13.84,14.34,13.61,14.88,14.66,10.74,13.31,10.85,10.17,11.68,11.26,10.49,12.22,10.74,11.57,11.87,3.62,4.26,3.00,2.79,1.62,2.80,1.51,99.00,1.59,2.19,4.20,2.67,2.06,1.46,2.52,0.98,3.00,3.20,3.25,9.40,10.19,9.63,9.89],
  [10.66,3.67,6.49,11.10,17.77,16.48,8.71,8.63,8.53,8.53,7.46,8.06,8.68,7.91,6.12,3.12,3.61,5.88,4.57,5.55,6.02,3.80,3.16,4.27,4.28,4.95,4.83,4.70,13.62,13.82,16.75,17.18,13.42,10.98,17.09,17.18,22.89,24.02,21.57,18.30,22.77,15.87,10.83,9.25,13.84,9.95,14.24,12.05,13.11,11.80,14.12,13.57,10.20,9.26,13.06,8.93,12.91,15.83,16.43,12.18,12.84,10.99,9.63,11.30,9.33,9.93,12.24,14.22,12.21,11.55,13.36,12.33,14.15,14.29,11.12,13.03,12.83,12.46,12.71,10.83,12.34,10.69,13.69,13.94,12.90,13.08,14.02,13.26,13.75,13.12,14.31,14.16,9.95,12.91,11.25,10.86,11.90,11.78,10.77,12.38,11.00,11.86,12.14,5.21,5.83,1.62,2.57,1.26,1.59,3.06,1.59,99.00,1.08,5.68,4.23,1.54,1.04,1.69,0.62,4.23,2.62,2.49,8.59,9.79,9.52,9.08],
  [11.66,3.44,7.29,10.66,16.78,17.56,7.67,7.58,7.88,7.88,6.44,7.18,8.52,6.98,7.04,4.08,4.69,6.96,5.58,6.59,7.09,4.82,4.22,5.35,5.35,5.81,5.71,5.74,12.75,12.97,15.76,16.21,12.45,10.01,16.28,16.38,22.04,23.15,20.79,17.51,21.89,15.45,10.08,8.54,13.18,9.47,13.46,11.46,12.33,11.43,13.38,12.88,9.58,8.40,12.59,8.08,12.12,15.46,16.01,11.53,12.25,10.39,8.77,10.73,8.67,9.21,13.11,15.11,13.15,12.53,14.26,13.31,15.03,15.17,12.00,13.99,13.76,13.38,13.63,11.81,13.27,11.54,14.61,14.83,13.83,13.95,14.94,14.14,14.62,14.03,15.19,15.06,10.75,13.86,12.33,11.92,12.98,12.86,11.85,13.44,12.08,12.93,13.22,5.65,6.39,0.86,1.70,0.84,0.60,3.70,2.19,1.08,99.00,6.39,4.56,0.75,0.82,0.65,1.34,4.12,1.59,1.42,9.39,10.75,10.55,9.86],
  [10.88,9.26,1.17,9.98,19.92,13.77,12.07,12.07,9.12,9.12,10.76,10.14,6.57,10.33,1.96,3.01,4.72,5.63,6.44,3.47,4.73,3.16,3.91,4.98,4.25,1.43,7.54,6.12,14.92,15.00,18.94,19.08,15.59,13.34,17.67,17.67,23.52,24.82,21.67,18.64,23.65,14.03,11.56,10.04,13.63,9.21,14.79,11.61,13.77,10.18,14.38,13.62,10.21,10.95,11.81,10.64,13.66,13.72,14.61,12.10,12.34,10.81,11.30,10.83,9.80,10.64,13.58,15.23,12.85,11.90,14.36,12.50,15.22,15.33,12.50,13.44,13.54,13.32,13.58,11.18,13.20,12.38,14.48,14.98,13.63,14.29,14.67,14.46,14.96,14.04,15.42,15.04,12.13,13.49,9.12,7.70,10.34,9.17,9.13,11.02,9.39,10.08,10.39,1.79,0.96,7.19,6.56,5.73,6.99,2.69,4.20,5.68,6.39,99.00,2.63,6.14,5.62,6.65,5.13,4.37,7.14,7.29,10.96,10.63,9.41,11.42],
  [12.30,7.87,3.80,8.18,17.39,16.16,9.44,9.44,6.73,6.73,8.13,7.54,5.08,7.71,4.29,3.14,5.16,6.88,6.89,5.15,6.30,3.88,4.19,5.68,5.12,3.15,7.74,6.72,12.51,12.61,16.41,16.59,13.04,10.75,15.46,15.48,21.34,22.60,19.63,16.50,21.40,12.65,9.21,7.64,11.59,7.23,12.54,9.60,11.48,8.61,12.21,11.50,8.01,8.41,10.12,8.09,11.34,12.47,13.23,9.98,10.37,8.69,8.77,8.81,7.46,8.27,14.64,16.46,14.18,13.31,15.58,13.99,16.43,16.55,13.52,14.86,14.86,14.57,14.83,12.57,14.45,13.27,15.78,16.19,14.94,15.42,16.03,15.60,16.11,15.28,16.61,16.32,12.81,14.85,11.28,10.10,12.37,11.46,11.14,13.00,11.40,12.16,12.47,1.16,2.14,5.42,4.22,3.76,5.11,1.62,2.67,4.23,4.56,2.63,99.00,4.09,3.74,4.62,3.61,1.75,4.88,5.10,11.51,11.81,10.91,12.00],
  [12.20,4.12,7.12,9.91,16.24,17.86,7.21,7.14,7.14,7.14,5.94,6.53,7.81,6.37,6.99,4.14,5.06,7.34,6.11,6.75,7.37,4.96,4.47,5.73,5.65,5.74,6.34,6.23,12.10,12.31,15.21,15.64,11.88,9.44,15.60,15.69,21.38,22.50,20.09,16.82,21.25,14.70,9.37,7.82,12.45,8.72,12.76,10.72,11.63,10.68,12.67,12.15,8.84,7.74,11.84,7.41,11.42,14.72,15.26,10.80,11.50,9.65,8.11,9.99,7.93,8.49,13.75,15.74,13.74,13.09,14.89,13.87,15.67,15.81,12.64,14.57,14.37,13.99,14.24,12.37,13.88,12.19,15.22,15.46,14.43,14.59,15.55,14.78,15.27,14.65,15.83,15.69,11.43,14.45,12.65,12.12,13.37,13.13,12.21,13.86,12.45,13.30,13.59,5.22,6.05,1.48,1.03,0.45,1.09,3.47,2.06,1.54,0.75,6.14,4.09,99.00,0.65,0.53,1.49,3.46,1.18,1.19,10.07,11.33,11.05,10.55],
  [11.63,4.21,6.55,10.12,16.82,17.21,7.84,7.77,7.50,7.50,6.56,7.05,7.83,6.92,6.38,3.50,4.43,6.70,5.55,6.10,6.72,4.31,3.81,5.10,5.00,5.13,5.86,5.64,12.60,12.80,15.80,16.20,12.45,10.02,16.06,16.14,21.86,23.00,20.53,17.26,21.75,14.90,9.79,8.21,12.81,8.95,13.20,11.03,12.07,10.85,13.08,12.53,9.17,8.24,12.07,7.91,11.87,14.88,15.46,11.15,11.82,9.97,8.61,10.28,8.30,8.89,13.27,15.24,13.21,12.54,14.38,13.31,15.17,15.31,12.14,14.03,13.84,13.47,13.72,11.81,13.36,11.72,14.70,14.96,13.90,14.10,15.03,14.29,14.78,14.13,15.34,15.18,10.99,13.91,12.01,11.47,12.73,12.48,11.57,13.23,11.81,12.66,12.95,4.83,5.59,1.68,1.60,0.24,1.39,2.93,1.46,1.04,0.82,5.62,3.74,0.65,99.00,1.06,0.85,3.39,1.83,1.82,9.63,10.79,10.46,10.11],
  [12.31,3.71,7.61,10.21,16.13,18.15,7.02,6.94,7.34,7.34,5.79,6.56,8.23,6.35,7.44,4.55,5.30,7.57,6.23,7.11,7.67,5.33,4.78,5.97,5.94,6.20,6.36,6.38,12.13,12.35,15.11,15.57,11.80,9.37,15.67,15.77,21.42,22.52,20.19,16.91,21.26,15.01,9.50,7.97,12.63,9.01,12.86,10.95,11.73,11.01,12.80,12.31,9.06,7.78,12.13,7.46,11.52,15.05,15.56,10.99,11.72,9.87,8.15,10.23,8.12,8.64,13.75,15.75,13.80,13.18,14.90,13.96,15.67,15.81,12.64,14.64,14.41,14.02,14.27,12.46,13.91,12.17,15.25,15.47,14.47,14.59,15.59,14.78,15.26,14.67,15.82,15.70,11.37,14.50,12.93,12.47,13.60,13.44,12.46,14.07,12.70,13.55,13.84,5.75,6.57,1.08,1.13,0.93,0.65,3.97,2.52,1.69,0.65,6.65,4.62,0.53,1.06,99.00,1.82,3.93,0.94,0.80,10.01,11.39,11.20,10.48],
  [10.82,4.28,5.98,10.61,17.65,16.37,8.68,8.62,8.15,8.15,7.41,7.84,8.11,7.73,5.70,2.74,3.58,5.86,4.76,5.29,5.88,3.51,2.98,4.26,4.15,4.49,5.15,4.83,13.37,13.56,16.62,17.02,13.27,10.84,16.79,16.86,22.61,23.76,21.23,17.98,22.52,15.36,10.50,8.90,13.44,9.47,13.91,11.62,12.79,11.29,13.77,13.20,9.79,9.01,12.58,8.68,12.59,15.30,15.93,11.78,12.41,10.58,9.38,10.86,8.95,9.58,12.54,14.50,12.43,11.74,13.64,12.50,14.43,14.57,11.41,13.24,13.07,12.71,12.96,11.01,12.59,11.01,13.94,14.22,13.14,13.37,14.26,13.55,14.05,13.38,14.60,14.43,10.32,13.13,11.16,10.66,11.89,11.64,10.73,12.39,10.97,11.81,12.11,4.60,5.24,2.07,2.44,1.08,1.93,2.48,0.98,0.62,1.34,5.13,3.61,1.49,0.85,1.82,99.00,3.67,2.66,2.61,8.96,10.01,9.63,9.45],
  [13.61,7.56,5.54,7.07,15.67,17.85,7.73,7.74,5.15,5.15,6.43,5.79,4.46,5.96,6.02,4.38,6.26,8.23,7.87,6.72,7.78,5.25,5.32,6.86,6.41,4.84,8.54,7.78,10.86,10.98,14.68,14.89,11.31,9.00,13.93,13.97,19.82,21.05,18.20,15.02,19.84,11.75,7.63,6.03,10.22,6.00,11.01,8.28,9.93,7.67,10.74,10.07,6.57,6.69,9.04,6.37,9.77,11.67,12.33,8.58,9.07,7.31,7.05,7.50,5.91,6.68,15.74,17.62,15.41,14.60,16.74,15.31,17.58,17.71,14.61,16.14,16.08,15.76,16.02,13.85,15.64,14.29,16.99,17.35,16.15,16.54,17.26,16.73,17.23,16.46,17.76,17.51,13.72,16.10,12.91,11.81,13.93,13.14,12.71,14.54,12.97,13.75,14.06,2.73,3.78,4.93,3.17,3.29,4.54,2.81,3.00,4.23,4.12,4.37,1.75,3.46,3.39,3.93,3.67,99.00,3.86,4.17,12.38,13.00,12.26,12.88],
  [13.25,4.23,8.16,9.62,15.19,19.03,6.09,6.01,6.61,6.61,4.85,5.67,7.91,5.43,8.11,5.31,6.21,8.48,7.17,7.92,8.54,6.13,5.64,6.88,6.81,6.84,7.29,7.32,11.23,11.45,14.17,14.63,10.86,8.43,14.80,14.91,20.52,21.61,19.34,16.05,20.35,14.42,8.69,7.19,11.86,8.41,12.01,10.24,10.89,10.47,11.98,11.52,8.34,6.90,11.50,6.59,10.67,14.49,14.96,10.24,11.01,9.15,7.27,9.54,7.38,7.84,14.67,16.67,14.74,14.12,15.83,14.90,16.59,16.74,13.56,15.58,15.35,14.96,15.20,13.40,14.84,13.09,16.18,16.39,15.41,15.51,16.52,15.70,16.18,15.60,16.75,16.63,12.27,15.44,13.82,13.30,14.51,14.30,13.37,15.00,13.60,14.45,14.74,6.04,6.94,1.80,0.69,1.62,1.41,4.52,3.20,2.62,1.59,7.14,4.88,1.18,1.83,0.94,2.66,3.86,99.00,0.37,10.91,12.33,12.14,11.38],
  [13.05,3.85,8.29,9.99,15.42,18.95,6.26,6.17,6.97,6.97,5.06,5.97,8.27,5.72,8.18,5.32,6.10,8.37,6.98,7.90,8.47,6.12,5.58,6.76,6.74,6.92,7.05,7.15,11.52,11.75,14.39,14.87,11.10,8.68,15.11,15.22,20.82,21.90,19.66,16.37,20.64,14.79,9.02,7.54,12.21,8.78,12.34,10.60,11.21,10.85,12.32,11.87,8.71,7.21,11.88,6.90,10.99,14.86,15.33,10.59,11.37,9.52,7.58,9.91,7.73,8.19,14.41,16.42,14.50,13.91,15.58,14.69,16.33,16.48,13.30,15.36,15.11,14.71,14.96,13.20,14.60,12.82,15.94,16.14,15.17,15.25,16.28,15.44,15.92,15.35,16.49,16.38,11.98,15.21,13.73,13.27,14.39,14.24,13.26,14.86,13.49,14.34,14.63,6.26,7.13,1.48,1.02,1.64,1.12,4.64,3.25,2.49,1.42,7.29,5.10,1.19,1.82,0.80,2.61,4.17,0.37,99.00,10.63,12.11,11.96,11.10],
  [4.12,7.83,10.78,19.46,25.93,12.17,16.69,16.57,17.11,17.11,15.60,16.57,16.58,16.34,9.61,8.43,6.41,5.58,4.64,7.77,6.67,7.90,7.36,6.01,6.72,9.53,3.85,4.88,22.13,22.35,24.91,25.45,21.69,19.29,25.66,25.76,31.43,32.52,30.16,26.89,31.26,24.10,19.42,17.84,22.41,18.36,22.82,20.57,21.69,20.03,22.71,22.15,18.75,17.79,21.43,17.47,21.49,23.96,24.68,20.75,21.36,19.53,18.16,19.80,17.91,18.52,3.87,5.90,4.48,4.41,5.13,5.14,5.80,5.95,2.88,5.40,4.91,4.46,4.66,3.99,4.37,2.26,5.57,5.62,4.94,4.72,5.98,4.90,5.35,4.96,5.93,5.93,1.36,5.11,7.93,9.31,7.36,8.91,6.98,7.33,7.03,7.66,7.79,11.87,11.76,9.17,11.08,9.85,9.51,9.90,9.40,8.59,9.39,10.96,11.51,10.07,9.63,10.01,8.96,12.38,10.91,10.63,99.00,2.83,4.29,0.49],
  [1.30,9.95,10.16,19.98,27.53,9.35,18.35,18.25,18.02,18.02,17.17,17.84,16.84,17.70,8.94,8.69,6.75,5.03,5.25,7.18,5.93,7.94,7.69,6.15,6.70,9.25,5.08,5.25,23.38,23.57,26.50,26.96,23.19,20.76,26.76,26.82,32.61,33.77,31.15,27.92,32.52,24.43,20.44,18.83,23.22,18.97,23.86,21.29,22.75,20.41,23.66,23.04,19.56,19.01,21.93,18.68,22.56,24.20,25.01,21.57,22.07,20.31,19.39,20.50,18.82,19.51,2.96,4.65,2.43,1.84,3.77,2.64,4.62,4.74,1.97,3.25,3.08,2.76,3.02,1.23,2.64,2.15,3.99,4.39,3.15,3.65,4.27,3.83,4.33,3.47,4.81,4.51,2.72,3.13,5.38,7.08,4.61,6.38,4.42,4.52,4.43,4.95,5.05,11.90,11.54,10.73,12.36,11.03,11.01,10.27,10.19,9.79,10.75,10.63,11.81,11.33,10.79,11.39,10.01,13.00,12.33,12.11,2.83,99.00,1.83,2.81],
  [1.47,10.35,8.80,19.07,27.27,8.10,18.22,18.13,17.38,17.38,16.98,17.43,15.82,17.35,7.60,7.88,6.12,4.03,4.99,5.96,4.70,7.04,6.98,5.46,5.85,8.09,5.25,4.82,22.91,23.07,26.25,26.64,22.90,20.47,26.16,26.21,32.04,33.24,30.46,27.28,32.01,23.39,19.83,18.22,22.46,18.13,23.25,20.49,22.14,19.43,22.99,22.32,18.83,18.56,21.00,18.23,21.98,23.11,23.97,20.83,21.26,19.55,18.94,19.70,18.16,18.89,4.55,5.89,3.49,2.50,5.05,3.10,5.91,6.00,3.71,4.02,4.17,4.01,4.27,1.81,3.90,3.97,5.10,5.66,4.26,5.10,5.27,5.25,5.72,4.72,6.11,5.68,4.50,4.09,3.64,5.26,3.15,4.63,2.69,3.29,2.74,3.40,3.56,10.83,10.35,10.68,12.06,10.70,10.90,9.46,9.63,9.52,10.55,9.41,10.91,11.05,10.46,11.20,9.63,12.26,12.14,11.96,4.29,1.83,99.00,4.42],
  [4.08,8.24,11.22,19.95,26.38,12.15,17.14,17.01,17.60,17.60,16.06,17.04,17.07,16.81,10.04,8.92,6.89,6.00,5.12,8.20,7.09,8.37,7.85,6.48,7.18,9.99,4.34,5.36,22.61,22.83,25.36,25.91,22.15,19.74,26.14,26.23,31.90,32.99,30.64,27.37,31.73,24.59,19.91,18.33,22.89,18.85,23.30,21.06,22.18,20.52,23.19,22.64,19.24,18.27,21.92,17.94,21.97,24.45,25.17,21.23,21.85,20.02,18.63,20.29,18.40,19.01,3.48,5.49,4.22,4.25,4.75,4.95,5.38,5.53,2.54,5.12,4.60,4.14,4.32,3.91,4.06,1.88,5.21,5.22,4.62,4.31,5.62,4.49,4.93,4.60,5.51,5.54,0.89,4.82,8.06,9.53,7.41,9.05,7.11,7.33,7.15,7.73,7.84,12.35,12.23,9.63,11.56,10.34,9.98,10.39,9.89,9.08,9.86,11.42,12.00,10.55,10.11,10.48,9.45,12.88,11.38,11.10,0.49,2.81,4.42,99.00]
];
