// Chosen Depots: [1, 2, 3, 4, 5, 6]
// Chosen Demand Points (Original DP No): [1, 3, 4, 8, 10, 15, 17, 18, 19, 21, 22, 23, 26, 27, 28, 31, 32, 34, 40, 41, 45, 46, 48, 49, 50, 52, 53, 55, 56, 58, 60, 61, 63, 64, 66, 67, 69, 71, 72, 73, 75, 76, 77, 78, 79, 80, 82, 83, 85, 86, 88, 89, 90, 91, 92, 93, 94, 96, 97, 99, 103, 107, 108, 111, 114, 115, 116, 117, 119, 120, 121, 123, 124, 125, 126, 131, 132, 134, 135, 136, 137, 138, 139, 141, 142, 144, 145, 146, 147, 150, 153, 156, 158, 159, 161, 163, 164, 165, 167, 168]
// Original Weights: [9, 9, 6, 4, 4, 7, 5, 4, 5, 6, 6, 6, 4, 7, 5, 6, 6, 7, 9, 6, 8, 6, 6, 8, 3, 6, 5, 5, 5, 6, 5, 7, 5, 6, 6, 6, 4, 7, 7, 6, 2, 5, 6, 5, 4, 5, 6, 5, 6, 6, 6, 7, 6, 6, 5, 7, 6, 7, 7, 6, 7, 8, 7, 7, 7, 7, 7, 7, 8, 7, 6, 6, 3, 2, 3, 2, 4, 4, 4, 2, 3, 3, 4, 4, 8, 8, 7, 8, 5, 7, 8, 7, 8, 7, 8, 8, 9, 6, 9, 5]

|W| = 6;
|D| = 100;
V = 54;
C = 3;
|K| = 2;
M = 100;
S = 0.25;
|TR| = 15;
δmax = 18.3;
Runtime = 50;

// Priority weights for selected demand points
pj = [
  9, 9, 6, 4, 4, 7, 5, 4, 5, 6, 6, 6, 4, 7, 5, 6, 6, 7, 9, 6, 8, 6, 6, 8, 3, 6, 5, 5, 5, 6, 5, 7, 5, 6, 6, 6, 4, 7, 7, 6, 2, 5, 6, 5, 4, 5, 6, 5, 6, 6, 6, 7, 6, 6, 5, 7, 6, 7, 7, 6, 7, 8, 7, 7, 7, 7, 7, 7, 8, 7, 6, 6, 3, 2, 3, 2, 4, 4, 4, 2, 3, 3, 4, 4, 8, 8, 7, 8, 5, 7, 8, 7, 8, 7, 8, 8, 9, 6, 9, 5
];

δij =
[
  [99.00,99.00,99.00,99.00,99.00,99.00,19.31,17.00,18.70,17.26,9.07,6.09,6.15,8.48,8.42,8.30,6.76,7.04,9.54,6.11,6.17,6.00,19.04,24.34,21.64,28.07,34.53,31.29,28.60,33.29,24.83,19.53,20.04,23.83,21.43,24.56,21.87,23.45,21.04,24.33,23.67,20.18,22.41,19.47,23.28,22.79,25.41,22.19,23.33,22.64,20.72,20.91,22.00,21.08,19.49,20.20,1.64,4.43,2.02,1.03,1.44,3.60,1.70,4.53,2.58,1.26,2.57,3.04,4.35,2.79,3.82,4.28,2.70,3.26,3.14,4.21,0.99,2.62,4.44,6.34,5.05,5.42,3.51,3.27,3.45,5.95,3.84,3.89,12.27,11.81,11.71,13.22,11.87,11.96,10.83,13.09,11.66,12.20,12.31,10.82,13.25,4.12,4.80,1.06,5.18,1.47],
  [99.00,99.00,99.00,99.00,99.00,99.00,9.07,6.60,10.80,11.93,9.37,5.71,8.33,9.26,6.83,5.99,6.36,6.19,8.34,5.12,7.46,6.09,11.43,15.21,11.84,19.41,25.19,22.83,19.93,23.93,18.64,11.32,12.98,15.99,13.93,15.96,14.43,14.85,13.35,16.01,15.61,12.54,15.73,10.51,14.62,14.84,19.18,14.39,15.04,15.19,13.85,13.35,13.56,13.75,11.55,11.95,11.70,13.73,12.16,11.79,12.55,12.96,12.58,13.77,10.69,12.15,12.24,10.10,13.23,12.72,12.73,13.17,10.14,12.79,9.42,13.76,10.69,12.84,12.99,13.15,13.43,13.72,12.30,13.57,12.49,13.42,13.33,13.59,8.88,9.48,2.64,4.76,4.28,3.06,6.71,5.00,3.44,4.12,3.71,4.28,4.23,7.83,7.77,10.11,7.40,10.35],
  [99.00,99.00,99.00,99.00,99.00,99.00,13.23,11.78,10.26,7.52,1.22,6.45,4.25,1.80,3.36,4.22,4.96,4.86,1.62,7.61,4.64,6.07,10.31,16.13,14.51,19.18,25.90,22.12,19.69,24.73,14.86,11.18,10.81,14.67,12.30,15.88,12.64,14.88,12.08,15.46,14.68,11.30,12.75,11.81,14.77,13.80,15.43,13.16,14.53,13.36,11.30,11.87,13.46,11.87,10.93,11.77,11.85,14.68,12.28,11.29,11.22,13.82,11.85,14.78,12.08,11.47,12.78,12.02,14.52,13.05,13.95,14.45,11.77,13.49,11.53,14.47,10.77,12.89,8.16,6.62,8.11,8.13,8.25,10.13,8.50,7.28,9.15,9.46,2.94,1.98,8.06,7.61,6.68,7.89,3.65,7.23,7.29,7.12,7.61,5.98,8.16,10.78,11.46,10.04,11.45,8.80],
  [99.00,99.00,99.00,99.00,99.00,99.00,8.44,9.40,3.42,3.46,11.94,14.92,14.42,12.48,12.06,12.30,13.83,13.57,11.09,15.61,14.31,14.81,2.69,6.38,7.18,8.38,15.11,11.16,8.86,14.02,4.80,3.53,1.05,3.82,1.80,5.48,1.90,4.79,2.10,4.86,4.01,2.11,1.97,5.14,4.82,3.24,5.35,2.66,4.14,2.47,0.46,1.82,3.85,1.37,3.00,3.37,21.87,24.62,22.35,21.49,21.66,23.74,22.17,24.71,21.64,21.74,22.74,21.35,24.32,23.11,23.74,24.25,21.20,23.45,20.72,24.49,20.71,23.03,19.09,17.56,19.07,19.10,19.10,20.98,19.35,18.24,20.06,20.36,8.32,9.03,11.29,9.10,9.94,10.86,9.71,8.91,10.66,9.91,10.21,10.61,9.62,19.46,19.85,19.95,19.65,19.07],
  [99.00,99.00,99.00,99.00,99.00,99.00,9.24,11.70,10.87,14.60,21.69,22.35,23.24,22.10,20.66,20.44,21.87,21.59,20.51,22.46,22.76,22.46,10.98,5.36,6.81,5.98,7.69,7.99,6.08,6.52,12.40,9.96,11.21,8.51,9.94,6.48,9.91,6.95,9.78,7.23,8.03,10.29,11.26,9.30,6.92,8.57,12.41,9.10,7.66,9.64,11.28,10.05,8.04,10.39,10.31,9.46,29.43,31.79,29.92,29.31,29.83,30.97,30.09,31.85,28.68,29.64,30.12,28.17,31.34,30.58,30.80,31.27,28.15,30.75,27.49,31.77,28.30,30.62,28.50,27.49,28.66,28.79,28.21,29.96,28.46,28.07,29.28,29.58,18.13,19.13,16.83,15.22,16.58,16.53,18.34,15.37,16.78,16.24,16.13,17.65,15.19,25.93,25.99,27.61,25.64,27.27],
  [99.00,99.00,99.00,99.00,99.00,99.00,24.98,22.99,22.86,20.10,11.89,12.46,10.49,11.44,12.99,13.40,12.23,12.49,13.02,13.08,11.16,12.13,22.96,28.75,26.78,31.85,38.57,34.73,32.36,37.41,27.05,23.78,23.47,27.32,24.96,28.55,25.30,27.54,24.75,28.13,27.35,23.97,25.26,24.22,27.42,26.47,27.59,25.83,27.20,25.99,23.92,24.55,26.11,24.53,23.56,24.39,8.79,9.89,8.70,8.11,7.06,9.64,7.66,9.99,10.28,7.82,9.19,10.91,10.32,8.93,10.13,10.28,10.60,9.42,11.17,9.55,8.99,8.56,5.23,6.07,4.93,4.75,5.85,4.86,5.66,5.45,4.83,4.60,15.55,14.66,17.92,18.76,17.44,18.03,15.21,18.49,17.56,17.86,18.15,16.37,19.03,12.17,12.88,9.09,13.25,8.10],
  [19.31,9.07,13.23,8.44,9.24,24.98,99.00,2.47,5.23,9.10,13.53,13.24,14.51,13.83,11.99,11.62,12.94,12.66,12.26,13.27,13.92,13.40,5.90,6.57,2.91,10.84,16.18,14.24,11.34,14.91,12.42,4.91,7.40,8.54,7.40,7.72,7.83,6.76,6.77,8.04,7.98,6.37,9.64,3.30,6.50,7.50,12.83,7.35,7.26,8.36,8.15,6.95,5.92,7.52,5.45,5.16,20.24,22.56,20.73,20.16,20.72,21.74,20.95,22.61,19.45,20.50,20.91,18.93,22.09,21.37,21.56,22.03,18.91,21.52,18.24,22.54,19.13,21.43,19.81,19.10,20.05,20.23,19.41,21.07,19.65,19.62,20.49,20.79,10.45,11.50,7.62,6.25,7.60,7.35,9.91,6.49,7.67,7.21,7.02,8.68,6.09,16.69,16.75,18.45,16.40,18.22],
  [17.00,6.60,11.78,9.40,11.70,22.99,2.47,99.00,5.98,9.14,11.90,10.98,12.50,12.12,10.08,9.60,10.82,10.55,10.62,10.92,11.85,11.18,6.72,8.86,5.31,13.13,18.64,16.55,13.63,17.37,13.84,6.04,8.37,10.34,8.78,9.84,9.26,8.80,8.13,10.05,9.84,7.52,10.93,4.69,8.55,9.23,14.31,8.94,9.17,9.90,9.22,8.24,7.72,8.77,6.49,6.51,17.87,20.14,18.35,17.82,18.43,19.33,18.62,20.19,17.04,18.17,18.52,16.50,19.67,18.98,19.14,19.60,16.50,19.12,15.82,20.13,16.77,19.05,17.78,17.24,18.06,18.27,17.31,18.91,17.55,17.71,18.40,18.69,9.24,10.26,5.29,4.31,5.57,5.07,8.24,4.63,5.47,5.14,4.85,6.62,3.96,14.26,14.29,16.11,13.94,15.97],
  [18.70,10.80,10.26,3.42,10.87,22.86,5.23,5.98,99.00,4.14,10.98,12.80,12.93,11.44,10.39,10.40,11.94,11.66,9.88,13.29,12.63,12.78,0.74,5.89,4.80,9.37,15.90,12.63,9.91,14.69,8.01,0.92,2.39,5.31,3.13,5.87,3.64,4.78,2.56,5.64,5.05,1.74,5.07,2.13,4.63,4.19,8.52,3.66,4.64,4.40,3.26,2.55,3.32,2.98,0.80,1.54,19.95,22.59,20.44,19.67,19.99,21.72,20.40,22.67,19.53,19.95,20.76,19.15,22.24,21.17,21.67,22.16,19.04,21.45,18.49,22.50,18.79,21.14,18.01,16.79,18.10,18.19,17.85,19.68,18.11,17.41,18.88,19.19,7.33,8.29,8.37,6.20,7.29,7.96,7.96,6.11,7.88,7.14,7.34,8.15,6.61,17.11,17.41,18.04,17.16,17.38],
  [17.26,11.93,7.52,3.46,14.60,20.10,9.10,9.14,4.14,99.00,8.53,11.96,11.13,9.08,8.90,9.26,10.74,10.50,7.75,12.78,11.10,11.79,3.75,9.31,8.93,11.80,18.54,14.62,12.30,17.42,7.59,4.91,3.50,7.25,4.97,8.70,5.24,7.84,4.92,8.17,7.35,4.31,5.24,6.26,7.79,6.51,8.17,5.87,7.33,5.91,3.83,4.66,6.58,4.52,4.43,5.24,18.70,21.49,19.17,18.27,18.38,20.61,18.92,21.58,18.59,18.50,19.59,18.35,21.23,19.94,20.65,21.15,18.17,20.31,17.75,21.34,17.56,19.84,15.66,14.10,15.62,15.64,15.70,17.58,15.95,14.78,16.64,16.95,4.99,5.61,9.29,7.26,7.71,8.87,6.69,6.96,8.52,7.81,8.23,8.11,7.91,16.58,17.06,16.80,16.90,15.82],
  [9.07,9.37,1.22,11.94,21.69,11.89,13.53,11.90,10.98,8.53,99.00,5.38,3.03,0.59,2.56,3.43,3.90,3.85,1.28,6.57,3.47,4.98,11.09,16.86,15.02,20.06,26.75,23.06,20.58,25.57,15.96,11.89,11.71,15.58,13.19,16.70,13.56,15.67,12.93,16.31,15.56,12.12,13.77,12.39,15.55,14.67,16.53,14.03,15.36,14.29,12.25,12.74,14.24,12.78,11.68,12.50,10.64,13.47,11.07,10.09,10.04,12.61,10.66,13.57,10.86,10.27,11.56,10.81,13.31,11.85,12.74,13.23,10.55,12.28,10.33,13.27,9.56,11.68,7.16,5.82,7.17,7.24,7.17,9.06,7.43,6.44,8.12,8.43,3.69,2.91,7.73,7.63,6.55,7.63,3.66,7.28,7.04,6.99,7.44,5.70,8.11,9.61,10.30,8.83,10.31,7.60],
  [6.09,5.71,6.45,14.92,22.35,12.46,13.24,10.98,12.80,11.96,5.38,99.00,3.03,4.97,3.30,2.72,1.49,1.62,5.03,1.20,2.17,0.46,13.20,18.32,15.55,22.15,28.52,25.43,22.68,27.27,19.51,13.59,14.36,18.03,15.68,18.62,16.13,17.50,15.24,18.44,17.83,14.37,16.89,13.43,17.32,16.96,20.09,16.38,17.43,16.92,15.10,15.13,16.06,15.35,13.60,14.27,7.19,9.80,7.68,6.99,7.49,8.92,7.76,9.87,6.75,7.30,7.97,6.43,9.45,8.39,8.88,9.38,6.28,8.65,5.80,9.71,6.03,8.38,7.28,7.55,7.72,8.01,6.61,8.02,6.82,7.76,7.67,7.94,7.24,7.18,5.70,7.14,5.79,5.91,5.28,7.02,5.58,6.11,6.23,4.76,7.17,4.64,5.19,5.30,5.11,4.99],
  [6.15,8.33,4.25,14.42,23.24,10.49,14.51,12.50,12.93,11.13,3.03,3.03,99.00,2.47,2.58,2.90,1.97,2.15,3.39,4.19,0.88,2.56,13.18,18.74,16.44,22.25,28.84,25.38,22.78,27.62,18.69,13.81,14.05,17.89,15.48,18.79,15.89,17.71,15.14,18.49,17.79,14.29,16.32,14.01,17.56,16.90,19.27,16.28,17.50,16.66,14.68,14.99,16.25,15.10,13.69,14.47,7.67,10.50,8.12,7.18,7.25,9.63,7.80,10.60,7.83,7.39,8.59,7.78,10.31,8.90,9.74,10.24,7.52,9.31,7.30,10.31,6.57,8.76,5.31,4.90,5.56,5.77,4.97,6.76,5.22,5.27,6.04,6.34,6.14,5.66,7.53,8.27,6.94,7.60,4.98,8.02,7.09,7.37,7.67,5.88,8.54,6.67,7.40,5.82,7.46,4.70],
  [8.48,9.26,1.80,12.48,22.10,11.44,13.83,12.12,11.44,9.08,0.59,4.97,2.47,99.00,2.43,3.27,3.52,3.50,1.59,6.17,2.98,4.55,11.58,17.32,15.40,20.57,27.25,23.59,21.09,26.06,16.54,12.35,12.24,16.11,13.71,17.19,14.08,16.16,13.44,16.82,16.07,12.62,14.32,12.79,16.03,15.18,17.11,14.55,15.86,14.82,12.79,13.25,14.72,13.30,12.15,12.97,10.05,12.88,10.49,9.50,9.45,12.02,10.07,12.98,10.29,9.68,10.98,10.25,12.73,11.26,12.16,12.65,9.99,11.70,9.78,12.68,8.98,11.10,6.63,5.39,6.67,6.75,6.62,8.50,6.87,5.99,7.58,7.88,4.20,3.47,7.77,7.83,6.68,7.70,3.92,7.49,7.11,7.13,7.56,5.77,8.27,9.10,9.80,8.25,9.82,7.01],
  [8.42,6.83,3.36,12.06,20.66,12.99,11.99,10.08,10.39,8.90,2.56,3.30,2.58,2.43,99.00,0.87,1.89,1.69,1.80,4.38,2.26,3.02,10.67,16.17,13.86,19.73,26.29,22.91,20.27,25.07,16.49,11.26,11.62,15.42,13.03,16.26,13.45,15.17,12.66,15.98,15.30,11.80,14.00,11.42,15.01,14.41,17.07,13.80,14.99,14.23,12.30,12.51,13.71,12.66,11.16,11.92,9.82,12.59,10.29,9.43,9.65,11.71,10.12,12.68,9.69,9.68,10.69,9.49,12.32,11.05,11.74,12.25,9.29,11.41,8.91,12.44,8.66,10.97,7.86,7.17,8.07,8.24,7.55,9.34,7.81,7.64,8.62,8.93,4.01,3.87,5.41,5.79,4.52,5.38,2.43,5.51,4.82,4.96,5.33,3.51,6.13,7.90,8.49,7.90,8.41,7.04],
  [8.30,5.99,4.22,12.30,20.44,13.40,11.62,9.60,10.40,9.26,3.43,2.72,2.90,3.27,0.87,99.00,1.54,1.27,2.62,3.70,2.32,2.53,10.74,16.10,13.63,19.78,26.27,23.00,20.31,25.04,16.83,11.25,11.79,15.54,13.16,16.27,13.60,15.17,12.76,16.03,15.38,11.89,14.26,11.29,15.00,14.50,17.41,13.90,15.03,14.39,12.51,12.63,13.71,12.81,11.19,11.92,9.60,12.32,10.09,9.28,9.59,11.44,10.00,12.41,9.35,9.55,10.45,9.09,12.02,10.83,11.44,11.95,8.92,11.15,8.48,12.20,8.44,10.77,8.20,7.71,8.46,8.67,7.80,9.51,8.04,8.14,8.88,9.18,4.52,4.54,4.73,5.37,4.04,4.75,2.60,5.14,4.22,4.47,4.78,2.98,5.64,7.36,7.90,7.68,7.80,6.98],
  [6.76,6.36,4.96,13.83,21.87,12.23,12.94,10.82,11.94,10.74,3.90,1.49,1.97,3.52,1.89,1.54,99.00,0.29,3.55,2.67,1.12,1.14,12.28,17.61,15.06,21.31,27.78,24.54,21.84,26.55,18.33,12.77,13.33,17.08,14.70,17.80,15.14,16.70,14.30,17.57,16.92,13.43,15.78,12.77,16.52,16.04,18.91,15.44,16.57,15.92,14.04,14.17,15.24,14.35,12.73,13.44,8.06,10.79,8.55,7.74,8.07,9.91,8.46,10.88,7.84,8.02,8.91,7.61,10.50,9.29,9.92,10.43,7.43,9.62,7.03,10.66,6.90,9.23,7.00,6.84,7.33,7.58,6.50,8.13,6.73,7.16,7.58,7.87,5.90,5.75,5.69,6.70,5.34,5.80,4.12,6.51,5.35,5.73,5.97,4.26,6.88,6.01,6.62,6.14,6.56,5.46],
  [7.04,6.19,4.86,13.57,21.59,12.49,12.66,10.55,11.66,10.50,3.85,1.62,2.15,3.50,1.69,1.27,0.29,99.00,3.41,2.76,1.34,1.33,12.00,17.33,14.77,21.03,27.50,24.26,21.56,26.27,18.08,12.49,13.06,16.81,14.43,17.52,14.87,16.41,14.02,17.29,16.64,13.15,15.52,12.49,16.24,15.76,18.66,15.16,16.29,15.65,13.77,13.89,14.96,14.08,12.45,13.16,8.33,11.06,8.82,8.02,8.35,10.17,8.74,11.14,8.10,8.30,9.18,7.85,10.76,9.57,10.18,10.69,7.67,9.89,7.26,10.93,7.17,9.51,7.25,7.04,7.58,7.82,6.77,8.41,7.00,7.39,7.85,8.14,5.68,5.57,5.44,6.42,5.06,5.55,3.86,6.23,5.08,5.46,5.70,3.98,6.60,6.21,6.79,6.41,6.72,5.75],
  [9.54,8.34,1.62,11.09,20.51,13.02,12.26,10.62,9.88,7.75,1.28,5.03,3.39,1.59,1.80,2.62,3.55,3.41,99.00,6.15,3.51,4.69,10.05,15.76,13.81,19.07,25.73,22.14,19.60,24.54,15.30,10.79,10.78,14.64,12.24,15.67,12.63,14.62,11.94,15.32,14.58,11.11,12.97,11.21,14.49,13.69,15.88,13.06,14.35,13.38,11.37,11.77,13.18,11.84,10.61,11.42,11.04,13.86,11.50,10.57,10.63,12.98,11.19,13.96,11.10,10.78,11.95,10.96,13.65,12.27,13.07,13.57,10.74,12.67,10.43,13.69,9.92,12.15,8.14,6.98,8.22,8.31,8.04,9.91,8.30,7.57,9.04,9.35,2.77,2.29,6.55,6.35,5.29,6.41,2.38,6.00,5.81,5.74,6.20,4.49,6.84,9.53,10.16,9.17,10.12,8.09],
  [6.11,5.12,7.61,15.61,22.46,13.08,13.27,10.92,13.29,12.78,6.57,1.20,4.19,6.17,4.38,3.70,2.67,2.76,6.15,99.00,3.36,1.65,13.75,18.65,15.72,22.58,28.84,25.90,23.11,27.59,20.27,14.05,14.99,18.58,16.26,19.05,16.73,17.92,15.78,18.91,18.34,14.91,17.58,13.75,17.73,17.48,20.85,16.92,17.91,17.52,15.76,15.70,16.50,15.96,14.09,14.72,6.97,9.40,7.46,6.90,7.55,8.55,7.70,9.47,6.29,7.25,7.67,5.87,9.00,8.12,8.44,8.93,5.78,8.31,5.20,9.35,5.86,8.16,8.00,8.50,8.48,8.80,7.24,8.45,7.42,8.64,8.25,8.49,8.20,8.23,5.65,7.37,6.09,5.94,6.12,7.32,5.71,6.34,6.36,5.15,7.29,3.85,4.28,5.19,4.13,5.25],
  [6.17,7.46,4.64,14.31,22.76,11.16,13.92,11.85,12.63,11.10,3.47,2.17,0.88,2.98,2.26,2.32,1.12,1.34,3.51,3.36,99.00,1.71,12.93,18.38,15.95,21.99,28.52,25.17,22.52,27.30,18.69,13.49,13.88,17.68,15.29,18.50,15.71,17.41,14.91,18.23,17.55,14.06,16.24,13.59,17.24,16.67,19.27,16.05,17.24,16.49,14.55,14.77,15.95,14.92,13.41,14.15,7.60,10.40,8.07,7.18,7.39,9.52,7.86,10.49,7.59,7.43,8.49,7.45,10.16,8.84,9.58,10.09,7.23,9.21,6.93,10.24,6.46,8.74,5.93,5.72,6.25,6.48,5.49,7.19,5.73,6.05,6.57,6.87,6.14,5.80,6.78,7.67,6.32,6.88,4.69,7.45,6.40,6.73,7.00,5.24,7.89,6.14,6.83,5.70,6.85,4.78],
  [6.00,6.09,6.07,14.81,22.46,12.13,13.40,11.18,12.78,11.79,4.98,0.46,2.56,4.55,3.02,2.53,1.14,1.33,4.69,1.65,1.71,99.00,13.16,18.35,15.66,22.14,28.55,25.40,22.68,27.31,19.36,13.59,14.27,17.98,15.61,18.62,16.06,17.50,15.19,18.42,17.79,14.32,16.77,13.48,17.32,16.92,19.94,16.33,17.41,16.85,15.00,15.07,16.06,15.28,13.57,14.26,7.18,9.84,7.67,6.93,7.37,8.96,7.68,9.92,6.84,7.23,7.99,6.56,9.52,8.40,8.94,9.45,6.39,8.69,5.95,9.74,6.01,8.37,6.93,7.12,7.34,7.63,6.29,7.76,6.51,7.35,7.36,7.63,7.00,6.88,5.92,7.24,5.88,6.11,5.12,7.10,5.74,6.23,6.38,4.83,7.32,4.88,5.48,5.27,5.42,4.82],
  [19.04,11.43,10.31,2.69,10.98,22.96,5.90,6.72,0.74,3.75,11.09,13.20,13.18,11.58,10.67,10.74,12.28,12.00,10.05,13.75,12.93,13.16,99.00,5.84,5.22,9.07,15.68,12.26,9.60,14.49,7.31,1.18,1.66,4.83,2.54,5.62,3.03,4.58,2.04,5.31,4.64,1.17,4.36,2.70,4.46,3.76,7.82,3.18,4.32,3.81,2.53,1.96,3.15,2.32,0.69,1.53,20.33,23.00,20.81,20.02,20.30,22.12,20.74,23.07,19.95,20.30,21.15,19.59,22.65,21.55,22.08,22.58,19.47,21.84,18.94,22.89,19.16,21.51,18.19,16.90,18.25,18.33,18.06,19.91,18.32,17.53,19.08,19.39,7.41,8.33,8.97,6.78,7.80,8.54,8.24,6.66,8.43,7.69,7.92,8.62,7.22,17.58,17.90,18.41,17.66,17.69],
  [24.34,15.21,16.13,6.38,5.36,28.75,6.57,8.86,5.89,9.31,16.86,18.32,18.74,17.32,16.17,16.10,17.61,17.33,15.76,18.65,18.38,18.35,5.84,99.00,3.69,4.28,10.20,7.69,4.78,8.95,7.82,4.97,5.87,3.51,4.58,1.61,4.57,1.62,4.43,2.32,2.92,5.00,6.08,4.90,1.56,3.28,8.00,3.76,2.39,4.40,5.92,4.70,2.74,5.03,5.21,4.37,25.50,28.04,25.99,25.28,25.67,27.19,26.03,28.11,24.94,25.58,26.27,24.50,27.65,26.70,27.09,27.58,24.43,26.94,23.83,27.98,24.35,26.70,23.88,22.68,23.98,24.07,23.69,25.51,23.95,23.30,24.73,25.04,13.21,14.15,13.23,11.28,12.57,12.86,13.76,11.33,12.97,12.31,12.35,13.56,11.45,22.35,22.54,23.61,22.24,23.07],
  [21.64,11.84,14.51,7.18,6.81,26.78,2.91,5.31,4.80,8.93,15.02,15.55,16.44,15.40,13.86,13.63,15.06,14.77,13.81,15.72,15.95,15.66,5.22,3.69,99.00,7.95,13.35,11.33,8.43,12.08,10.36,4.04,6.25,6.15,5.69,4.98,6.00,4.16,5.16,5.41,5.54,5.12,7.86,2.78,3.90,5.28,10.69,5.33,4.80,6.33,6.78,5.41,3.75,5.96,4.56,3.88,22.68,25.10,23.17,22.53,23.03,24.26,23.31,25.16,21.98,22.86,23.39,21.49,24.66,23.84,24.11,24.59,21.45,24.03,20.81,25.06,21.54,23.87,21.72,20.78,21.89,22.04,21.41,23.15,21.65,21.35,22.48,22.78,11.59,12.62,10.12,8.42,9.77,9.80,11.58,8.56,10.01,9.44,9.37,10.84,8.43,19.29,19.40,20.83,19.07,20.47],
  [28.07,19.41,19.18,8.38,5.98,31.85,10.84,13.13,9.37,11.80,20.06,22.15,22.25,20.57,19.73,19.78,21.31,21.03,19.07,22.58,21.99,22.14,9.07,4.28,7.95,99.00,6.74,3.42,0.54,5.64,7.07,8.55,8.38,4.56,6.89,3.53,6.57,4.65,7.13,3.76,4.50,7.96,7.04,8.94,4.86,5.39,6.93,6.03,4.75,5.91,7.98,7.32,6.09,7.32,8.58,7.88,29.32,31.93,29.81,29.04,29.36,31.06,29.77,32.01,28.85,29.33,30.12,28.45,31.56,30.53,30.99,31.49,28.35,30.80,27.78,31.85,28.15,30.50,27.20,25.81,27.23,27.29,27.11,28.97,27.37,26.46,28.12,28.43,16.37,17.21,17.32,15.28,16.50,16.93,17.30,15.28,16.98,16.28,16.38,17.44,15.52,26.35,26.59,27.41,26.30,26.74],
  [34.53,25.19,25.90,15.11,7.69,38.57,16.18,18.64,15.90,18.54,26.75,28.52,28.84,27.25,26.29,26.27,27.78,27.50,25.73,28.84,28.52,28.55,15.68,10.20,13.35,6.74,99.00,4.63,6.25,1.27,13.07,15.03,15.11,11.29,13.61,10.06,13.30,11.13,13.82,10.44,11.22,14.62,13.68,15.09,11.28,12.10,12.75,12.74,11.38,12.65,14.72,14.02,12.58,14.05,15.14,14.37,35.70,38.24,36.19,35.48,35.85,37.38,36.22,38.31,35.14,35.77,36.47,34.69,37.84,36.90,37.28,37.77,34.62,37.14,34.01,38.18,34.54,36.90,33.87,32.52,33.92,33.98,33.74,35.58,34.00,33.17,34.76,35.07,23.06,23.92,23.37,21.47,22.77,23.01,23.86,21.53,23.15,22.50,22.52,23.76,21.61,32.52,32.69,33.81,32.37,33.24],
  [31.29,22.83,22.12,11.16,7.99,34.73,14.24,16.55,12.63,14.62,23.06,25.43,25.38,23.59,22.91,23.00,24.54,24.26,22.14,25.90,25.17,25.40,12.26,7.69,11.33,3.42,4.63,99.00,2.91,4.05,8.52,11.86,11.36,7.50,9.90,6.89,9.51,8.02,10.25,6.99,7.62,11.11,9.51,12.34,8.24,8.50,8.17,9.11,8.00,8.77,10.82,10.40,9.42,10.30,11.84,11.18,32.58,35.23,33.07,32.28,32.55,34.35,32.99,35.30,32.16,32.55,33.39,31.77,34.87,33.80,34.30,34.80,31.67,34.08,31.11,35.13,31.41,33.76,30.22,28.73,30.21,30.25,30.18,32.05,30.44,29.40,31.17,31.47,19.39,20.17,20.71,18.65,19.84,20.32,20.48,18.63,20.35,19.64,19.75,20.76,18.91,29.70,29.95,30.66,29.68,29.94],
  [28.60,19.93,19.69,8.86,6.08,32.36,11.34,13.63,9.91,12.30,20.58,22.68,22.78,21.09,20.27,20.31,21.84,21.56,19.60,23.11,22.52,22.68,9.60,4.78,8.43,0.54,6.25,2.91,99.00,5.18,7.34,9.09,8.89,5.05,7.40,4.06,7.07,5.19,7.66,4.29,5.02,8.49,7.48,9.47,5.40,5.91,7.16,6.54,5.28,6.40,8.47,7.84,6.62,7.83,9.12,8.41,29.85,32.47,30.34,29.58,29.89,31.60,30.31,32.54,29.39,29.86,30.65,28.98,32.10,31.07,31.53,32.03,28.89,31.34,28.32,32.39,28.69,31.04,27.72,26.32,27.75,27.80,27.63,29.49,27.89,26.97,28.64,28.95,16.89,17.72,17.85,15.81,17.04,17.46,17.83,15.81,17.51,16.82,16.91,17.98,16.05,26.89,27.12,27.94,26.84,27.28],
  [33.29,23.93,24.73,14.02,6.52,37.41,14.91,17.37,14.69,17.42,25.57,27.27,27.62,26.06,25.07,25.04,26.55,26.27,24.54,27.59,27.30,27.31,14.49,8.95,12.08,5.64,1.27,4.05,5.18,99.00,12.24,13.81,13.97,10.19,12.47,8.87,12.18,9.92,12.66,9.28,10.09,13.45,12.66,13.84,10.07,10.95,11.95,11.59,10.21,11.55,13.61,12.86,11.37,12.92,13.94,13.16,34.46,36.99,34.95,34.23,34.62,36.13,34.99,37.06,33.88,34.54,35.22,33.43,36.58,35.65,36.02,36.51,33.36,35.88,32.75,36.93,33.30,35.65,32.68,31.35,32.73,32.81,32.54,34.38,32.79,32.00,33.56,33.87,21.88,22.75,22.11,20.22,21.51,21.75,22.65,20.28,21.89,21.25,21.26,22.52,20.35,31.26,31.42,32.57,31.11,32.01],
  [24.83,18.64,14.86,4.80,12.40,27.05,12.42,13.84,8.01,7.59,15.96,19.51,18.69,16.54,16.49,16.83,18.33,18.08,15.30,20.27,18.69,19.36,7.31,7.82,10.36,7.07,13.07,8.52,7.34,12.24,99.00,7.80,5.68,4.35,5.07,6.24,4.61,6.45,5.72,5.50,4.98,6.34,2.95,9.23,6.67,5.08,0.58,5.09,5.68,4.08,4.80,5.60,6.63,5.08,7.38,7.35,26.29,29.08,26.76,25.85,25.93,28.20,26.49,29.17,26.17,26.07,27.18,25.92,28.82,27.53,28.24,28.74,25.75,27.89,25.31,28.93,25.14,27.42,22.98,21.24,22.87,22.84,23.11,24.99,23.36,21.94,24.00,24.30,12.56,13.08,16.09,13.90,14.73,15.66,14.24,13.72,15.45,14.70,15.01,15.36,14.42,24.10,24.54,24.38,24.35,23.39],
  [19.53,11.32,11.18,3.53,9.96,23.78,4.91,6.04,0.92,4.91,11.89,13.59,13.81,12.35,11.26,11.25,12.77,12.49,10.79,14.05,13.49,13.59,1.18,4.97,4.04,8.55,15.03,11.86,9.09,13.81,7.80,99.00,2.49,4.68,2.75,5.03,3.24,3.92,2.11,4.87,4.34,1.49,4.89,1.62,3.75,3.53,8.27,3.08,3.86,3.94,3.26,2.20,2.47,2.73,0.56,0.68,20.76,23.38,21.25,20.50,20.83,22.51,21.23,23.46,20.31,20.78,21.56,19.91,23.02,21.98,22.45,22.94,19.81,22.25,19.25,23.30,19.60,21.95,18.91,17.71,19.01,19.10,18.74,20.57,19.00,18.33,19.78,20.09,8.25,9.22,8.98,6.84,7.99,8.57,8.83,6.79,8.54,7.82,7.97,8.90,7.19,17.84,18.12,18.85,17.85,18.22],
  [20.04,12.98,10.81,1.05,11.21,23.47,7.40,8.37,2.39,3.50,11.71,14.36,14.05,12.24,11.62,11.79,13.33,13.06,10.78,14.99,13.88,14.27,1.66,5.87,6.25,8.38,15.11,11.36,8.89,13.97,5.68,2.49,99.00,3.87,1.49,5.20,1.85,4.35,1.44,4.69,3.88,1.13,2.75,4.11,4.33,3.02,6.21,2.38,3.83,2.61,0.88,1.17,3.19,1.06,1.95,2.39,21.39,24.11,21.88,21.04,21.26,23.23,21.74,24.19,21.10,21.30,22.24,20.78,23.79,22.63,23.22,23.72,20.64,22.95,20.14,23.99,20.23,22.56,18.87,17.43,18.88,18.92,18.82,20.69,19.08,18.09,19.81,20.11,8.04,8.84,10.46,8.27,9.19,10.03,9.22,8.11,9.87,9.12,9.39,9.92,8.75,18.83,19.20,19.47,18.98,18.66],
  [23.83,15.99,14.67,3.82,8.51,27.32,8.54,10.34,5.31,7.25,15.58,18.03,17.89,16.11,15.42,15.54,17.08,16.81,14.64,18.58,17.68,17.98,4.83,3.51,6.15,4.56,11.29,7.50,5.05,10.19,4.35,4.68,3.87,99.00,2.40,2.05,2.03,2.11,2.80,1.28,0.63,3.67,2.77,5.67,2.33,1.15,4.60,1.66,1.36,1.36,3.42,2.91,2.63,2.81,4.52,4.04,25.14,27.82,25.63,24.82,25.07,26.95,25.52,27.90,24.78,25.09,25.97,24.42,27.48,26.37,26.91,27.41,24.30,26.67,23.77,27.72,23.97,26.32,22.74,21.29,22.75,22.79,22.68,24.55,22.94,21.95,23.67,23.98,11.91,12.71,13.65,11.50,12.60,13.24,13.00,11.42,13.18,12.45,12.63,13.44,11.86,22.41,22.72,23.22,22.47,22.46],
  [21.43,13.93,12.30,1.80,9.94,24.96,7.40,8.78,3.13,4.97,13.19,15.68,15.48,13.71,13.03,13.16,14.70,14.43,12.24,16.26,15.29,15.61,2.54,4.58,5.69,6.89,13.61,9.90,7.40,12.47,5.07,2.75,1.49,2.40,99.00,3.75,0.50,2.99,0.64,3.20,2.39,1.39,2.24,4.16,3.02,1.53,5.53,0.90,2.38,1.28,1.34,0.58,2.11,0.47,2.40,2.28,22.76,25.46,23.25,22.43,22.67,24.58,23.13,25.54,22.43,22.69,23.60,22.08,25.13,23.99,24.55,25.05,21.95,24.30,21.44,25.35,21.59,23.93,20.34,18.92,20.36,20.41,20.28,22.15,20.54,19.58,21.28,21.58,9.51,10.33,11.50,9.32,10.34,11.07,10.61,9.20,10.97,10.23,10.45,11.14,9.74,20.09,20.43,20.84,20.19,20.06],
  [24.56,15.96,15.88,5.48,6.48,28.55,7.72,9.84,5.87,8.70,16.70,18.62,18.79,17.19,16.26,16.27,17.80,17.52,15.67,19.05,18.50,18.62,5.62,1.61,4.98,3.53,10.06,6.89,4.06,8.87,6.24,5.03,5.20,2.05,3.75,99.00,3.58,1.13,3.82,0.77,1.56,4.58,4.78,5.46,1.35,2.23,6.40,2.85,1.37,3.19,5.02,4.05,2.56,4.21,5.10,4.36,25.80,28.41,26.29,25.53,25.86,27.54,26.26,28.48,25.32,25.82,26.59,24.92,28.03,27.01,27.47,27.96,24.83,27.28,24.25,28.33,24.63,26.99,23.81,22.49,23.87,23.94,23.68,25.53,23.94,23.13,24.70,25.01,13.01,13.90,13.81,11.76,12.97,13.42,13.83,11.75,13.46,12.76,12.86,13.91,12.01,22.82,23.07,23.89,22.79,23.25],
  [21.87,14.43,12.64,1.90,9.91,25.30,7.83,9.26,3.64,5.24,13.56,16.13,15.89,14.08,13.45,13.60,15.14,14.87,12.63,16.73,15.71,16.06,3.03,4.57,6.00,6.57,13.30,9.51,7.07,12.18,4.61,3.24,1.85,2.03,0.50,3.58,99.00,2.96,1.13,2.97,2.12,1.90,1.86,4.62,3.03,1.35,5.05,0.82,2.26,0.79,1.45,1.09,2.32,0.79,2.90,2.75,23.20,25.91,23.69,22.86,23.09,25.03,23.56,25.99,22.88,23.13,24.05,22.55,25.58,24.43,25.01,25.51,22.41,24.75,21.90,25.79,22.04,24.38,20.72,19.26,20.72,20.77,20.67,22.54,20.93,19.93,21.66,21.96,9.88,10.68,11.99,9.81,10.83,11.57,11.04,9.70,11.46,10.72,10.95,11.62,10.24,20.57,20.91,21.28,20.67,20.49],
  [23.45,14.85,14.88,4.79,6.95,27.54,6.76,8.80,4.78,7.84,15.67,17.50,17.71,16.16,15.17,15.17,16.70,16.41,14.62,17.92,17.41,17.50,4.58,1.62,4.16,4.65,11.13,8.02,5.19,9.92,6.45,3.92,4.35,2.11,2.99,1.13,2.96,99.00,2.92,1.28,1.47,3.60,4.49,4.34,0.26,1.67,6.71,2.15,0.81,2.81,4.33,3.18,1.46,3.45,4.02,3.25,24.68,27.28,25.17,24.42,24.76,26.42,25.15,27.36,24.20,24.71,25.47,23.79,26.91,25.89,26.34,26.84,23.70,26.15,23.13,27.20,23.52,25.87,22.76,21.47,22.83,22.90,22.62,24.46,22.87,22.11,23.64,23.95,11.99,12.89,12.69,10.63,11.85,12.30,12.74,10.62,12.33,11.63,11.73,12.79,10.89,21.69,21.94,22.77,21.66,22.14],
  [21.04,13.35,12.08,2.10,9.78,24.75,6.77,8.13,2.56,4.92,12.93,15.24,15.14,13.44,12.66,12.76,14.30,14.02,11.94,15.78,14.91,15.19,2.04,4.43,5.16,7.13,13.82,10.25,7.66,12.66,5.72,2.11,1.44,2.80,0.64,3.82,1.13,2.92,99.00,3.38,2.64,0.87,2.87,3.52,2.89,1.75,6.17,1.14,2.45,1.85,1.66,0.28,1.78,0.80,1.80,1.64,22.35,25.03,22.84,22.03,22.30,24.15,22.74,25.11,21.98,22.30,23.18,21.63,24.69,23.58,24.11,24.61,21.50,23.87,20.97,24.92,21.18,23.53,20.07,18.70,20.10,20.17,19.98,21.84,20.24,19.35,20.99,21.29,9.24,10.10,10.94,8.77,9.83,10.52,10.23,8.67,10.43,9.70,9.90,10.66,9.17,19.62,19.94,20.43,19.69,19.69],
  [24.33,16.01,15.46,4.86,7.23,28.13,8.04,10.05,5.64,8.17,16.31,18.44,18.49,16.82,15.98,16.03,17.57,17.29,15.32,18.91,18.23,18.42,5.31,2.32,5.41,3.76,10.44,6.99,4.29,9.28,5.50,4.87,4.69,1.28,3.20,0.77,2.97,1.28,3.38,99.00,0.86,4.20,4.03,5.52,1.54,1.67,5.68,2.31,1.01,2.49,4.42,3.58,2.46,3.66,4.85,4.19,25.60,28.23,26.08,25.31,25.61,27.36,26.03,28.31,25.16,25.59,26.41,24.78,27.87,26.82,27.30,27.80,24.67,27.09,24.12,28.14,24.43,26.78,23.45,22.08,23.49,23.55,23.35,25.21,23.61,22.73,24.36,24.67,12.63,13.48,13.78,11.68,12.86,13.38,13.55,11.65,13.38,12.67,12.80,13.77,11.98,22.71,22.98,23.68,22.71,22.99],
  [23.67,15.61,14.68,4.01,8.03,27.35,7.98,9.84,5.05,7.35,15.56,17.83,17.79,16.07,15.30,15.38,16.92,16.64,14.58,18.34,17.55,17.79,4.64,2.92,5.54,4.50,11.22,7.62,5.02,10.09,4.98,4.34,3.88,0.63,2.39,1.56,2.12,1.47,2.64,0.86,99.00,3.50,3.23,5.21,1.70,0.89,5.23,1.52,0.74,1.64,3.57,2.82,2.12,2.83,4.24,3.68,24.96,27.62,25.45,24.66,24.94,26.75,25.37,27.70,24.57,24.93,25.78,24.20,27.28,26.19,26.70,27.20,24.08,26.48,23.54,27.53,23.80,26.15,22.70,21.30,22.73,22.78,22.62,24.49,22.88,21.96,23.62,23.93,11.87,12.70,13.32,11.18,12.32,12.91,12.87,11.13,12.88,12.15,12.31,13.20,11.52,22.15,22.45,23.05,22.19,22.32],
  [20.18,12.54,11.30,2.11,10.29,23.97,6.37,7.52,1.74,4.31,12.12,14.37,14.29,12.62,11.80,11.89,13.43,13.15,11.11,14.91,14.06,14.32,1.17,5.00,5.12,7.96,14.62,11.11,8.49,13.45,6.34,1.49,1.13,3.67,1.39,4.58,1.90,3.60,0.87,4.20,3.50,99.00,3.42,3.07,3.52,2.61,6.83,2.01,3.24,2.67,1.79,0.81,2.27,1.27,1.04,1.27,21.48,24.16,21.97,21.17,21.44,23.28,21.88,24.24,21.11,21.44,22.31,20.76,23.82,22.71,23.24,23.74,20.63,23.00,20.10,24.05,20.31,22.66,19.25,17.91,19.29,19.36,19.15,21.00,19.40,18.55,20.16,20.47,8.44,9.31,10.10,7.92,8.96,9.68,9.37,7.82,9.58,8.84,9.06,9.79,8.34,18.75,19.07,19.56,18.83,18.83],
  [22.41,15.73,12.75,1.97,11.26,25.26,9.64,10.93,5.07,5.24,13.77,16.89,16.32,14.32,14.00,14.26,15.78,15.52,12.97,17.58,16.24,16.77,4.36,6.08,7.86,7.04,13.68,9.51,7.48,12.66,2.95,4.89,2.75,2.77,2.24,4.78,1.86,4.49,2.87,4.03,3.23,3.42,99.00,6.39,4.62,2.84,3.46,2.56,3.69,1.68,1.88,2.71,4.15,2.16,4.45,4.50,23.82,26.57,24.29,23.42,23.58,25.69,24.09,26.66,23.61,23.67,24.69,23.32,26.28,25.05,25.70,26.21,23.16,25.40,22.69,26.44,22.66,24.97,20.90,19.30,20.85,20.86,20.94,22.83,21.20,19.99,21.88,22.19,10.20,10.86,13.20,11.01,11.89,12.77,11.66,10.84,12.59,11.84,12.13,12.58,11.50,21.43,21.83,21.90,21.62,21.00],
  [19.47,10.51,11.81,5.14,9.30,24.22,3.30,4.69,2.13,6.26,12.39,13.43,14.01,12.79,11.42,11.29,12.77,12.49,11.21,13.75,13.59,13.48,2.70,4.90,2.78,8.94,15.09,12.34,9.47,13.84,9.23,1.62,4.11,5.67,4.16,5.46,4.62,4.34,3.52,5.52,5.21,3.07,6.39,99.00,4.11,4.54,9.67,4.25,4.58,5.23,4.85,3.68,3.09,4.24,2.17,1.89,20.62,23.15,21.11,20.41,20.82,22.29,21.17,23.22,20.05,20.71,21.38,19.61,22.75,21.81,22.19,22.68,19.53,22.04,18.93,23.09,19.46,21.81,19.23,18.18,19.37,19.49,18.97,20.76,19.23,18.77,20.03,20.34,8.88,9.90,8.38,6.39,7.67,8.00,9.06,6.44,8.08,7.41,7.46,8.68,6.59,17.47,17.67,18.73,17.38,18.23],
  [23.28,14.62,14.77,4.82,6.92,27.42,6.50,8.55,4.63,7.79,15.55,17.32,17.56,16.03,15.01,15.00,16.52,16.24,14.49,17.73,17.24,17.32,4.46,1.56,3.90,4.86,11.28,8.24,5.40,10.07,6.67,3.75,4.33,2.33,3.02,1.35,3.03,0.26,2.89,1.54,1.70,3.52,4.62,4.11,99.00,1.79,6.93,2.21,0.99,2.94,4.36,3.16,1.31,3.47,3.88,3.09,24.50,27.09,24.99,24.24,24.59,26.23,24.98,27.17,24.00,24.53,25.29,23.59,26.71,25.71,26.15,26.64,23.50,25.97,22.93,27.01,23.33,25.69,22.62,21.36,22.70,22.78,22.47,24.31,22.73,21.99,23.50,23.81,11.87,12.79,12.47,10.42,11.64,12.08,12.58,10.42,12.12,11.42,11.52,12.59,10.67,21.49,21.73,22.59,21.45,21.98],
  [22.79,14.84,13.80,3.24,8.57,26.47,7.50,9.23,4.19,6.51,14.67,16.96,16.90,15.18,14.41,14.50,16.04,15.76,13.69,17.48,16.67,16.92,3.76,3.28,5.28,5.39,12.10,8.50,5.91,10.95,5.08,3.53,3.02,1.15,1.53,2.23,1.35,1.67,1.75,1.67,0.89,2.61,2.84,4.54,1.79,99.00,5.42,0.64,0.91,1.16,2.79,1.93,1.58,1.99,3.39,2.89,24.08,26.75,24.57,23.77,24.05,25.88,24.49,26.83,23.70,24.05,24.91,23.33,26.40,25.31,25.83,26.33,23.22,25.60,22.68,26.65,22.92,25.26,21.81,20.42,21.84,21.90,21.73,23.60,21.99,21.08,22.74,23.04,10.98,11.82,12.51,10.36,11.47,12.10,11.98,10.29,12.05,11.32,11.49,12.34,10.72,21.30,21.60,22.16,21.35,21.44],
  [25.41,19.18,15.43,5.35,12.41,27.59,12.83,14.31,8.52,8.17,16.53,20.09,19.27,17.11,17.07,17.41,18.91,18.66,15.88,20.85,19.27,19.94,7.82,8.00,10.69,6.93,12.75,8.17,7.16,11.95,0.58,8.27,6.21,4.60,5.53,6.40,5.05,6.71,6.17,5.68,5.23,6.83,3.46,9.67,6.93,5.42,99.00,5.49,5.95,4.47,5.34,6.07,6.99,5.56,7.87,7.80,26.87,29.66,27.34,26.43,26.51,28.78,27.07,29.75,26.75,26.65,27.76,26.50,29.40,28.11,28.82,29.32,26.33,28.47,25.89,29.51,25.72,28.00,23.54,21.80,23.43,23.40,23.68,25.56,23.93,22.49,24.56,24.86,13.14,13.66,16.64,14.45,15.29,16.21,14.82,14.27,16.01,15.26,15.56,15.93,14.96,24.68,25.11,24.96,24.92,23.97],
  [22.19,14.39,13.16,2.66,9.10,25.83,7.35,8.94,3.66,5.87,14.03,16.38,16.28,14.55,13.80,13.90,15.44,15.16,13.06,16.92,16.05,16.33,3.18,3.76,5.33,6.03,12.74,9.11,6.54,11.59,5.09,3.08,2.38,1.66,0.90,2.85,0.82,2.15,1.14,2.31,1.52,2.01,2.56,4.25,2.21,0.64,5.49,99.00,1.49,1.02,2.20,1.29,1.59,1.36,2.87,2.47,23.49,26.17,23.98,23.17,23.44,25.29,23.89,26.25,23.12,23.45,24.32,22.76,25.83,24.72,25.25,25.75,22.64,25.02,22.11,26.07,22.33,24.67,21.18,19.78,21.21,21.26,21.10,22.97,21.36,20.44,22.10,22.41,10.35,11.18,12.02,9.86,10.94,11.60,11.37,9.77,11.53,10.80,10.99,11.78,10.24,20.75,21.06,21.57,20.81,20.83],
  [23.33,15.04,14.53,4.14,7.66,27.20,7.26,9.17,4.64,7.33,15.36,17.43,17.50,15.86,14.99,15.03,16.57,16.29,14.35,17.91,17.24,17.41,4.32,2.39,4.80,4.75,11.38,8.00,5.28,10.21,5.68,3.86,3.83,1.36,2.38,1.37,2.26,0.81,2.45,1.01,0.74,3.24,3.69,4.58,0.99,0.91,5.95,1.49,99.00,2.02,3.68,2.68,1.49,2.85,3.84,3.18,24.59,27.23,25.08,24.30,24.61,26.36,25.03,27.30,24.16,24.59,25.40,23.77,26.87,25.81,26.30,26.80,23.67,26.09,23.11,27.14,23.43,25.78,22.49,21.14,22.53,22.60,22.38,24.23,22.63,21.79,23.39,23.70,11.67,12.54,12.79,10.69,11.86,12.39,12.55,10.65,12.38,11.67,11.81,12.76,10.99,21.71,21.98,22.68,21.71,22.00],
  [22.64,15.19,13.36,2.47,9.64,25.99,8.36,9.90,4.40,5.91,14.29,16.92,16.66,14.82,14.23,14.39,15.92,15.65,13.38,17.52,16.49,16.85,3.81,4.40,6.33,5.91,12.65,8.77,6.40,11.55,4.08,3.94,2.61,1.36,1.28,3.19,0.79,2.81,1.85,2.49,1.64,2.67,1.68,5.23,2.94,1.16,4.47,1.02,2.02,99.00,2.07,1.86,2.58,1.57,3.65,3.40,23.99,26.69,24.47,23.64,23.87,25.81,24.34,26.78,23.67,23.90,24.83,23.34,26.37,25.22,25.79,26.30,23.20,25.53,22.69,26.58,22.82,25.16,21.45,19.97,21.45,21.49,21.42,23.29,21.68,20.64,22.40,22.71,10.63,11.40,12.77,10.59,11.61,12.35,11.82,10.48,12.25,11.50,11.72,12.41,11.01,21.36,21.70,22.06,21.46,21.26],
  [20.72,13.85,11.30,0.46,11.28,23.92,8.15,9.22,3.26,3.83,12.25,15.10,14.68,12.79,12.30,12.51,14.04,13.77,11.37,15.76,14.55,15.00,2.53,5.92,6.78,7.98,14.72,10.82,8.47,13.61,4.80,3.26,0.88,3.42,1.34,5.02,1.45,4.33,1.66,4.42,3.57,1.79,1.88,4.85,4.36,2.79,5.34,2.20,3.68,2.07,99.00,1.39,3.40,0.91,2.75,3.03,22.10,24.83,22.58,21.72,21.92,23.95,22.41,24.91,21.84,21.98,22.95,21.53,24.52,23.33,23.95,24.45,21.38,23.66,20.90,24.70,20.93,23.26,19.41,17.91,19.40,19.43,19.40,21.28,19.65,18.58,20.37,20.67,8.61,9.35,11.32,9.13,10.02,10.89,9.92,8.96,10.71,9.96,10.25,10.73,9.62,19.61,19.99,20.17,19.78,19.32],
  [20.91,13.35,11.87,1.82,10.05,24.55,6.95,8.24,2.55,4.66,12.74,15.13,14.99,13.25,12.51,12.63,14.17,13.89,11.77,15.70,14.77,15.07,1.96,4.70,5.41,7.32,14.02,10.40,7.84,12.86,5.60,2.20,1.17,2.91,0.58,4.05,1.09,3.18,0.28,3.58,2.82,0.81,2.71,3.68,3.16,1.93,6.07,1.29,2.68,1.86,1.39,99.00,2.06,0.57,1.82,1.79,22.23,24.91,22.71,21.90,22.16,24.04,22.61,24.99,21.88,22.17,23.06,21.53,24.58,23.46,24.01,24.51,21.40,23.76,20.88,24.81,21.06,23.40,19.89,18.50,19.91,19.97,19.81,21.67,20.07,19.15,20.81,21.12,9.05,9.90,10.91,8.73,9.77,10.49,10.09,8.62,10.39,9.65,9.87,10.58,9.15,19.53,19.86,20.31,19.62,19.55],
  [22.00,13.56,13.46,3.85,8.04,26.11,5.92,7.72,3.32,6.58,14.24,16.06,16.25,14.72,13.71,13.71,15.24,14.96,13.18,16.50,15.95,16.06,3.15,2.74,3.75,6.09,12.58,9.42,6.62,11.37,6.63,2.47,3.19,2.63,2.11,2.56,2.32,1.46,1.78,2.46,2.12,2.27,4.15,3.09,1.31,1.58,6.99,1.59,1.49,2.58,3.40,2.06,99.00,2.50,2.57,1.80,23.23,25.85,23.72,22.97,23.30,24.98,23.70,25.92,22.77,23.26,24.03,22.37,25.48,24.45,24.91,25.40,22.27,24.71,21.70,25.76,22.07,24.42,21.31,20.05,21.38,21.47,21.16,23.00,21.42,20.68,22.19,22.50,10.56,11.48,11.33,9.24,10.43,10.93,11.28,9.21,10.94,10.23,10.35,11.36,9.52,20.28,20.54,21.32,20.27,20.69],
  [21.08,13.75,11.87,1.37,10.39,24.53,7.52,8.77,2.98,4.52,12.78,15.35,15.10,13.30,12.66,12.81,14.35,14.08,11.84,15.96,14.92,15.28,2.32,5.03,5.96,7.32,14.05,10.30,7.83,12.92,5.08,2.73,1.06,2.81,0.47,4.21,0.79,3.45,0.80,3.66,2.83,1.27,2.16,4.24,3.47,1.99,5.56,1.36,2.85,1.57,0.91,0.57,2.50,99.00,2.31,2.36,22.42,25.12,22.90,22.07,22.30,24.24,22.77,25.20,22.10,22.34,23.26,21.77,24.80,23.65,24.22,24.73,21.63,23.96,21.12,25.01,21.25,23.59,19.93,18.49,19.94,19.99,19.88,21.75,20.14,19.15,20.87,21.18,9.10,9.90,11.29,9.10,10.08,10.86,10.25,8.97,10.73,9.99,10.23,10.86,9.54,19.80,20.15,20.49,19.92,19.70],
  [19.49,11.55,10.93,3.00,10.31,23.56,5.45,6.49,0.80,4.43,11.68,13.60,13.69,12.15,11.16,11.19,12.73,12.45,10.61,14.09,13.41,13.57,0.69,5.21,4.56,8.58,15.14,11.84,9.12,13.94,7.38,0.56,1.95,4.52,2.40,5.10,2.90,4.02,1.80,4.85,4.24,1.04,4.45,2.17,3.88,3.39,7.87,2.87,3.84,3.65,2.75,1.82,2.57,2.31,99.00,0.86,20.75,23.39,21.24,20.46,20.77,22.52,21.19,23.47,20.33,20.74,21.56,19.95,23.04,21.97,22.47,22.97,19.84,22.25,19.30,23.30,19.58,21.93,18.74,17.49,18.82,18.90,18.60,20.44,18.85,18.12,19.62,19.93,8.01,8.95,9.15,6.99,8.08,8.74,8.73,6.91,8.67,7.93,8.12,8.95,7.38,17.91,18.21,18.83,17.96,18.16],
  [20.20,11.95,11.77,3.37,9.46,24.39,5.16,6.51,1.54,5.24,12.50,14.27,14.47,12.97,11.92,11.92,13.44,13.16,11.42,14.72,14.15,14.26,1.53,4.37,3.88,7.88,14.37,11.18,8.41,13.16,7.35,0.68,2.39,4.04,2.28,4.36,2.75,3.25,1.64,4.19,3.68,1.27,4.50,1.89,3.09,2.89,7.80,2.47,3.18,3.40,3.03,1.79,1.80,2.36,0.86,99.00,21.44,24.06,21.93,21.17,21.50,23.19,21.90,24.14,20.98,21.46,22.24,20.59,23.69,22.65,23.13,23.62,20.49,22.92,19.93,23.97,20.27,22.63,19.55,18.32,19.63,19.72,19.38,21.22,19.64,18.94,20.42,20.73,8.85,9.79,9.64,7.51,8.67,9.23,9.49,7.47,9.21,8.49,8.64,9.58,7.84,18.52,18.79,19.53,18.53,18.89],
  [1.64,11.70,11.85,21.87,29.43,8.79,20.24,17.87,19.95,18.70,10.64,7.19,7.67,10.05,9.82,9.60,8.06,8.33,11.04,6.97,7.60,7.18,20.33,25.50,22.68,29.32,35.70,32.58,29.85,34.46,26.29,20.76,21.39,25.14,22.76,25.80,23.20,24.68,22.35,25.60,24.96,21.48,23.82,20.62,24.50,24.08,26.87,23.49,24.59,23.99,22.10,22.23,23.23,22.42,20.75,21.44,99.00,2.83,0.49,0.79,1.76,1.97,1.17,2.93,1.51,0.99,0.93,2.20,2.72,1.24,2.18,2.64,1.93,1.64,2.64,2.64,1.17,1.19,5.88,7.89,6.48,6.83,5.00,4.31,4.91,7.45,5.13,5.11,13.74,13.33,12.62,14.28,12.96,12.91,12.18,14.19,12.66,13.25,13.31,11.94,14.25,4.08,4.54,1.92,4.97,3.08],
  [4.43,13.73,14.68,24.62,31.79,9.89,22.56,20.14,22.59,21.49,13.47,9.80,10.50,12.88,12.59,12.32,10.79,11.06,13.86,9.40,10.40,9.84,23.00,28.04,25.10,31.93,38.24,35.23,32.47,36.99,29.08,23.38,24.11,27.82,25.46,28.41,25.91,27.28,25.03,28.23,27.62,24.16,26.57,23.15,27.09,26.75,29.66,26.17,27.23,26.69,24.83,24.91,25.85,25.12,23.39,24.06,2.83,99.00,2.40,3.43,3.89,0.88,3.09,0.12,3.11,3.35,1.91,3.64,0.61,1.64,1.00,0.64,3.65,1.19,4.32,0.35,3.94,1.89,8.25,10.38,8.79,9.11,7.48,6.29,7.33,9.85,7.33,7.21,16.54,16.14,14.98,16.77,15.48,15.30,14.91,16.71,15.11,15.74,15.75,14.50,16.67,5.90,6.02,4.70,6.43,5.89],
  [2.02,12.16,12.28,22.35,29.92,8.70,20.73,18.35,20.44,19.17,11.07,7.68,8.12,10.49,10.29,10.09,8.55,8.82,11.50,7.46,8.07,7.67,20.81,25.99,23.17,29.81,36.19,33.07,30.34,34.95,26.76,21.25,21.88,25.63,23.25,26.29,23.69,25.17,22.84,26.08,25.45,21.97,24.29,21.11,24.99,24.57,27.34,23.98,25.08,24.47,22.58,22.71,23.72,22.90,21.24,21.93,0.49,2.40,99.00,1.05,1.80,1.58,1.05,2.51,1.76,1.08,0.61,2.47,2.36,0.77,1.87,2.29,2.25,1.25,2.98,2.19,1.65,0.71,6.09,8.14,6.67,7.01,5.24,4.38,5.12,7.67,5.27,5.22,14.21,13.78,13.11,14.77,13.45,13.40,12.66,14.68,13.15,13.74,13.80,12.43,14.74,4.48,4.90,2.41,5.33,3.49],
  [1.03,11.79,11.29,21.49,29.31,8.11,20.16,17.82,19.67,18.27,10.09,6.99,7.18,9.50,9.43,9.28,7.74,8.02,10.57,6.90,7.18,6.93,20.02,25.28,22.53,29.04,35.48,32.28,29.58,34.23,25.85,20.50,21.04,24.82,22.43,25.53,22.86,24.42,22.03,25.31,24.66,21.17,23.42,20.41,24.24,23.77,26.43,23.17,24.30,23.64,21.72,21.90,22.97,22.07,20.46,21.17,0.79,3.43,1.05,99.00,1.06,2.63,0.80,3.54,2.17,0.37,1.64,2.80,3.41,1.79,2.91,3.34,2.49,2.29,3.12,3.19,1.12,1.59,5.09,7.12,5.69,6.04,4.22,3.54,4.12,6.67,4.34,4.32,13.29,12.83,12.54,14.12,12.78,12.81,11.82,14.01,12.53,13.09,13.18,11.74,14.12,4.41,4.97,1.71,5.38,2.50],
  [1.44,12.55,11.22,21.66,29.83,7.06,20.72,18.43,19.99,18.38,10.04,7.49,7.25,9.45,9.65,9.59,8.07,8.35,10.63,7.55,7.39,7.37,20.30,25.67,23.03,29.36,35.85,32.55,29.89,34.62,25.93,20.83,21.26,25.07,22.67,25.86,23.09,24.76,22.30,25.61,24.94,21.44,23.58,20.82,24.59,24.05,26.51,23.44,24.61,23.87,21.92,22.16,23.30,22.30,20.77,21.50,1.76,3.89,1.80,1.06,99.00,3.22,0.81,4.00,3.22,0.77,2.39,3.86,4.02,2.35,3.60,3.95,3.55,2.90,4.16,3.59,2.06,2.02,4.37,6.49,4.93,5.26,3.59,2.58,3.44,5.97,3.50,3.43,13.39,12.86,13.14,14.61,13.25,13.38,12.07,14.47,13.07,13.59,13.71,12.19,14.65,5.38,5.99,2.46,6.39,2.61],
  [3.60,12.96,13.82,23.74,30.97,9.64,21.74,19.33,21.72,20.61,12.61,8.92,9.63,12.02,11.71,11.44,9.91,10.17,12.98,8.55,9.52,8.96,22.12,27.19,24.26,31.06,37.38,34.35,31.60,36.13,28.20,22.51,23.23,26.95,24.58,27.54,25.03,26.42,24.15,27.36,26.75,23.28,25.69,22.29,26.23,25.88,28.78,25.29,26.36,25.81,23.95,24.04,24.98,24.24,22.52,23.19,1.97,0.88,1.58,2.63,3.22,99.00,2.41,0.97,2.29,2.60,1.04,2.87,0.80,0.88,0.50,0.73,2.83,0.34,3.54,0.81,3.06,1.21,7.58,9.68,8.15,8.48,6.77,5.73,6.64,9.18,6.71,6.62,15.66,15.27,14.14,15.92,14.62,14.46,14.03,15.86,14.26,14.89,14.90,13.64,15.83,5.13,5.32,3.82,5.74,5.05],
  [1.70,12.58,11.85,22.17,30.09,7.66,20.95,18.62,20.40,18.92,10.66,7.76,7.80,10.07,10.12,10.00,8.46,8.74,11.19,7.70,7.86,7.68,20.74,26.03,23.31,29.77,36.22,32.99,30.31,34.99,26.49,21.23,21.74,25.52,23.13,26.26,23.56,25.15,22.74,26.03,25.37,21.88,24.09,21.17,24.98,24.49,27.07,23.89,25.03,24.34,22.41,22.61,23.70,22.77,21.19,21.90,1.17,3.09,1.05,0.80,0.81,2.41,99.00,3.20,2.68,0.45,1.61,3.36,3.21,1.53,2.80,3.14,3.09,2.09,3.77,2.80,1.90,1.21,5.18,7.29,5.74,6.07,4.39,3.36,4.25,6.78,4.31,4.23,13.94,13.44,13.33,14.89,13.55,13.60,12.52,14.77,13.31,13.87,13.96,12.50,14.90,5.14,5.66,2.51,6.08,3.10],
  [4.53,13.77,14.78,24.71,31.85,9.99,22.61,20.19,22.67,21.58,13.57,9.87,10.60,12.98,12.68,12.41,10.88,11.14,13.96,9.47,10.49,9.92,23.07,28.11,25.16,32.01,38.31,35.30,32.54,37.06,29.17,23.46,24.19,27.90,25.54,28.48,25.99,27.36,25.11,28.31,27.70,24.24,26.66,23.22,27.17,26.83,29.75,26.25,27.30,26.78,24.91,24.99,25.92,25.20,23.47,24.14,2.93,0.12,2.51,3.54,4.00,0.97,3.20,99.00,3.18,3.46,2.01,3.69,0.60,1.75,1.05,0.63,3.70,1.29,4.37,0.45,4.04,2.00,8.36,10.49,8.91,9.22,7.59,6.40,7.44,9.97,7.44,7.33,16.63,16.24,15.04,16.84,15.55,15.36,15.00,16.78,15.17,15.81,15.81,14.57,16.74,5.95,6.05,4.79,6.46,6.00],
  [2.58,10.69,12.08,21.64,28.68,10.28,19.45,17.04,19.53,18.59,10.86,6.75,7.83,10.29,9.69,9.35,7.84,8.10,11.10,6.29,7.59,6.84,19.95,24.94,21.98,28.85,35.14,32.16,29.39,33.88,26.17,20.31,21.10,24.78,22.43,25.32,22.88,24.20,21.98,25.16,24.57,21.11,23.61,20.05,24.00,23.70,26.75,23.12,24.16,23.67,21.84,21.88,22.77,22.10,20.33,20.98,1.51,3.11,1.76,2.17,3.22,2.29,2.68,3.18,99.00,2.46,1.60,0.71,2.71,2.09,2.14,2.64,0.56,2.09,1.29,3.09,1.62,2.30,7.02,8.88,7.63,8.00,6.08,5.68,6.03,8.52,6.39,6.41,13.69,13.39,11.87,13.66,12.38,12.18,11.95,13.61,12.00,12.64,12.64,11.41,13.56,2.88,3.18,2.15,3.61,3.71],
  [1.26,12.15,11.47,21.74,29.64,7.82,20.50,18.17,19.95,18.50,10.27,7.30,7.39,9.68,9.68,9.55,8.02,8.30,10.78,7.25,7.43,7.23,20.30,25.58,22.86,29.33,35.77,32.55,29.86,34.54,26.07,20.78,21.30,25.09,22.69,25.82,23.13,24.71,22.30,25.59,24.93,21.44,23.67,20.71,24.53,24.05,26.65,23.45,24.59,23.90,21.98,22.17,23.26,22.34,20.74,21.46,0.99,3.35,1.08,0.37,0.77,2.60,0.45,3.46,2.46,99.00,1.68,3.12,3.40,1.73,2.94,3.33,2.82,2.27,3.47,3.09,1.49,1.47,5.01,7.08,5.59,5.93,4.18,3.33,4.05,6.60,4.20,4.16,13.52,13.04,12.88,14.44,13.09,13.15,12.09,14.32,12.86,13.42,13.51,12.05,14.45,4.78,5.33,2.06,5.74,2.69],
  [2.57,12.24,12.78,22.74,30.12,9.19,20.91,18.52,20.76,19.59,11.56,7.97,8.59,10.98,10.69,10.45,8.91,9.18,11.95,7.67,8.49,7.99,21.15,26.27,23.39,30.12,36.47,33.39,30.65,35.22,27.18,21.56,22.24,25.97,23.60,26.59,24.05,25.47,23.18,26.41,25.78,22.31,24.69,21.38,25.29,24.91,27.76,24.32,25.40,24.83,22.95,23.06,24.03,23.26,21.56,22.24,0.93,1.91,0.61,1.64,2.39,1.04,1.61,2.01,1.60,1.68,99.00,2.29,1.79,0.49,1.27,1.71,2.15,0.72,2.89,1.75,2.04,0.73,6.69,8.75,7.28,7.61,5.84,4.96,5.73,8.28,5.88,5.82,14.63,14.24,13.30,15.02,13.71,13.60,13.03,14.94,13.38,13.99,14.02,12.71,14.96,4.46,4.78,2.80,5.21,4.01],
  [3.04,10.10,12.02,21.35,28.17,10.91,18.93,16.50,19.15,18.35,10.81,6.43,7.78,10.25,9.49,9.09,7.61,7.85,10.96,5.87,7.45,6.56,19.59,24.50,21.49,28.45,34.69,31.77,28.98,33.43,25.92,19.91,20.78,24.42,22.08,24.92,22.55,23.79,21.63,24.78,24.20,20.76,23.32,19.61,23.59,23.33,26.50,22.76,23.77,23.34,21.53,21.53,22.37,21.77,19.95,20.59,2.20,3.64,2.47,2.80,3.86,2.87,3.36,3.69,0.71,3.12,2.29,99.00,3.17,2.77,2.64,3.10,0.35,2.72,0.68,3.67,2.05,3.00,7.44,9.22,8.06,8.43,6.49,6.25,6.46,8.90,6.89,6.93,13.50,13.25,11.37,13.22,11.95,11.70,11.68,13.18,11.54,12.19,12.17,11.01,13.09,2.26,2.49,2.39,2.92,3.97],
  [4.35,13.23,14.52,24.32,31.34,10.32,22.09,19.67,22.24,21.23,13.31,9.45,10.31,12.73,12.32,12.02,10.50,10.76,13.65,9.00,10.16,9.52,22.65,27.65,24.66,31.56,37.84,34.87,32.10,36.58,28.82,23.02,23.79,27.48,25.13,28.03,25.58,26.91,24.69,27.87,27.28,23.82,26.28,22.75,26.71,26.40,29.40,25.83,26.87,26.37,24.52,24.58,25.48,24.80,23.04,23.69,2.72,0.61,2.36,3.41,4.02,0.80,3.21,0.60,2.71,3.40,1.79,3.17,99.00,1.67,0.58,0.08,3.22,1.13,3.85,0.87,3.75,2.00,8.38,10.48,8.95,9.27,7.57,6.51,7.44,9.98,7.50,7.41,16.30,15.94,14.53,16.36,15.08,14.86,14.62,16.32,14.69,15.34,15.33,14.12,16.25,5.41,5.49,4.49,5.89,5.79],
  [2.79,12.72,13.05,23.11,30.58,8.93,21.37,18.98,21.17,19.94,11.85,8.39,8.90,11.26,11.05,10.83,9.29,9.57,12.27,8.12,8.84,8.40,21.55,26.70,23.84,30.53,36.90,33.80,31.07,35.65,27.53,21.98,22.63,26.37,23.99,27.01,24.43,25.89,23.58,26.82,26.19,22.71,25.05,21.81,25.71,25.31,28.11,24.72,25.81,25.22,23.33,23.46,24.45,23.65,21.97,22.65,1.24,1.64,0.77,1.79,2.35,0.88,1.53,1.75,2.09,1.73,0.49,2.77,1.67,99.00,1.28,1.61,2.63,0.56,3.38,1.42,2.40,0.37,6.71,8.80,7.27,7.60,5.90,4.87,5.76,8.31,5.84,5.76,14.97,14.55,13.76,15.46,14.14,14.05,13.41,15.38,13.83,14.43,14.47,13.14,15.41,4.94,5.27,3.16,5.69,4.26],
  [3.82,12.73,13.95,23.74,30.80,10.13,21.56,19.14,21.67,20.65,12.74,8.88,9.74,12.16,11.74,11.44,9.92,10.18,13.07,8.44,9.58,8.94,22.08,27.09,24.11,30.99,37.28,34.30,31.53,36.02,28.24,22.45,23.22,26.91,24.55,27.47,25.01,26.34,24.11,27.30,26.70,23.24,25.70,22.19,26.15,25.83,28.82,25.25,26.30,25.79,23.95,24.01,24.91,24.22,22.47,23.13,2.18,1.00,1.87,2.91,3.60,0.50,2.80,1.05,2.14,2.94,1.27,2.64,0.58,1.28,99.00,0.50,2.66,0.73,3.32,1.10,3.18,1.64,7.94,10.01,8.52,8.85,7.11,6.14,6.99,9.54,7.10,7.03,15.72,15.36,13.99,15.81,14.52,14.32,14.04,15.76,14.14,14.78,14.78,13.55,15.70,4.90,5.02,3.92,5.43,5.25],
  [4.28,13.17,14.45,24.25,31.27,10.28,22.03,19.60,22.16,21.15,13.23,9.38,10.24,12.65,12.25,11.95,10.43,10.69,13.57,8.93,10.09,9.45,22.58,27.58,24.59,31.49,37.77,34.80,32.03,36.51,28.74,22.94,23.72,27.41,25.05,27.96,25.51,26.84,24.61,27.80,27.20,23.74,26.21,22.68,26.64,26.33,29.32,25.75,26.80,26.30,24.45,24.51,25.40,24.73,22.97,23.62,2.64,0.64,2.29,3.34,3.95,0.73,3.14,0.63,2.64,3.33,1.71,3.10,0.08,1.61,0.50,99.00,3.15,1.06,3.79,0.87,3.67,1.94,8.32,10.41,8.88,9.21,7.50,6.45,7.37,9.92,7.44,7.35,16.22,15.86,14.47,16.29,15.01,14.80,14.54,16.25,14.62,15.27,15.26,14.05,16.18,5.35,5.43,4.41,5.84,5.72],
  [2.70,10.14,11.77,21.20,28.15,10.60,18.91,16.50,19.04,18.17,10.55,6.28,7.52,9.99,9.29,8.92,7.43,7.67,10.74,5.78,7.23,6.39,19.47,24.43,21.45,28.35,34.62,31.67,28.89,33.36,25.75,19.81,20.64,24.30,21.95,24.83,22.41,23.70,21.50,24.67,24.08,20.63,23.16,19.53,23.50,23.22,26.33,22.64,23.67,23.20,21.38,21.40,22.27,21.63,19.84,20.49,1.93,3.65,2.25,2.49,3.55,2.83,3.09,3.70,0.56,2.82,2.15,0.35,3.22,2.63,2.66,3.15,99.00,2.65,0.74,3.64,1.70,2.83,7.09,8.88,7.72,8.08,6.14,5.91,6.12,8.55,6.54,6.58,13.30,13.02,11.33,13.15,11.87,11.65,11.51,13.10,11.48,12.12,12.11,10.91,13.03,2.32,2.65,2.05,3.08,3.64],
  [3.26,12.79,13.49,23.45,30.75,9.42,21.52,19.12,21.45,20.31,12.28,8.65,9.31,11.70,11.41,11.15,9.62,9.89,12.67,8.31,9.21,8.69,21.84,26.94,24.03,30.80,37.14,34.08,31.34,35.88,27.89,22.25,22.95,26.67,24.30,27.28,24.75,26.15,23.87,27.09,26.48,23.00,25.40,22.04,25.97,25.60,28.47,25.02,26.09,25.53,23.66,23.76,24.71,23.96,22.25,22.92,1.64,1.19,1.25,2.29,2.90,0.34,2.09,1.29,2.09,2.27,0.72,2.72,1.13,0.56,0.73,1.06,2.65,99.00,3.37,1.05,2.75,0.91,7.26,9.35,7.83,8.16,6.44,5.43,6.31,8.86,6.40,6.31,15.35,14.96,13.92,15.68,14.37,14.23,13.74,15.61,14.03,14.65,14.67,13.38,15.60,4.96,5.20,3.51,5.62,4.72],
  [3.14,9.42,11.53,20.72,27.49,11.17,18.24,15.82,18.49,17.75,10.33,5.80,7.30,9.78,8.91,8.48,7.03,7.26,10.43,5.20,6.93,5.95,18.94,23.83,20.81,27.78,34.01,31.11,28.32,32.75,25.31,19.25,20.14,23.77,21.44,24.25,21.90,23.13,20.97,24.12,23.54,20.10,22.69,18.93,22.93,22.68,25.89,22.11,23.11,22.69,20.90,20.88,21.70,21.12,19.30,19.93,2.64,4.32,2.98,3.12,4.16,3.54,3.77,4.37,1.29,3.47,2.89,0.68,3.85,3.38,3.32,3.79,0.74,3.37,99.00,4.34,2.18,3.57,7.41,9.08,8.04,8.41,6.45,6.41,6.46,8.81,6.95,7.02,12.92,12.70,10.69,12.54,11.28,11.02,11.07,12.51,10.86,11.52,11.49,10.35,12.41,1.59,1.92,2.30,2.34,3.83],
  [4.21,13.76,14.47,24.49,31.77,9.55,22.54,20.13,22.50,21.34,13.27,9.71,10.31,12.68,12.44,12.20,10.66,10.93,13.69,9.35,10.24,9.74,22.89,27.98,25.06,31.85,38.18,35.13,32.39,36.93,28.93,23.30,23.99,27.72,25.35,28.33,25.79,27.20,24.92,28.14,27.53,24.05,26.44,23.09,27.01,26.65,29.51,26.07,27.14,26.58,24.70,24.81,25.76,25.01,23.30,23.97,2.64,0.35,2.19,3.19,3.59,0.81,2.80,0.45,3.09,3.09,1.75,3.67,0.87,1.42,1.10,0.87,3.64,1.05,4.34,99.00,3.78,1.62,7.94,10.08,8.48,8.79,7.18,5.96,7.03,9.55,7.01,6.89,16.38,15.97,14.95,16.72,15.42,15.26,14.79,16.65,15.06,15.69,15.70,14.43,16.63,5.93,6.10,4.54,6.51,5.68],
  [0.99,10.69,10.77,20.71,28.30,8.99,19.13,16.77,18.79,17.56,9.56,6.03,6.57,8.98,8.66,8.44,6.90,7.17,9.92,5.86,6.46,6.01,19.16,24.35,21.54,28.15,34.54,31.41,28.69,33.30,25.14,19.60,20.23,23.97,21.59,24.63,22.04,23.52,21.18,24.43,23.80,20.31,22.66,19.46,23.33,22.92,25.72,22.33,23.43,22.82,20.93,21.06,22.07,21.25,19.58,20.27,1.17,3.94,1.65,1.12,2.06,3.06,1.90,4.04,1.62,1.49,2.04,2.05,3.75,2.40,3.18,3.67,1.70,2.75,2.18,3.78,99.00,2.35,5.41,7.26,6.03,6.40,4.47,4.23,4.43,6.90,4.84,4.88,12.60,12.21,11.51,13.14,11.81,11.79,11.01,13.04,11.53,12.11,12.17,10.78,13.11,3.32,3.94,0.76,4.34,2.14],
  [2.62,12.84,12.89,23.03,30.62,8.56,21.43,19.05,21.14,19.84,11.68,8.38,8.76,11.10,10.97,10.77,9.23,9.51,12.15,8.16,8.74,8.37,21.51,26.70,23.87,30.50,36.90,33.76,31.04,35.65,27.42,21.95,22.56,26.32,23.93,26.99,24.38,25.87,23.53,26.78,26.15,22.66,24.97,21.81,25.69,25.26,28.00,24.67,25.78,25.16,23.26,23.40,24.42,23.59,21.93,22.63,1.19,1.89,0.71,1.59,2.02,1.21,1.21,2.00,2.30,1.47,0.73,3.00,2.00,0.37,1.64,1.94,2.83,0.91,3.57,1.62,2.35,99.00,6.39,8.50,6.95,7.27,5.60,4.52,5.46,7.99,5.51,5.41,14.86,14.42,13.81,15.48,14.15,14.10,13.34,15.39,13.86,14.45,14.50,13.13,15.44,5.11,5.48,3.10,5.91,4.09],
  [4.44,12.99,8.16,19.09,28.50,5.23,19.81,17.78,18.01,15.66,7.16,7.28,5.31,6.63,7.86,8.20,7.00,7.25,8.14,8.00,5.93,6.93,18.19,23.88,21.72,27.20,33.87,30.22,27.72,32.68,22.98,18.91,18.87,22.74,20.34,23.81,20.72,22.76,20.07,23.45,22.70,19.25,20.90,19.23,22.62,21.81,23.54,21.18,22.49,21.45,19.41,19.89,21.31,19.93,18.74,19.55,5.88,8.25,6.09,5.09,4.37,7.58,5.18,8.36,7.02,5.01,6.69,7.44,8.38,6.71,7.94,8.32,7.09,7.26,7.41,7.94,5.41,6.39,99.00,2.18,0.62,1.00,0.96,2.21,0.98,1.61,1.08,1.35,10.83,10.06,12.69,13.57,12.24,12.80,10.17,13.32,12.33,12.65,12.93,11.16,13.82,7.93,8.72,5.11,9.02,3.64],
  [6.34,13.15,6.62,17.56,27.49,6.07,19.10,17.24,16.79,14.10,5.82,7.55,4.90,5.39,7.17,7.71,6.84,7.04,6.98,8.50,5.72,7.12,16.90,22.68,20.78,25.81,32.52,28.73,26.32,31.35,21.24,17.71,17.43,21.29,18.92,22.49,19.26,21.47,18.70,22.08,21.30,17.91,19.30,18.18,21.36,20.42,21.80,19.78,21.14,19.97,17.91,18.50,20.05,18.49,17.49,18.32,7.89,10.38,8.14,7.12,6.49,9.68,7.29,10.49,8.88,7.08,8.75,9.22,10.48,8.80,10.01,10.41,8.88,9.35,9.08,10.08,7.26,8.50,2.18,99.00,1.78,1.64,2.91,4.36,3.05,0.70,3.23,3.46,9.48,8.60,12.41,12.95,11.68,12.45,9.23,12.66,11.92,12.12,12.47,10.66,13.30,9.31,10.13,6.83,10.36,5.26],
  [5.05,13.43,8.11,19.07,28.66,4.93,20.05,18.06,18.10,15.62,7.17,7.72,5.56,6.67,8.07,8.46,7.33,7.58,8.22,8.48,6.25,7.34,18.25,23.98,21.89,27.23,33.92,30.21,27.75,32.73,22.87,19.01,18.88,22.75,20.36,23.87,20.72,22.83,20.10,23.49,22.73,19.29,20.85,19.37,22.70,21.84,23.43,21.21,22.53,21.45,19.40,19.91,21.38,19.94,18.82,19.63,6.48,8.79,6.67,5.69,4.93,8.15,5.74,8.91,7.63,5.59,7.28,8.06,8.95,7.27,8.52,8.88,7.72,7.83,8.04,8.48,6.03,6.95,0.62,1.78,99.00,0.37,1.58,2.62,1.60,1.12,1.50,1.69,10.86,10.05,13.02,13.82,12.50,13.12,10.32,13.56,12.64,12.93,13.23,11.44,14.10,8.54,9.33,5.74,9.63,4.26],
  [5.42,13.72,8.13,19.10,28.79,4.75,20.23,18.27,18.19,15.64,7.24,8.01,5.77,6.75,8.24,8.67,7.58,7.82,8.31,8.80,6.48,7.63,18.33,24.07,22.04,27.29,33.98,30.25,27.80,32.81,22.84,19.10,18.92,22.79,20.41,23.94,20.77,22.90,20.17,23.55,22.78,19.36,20.86,19.49,22.78,21.90,23.40,21.26,22.60,21.49,19.43,19.97,21.47,19.99,18.90,19.72,6.83,9.11,7.01,6.04,5.26,8.48,6.07,9.22,8.00,5.93,7.61,8.43,9.27,7.60,8.85,9.21,8.08,8.16,8.41,8.79,6.40,7.27,1.00,1.64,0.37,99.00,1.95,2.89,1.97,0.94,1.78,1.94,10.92,10.09,13.26,14.01,12.70,13.35,10.46,13.75,12.86,13.13,13.44,11.64,14.30,8.91,9.70,6.11,10.00,4.63],
  [3.51,12.30,8.25,19.10,28.21,5.85,19.41,17.31,17.85,15.70,7.17,6.61,4.97,6.62,7.55,7.80,6.50,6.77,8.04,7.24,5.49,6.29,18.06,23.69,21.41,27.11,33.74,30.18,27.63,32.54,23.11,18.74,18.82,22.68,20.28,23.68,20.67,22.62,19.98,23.35,22.62,19.15,20.94,18.97,22.47,21.73,23.68,21.10,22.38,21.42,19.40,19.81,21.16,19.88,18.60,19.38,5.00,7.48,5.24,4.22,3.59,6.77,4.39,7.59,6.08,4.18,5.84,6.49,7.57,5.90,7.11,7.50,6.14,6.44,6.45,7.18,4.47,5.60,0.96,2.91,1.58,1.95,99.00,1.89,0.26,2.45,1.08,1.38,10.79,10.08,12.15,13.16,11.81,12.29,9.93,12.93,11.85,12.21,12.46,10.73,13.37,6.98,7.77,4.15,8.07,2.69],
  [3.27,13.57,10.13,20.98,29.96,4.86,21.07,18.91,19.68,17.58,9.06,8.02,6.76,8.50,9.34,9.51,8.13,8.41,9.91,8.45,7.19,7.76,19.91,25.51,23.15,28.97,35.58,32.05,29.49,34.38,24.99,20.57,20.69,24.55,22.15,25.53,22.54,24.46,21.84,25.21,24.49,21.00,22.83,20.76,24.31,23.60,25.56,22.97,24.23,23.29,21.28,21.67,23.00,21.75,20.44,21.22,4.31,6.29,4.38,3.54,2.58,5.73,3.36,6.40,5.68,3.33,4.96,6.25,6.51,4.87,6.14,6.45,5.91,5.43,6.41,5.96,4.23,4.52,2.21,4.36,2.62,2.89,1.89,99.00,1.63,3.74,1.14,0.94,12.67,11.97,13.68,14.83,13.47,13.85,11.74,14.63,13.44,13.86,14.07,12.39,15.00,7.33,8.04,4.24,8.41,3.29],
  [3.45,12.49,8.50,19.35,28.46,5.66,19.65,17.55,18.11,15.95,7.43,6.82,5.22,6.87,7.81,8.04,6.73,7.00,8.30,7.42,5.73,6.51,18.32,23.95,21.65,27.37,34.00,30.44,27.89,32.79,23.36,19.00,19.08,22.94,20.54,23.94,20.93,22.87,20.24,23.61,22.88,19.40,21.20,19.23,22.73,21.99,23.93,21.36,22.63,21.68,19.65,20.07,21.42,20.14,18.85,19.64,4.91,7.33,5.12,4.12,3.44,6.64,4.25,7.44,6.03,4.05,5.73,6.46,7.44,5.76,6.99,7.37,6.12,6.31,6.46,7.03,4.43,5.46,0.98,3.05,1.60,1.97,0.26,1.63,99.00,2.55,0.86,1.14,11.05,10.34,12.37,13.40,12.05,12.52,10.19,13.18,12.08,12.45,12.70,10.97,13.60,7.03,7.82,4.15,8.13,2.74],
  [5.95,13.42,7.28,18.24,28.07,5.45,19.62,17.71,17.41,14.78,6.44,7.76,5.27,5.99,7.64,8.14,7.16,7.39,7.57,8.64,6.05,7.35,17.53,23.30,21.35,26.46,33.17,29.40,26.97,32.00,21.94,18.33,18.09,21.95,19.58,23.13,19.93,22.11,19.35,22.73,21.96,18.55,19.99,18.77,21.99,21.08,22.49,20.44,21.79,20.64,18.58,19.15,20.68,19.15,18.12,18.94,7.45,9.85,7.67,6.67,5.97,9.18,6.78,9.97,8.52,6.60,8.28,8.90,9.98,8.31,9.54,9.92,8.55,8.86,8.81,9.55,6.90,7.99,1.61,0.70,1.12,0.94,2.45,3.74,2.55,99.00,2.60,2.81,10.12,9.25,12.80,13.43,12.15,12.86,9.78,13.15,12.35,12.58,12.91,11.10,13.76,9.16,9.97,6.53,10.23,4.98],
  [3.84,13.33,9.15,20.06,29.28,4.83,20.49,18.40,18.88,16.64,8.12,7.67,6.04,7.58,8.62,8.88,7.58,7.85,9.04,8.25,6.57,7.36,19.08,24.73,22.48,28.12,34.76,31.17,28.64,33.56,24.00,19.78,19.81,23.67,21.28,24.70,21.66,23.64,20.99,24.36,23.62,20.16,21.88,20.03,23.50,22.74,24.56,22.10,23.39,22.40,20.37,20.81,22.19,20.87,19.62,20.42,5.13,7.33,5.27,4.34,3.50,6.71,4.31,7.44,6.39,4.20,5.88,6.89,7.50,5.84,7.10,7.44,6.54,6.40,6.95,7.01,4.84,5.51,1.08,3.23,1.50,1.78,1.08,1.14,0.86,2.60,99.00,0.31,11.77,11.03,13.23,14.24,12.89,13.37,10.98,14.02,12.93,13.30,13.55,11.81,14.45,7.66,8.43,4.68,8.76,3.40],
  [3.89,13.59,9.46,20.36,29.58,4.60,20.79,18.69,19.19,16.95,8.43,7.94,6.34,7.88,8.93,9.18,7.87,8.14,9.35,8.49,6.87,7.63,19.39,25.04,22.78,28.43,35.07,31.47,28.95,33.87,24.30,20.09,20.11,23.98,21.58,25.01,21.96,23.95,21.29,24.67,23.93,20.47,22.19,20.34,23.81,23.04,24.86,22.41,23.70,22.71,20.67,21.12,22.50,21.18,19.93,20.73,5.11,7.21,5.22,4.32,3.43,6.62,4.23,7.33,6.41,4.16,5.82,6.93,7.41,5.76,7.03,7.35,6.58,6.31,7.02,6.89,4.88,5.41,1.35,3.46,1.69,1.94,1.38,0.94,1.14,2.81,0.31,99.00,12.08,11.34,13.51,14.54,13.19,13.66,11.29,14.31,13.22,13.59,13.84,12.11,14.74,7.79,8.54,4.77,8.88,3.56],
  [12.27,8.88,2.94,8.32,18.13,15.55,10.45,9.24,7.33,4.99,3.69,7.24,6.14,4.20,4.01,4.52,5.90,5.68,2.77,8.20,6.14,7.00,7.41,13.21,11.59,16.37,23.06,19.39,16.89,21.88,12.56,8.25,8.04,11.91,9.51,13.01,9.88,11.99,9.24,12.63,11.87,8.44,10.20,8.88,11.87,10.98,13.14,10.35,11.67,10.63,8.61,9.05,10.56,9.10,8.01,8.85,13.74,16.54,14.21,13.29,13.39,15.66,13.94,16.63,13.69,13.52,14.63,13.50,16.30,14.97,15.72,16.22,13.30,15.35,12.92,16.38,12.60,14.86,10.83,9.48,10.86,10.92,10.79,12.67,11.05,10.12,11.77,12.08,99.00,1.05,6.50,5.39,4.87,6.21,2.27,4.98,5.65,5.22,5.75,4.60,6.04,11.87,12.43,11.84,12.32,10.83],
  [11.81,9.48,1.98,9.03,19.13,14.66,11.50,10.26,8.29,5.61,2.91,7.18,5.66,3.47,3.87,4.54,5.75,5.57,2.29,8.23,5.80,6.88,8.33,14.15,12.62,17.21,23.92,20.17,17.72,22.75,13.08,9.22,8.84,12.71,10.33,13.90,10.68,12.89,10.10,13.48,12.70,9.31,10.86,9.90,12.79,11.82,13.66,11.18,12.54,11.40,9.35,9.90,11.48,9.90,8.95,9.79,13.33,16.14,13.78,12.83,12.86,15.27,13.44,16.24,13.39,13.04,14.24,13.25,15.94,14.55,15.36,15.86,13.02,14.96,12.70,15.97,12.21,14.42,10.06,8.60,10.05,10.09,10.08,11.97,10.34,9.25,11.03,11.34,1.05,99.00,7.24,6.31,5.66,6.98,2.77,5.91,6.39,6.05,6.57,5.24,6.94,11.76,12.36,11.46,12.29,10.35],
  [11.71,2.64,8.06,11.29,16.83,17.92,7.62,5.29,8.37,9.29,7.73,5.70,7.53,7.77,5.41,4.73,5.69,5.44,6.55,5.65,6.78,5.92,8.97,13.23,10.12,17.32,23.37,20.71,17.85,22.11,16.09,8.98,10.46,13.65,11.50,13.81,11.99,12.69,10.94,13.78,13.32,10.10,13.20,8.38,12.47,12.51,16.64,12.02,12.79,12.77,11.32,10.91,11.33,11.29,9.15,9.64,12.62,14.98,13.11,12.54,13.14,14.14,13.33,15.04,11.87,12.88,13.30,11.37,14.53,13.76,13.99,14.47,11.33,13.92,10.69,14.95,11.51,13.81,12.69,12.41,13.02,13.26,12.15,13.68,12.37,12.80,13.23,13.51,6.50,7.24,99.00,2.19,1.69,0.43,4.51,2.38,0.86,1.48,1.08,2.07,1.80,9.17,9.32,10.83,9.01,10.68],
  [13.22,4.76,7.61,9.10,15.22,18.76,6.25,4.31,6.20,7.26,7.63,7.14,8.27,7.83,5.79,5.37,6.70,6.42,6.35,7.37,7.67,7.24,6.78,11.28,8.42,15.28,21.47,18.65,15.81,20.22,13.90,6.84,8.27,11.50,9.32,11.76,9.81,10.63,8.77,11.68,11.18,7.92,11.01,6.39,10.42,10.36,14.45,9.86,10.69,10.59,9.13,8.73,9.24,9.10,6.99,7.51,14.28,16.77,14.77,14.12,14.61,15.92,14.89,16.84,13.66,14.44,15.02,13.22,16.36,15.46,15.81,16.29,13.15,15.68,12.54,16.72,13.14,15.48,13.57,12.95,13.82,14.01,13.16,14.83,13.40,13.43,14.24,14.54,5.39,6.31,2.19,99.00,1.36,1.76,3.99,0.40,1.70,1.03,1.13,2.44,0.69,11.08,11.31,12.42,11.03,12.06],
  [11.87,4.28,6.68,9.94,16.58,17.44,7.60,5.57,7.29,7.71,6.55,5.79,6.94,6.68,4.52,4.04,5.34,5.06,5.29,6.09,6.32,5.88,7.80,12.57,9.77,16.50,22.77,19.84,17.04,21.51,14.73,7.99,9.19,12.60,10.34,12.97,10.83,11.85,9.83,12.86,12.32,8.96,11.89,7.67,11.64,11.47,15.29,10.94,11.86,11.61,10.02,9.77,10.43,10.08,8.08,8.67,12.96,15.48,13.45,12.78,13.25,14.62,13.55,15.55,12.38,13.09,13.71,11.95,15.08,14.14,14.52,15.01,11.87,14.37,11.28,15.42,11.81,14.15,12.24,11.68,12.50,12.70,11.81,13.47,12.05,12.15,12.89,13.19,4.87,5.66,1.69,1.36,99.00,1.35,3.05,1.24,0.84,0.45,0.93,1.08,1.62,9.85,10.13,11.09,9.87,10.70],
  [11.96,3.06,7.89,10.86,16.53,18.03,7.35,5.07,7.96,8.87,7.63,5.91,7.60,7.70,5.38,4.75,5.80,5.55,6.41,5.94,6.88,6.11,8.54,12.86,9.80,16.93,23.01,20.32,17.46,21.75,15.66,8.57,10.03,13.24,11.07,13.42,11.57,12.30,10.52,13.38,12.91,9.68,12.77,8.00,12.08,12.10,16.21,11.60,12.39,12.35,10.89,10.49,10.93,10.86,8.74,9.23,12.91,15.30,13.40,12.81,13.38,14.46,13.60,15.36,12.18,13.15,13.60,11.70,14.86,14.05,14.32,14.80,11.65,14.23,11.02,15.26,11.79,14.10,12.80,12.45,13.12,13.35,12.29,13.85,12.52,12.86,13.37,13.66,6.21,6.98,0.43,1.76,1.35,99.00,4.30,1.96,0.60,1.09,0.65,1.93,1.41,9.51,9.68,11.10,9.38,10.90],
  [10.83,6.71,3.65,9.71,18.34,15.21,9.91,8.24,7.96,6.69,3.66,5.28,4.98,3.92,2.43,2.60,4.12,3.86,2.38,6.12,4.69,5.12,8.24,13.76,11.58,17.30,23.86,20.48,17.83,22.65,14.24,8.83,9.22,13.00,10.61,13.83,11.04,12.74,10.23,13.55,12.87,9.37,11.66,9.06,12.58,11.98,14.82,11.37,12.55,11.82,9.92,10.09,11.28,10.25,8.73,9.49,12.18,14.91,12.66,11.82,12.07,14.03,12.52,15.00,11.95,12.09,13.03,11.68,14.62,13.41,14.04,14.54,11.51,13.74,11.07,14.79,11.01,13.34,10.17,9.23,10.32,10.46,9.93,11.74,10.19,9.78,10.98,11.29,2.27,2.77,4.51,3.99,3.05,4.30,99.00,3.63,3.70,3.47,3.97,2.48,4.52,9.90,10.39,10.25,10.25,9.46],
  [13.09,5.00,7.23,8.91,15.37,18.49,6.49,4.63,6.11,6.96,7.28,7.02,8.02,7.49,5.51,5.14,6.51,6.23,6.00,7.32,7.45,7.10,6.66,11.33,8.56,15.28,21.53,18.63,15.81,20.28,13.72,6.79,8.11,11.42,9.20,11.75,9.70,10.62,8.67,11.65,11.13,7.82,10.84,6.44,10.42,10.29,14.27,9.77,10.65,10.48,8.96,8.62,9.21,8.97,6.91,7.47,14.19,16.71,14.68,14.01,14.47,15.86,14.77,16.78,13.61,14.32,14.94,13.18,16.32,15.38,15.76,16.25,13.10,15.61,12.51,16.65,13.04,15.39,13.32,12.66,13.56,13.75,12.93,14.63,13.18,13.15,14.02,14.31,4.98,5.91,2.38,0.40,1.24,1.96,3.63,99.00,1.77,1.03,1.30,2.28,1.09,11.07,11.33,12.32,11.06,11.90],
  [11.66,3.44,7.29,10.66,16.78,17.56,7.67,5.47,7.88,8.52,7.04,5.58,7.09,7.11,4.82,4.22,5.35,5.08,5.81,5.71,6.40,5.74,8.43,12.97,10.01,16.98,23.15,20.35,17.51,21.89,15.45,8.54,9.87,13.18,10.97,13.46,11.46,12.33,10.43,13.38,12.88,9.58,12.59,8.08,12.12,12.05,16.01,11.53,12.38,12.25,10.71,10.39,10.94,10.73,8.67,9.21,12.66,15.11,13.15,12.53,13.07,14.26,13.31,15.17,12.00,12.86,13.38,11.54,14.69,13.83,14.14,14.62,11.48,14.03,10.86,15.06,11.53,13.86,12.33,11.92,12.64,12.86,11.85,13.44,12.08,12.35,12.93,13.22,5.65,6.39,0.86,1.70,0.84,0.60,3.70,1.77,99.00,0.75,0.65,1.34,1.59,9.39,9.61,10.83,9.33,10.55],
  [12.20,4.12,7.12,9.91,16.24,17.86,7.21,5.14,7.14,7.81,6.99,6.11,7.37,7.13,4.96,4.47,5.73,5.46,5.74,6.34,6.73,6.23,7.69,12.31,9.44,16.28,22.50,19.64,16.82,21.25,14.70,7.82,9.12,12.45,10.23,12.76,10.72,11.63,9.70,12.67,12.15,8.84,11.84,7.41,11.42,11.32,15.26,10.80,11.67,11.50,9.96,9.65,10.23,9.99,7.93,8.49,13.25,15.74,13.74,13.09,13.59,14.89,13.87,15.81,12.64,13.42,13.99,12.19,15.34,14.43,14.78,15.27,12.12,14.65,11.52,15.69,12.11,14.45,12.65,12.12,12.93,13.13,12.21,13.86,12.45,12.58,13.30,13.59,5.22,6.05,1.48,1.03,0.45,1.09,3.47,1.03,0.75,99.00,0.53,1.49,1.18,10.07,10.31,11.40,10.04,11.05],
  [12.31,3.71,7.61,10.21,16.13,18.15,7.02,4.85,7.34,8.23,7.44,6.23,7.67,7.56,5.33,4.78,5.97,5.70,6.20,6.36,7.00,6.38,7.92,12.35,9.37,16.38,22.52,19.75,16.91,21.26,15.01,7.97,9.39,12.63,10.45,12.86,10.95,11.73,9.90,12.80,12.31,9.06,12.13,7.46,11.52,11.49,15.56,10.99,11.81,11.72,10.25,9.87,10.35,10.23,8.12,8.64,13.31,15.75,13.80,13.18,13.71,14.90,13.96,15.81,12.64,13.51,14.02,12.17,15.33,14.47,14.78,15.26,12.11,14.67,11.49,15.70,12.17,14.50,12.93,12.47,13.23,13.44,12.46,14.07,12.70,12.91,13.55,13.84,5.75,6.57,1.08,1.13,0.93,0.65,3.97,1.30,0.65,0.53,99.00,1.82,0.94,10.01,10.21,11.47,9.93,11.20],
  [10.82,4.28,5.98,10.61,17.65,16.37,8.68,6.62,8.15,8.11,5.70,4.76,5.88,5.77,3.51,2.98,4.26,3.98,4.49,5.15,5.24,4.83,8.62,13.56,10.84,17.44,23.76,20.76,17.98,22.52,15.36,8.90,9.92,13.44,11.14,13.91,11.62,12.79,10.66,13.77,13.20,9.79,12.58,8.68,12.59,12.34,15.93,11.78,12.76,12.41,10.73,10.58,11.36,10.86,8.95,9.58,11.94,14.50,12.43,11.74,12.19,13.64,12.50,14.57,11.41,12.05,12.71,11.01,14.12,13.14,13.55,14.05,10.91,13.38,10.35,14.43,10.78,13.13,11.16,10.66,11.44,11.64,10.73,12.39,10.97,11.10,11.81,12.11,4.60,5.24,2.07,2.44,1.08,1.93,2.48,2.28,1.34,1.49,1.82,99.00,2.66,8.96,9.29,10.06,9.06,9.63],
  [13.25,4.23,8.16,9.62,15.19,19.03,6.09,3.96,6.61,7.91,8.11,7.17,8.54,8.27,6.13,5.64,6.88,6.60,6.84,7.29,7.89,7.32,7.22,11.45,8.43,15.52,21.61,18.91,16.05,20.35,14.42,7.19,8.75,11.86,9.74,12.01,10.24,10.89,9.17,11.98,11.52,8.34,11.50,6.59,10.67,10.72,14.96,10.24,10.99,11.01,9.62,9.15,9.52,9.54,7.38,7.84,14.25,16.67,14.74,14.12,14.65,15.83,14.90,16.74,13.56,14.45,14.96,13.09,16.25,15.41,15.70,16.18,13.03,15.60,12.41,16.63,13.11,15.44,13.82,13.30,14.10,14.30,13.37,15.00,13.60,13.76,14.45,14.74,6.04,6.94,1.80,0.69,1.62,1.41,4.52,1.09,1.59,1.18,0.94,2.66,99.00,10.91,11.09,12.41,10.80,12.14],
  [4.12,7.83,10.78,19.46,25.93,12.17,16.69,14.26,17.11,16.58,9.61,4.64,6.67,9.10,7.90,7.36,6.01,6.21,9.53,3.85,6.14,4.88,17.58,22.35,19.29,26.35,32.52,29.70,26.89,31.26,24.10,17.84,18.83,22.41,20.09,22.82,20.57,21.69,19.62,22.71,22.15,18.75,21.43,17.47,21.49,21.30,24.68,20.75,21.71,21.36,19.61,19.53,20.28,19.80,17.91,18.52,4.08,5.90,4.48,4.41,5.38,5.13,5.14,5.95,2.88,4.78,4.46,2.26,5.41,4.94,4.90,5.35,2.32,4.96,1.59,5.93,3.32,5.11,7.93,9.31,8.54,8.91,6.98,7.33,7.03,9.16,7.66,7.79,11.87,11.76,9.17,11.08,9.85,9.51,9.90,11.07,9.39,10.07,10.01,8.96,10.91,99.00,0.82,3.09,1.10,4.29],
  [4.80,7.77,11.46,19.85,25.99,12.88,16.75,14.29,17.41,17.06,10.30,5.19,7.40,9.80,8.49,7.90,6.62,6.79,10.16,4.28,6.83,5.48,17.90,22.54,19.40,26.59,32.69,29.95,27.12,31.42,24.54,18.12,19.20,22.72,20.43,23.07,20.91,21.94,19.94,22.98,22.45,19.07,21.83,17.67,21.73,21.60,25.11,21.06,21.98,21.70,19.99,19.86,20.54,20.15,18.21,18.79,4.54,6.02,4.90,4.97,5.99,5.32,5.66,6.05,3.18,5.33,4.78,2.49,5.49,5.27,5.02,5.43,2.65,5.20,1.92,6.10,3.94,5.48,8.72,10.13,9.33,9.70,7.77,8.04,7.82,9.97,8.43,8.54,12.43,12.36,9.32,11.31,10.13,9.68,10.39,11.33,9.61,10.31,10.21,9.29,11.09,0.82,99.00,3.80,0.43,5.08],
  [1.06,10.11,10.04,19.95,27.61,9.09,18.45,16.11,18.04,16.80,8.83,5.30,5.82,8.25,7.90,7.68,6.14,6.41,9.17,5.19,5.70,5.27,18.41,23.61,20.83,27.41,33.81,30.66,27.94,32.57,24.38,18.85,19.47,23.22,20.84,23.89,21.28,22.77,20.43,23.68,23.05,19.56,21.90,18.73,22.59,22.16,24.96,21.57,22.68,22.06,20.17,20.31,21.32,20.49,18.83,19.53,1.92,4.70,2.41,1.71,2.46,3.82,2.51,4.79,2.15,2.06,2.80,2.39,4.49,3.16,3.92,4.41,2.05,3.51,2.30,4.54,0.76,3.10,5.11,6.83,5.74,6.11,4.15,4.24,4.15,6.53,4.68,4.77,11.84,11.46,10.83,12.42,11.09,11.10,10.25,12.32,10.83,11.40,11.47,10.06,12.41,3.09,3.80,99.00,4.16,1.58],
  [5.18,7.40,11.45,19.65,25.64,13.25,16.40,13.94,17.16,16.90,10.31,5.11,7.46,9.82,8.41,7.80,6.56,6.72,10.12,4.13,6.85,5.42,17.66,22.24,19.07,26.30,32.37,29.68,26.84,31.11,24.35,17.85,18.98,22.47,20.19,22.79,20.67,21.66,19.69,22.71,22.19,18.83,21.62,17.38,21.45,21.35,24.92,20.81,21.71,21.46,19.78,19.62,20.27,19.92,17.96,18.53,4.97,6.43,5.33,5.38,6.39,5.74,6.08,6.46,3.61,5.74,5.21,2.92,5.89,5.69,5.43,5.84,3.08,5.62,2.34,6.51,4.34,5.91,9.02,10.36,9.63,10.00,8.07,8.41,8.13,10.23,8.76,8.88,12.32,12.29,9.01,11.03,9.87,9.38,10.25,11.06,9.33,10.04,9.93,9.06,10.80,1.10,0.43,4.16,99.00,5.39],
  [1.47,10.35,8.80,19.07,27.27,8.10,18.22,15.97,17.38,15.82,7.60,4.99,4.70,7.01,7.04,6.98,5.46,5.75,8.09,5.25,4.78,4.82,17.69,23.07,20.47,26.74,33.24,29.94,27.28,32.01,23.39,18.22,18.66,22.46,20.06,23.25,20.49,22.14,19.69,22.99,22.32,18.83,21.00,18.23,21.98,21.44,23.97,20.83,22.00,21.26,19.32,19.55,20.69,19.70,18.16,18.89,3.08,5.89,3.49,2.50,2.61,5.05,3.10,6.00,3.71,2.69,4.01,3.97,5.79,4.26,5.25,5.72,3.64,4.72,3.83,5.68,2.14,4.09,3.64,5.26,4.26,4.63,2.69,3.29,2.74,4.98,3.40,3.56,10.83,10.35,10.68,12.06,10.70,10.90,9.46,11.90,10.55,11.05,11.20,9.63,12.14,4.29,5.08,1.58,5.39,99.00]
];
