// Chosen Depots: [1, 2, 3, 4, 5, 6]
// Chosen Demand Points (Original DP No): [1, 2, 3, 6, 7, 8, 9, 10, 12, 13, 14, 15, 16, 17, 21, 22, 24, 28, 30, 31, 32, 33, 34, 40, 41, 42, 43, 44, 45, 46, 49, 51, 53, 54, 55, 56, 58, 62, 63, 66, 71, 72, 73, 77, 78, 79, 80, 81, 82, 83, 85, 86, 88, 89, 91, 93, 94, 95, 96, 102, 104, 106, 107, 108, 109, 114, 116, 117, 118, 119, 120, 121, 122, 124, 125, 126, 129, 130, 132, 133, 137, 139, 142, 144, 145, 146, 147, 152, 153, 154, 155, 156, 157, 159, 163, 165, 167, 168, 169, 171]
// Original Weights: [9, 9, 9, 9, 8, 4, 8, 4, 6, 6, 5, 7, 4, 5, 6, 6, 5, 5, 5, 6, 6, 8, 7, 9, 6, 7, 7, 7, 8, 6, 8, 6, 5, 4, 5, 5, 6, 4, 5, 6, 7, 7, 6, 6, 5, 4, 5, 7, 6, 5, 6, 6, 6, 7, 6, 7, 6, 7, 7, 6, 7, 7, 8, 7, 7, 7, 7, 7, 7, 8, 7, 6, 8, 3, 2, 3, 2, 4, 4, 4, 3, 4, 8, 8, 7, 8, 5, 7, 8, 4, 5, 7, 7, 7, 8, 6, 9, 5, 8, 8]

|W| = 6;
|D| = 100;
V = 54;
C = 3;
|K| = 1;
M = 100;
S = 0.25;
|TR| = 15;
δmax = 18.3;
Runtime = 50;

// Priority weights for selected demand points
pj = [
  9, 9, 9, 9, 8, 4, 8, 4, 6, 6, 5, 7, 4, 5, 6, 6, 5, 5, 5, 6, 6, 8, 7, 9, 6, 7, 7, 7, 8, 6, 8, 6, 5, 4, 5, 5, 6, 4, 5, 6, 7, 7, 6, 6, 5, 4, 5, 7, 6, 5, 6, 6, 6, 7, 6, 7, 6, 7, 7, 6, 7, 7, 8, 7, 7, 7, 7, 7, 7, 8, 7, 6, 8, 3, 2, 3, 2, 4, 4, 4, 3, 4, 8, 8, 7, 8, 5, 7, 8, 4, 5, 7, 7, 7, 8, 6, 9, 5, 8, 8
];

δij =
[
  [99.00,99.00,99.00,99.00,99.00,99.00,19.31,19.21,17.00,18.10,18.65,17.26,18.55,9.07,9.16,7.40,5.42,6.09,7.41,6.15,8.30,6.76,6.93,6.17,7.81,6.00,19.04,24.16,24.34,21.64,28.07,27.47,27.53,33.34,34.53,31.29,33.29,21.14,20.04,21.94,23.83,21.43,24.56,20.86,21.04,23.67,19.47,23.28,22.79,23.33,22.64,20.72,20.91,20.18,22.00,21.08,19.49,20.20,1.64,4.43,1.03,3.60,1.70,4.45,4.53,1.23,2.81,2.46,3.04,4.35,3.63,3.82,2.70,3.26,4.65,3.14,4.21,0.99,3.86,4.44,6.34,5.05,6.83,3.46,3.51,3.51,3.84,12.27,11.71,13.22,11.87,11.96,10.83,10.66,11.66,10.88,12.30,12.20,11.63,10.82,4.12,1.06,5.18,1.47,4.75,4.08],
  [99.00,99.00,99.00,99.00,99.00,99.00,9.07,8.93,6.60,8.14,9.55,11.93,9.19,9.37,6.12,5.89,7.73,5.71,8.33,8.33,5.99,6.36,8.35,7.46,7.88,6.09,11.43,14.95,15.21,11.84,19.41,18.64,18.77,24.20,25.19,22.83,23.93,12.74,12.98,15.55,15.99,13.93,15.96,14.68,13.35,15.61,10.51,14.62,14.84,15.04,15.19,13.85,13.35,11.14,13.56,13.75,11.55,11.95,11.70,13.73,11.79,12.96,12.58,13.62,13.77,11.52,12.45,12.14,10.10,13.23,13.40,12.73,10.14,12.79,13.75,9.42,13.76,10.69,9.10,12.99,13.15,13.43,14.13,13.26,12.30,12.30,13.33,8.88,2.64,4.76,4.28,3.06,6.71,3.67,3.44,9.26,7.87,4.12,4.21,4.28,7.83,10.11,7.40,10.35,6.83,8.24],
  [99.00,99.00,99.00,99.00,99.00,99.00,13.23,13.22,11.78,11.91,11.31,7.52,11.50,1.22,3.84,4.86,5.27,6.45,3.03,4.25,4.22,4.96,3.48,4.64,2.93,6.07,10.31,16.06,16.13,14.51,19.18,18.75,18.74,24.59,25.90,22.12,24.73,12.68,10.81,12.19,14.67,12.30,15.88,11.10,12.08,14.68,11.81,14.77,13.80,14.53,13.36,11.30,11.87,12.46,13.46,11.87,10.93,11.77,11.85,14.68,11.29,13.82,11.85,14.68,14.78,11.45,13.03,12.66,12.02,14.52,13.90,13.95,11.77,13.49,14.88,11.53,14.47,10.77,11.88,8.16,6.62,8.11,7.39,9.45,8.25,8.25,9.15,2.94,8.06,7.61,6.68,7.89,3.65,6.49,7.29,1.17,3.80,7.12,6.55,5.98,10.78,10.04,11.45,8.80,10.15,11.22],
  [99.00,99.00,99.00,99.00,99.00,99.00,8.44,8.59,9.40,7.92,5.74,3.46,6.34,11.94,11.41,13.26,15.06,14.92,13.21,14.42,12.30,13.83,13.68,14.31,12.74,14.81,2.69,6.49,6.38,7.18,8.38,8.10,8.03,13.76,15.11,11.16,14.02,3.60,1.05,1.71,3.82,1.80,5.48,1.08,2.10,4.01,5.14,4.82,3.24,4.14,2.47,0.46,1.82,5.17,3.85,1.37,3.00,3.37,21.87,24.62,21.49,23.74,22.17,24.58,24.71,21.51,23.00,22.62,21.35,24.32,23.95,23.74,21.20,23.45,24.77,20.72,24.49,20.71,20.79,19.09,17.56,19.07,18.27,20.31,19.10,19.10,20.06,8.32,11.29,9.10,9.94,10.86,9.71,11.10,10.66,9.98,8.18,9.91,10.12,10.61,19.46,19.95,19.65,19.07,18.52,19.95],
  [99.00,99.00,99.00,99.00,99.00,99.00,9.24,9.37,11.70,10.36,9.95,14.60,9.95,21.69,19.71,21.20,23.44,22.35,22.30,23.24,20.44,21.87,22.68,22.76,21.72,22.46,10.98,5.29,5.36,6.81,5.98,5.32,5.59,7.22,7.69,7.99,6.52,8.64,11.21,11.89,8.51,9.94,6.48,12.45,9.78,8.03,9.30,6.92,8.57,7.66,9.64,11.28,10.05,8.63,8.04,10.39,10.31,9.46,29.43,31.79,29.31,30.97,30.09,31.70,31.85,29.16,30.36,30.01,28.17,31.34,31.34,30.80,28.15,30.75,31.85,27.49,31.77,28.30,27.26,28.50,27.49,28.66,28.35,29.41,28.21,28.21,29.28,18.13,16.83,15.22,16.58,16.53,18.34,17.77,16.78,19.92,17.39,16.24,16.82,17.65,25.93,27.61,25.64,27.27,24.91,26.38],
  [99.00,99.00,99.00,99.00,99.00,99.00,24.98,24.93,22.99,23.67,23.59,20.10,23.66,11.89,13.99,12.87,10.64,12.46,11.27,10.49,13.40,12.23,10.93,11.16,11.86,12.13,22.96,28.66,28.75,26.78,31.85,31.43,31.42,37.25,38.57,34.73,37.41,25.31,23.47,24.66,27.32,24.96,28.55,23.59,24.75,27.35,24.22,27.42,26.47,27.20,25.99,23.92,24.55,24.91,26.11,24.53,23.56,24.39,8.79,9.89,8.11,9.64,7.66,10.04,9.99,8.61,9.24,9.17,10.91,10.32,9.20,10.13,10.60,9.42,10.18,11.17,9.55,8.99,11.89,5.23,6.07,4.93,5.30,4.97,5.85,5.85,4.83,15.55,17.92,18.76,17.44,18.03,15.21,16.48,17.56,13.77,16.16,17.86,17.21,16.37,12.17,9.09,13.25,8.10,12.67,12.15],
  [19.31,9.07,13.23,8.44,9.24,24.98,99.00,0.19,2.47,1.32,2.81,9.10,2.26,13.53,10.99,12.27,14.54,13.24,13.74,14.51,11.62,12.94,14.06,13.92,13.14,13.40,5.90,6.26,6.57,2.91,10.84,9.99,10.18,15.25,16.18,14.24,14.91,5.42,7.40,9.85,8.54,7.40,7.72,9.52,6.77,7.98,3.30,6.50,7.50,7.26,8.36,8.15,6.95,3.44,5.92,7.52,5.45,5.16,20.24,22.56,20.16,21.74,20.95,22.46,22.61,19.99,21.15,20.80,18.93,22.09,22.12,21.56,18.91,21.52,22.61,18.24,22.54,19.13,18.02,19.81,19.10,20.05,20.03,20.57,19.41,19.41,20.49,10.45,7.62,6.25,7.60,7.35,9.91,8.71,7.67,12.07,9.44,7.21,7.84,8.68,16.69,18.45,16.40,18.22,15.66,17.14],
  [19.21,8.93,13.22,8.59,9.37,24.93,0.19,99.00,2.33,1.31,2.94,9.20,2.38,13.51,10.94,12.20,14.47,13.15,13.70,14.45,11.56,12.87,14.01,13.86,13.10,13.32,6.04,6.44,6.75,3.09,11.02,10.17,10.36,15.41,16.34,14.42,15.07,5.60,7.55,10.02,8.72,7.57,7.91,9.67,6.94,8.16,3.46,6.69,7.68,7.45,8.53,8.31,7.12,3.62,6.10,7.68,5.60,5.33,20.14,22.44,20.06,21.62,20.85,22.34,22.49,19.88,21.03,20.69,18.81,21.97,22.01,21.45,18.79,21.41,22.49,18.13,22.43,19.02,17.89,19.76,19.07,20.00,20.00,20.50,19.34,19.34,20.43,10.47,7.52,6.19,7.53,7.25,9.88,8.63,7.58,12.07,9.44,7.14,7.77,8.62,16.57,18.35,16.27,18.13,15.54,17.01],
  [17.00,6.60,11.78,9.40,11.70,22.99,2.47,2.33,99.00,1.75,3.81,9.14,3.26,11.90,9.07,10.15,12.42,10.98,11.86,12.50,9.60,10.82,12.13,11.85,11.27,11.18,6.72,8.56,8.86,5.31,13.13,12.30,12.47,17.68,18.64,16.55,17.37,7.05,8.37,11.00,10.34,8.78,9.84,10.44,8.13,9.84,4.69,8.55,9.23,9.17,9.90,9.22,8.24,5.14,7.72,8.77,6.49,6.51,17.87,20.14,17.82,19.33,18.62,20.04,20.19,17.63,18.75,18.41,16.50,19.67,19.72,19.14,16.50,19.12,20.18,15.82,20.13,16.77,15.57,17.78,17.24,18.06,18.20,18.44,17.31,17.31,18.40,9.24,5.29,4.31,5.57,5.07,8.24,6.54,5.47,10.67,8.12,5.14,5.79,6.62,14.26,16.11,13.94,15.97,13.23,14.70],
  [18.10,8.14,11.91,7.92,10.36,23.67,1.32,1.31,1.75,99.00,2.19,8.14,1.60,12.21,9.68,10.99,13.26,12.02,12.42,13.20,10.32,11.67,12.75,12.63,11.83,12.16,5.26,6.87,7.15,3.71,11.41,10.59,10.75,16.06,17.06,14.83,15.79,5.33,6.87,9.45,8.61,7.13,8.10,8.98,6.49,8.10,2.99,6.79,7.50,7.42,8.22,7.69,6.62,3.39,5.98,7.17,4.94,4.85,19.07,21.44,18.97,20.61,19.75,21.35,21.50,18.81,20.00,19.65,17.82,20.99,20.98,20.45,17.79,20.39,21.50,17.14,21.41,17.95,16.94,18.51,17.78,18.75,18.71,19.29,18.12,18.12,19.20,9.16,6.46,4.97,6.32,6.16,8.59,7.46,6.44,10.76,8.13,5.94,6.56,7.41,15.60,17.26,15.37,16.98,14.57,16.06],
  [18.65,9.55,11.31,5.74,9.95,23.59,2.81,2.94,3.81,2.19,99.00,6.34,0.59,11.81,9.76,11.32,13.53,12.59,12.35,13.29,10.52,11.99,12.73,12.84,11.77,12.66,3.12,5.57,5.79,3.21,9.88,9.14,9.26,14.86,15.97,13.29,14.71,3.30,4.69,7.26,6.61,4.97,6.41,6.81,4.32,6.15,0.96,5.07,5.47,5.53,6.09,5.50,4.44,1.60,4.05,4.98,2.75,2.70,19.77,22.27,19.58,21.42,20.34,22.20,22.34,19.47,20.77,20.40,18.72,21.87,21.75,21.31,18.65,21.18,22.36,18.04,22.22,18.61,17.92,18.54,17.58,18.71,18.46,19.46,18.26,18.26,19.33,8.41,7.45,5.50,6.81,7.08,8.39,8.06,7.18,10.14,7.54,6.53,7.05,7.84,16.57,17.89,16.46,17.43,15.54,17.04],
  [17.26,11.93,7.52,3.46,14.60,20.10,9.10,9.20,9.14,8.14,6.34,99.00,6.85,8.53,8.38,10.23,11.85,11.96,9.90,11.13,9.26,10.74,10.37,11.10,9.46,11.79,3.75,9.33,9.31,8.93,11.80,11.47,11.42,17.20,18.54,14.62,17.42,5.97,3.50,4.71,7.25,4.97,8.70,3.62,4.92,7.35,6.26,7.79,6.51,7.33,5.91,3.83,4.66,6.66,6.58,4.52,4.43,5.24,18.70,21.49,18.27,20.61,18.92,21.46,21.58,18.33,19.85,19.47,18.35,21.23,20.79,20.65,18.17,20.31,21.65,17.75,21.34,17.56,17.88,15.66,14.10,15.62,14.81,16.91,15.70,15.70,16.64,4.99,9.29,7.26,7.71,8.87,6.69,8.68,8.52,6.57,5.08,7.81,7.83,8.11,16.58,16.80,16.90,15.82,15.70,17.07],
  [18.55,9.19,11.50,6.34,9.95,23.66,2.26,2.38,3.26,1.60,0.59,6.85,99.00,11.95,9.76,11.26,13.49,12.47,12.40,13.30,10.49,11.93,12.77,12.81,11.81,12.55,3.71,5.81,6.05,3.14,10.22,9.45,9.58,15.11,16.18,13.64,14.92,3.80,5.29,7.85,7.11,5.54,6.79,7.40,4.89,6.63,1.43,5.46,5.98,5.99,6.64,6.09,5.02,1.97,4.51,5.57,3.34,3.26,19.62,22.09,19.45,21.24,20.22,22.01,22.16,19.33,20.60,20.24,18.52,21.67,21.58,21.12,18.46,21.01,22.17,17.84,22.05,18.48,17.70,18.58,17.67,18.76,18.57,19.46,18.26,18.26,19.34,8.63,7.19,5.34,6.68,6.83,8.45,7.91,6.98,10.33,7.71,6.37,6.92,7.73,16.34,17.76,16.20,17.35,15.32,16.81],
  [9.07,9.37,1.22,11.94,21.69,11.89,13.53,13.51,11.90,12.21,11.81,8.53,11.95,99.00,3.29,3.91,4.07,5.38,1.84,3.03,3.43,3.90,2.27,3.47,1.83,4.98,11.09,16.77,16.86,15.02,20.06,19.60,19.60,25.46,26.75,23.06,25.57,13.43,11.71,13.23,15.58,13.19,16.70,12.13,12.93,15.56,12.39,15.55,14.67,15.36,14.29,12.25,12.74,13.06,14.24,12.78,11.68,12.50,10.64,13.47,10.09,12.61,10.66,13.47,13.57,10.24,11.82,11.45,10.81,13.31,12.69,12.74,10.55,12.28,13.67,10.33,13.27,9.56,10.68,7.16,5.82,7.17,6.66,8.39,7.17,7.17,8.12,3.69,7.73,7.63,6.55,7.63,3.66,6.12,7.04,1.96,4.29,6.99,6.38,5.70,9.61,8.83,10.31,7.60,9.01,10.04],
  [9.16,6.12,3.84,11.41,19.71,13.99,10.99,10.94,9.07,9.68,9.76,8.38,9.76,3.29,99.00,1.86,3.81,3.59,2.79,3.54,0.89,2.42,3.07,3.09,2.20,3.41,9.88,15.14,15.29,12.90,18.92,18.34,18.39,24.22,25.44,22.14,24.21,12.02,10.91,12.95,14.67,12.28,15.43,11.89,11.89,14.52,10.50,14.16,13.63,14.18,13.51,11.62,11.76,11.21,12.87,11.93,10.34,11.07,10.48,13.21,10.15,12.33,10.86,13.17,13.29,10.13,11.60,11.21,9.97,12.91,12.56,12.33,9.80,12.04,13.35,9.37,13.08,9.32,9.51,8.84,8.17,9.06,9.13,9.70,8.50,8.50,9.58,3.70,4.48,4.78,3.52,4.42,1.71,2.86,3.85,3.33,3.30,3.96,3.31,2.53,8.22,8.56,8.62,7.82,7.38,8.71],
  [7.40,5.89,4.86,13.26,21.20,12.87,12.27,12.20,10.15,10.99,11.32,10.23,11.26,3.91,1.86,99.00,2.28,1.77,2.48,2.50,0.97,0.68,2.46,1.72,2.14,1.56,11.66,16.79,16.95,14.38,20.67,20.07,20.13,25.94,27.13,23.92,25.90,13.74,12.74,14.81,16.47,14.10,17.16,13.75,13.68,16.30,12.11,15.88,15.42,15.94,15.33,13.46,13.56,12.82,14.60,13.76,12.09,12.80,8.67,11.37,8.37,10.49,9.10,11.33,11.45,8.33,9.77,9.38,8.12,11.06,10.73,10.48,7.95,10.21,11.51,7.51,11.25,7.50,7.67,7.64,7.39,7.97,8.37,8.31,7.16,7.16,8.25,5.47,5.06,6.03,4.67,5.16,3.56,3.61,4.69,4.72,5.16,5.06,4.43,3.58,6.41,6.75,6.87,6.12,5.60,6.89],
  [5.42,7.73,5.27,15.06,23.44,10.64,14.54,14.47,12.42,13.26,13.53,11.85,13.49,4.07,3.81,2.28,99.00,2.14,2.23,1.11,3.01,1.61,1.80,0.75,2.47,1.69,13.67,18.95,19.10,16.63,22.72,22.15,22.19,28.03,29.25,25.91,28.02,15.83,14.63,16.53,18.43,16.03,19.23,15.45,15.66,18.30,14.29,17.97,17.41,17.98,17.23,15.30,15.52,15.00,16.68,15.67,14.14,14.88,6.85,9.66,6.43,8.78,7.11,9.64,9.75,6.48,8.01,7.63,6.77,9.43,8.94,8.85,6.53,8.47,9.83,6.27,9.49,5.72,6.62,5.41,5.44,5.77,6.40,6.03,4.89,4.89,5.97,6.88,7.28,8.30,6.94,7.41,5.43,5.88,6.96,5.63,6.88,7.34,6.70,5.86,5.58,4.96,6.35,4.03,5.07,6.00],
  [6.09,5.71,6.45,14.92,22.35,12.46,13.24,13.15,10.98,12.02,12.59,11.96,12.47,5.38,3.59,1.77,2.14,99.00,3.67,3.03,2.72,1.49,3.42,2.17,3.55,0.46,13.20,18.13,18.32,15.55,22.15,21.51,21.58,27.35,28.52,25.43,27.27,15.20,14.36,16.50,18.03,15.68,18.62,15.45,15.24,17.83,13.43,17.32,16.96,17.43,16.92,15.10,15.13,14.14,16.06,15.35,13.60,14.27,7.19,9.80,6.99,8.92,7.76,9.74,9.87,6.88,8.23,7.85,6.43,9.45,9.21,8.88,6.28,8.65,9.91,5.80,9.71,6.03,5.92,7.28,7.55,7.72,8.50,7.63,6.61,6.61,7.67,7.24,5.70,7.14,5.79,5.91,5.28,4.57,5.58,6.44,6.89,6.11,5.55,4.76,4.64,5.30,5.11,4.99,3.83,5.12],
  [7.41,8.33,3.03,13.21,22.30,11.27,13.74,13.70,11.86,12.42,12.35,9.90,12.40,1.84,2.79,2.48,2.23,3.67,99.00,1.26,2.43,2.25,0.48,1.64,0.60,3.23,12.07,17.58,17.70,15.53,21.12,20.60,20.63,26.49,27.74,24.23,26.54,14.33,12.87,14.61,16.73,14.32,17.69,13.51,14.00,16.64,13.03,16.47,15.75,16.38,15.48,13.49,13.84,13.72,15.17,13.93,12.60,13.39,8.94,11.76,8.44,10.89,9.06,11.75,11.86,8.55,10.12,9.73,9.00,11.57,11.01,11.00,8.75,10.57,11.95,8.50,11.58,7.83,8.85,6.20,5.39,6.36,6.34,7.22,6.00,6.00,7.03,4.91,7.15,7.56,6.30,7.14,3.97,5.55,6.59,3.47,5.15,6.75,6.10,5.29,7.77,7.09,8.48,5.96,7.19,8.20],
  [6.15,8.33,4.25,14.42,23.24,10.49,14.51,14.45,12.50,13.20,13.29,11.13,13.30,3.03,3.54,2.50,1.11,3.03,1.26,99.00,2.90,1.97,0.79,0.88,1.68,2.56,13.18,18.61,18.74,16.44,22.25,21.71,21.74,27.59,28.84,25.38,27.62,15.41,14.05,15.84,17.89,15.48,18.79,14.74,15.14,17.79,14.01,17.56,16.90,17.50,16.66,14.68,14.99,14.71,16.25,15.10,13.69,14.47,7.67,10.50,7.18,9.63,7.80,10.49,10.60,7.28,8.85,8.47,7.78,10.31,9.75,9.74,7.52,9.31,10.69,7.30,10.31,6.57,7.68,5.31,4.90,5.56,5.87,6.18,4.97,4.97,6.04,6.14,7.53,8.27,6.94,7.60,4.98,6.02,7.09,4.73,6.30,7.37,6.72,5.88,6.67,5.82,7.46,4.70,6.18,7.09],
  [8.30,5.99,4.22,12.30,20.44,13.40,11.62,11.56,9.60,10.32,10.52,9.26,10.49,3.43,0.89,0.97,3.01,2.72,2.43,2.90,99.00,1.54,2.59,2.32,1.91,2.53,10.74,15.95,16.10,13.63,19.78,19.18,19.24,25.06,26.27,23.00,25.04,12.86,11.79,13.84,15.54,13.16,16.27,12.78,12.76,15.38,11.29,15.00,14.50,15.03,14.39,12.51,12.63,12.00,13.71,12.81,11.19,11.92,9.60,12.32,9.28,11.44,10.00,12.28,12.41,9.26,10.71,10.33,9.09,12.02,11.67,11.44,8.92,11.15,12.46,8.48,12.20,8.44,8.64,8.20,7.71,8.46,8.68,8.98,7.80,7.80,8.88,4.52,4.73,5.37,4.04,4.75,2.60,3.16,4.22,3.91,4.19,4.47,3.81,2.98,7.36,7.68,7.80,6.98,6.54,7.85],
  [6.76,6.36,4.96,13.83,21.87,12.23,12.94,12.87,10.82,11.67,11.99,10.74,11.93,3.90,2.42,0.68,1.61,1.49,2.25,1.97,1.54,99.00,2.10,1.12,2.07,1.14,12.28,17.45,17.61,15.06,21.31,20.71,20.77,26.59,27.78,24.54,26.55,14.38,13.33,15.36,17.08,14.70,17.80,14.29,14.30,16.92,12.77,16.52,16.04,16.57,15.92,14.04,14.17,13.48,15.24,14.35,12.73,13.44,8.06,10.79,7.74,9.91,8.46,10.75,10.88,7.71,9.18,8.79,7.61,10.50,10.14,9.92,7.43,9.62,10.94,7.03,10.66,6.90,7.23,7.00,6.84,7.33,7.81,7.64,6.50,6.50,7.58,5.90,5.69,6.70,5.34,5.80,4.12,4.27,5.35,4.98,5.68,5.73,5.10,4.26,6.01,6.14,6.56,5.46,5.27,6.48],
  [6.93,8.35,3.48,13.68,22.68,10.93,14.06,14.01,12.13,12.75,12.73,10.37,12.77,2.27,3.07,2.46,1.80,3.42,0.48,0.79,2.59,2.10,99.00,1.29,0.98,2.97,12.51,17.99,18.12,15.90,21.57,21.04,21.07,26.93,28.18,24.68,26.97,14.76,13.33,15.08,17.18,14.78,18.13,13.99,14.45,17.10,13.42,16.91,16.20,16.83,15.94,13.95,14.29,14.12,15.60,14.39,13.03,13.82,8.46,11.28,7.96,10.41,8.57,11.28,11.38,8.07,9.64,9.26,8.54,11.10,10.53,10.53,8.29,10.10,11.47,8.06,11.10,7.35,8.42,5.82,5.13,6.01,6.10,6.79,5.57,5.57,6.62,5.39,7.31,7.85,6.56,7.33,4.36,5.74,6.80,3.95,5.60,7.00,6.35,5.53,7.37,6.61,8.11,5.48,6.82,7.79],
  [6.17,7.46,4.64,14.31,22.76,11.16,13.92,13.86,11.85,12.63,12.84,11.10,12.81,3.47,3.09,1.72,0.75,2.17,1.64,0.88,2.32,1.12,1.29,99.00,1.77,1.71,12.93,18.23,18.38,15.95,21.99,21.42,21.46,27.30,28.52,25.17,27.30,15.10,13.88,15.78,17.68,15.29,18.50,14.70,14.91,17.55,13.59,17.24,16.67,17.24,16.49,14.55,14.77,14.30,15.95,14.92,13.41,14.15,7.60,10.40,7.18,9.52,7.86,10.37,10.49,7.23,8.76,8.37,7.45,10.16,9.69,9.58,7.23,9.21,10.57,6.93,10.24,6.46,7.24,5.93,5.72,6.25,6.69,6.66,5.49,5.49,6.57,6.14,6.78,7.67,6.32,6.88,4.69,5.32,6.40,4.93,6.13,6.73,6.09,5.24,6.14,5.70,6.85,4.78,5.55,6.58],
  [7.81,7.88,2.93,12.74,21.72,11.86,13.14,13.10,11.27,11.83,11.77,9.46,11.81,1.83,2.20,2.14,2.47,3.55,0.60,1.68,1.91,2.07,0.98,1.77,99.00,3.15,11.53,17.01,17.14,14.95,20.59,20.06,20.09,25.95,27.20,23.72,25.99,13.78,12.37,14.16,16.22,13.81,17.15,13.07,13.48,16.12,12.45,15.93,15.23,15.85,14.98,13.00,13.32,13.15,14.62,13.43,12.05,12.84,9.29,12.11,8.83,11.23,9.47,12.09,12.20,8.91,10.46,10.08,9.23,11.89,11.38,11.32,8.99,10.92,12.29,8.70,11.94,8.17,9.00,6.78,5.98,6.95,6.93,7.77,6.55,6.55,7.60,4.47,6.60,6.97,5.72,6.58,3.39,4.99,6.02,3.16,4.63,6.16,5.51,4.72,7.88,7.41,8.53,6.36,7.23,8.32],
  [6.00,6.09,6.07,14.81,22.46,12.13,13.40,13.32,11.18,12.16,12.66,11.79,12.55,4.98,3.41,1.56,1.69,0.46,3.23,2.56,2.53,1.14,2.97,1.71,3.15,99.00,13.16,18.17,18.35,15.66,22.14,21.52,21.58,27.37,28.55,25.40,27.31,15.20,14.27,16.36,17.98,15.61,18.62,15.31,15.19,17.79,13.48,17.32,16.92,17.41,16.85,15.00,15.07,14.19,16.06,15.28,13.57,14.26,7.18,9.84,6.93,8.96,7.68,9.79,9.92,6.85,8.25,7.87,6.56,9.52,9.22,8.94,6.39,8.69,9.97,5.95,9.74,6.01,6.12,6.93,7.12,7.34,8.08,7.35,6.29,6.29,7.36,7.00,5.92,7.24,5.88,6.11,5.12,4.70,5.74,6.12,6.72,6.23,5.64,4.83,4.88,5.27,5.42,4.82,4.13,5.36],
  [19.04,11.43,10.31,2.69,10.98,22.96,5.90,6.04,6.72,5.26,3.12,3.75,3.71,11.09,9.88,11.66,13.67,13.20,12.07,13.18,10.74,12.28,12.51,12.93,11.53,13.16,99.00,5.79,5.84,5.22,9.07,8.54,8.56,14.42,15.68,12.26,14.49,2.38,1.66,4.32,4.83,2.54,5.62,3.73,2.04,4.64,2.70,4.46,3.76,4.32,3.81,2.53,1.96,2.97,3.15,2.32,0.69,1.53,20.33,23.00,20.02,22.12,20.74,22.94,23.07,19.99,21.41,21.03,19.59,22.65,22.38,22.08,19.47,21.84,23.12,18.94,22.89,19.16,18.93,18.19,16.90,18.25,17.70,19.29,18.06,18.06,19.08,7.41,8.97,6.78,7.80,8.54,8.24,9.03,8.43,9.20,6.92,7.69,8.01,8.62,17.58,18.41,17.66,17.69,16.60,18.07],
  [24.16,14.95,16.06,6.49,5.29,28.66,6.26,6.44,8.56,6.87,5.57,9.33,5.81,16.77,15.14,16.79,18.95,18.13,17.58,18.61,15.95,17.45,17.99,18.23,17.01,18.17,5.79,99.00,0.35,3.36,4.59,3.74,3.92,9.30,10.40,7.99,9.15,3.41,5.93,6.86,3.77,4.69,1.94,7.27,4.49,3.17,4.70,1.69,3.45,2.59,4.60,6.02,4.77,3.99,2.75,5.13,5.15,4.30,25.31,27.84,25.10,26.99,25.86,27.77,27.91,25.01,26.33,25.96,24.29,27.44,27.31,26.88,24.22,26.74,27.93,23.61,27.78,24.16,23.49,23.76,22.59,23.87,23.42,24.78,23.56,23.56,24.61,13.13,13.00,11.07,12.37,12.63,13.63,13.62,12.75,14.92,12.51,12.10,12.60,13.37,22.13,23.43,22.01,22.91,21.11,22.61],
  [24.34,15.21,16.13,6.38,5.36,28.75,6.57,6.75,8.86,7.15,5.79,9.31,6.05,16.86,15.29,16.95,19.10,18.32,17.70,18.74,16.10,17.61,18.12,18.38,17.14,18.35,5.84,0.35,99.00,3.69,4.28,3.45,3.61,9.07,10.20,7.69,8.95,3.46,5.87,6.67,3.51,4.58,1.61,7.13,4.43,2.92,4.90,1.56,3.28,2.39,4.40,5.92,4.70,4.20,2.74,5.03,5.21,4.37,25.50,28.04,25.28,27.19,26.03,27.97,28.11,25.20,26.52,26.15,24.50,27.65,27.50,27.09,24.43,26.94,28.14,23.83,27.98,24.35,23.71,23.88,22.68,23.98,23.50,24.91,23.69,23.69,24.73,13.21,13.23,11.28,12.57,12.86,13.76,13.82,12.97,15.00,12.61,12.31,12.80,13.56,22.35,23.61,22.24,23.07,21.33,22.83],
  [21.64,11.84,14.51,7.18,6.81,26.78,2.91,3.09,5.31,3.71,3.21,8.93,3.14,15.02,12.90,14.38,16.63,15.55,15.53,16.44,13.63,15.06,15.90,15.95,14.95,15.66,5.22,3.36,3.69,99.00,7.95,7.09,7.28,12.38,13.35,11.33,12.08,3.61,6.25,8.24,6.15,5.69,4.98,8.20,5.16,5.54,2.78,3.90,5.28,4.80,6.33,6.78,5.41,2.27,3.75,5.96,4.56,3.88,22.68,25.10,22.53,24.26,23.31,25.01,25.16,22.40,23.63,23.28,21.49,24.66,24.61,24.11,21.45,24.03,25.16,20.81,25.06,21.54,20.63,21.72,20.78,21.89,21.67,22.60,21.41,21.41,22.48,11.59,10.12,8.42,9.77,9.80,11.58,10.98,10.01,13.34,10.75,9.44,10.02,10.84,19.29,20.83,19.07,20.47,18.26,19.74],
  [28.07,19.41,19.18,8.38,5.98,31.85,10.84,11.02,13.13,11.41,9.88,11.80,10.22,20.06,18.92,20.67,22.72,22.15,21.12,22.25,19.78,21.31,21.57,21.99,20.59,22.14,9.07,4.59,4.28,7.95,99.00,0.90,0.67,5.40,6.74,3.42,5.64,6.95,8.38,7.73,4.56,6.89,3.53,8.64,7.13,4.50,8.94,4.86,5.39,4.75,5.91,7.98,7.32,8.28,6.09,7.32,8.58,7.88,29.32,31.93,29.04,31.06,29.77,31.87,32.01,28.99,30.38,30.00,28.45,31.56,31.35,30.99,28.35,30.80,32.04,27.78,31.85,28.15,27.71,27.20,25.81,27.23,26.55,28.33,27.11,27.11,28.12,16.37,17.32,15.28,16.50,16.93,17.30,17.76,16.98,18.12,15.97,16.28,16.73,17.44,26.35,27.41,26.30,26.74,25.34,26.83],
  [27.47,18.64,18.75,8.10,5.32,31.43,9.99,10.17,12.30,10.59,9.14,11.47,9.45,19.60,18.34,20.07,22.15,21.51,20.60,21.71,19.18,20.71,21.04,21.42,20.06,21.52,8.54,3.74,3.45,7.09,0.90,99.00,0.29,5.89,7.15,4.25,5.98,6.33,7.99,7.63,4.29,6.50,2.92,8.46,6.67,4.12,8.21,4.20,4.97,4.23,5.65,7.68,6.88,7.54,5.47,6.95,8.02,7.27,28.69,31.29,28.43,30.42,29.17,31.22,31.36,28.37,29.74,29.37,27.78,30.90,30.72,30.34,27.69,30.16,31.39,27.11,31.21,27.53,27.02,26.72,25.37,26.77,26.14,27.82,26.60,26.60,27.62,15.91,16.59,14.58,15.83,16.21,16.74,17.09,16.28,17.67,15.46,15.60,16.06,16.79,25.66,26.79,25.59,26.16,24.65,26.14],
  [27.53,18.77,18.74,8.03,5.59,31.42,10.18,10.36,12.47,10.75,9.26,11.42,9.58,19.60,18.39,20.13,22.19,21.58,20.63,21.74,19.24,20.77,21.07,21.46,20.09,21.58,8.56,3.92,3.61,7.28,0.67,0.29,99.00,5.86,7.15,4.08,6.01,6.39,7.96,7.50,4.21,6.47,2.96,8.36,6.67,4.08,8.32,4.27,4.94,4.24,5.57,7.61,6.87,7.66,5.53,6.91,8.05,7.32,28.76,31.36,28.49,30.49,29.23,31.30,31.43,28.43,29.81,29.44,27.86,30.98,30.79,30.42,27.77,30.23,31.47,27.20,31.28,27.59,27.12,26.73,25.36,26.77,26.12,27.84,26.62,26.62,27.63,15.91,16.70,14.68,15.91,16.32,16.78,17.18,16.38,17.67,15.48,15.69,16.14,16.86,25.76,26.85,25.70,26.21,24.74,26.23],
  [33.34,24.20,24.59,13.76,7.22,37.25,15.25,15.41,17.68,16.06,14.86,17.20,15.11,25.46,24.22,25.94,28.03,27.35,26.49,27.59,25.06,26.59,26.93,27.30,25.95,27.37,14.42,9.30,9.07,12.38,5.40,5.89,5.86,99.00,1.41,3.25,1.03,12.21,13.78,12.97,9.95,12.29,8.80,13.94,12.52,9.91,13.96,10.06,10.79,10.11,11.30,13.37,12.72,13.27,11.35,12.73,13.90,13.15,34.54,37.11,34.30,36.25,35.04,37.04,37.18,34.22,35.57,35.20,33.57,36.71,36.55,36.15,33.50,35.99,37.20,32.90,37.04,33.38,32.79,32.59,31.21,32.63,31.96,33.71,32.48,32.48,33.50,21.77,22.30,20.36,21.63,21.93,22.63,22.89,22.04,23.52,21.34,21.38,21.86,22.61,31.43,32.64,31.31,32.04,30.41,31.90],
  [34.53,25.19,25.90,15.11,7.69,38.57,16.18,16.34,18.64,17.06,15.97,18.54,16.18,26.75,25.44,27.13,29.25,28.52,27.74,28.84,26.27,27.78,28.18,28.52,27.20,28.55,15.68,10.40,10.20,13.35,6.74,7.15,7.15,1.41,99.00,4.63,1.27,13.43,15.11,14.36,11.29,13.61,10.06,15.32,13.82,11.22,15.09,11.28,12.10,11.38,12.65,14.72,14.02,14.39,12.58,14.05,15.14,14.37,35.70,38.24,35.48,37.38,36.22,38.17,38.31,35.39,36.72,36.35,34.69,37.84,37.70,37.28,34.62,37.14,38.33,34.01,38.18,34.54,33.88,33.87,32.52,33.92,33.28,34.96,33.74,33.74,34.76,23.06,23.37,21.47,22.77,23.01,23.86,24.02,23.15,24.82,22.60,22.50,23.00,23.76,32.52,33.81,32.37,33.24,31.50,32.99],
  [31.29,22.83,22.12,11.16,7.99,34.73,14.24,14.42,16.55,14.83,13.29,14.62,13.64,23.06,22.14,23.92,25.91,25.43,24.23,25.38,23.00,24.54,24.68,25.17,23.72,25.40,12.26,7.99,7.69,11.33,3.42,4.25,4.08,3.25,4.63,99.00,4.05,10.27,11.36,10.15,7.50,9.90,6.89,11.19,10.25,7.62,12.34,8.24,8.50,8.00,8.77,10.82,10.40,11.69,9.42,10.30,11.84,11.18,32.58,35.23,32.28,34.35,32.99,35.17,35.30,32.24,33.65,33.28,31.77,34.87,34.63,34.30,31.67,34.08,35.34,31.11,35.13,31.41,31.06,30.22,28.73,30.21,29.43,31.40,30.18,30.18,31.17,19.39,20.71,18.65,19.84,20.32,20.48,21.10,20.35,21.11,19.09,19.64,20.07,20.76,29.70,30.66,29.68,29.94,28.69,30.18],
  [33.29,23.93,24.73,14.02,6.52,37.41,14.91,15.07,17.37,15.79,14.71,17.42,14.92,25.57,24.21,25.90,28.02,27.27,26.54,27.62,25.04,26.55,26.97,27.30,25.99,27.31,14.49,9.15,8.95,12.08,5.64,5.98,6.01,1.03,1.27,4.05,99.00,12.21,13.97,13.34,10.19,12.47,8.87,14.27,12.66,10.09,13.84,10.07,10.95,10.21,11.55,13.61,12.86,13.14,11.37,12.92,13.94,13.16,34.46,36.99,34.23,36.13,34.99,36.91,37.06,34.15,35.47,35.11,33.43,36.58,36.45,36.02,33.36,35.88,37.07,32.75,36.93,33.30,32.62,32.68,31.35,32.73,32.12,33.76,32.54,32.54,33.56,21.88,22.11,20.22,21.51,21.75,22.65,22.77,21.89,23.65,21.40,21.25,21.75,22.52,31.26,32.57,31.11,32.01,30.24,31.73],
  [21.14,12.74,12.68,3.60,8.64,25.31,5.42,5.60,7.05,5.33,3.30,5.97,3.80,13.43,12.02,13.74,15.83,15.20,14.33,15.41,12.86,14.38,14.76,15.10,13.78,15.20,2.38,3.41,3.46,3.61,6.95,6.33,6.39,12.21,13.43,10.27,12.21,99.00,2.77,4.64,3.31,2.09,3.43,4.60,1.55,2.87,2.37,2.15,2.18,2.31,2.94,3.19,1.80,1.98,0.86,2.35,1.76,0.94,22.37,24.98,22.11,24.12,22.84,24.92,25.06,22.05,23.43,23.05,21.51,24.61,24.40,24.05,21.41,23.85,25.09,20.84,24.90,21.21,20.78,20.49,19.25,20.57,20.06,21.55,20.33,20.33,21.36,9.77,10.49,8.38,9.57,10.08,10.43,10.83,10.08,11.56,9.21,9.37,9.79,10.50,19.42,20.46,19.41,19.83,18.42,19.91],
  [20.04,12.98,10.81,1.05,11.21,23.47,7.40,7.55,8.37,6.87,4.69,3.50,5.29,11.71,10.91,12.74,14.63,14.36,12.87,14.05,11.79,13.33,13.33,13.88,12.37,14.27,1.66,5.93,5.87,6.25,8.38,7.99,7.96,13.78,15.11,11.36,13.97,2.77,99.00,2.66,3.87,1.49,5.20,2.12,1.44,3.88,4.11,4.33,3.02,3.83,2.61,0.88,1.17,4.17,3.19,1.06,1.95,2.39,21.39,24.11,21.04,23.23,21.74,24.07,24.19,21.04,22.50,22.12,20.78,23.79,23.47,23.22,20.64,22.95,24.25,20.14,23.99,20.23,20.18,18.87,17.43,18.88,18.17,20.04,18.82,18.82,19.81,8.04,10.46,8.27,9.19,10.03,9.22,10.38,9.87,9.76,7.76,9.12,9.38,9.92,18.83,19.47,18.98,18.66,17.88,19.32],
  [21.94,15.55,12.19,1.71,11.89,24.66,9.85,10.02,11.00,9.45,7.26,4.71,7.85,13.23,12.95,14.81,16.53,16.50,14.61,15.84,13.84,15.36,15.08,15.78,14.16,16.36,4.32,6.86,6.67,8.24,7.73,7.63,7.50,12.97,14.36,10.15,13.34,4.64,2.66,99.00,3.44,2.55,5.42,1.10,3.12,3.86,6.56,5.18,3.40,4.29,2.27,1.79,2.91,6.46,4.58,2.34,4.52,4.69,23.37,26.14,22.96,25.26,23.62,26.10,26.23,23.00,24.51,24.13,22.92,25.86,25.45,25.28,22.76,24.96,26.29,22.30,26.00,22.22,22.39,20.34,18.72,20.28,19.38,21.61,20.40,20.40,21.34,9.70,12.99,10.81,11.63,12.56,11.24,12.78,12.36,11.28,9.68,11.61,11.80,12.27,21.06,21.45,21.28,20.52,20.13,21.55],
  [23.83,15.99,14.67,3.82,8.51,27.32,8.54,8.72,10.34,8.61,6.61,7.25,7.11,15.58,14.67,16.47,18.43,18.03,16.73,17.89,15.54,17.08,17.18,17.68,16.22,17.98,4.83,3.77,3.51,6.15,4.56,4.29,4.21,9.95,11.29,7.50,10.19,3.31,3.87,3.44,99.00,2.40,2.05,4.19,2.80,0.63,5.67,2.33,1.15,1.36,1.36,3.42,2.91,5.22,2.63,2.81,4.52,4.04,25.14,27.82,24.82,26.95,25.52,27.77,27.90,24.80,26.23,25.85,24.42,27.48,27.20,26.91,24.30,26.67,27.95,23.77,27.72,23.97,23.76,22.74,21.29,22.75,22.02,23.91,22.68,22.68,23.67,11.91,13.65,11.50,12.60,13.24,13.00,13.84,13.18,13.63,11.59,12.45,12.81,13.44,22.41,23.22,22.47,22.46,21.42,22.89],
  [21.43,13.93,12.30,1.80,9.94,24.96,7.40,7.57,8.78,7.13,4.97,4.97,5.54,13.19,12.28,14.10,16.03,15.68,14.32,15.48,13.16,14.70,14.78,15.29,13.81,15.61,2.54,4.69,4.58,5.69,6.89,6.50,6.47,12.29,13.61,9.90,12.47,2.09,1.49,2.55,2.40,99.00,3.75,2.64,0.64,2.39,4.16,3.02,1.53,2.38,1.28,1.34,0.58,3.97,2.11,0.47,2.40,2.28,22.76,25.46,22.43,24.58,23.13,25.41,25.54,22.41,23.86,23.48,22.08,25.13,24.83,24.55,21.95,24.30,25.58,21.44,25.35,21.59,21.45,20.34,18.92,20.36,19.67,21.51,20.28,20.28,21.28,9.51,11.50,9.32,10.34,11.07,10.61,11.57,10.97,11.25,9.19,10.23,10.54,11.14,20.09,20.84,20.19,20.06,19.12,20.58],
  [24.56,15.96,15.88,5.48,6.48,28.55,7.72,7.91,9.84,8.10,6.41,8.70,6.79,16.70,15.43,17.16,19.23,18.62,17.69,18.79,16.27,17.80,18.13,18.50,17.15,18.62,5.62,1.94,1.61,4.98,3.53,2.92,2.96,8.80,10.06,6.89,8.87,3.43,5.20,5.42,2.05,3.75,99.00,6.05,3.82,1.56,5.46,1.35,2.23,1.37,3.19,5.02,4.05,4.83,2.56,4.21,5.10,4.36,25.80,28.41,25.53,27.54,26.26,28.34,28.48,25.47,26.85,26.48,24.92,28.03,27.83,27.47,24.83,27.28,28.51,24.25,28.33,24.63,24.18,23.81,22.49,23.87,23.27,24.91,23.68,23.68,24.70,13.01,13.81,11.76,12.97,13.42,13.83,14.24,13.46,14.79,12.54,12.76,13.20,13.91,22.82,23.89,22.79,23.25,21.82,23.30],
  [20.86,14.68,11.10,1.08,12.45,23.59,9.52,9.67,10.44,8.98,6.81,3.62,7.40,12.13,11.89,13.75,15.45,15.45,13.51,14.74,12.78,14.29,13.99,14.70,13.07,15.31,3.73,7.27,7.13,8.20,8.64,8.46,8.36,13.94,15.32,11.19,14.27,4.60,2.12,1.10,4.19,2.64,6.05,99.00,3.06,4.51,6.22,5.58,3.88,4.79,2.87,1.42,2.80,6.24,4.75,2.27,4.07,4.43,22.29,25.06,21.88,24.18,22.53,25.03,25.15,21.92,23.43,23.05,21.86,24.79,24.38,24.21,21.70,23.88,25.22,21.25,24.92,21.14,21.35,19.25,17.64,19.19,18.30,20.52,19.31,19.31,20.24,8.60,12.09,9.92,10.68,11.66,10.18,11.80,11.43,10.18,8.61,10.68,10.85,11.29,20.03,20.38,20.27,19.43,19.11,20.52],
  [21.04,13.35,12.08,2.10,9.78,24.75,6.77,6.94,8.13,6.49,4.32,4.92,4.89,12.93,11.89,13.68,15.66,15.24,14.00,15.14,12.76,14.30,14.45,14.91,13.48,15.19,2.04,4.49,4.43,5.16,7.13,6.67,6.67,12.52,13.82,10.25,12.66,1.55,1.44,3.12,2.80,0.64,3.82,3.06,99.00,2.64,3.52,2.89,1.75,2.45,1.85,1.66,0.28,3.35,1.78,0.80,1.80,1.64,22.35,25.03,22.03,24.15,22.74,24.97,25.11,22.01,23.44,23.06,21.63,24.69,24.41,24.11,21.50,23.87,25.15,20.97,24.92,21.18,20.97,20.07,18.70,20.10,19.46,21.21,19.98,19.98,20.99,9.24,10.94,8.77,9.83,10.52,10.23,11.06,10.43,11.00,8.85,9.70,10.03,10.66,19.62,20.43,19.69,19.69,18.64,20.10],
  [23.67,15.61,14.68,4.01,8.03,27.35,7.98,8.16,9.84,8.10,6.15,7.35,6.63,15.56,14.52,16.30,18.30,17.83,16.64,17.79,15.38,16.92,17.10,17.55,16.12,17.79,4.64,3.17,2.92,5.54,4.50,4.12,4.08,9.91,11.22,7.62,10.09,2.87,3.88,3.86,0.63,2.39,1.56,4.51,2.64,99.00,5.21,1.70,0.89,0.74,1.64,3.57,2.82,4.71,2.12,2.83,4.24,3.68,24.96,27.62,24.66,26.75,25.37,27.57,27.70,24.63,26.04,25.67,24.20,27.28,27.02,26.70,24.08,26.48,27.74,23.54,27.53,23.80,23.51,22.70,21.30,22.73,22.05,23.85,22.62,22.62,23.62,11.87,13.32,11.18,12.32,12.91,12.87,13.57,12.88,13.62,11.50,12.15,12.53,13.20,22.15,23.05,22.19,22.32,21.16,22.64],
  [19.47,10.51,11.81,5.14,9.30,24.22,3.30,3.46,4.69,2.99,0.96,6.26,1.43,12.39,10.50,12.11,14.29,13.43,13.03,14.01,11.29,12.77,13.42,13.59,12.45,13.48,2.70,4.70,4.90,2.78,8.94,8.21,8.32,13.96,15.09,12.34,13.84,2.37,4.11,6.56,5.67,4.16,5.46,6.22,3.52,5.21,99.00,4.11,4.54,4.58,5.23,4.85,3.68,0.71,3.09,4.24,2.17,1.89,20.62,23.15,20.41,22.29,21.17,23.08,23.22,20.31,21.63,21.26,19.61,22.75,22.61,22.19,19.53,22.04,23.24,18.93,23.09,19.46,18.83,19.23,18.18,19.37,19.05,20.18,18.97,18.97,20.03,8.88,8.38,6.39,7.67,8.00,9.06,8.93,8.08,10.64,8.09,7.41,7.91,8.68,17.47,18.73,17.38,18.23,16.45,17.94],
  [23.28,14.62,14.77,4.82,6.92,27.42,6.50,6.69,8.55,6.79,5.07,7.79,5.46,15.55,14.16,15.88,17.97,17.32,16.47,17.56,15.00,16.52,16.91,17.24,15.93,17.32,4.46,1.69,1.56,3.90,4.86,4.20,4.27,10.06,11.28,8.24,10.07,2.15,4.33,5.18,2.33,3.02,1.35,5.58,2.89,1.70,4.11,99.00,1.79,0.99,2.94,4.36,3.16,3.49,1.31,3.47,3.88,3.09,24.50,27.09,24.24,26.23,24.98,27.03,27.17,24.18,25.54,25.17,23.59,26.71,26.52,26.15,23.50,25.97,27.20,22.93,27.01,23.33,22.85,22.62,21.36,22.70,22.15,23.70,22.47,22.47,23.50,11.87,12.47,10.42,11.64,12.08,12.58,12.91,12.12,13.66,11.34,11.42,11.87,12.59,21.49,22.59,21.45,21.98,20.48,21.97],
  [22.79,14.84,13.80,3.24,8.57,26.47,7.50,7.68,9.23,7.50,5.47,6.51,5.98,14.67,13.63,15.42,17.41,16.96,15.75,16.90,14.50,16.04,16.20,16.67,15.23,16.92,3.76,3.45,3.28,5.28,5.39,4.97,4.94,10.79,12.10,8.50,10.95,2.18,3.02,3.40,1.15,1.53,2.23,3.88,1.75,0.89,4.54,1.79,99.00,0.91,1.16,2.79,1.93,4.12,1.58,1.99,3.39,2.89,24.08,26.75,23.77,25.88,24.49,26.70,26.83,23.75,25.17,24.79,23.33,26.40,26.14,25.83,23.22,25.60,26.87,22.68,26.65,22.92,22.66,21.81,20.42,21.84,21.18,22.96,21.73,21.73,22.74,10.98,12.51,10.36,11.47,12.10,11.98,12.72,12.05,12.74,10.61,11.32,11.69,12.34,21.30,22.16,21.35,21.44,20.31,21.79],
  [23.33,15.04,14.53,4.14,7.66,27.20,7.26,7.45,9.17,7.42,5.53,7.33,5.99,15.36,14.18,15.94,17.98,17.43,16.38,17.50,15.03,16.57,16.83,17.24,15.85,17.41,4.32,2.59,2.39,4.80,4.75,4.23,4.24,10.11,11.38,8.00,10.21,2.31,3.83,4.29,1.36,2.38,1.37,4.79,2.45,0.74,4.58,0.99,0.91,99.00,2.02,3.68,2.68,4.04,1.49,2.85,3.84,3.18,24.59,27.23,24.30,26.36,25.03,27.17,27.30,24.26,25.66,25.28,23.77,26.87,26.64,26.30,23.67,26.09,27.34,23.11,27.14,23.43,23.07,22.49,21.14,22.53,21.91,23.60,22.38,22.38,23.39,11.67,12.79,10.69,11.86,12.39,12.55,13.11,12.38,13.44,11.23,11.67,12.08,12.76,21.71,22.68,21.71,22.00,20.71,22.19],
  [22.64,15.19,13.36,2.47,9.64,25.99,8.36,8.53,9.90,8.22,6.09,5.91,6.64,14.29,13.51,15.33,17.23,16.92,15.48,16.66,14.39,15.92,15.94,16.49,14.98,16.85,3.81,4.60,4.40,6.33,5.91,5.65,5.57,11.30,12.65,8.77,11.55,2.94,2.61,2.27,1.36,1.28,3.19,2.87,1.85,1.64,5.23,2.94,1.16,2.02,99.00,2.07,1.86,4.92,2.58,1.57,3.65,3.40,23.99,26.69,23.64,25.81,24.34,26.65,26.78,23.64,25.09,24.71,23.34,26.37,26.06,25.79,23.20,25.53,26.83,22.69,26.58,22.82,22.71,21.45,19.97,21.45,20.70,22.64,21.42,21.42,22.40,10.63,12.77,10.59,11.61,12.35,11.82,12.84,12.25,12.34,10.37,11.50,11.82,12.41,21.36,22.06,21.46,21.26,20.39,21.85],
  [20.72,13.85,11.30,0.46,11.28,23.92,8.15,8.31,9.22,7.69,5.50,3.83,6.09,12.25,11.62,13.46,15.30,15.10,13.49,14.68,12.51,14.04,13.95,14.55,13.00,15.00,2.53,6.02,5.92,6.78,7.98,7.68,7.61,13.37,14.72,10.82,13.61,3.19,0.88,1.79,3.42,1.34,5.02,1.42,1.66,3.57,4.85,4.36,2.79,3.68,2.07,99.00,1.39,4.83,3.40,0.91,2.75,3.03,22.10,24.83,21.72,23.95,22.41,24.79,24.91,21.74,23.22,22.83,21.53,24.52,24.17,23.95,21.38,23.66,24.97,20.90,24.70,20.93,20.95,19.41,17.91,19.40,18.63,20.62,19.40,19.40,20.37,8.61,11.32,9.13,10.02,10.89,9.92,11.20,10.71,10.29,8.42,9.96,10.20,10.73,19.61,20.17,19.78,19.32,18.66,20.10],
  [20.91,13.35,11.87,1.82,10.05,24.55,6.95,7.12,8.24,6.62,4.44,4.66,5.02,12.74,11.76,13.56,15.52,15.13,13.84,14.99,12.63,14.17,14.29,14.77,13.32,15.07,1.96,4.77,4.70,5.41,7.32,6.88,6.87,12.72,14.02,10.40,12.86,1.80,1.17,2.91,2.91,0.58,4.05,2.80,0.28,2.82,3.68,3.16,1.93,2.68,1.86,1.39,99.00,3.55,2.06,0.57,1.82,1.79,22.23,24.91,21.90,24.04,22.61,24.86,24.99,21.88,23.32,22.94,21.53,24.58,24.29,24.01,21.40,23.76,25.04,20.88,24.81,21.06,20.89,19.89,18.50,19.91,19.26,21.03,19.81,19.81,20.81,9.05,10.91,8.73,9.77,10.49,10.09,10.99,10.39,10.81,8.69,9.65,9.97,10.58,19.53,20.31,19.62,19.55,18.56,20.02],
  [20.18,11.14,12.46,5.17,8.63,24.91,3.44,3.62,5.14,3.39,1.60,6.66,1.97,13.06,11.21,12.82,15.00,14.14,13.72,14.71,12.00,13.48,14.12,14.30,13.15,14.19,2.97,3.99,4.20,2.27,8.28,7.54,7.66,13.27,14.39,11.69,13.14,1.98,4.17,6.46,5.22,3.97,4.83,6.24,3.35,4.71,0.71,3.49,4.12,4.04,4.92,4.83,3.55,99.00,2.59,4.12,2.34,1.80,21.32,23.85,21.12,22.99,21.87,23.78,23.92,21.02,22.33,21.97,20.31,23.45,23.32,22.89,20.23,22.75,23.94,19.63,23.79,20.17,19.52,19.93,18.86,20.06,19.73,20.89,19.68,19.68,20.74,9.53,9.06,7.09,8.38,8.68,9.76,9.63,8.77,11.30,8.77,8.11,8.61,9.38,18.16,19.44,18.06,18.94,17.14,18.63],
  [22.00,13.56,13.46,3.85,8.04,26.11,5.92,6.10,7.72,5.98,4.05,6.58,4.51,14.24,12.87,14.60,16.68,16.06,15.17,16.25,13.71,15.24,15.60,15.95,14.62,16.06,3.15,2.75,2.74,3.75,6.09,5.47,5.53,11.35,12.58,9.42,11.37,0.86,3.19,4.58,2.63,2.11,2.56,4.75,1.78,2.12,3.09,1.31,1.58,1.49,2.58,3.40,2.06,2.59,99.00,2.50,2.57,1.80,23.23,25.85,22.97,24.98,23.70,25.78,25.92,22.91,24.29,23.92,22.37,25.48,25.27,24.91,22.27,24.71,25.95,21.70,25.76,22.07,21.64,21.31,20.05,21.38,20.85,22.39,21.16,21.16,22.19,10.56,11.33,9.24,10.43,10.93,11.28,11.69,10.94,12.35,10.03,10.23,10.65,11.36,20.28,21.32,20.27,20.69,19.28,20.76],
  [21.08,13.75,11.87,1.37,10.39,24.53,7.52,7.68,8.77,7.17,4.98,4.52,5.57,12.78,11.93,13.76,15.67,15.35,13.93,15.10,12.81,14.35,14.39,14.92,13.43,15.28,2.32,5.13,5.03,5.96,7.32,6.95,6.91,12.73,14.05,10.30,12.92,2.35,1.06,2.34,2.81,0.47,4.21,2.27,0.80,2.83,4.24,3.47,1.99,2.85,1.57,0.91,0.57,4.12,2.50,99.00,2.31,2.36,22.42,25.12,22.07,24.24,22.77,25.07,25.20,22.07,23.52,23.14,21.77,24.80,24.49,24.22,21.63,23.96,25.25,21.12,25.01,21.25,21.15,19.93,18.49,19.94,19.23,21.11,19.88,19.88,20.87,9.10,11.29,9.10,10.08,10.86,10.25,11.30,10.73,10.83,8.81,9.99,10.28,10.86,19.80,20.49,19.92,19.70,18.83,20.29],
  [19.49,11.55,10.93,3.00,10.31,23.56,5.45,5.60,6.49,4.94,2.75,4.43,3.34,11.68,10.34,12.09,14.14,13.60,12.60,13.69,11.19,12.73,13.03,13.41,12.05,13.57,0.69,5.15,5.21,4.56,8.58,8.02,8.05,13.90,15.14,11.84,13.94,1.76,1.95,4.52,4.52,2.40,5.10,4.07,1.80,4.24,2.17,3.88,3.39,3.84,3.65,2.75,1.82,2.34,2.57,2.31,99.00,0.86,20.75,23.39,20.46,22.52,21.19,23.34,23.47,20.42,21.82,21.44,19.95,23.04,22.79,22.47,19.84,22.25,23.51,19.30,23.30,19.58,19.27,18.74,17.49,18.82,18.30,19.82,18.60,18.60,19.62,8.01,9.15,6.99,8.08,8.74,8.73,9.33,8.67,9.80,7.46,7.93,8.30,8.95,17.91,18.83,17.96,18.16,16.92,18.40],
  [20.20,11.95,11.77,3.37,9.46,24.39,5.16,5.33,6.51,4.85,2.70,5.24,3.26,12.50,11.07,12.80,14.88,14.27,13.39,14.47,11.92,13.44,13.82,14.15,12.84,14.26,1.53,4.30,4.37,3.88,7.88,7.27,7.32,13.15,14.37,11.18,13.16,0.94,2.39,4.69,4.04,2.28,4.36,4.43,1.64,3.68,1.89,3.09,2.89,3.18,3.40,3.03,1.79,1.80,1.80,2.36,0.86,99.00,21.44,24.06,21.17,23.19,21.90,24.00,24.14,21.11,22.50,22.12,20.59,23.69,23.48,23.13,20.49,22.92,24.17,19.93,23.97,20.27,19.88,19.55,18.32,19.63,19.13,20.61,19.38,19.38,20.42,8.85,9.64,7.51,8.67,9.23,9.49,9.93,9.21,10.64,8.27,8.49,8.89,9.58,18.52,19.53,18.53,18.89,17.52,19.01],
  [1.64,11.70,11.85,21.87,29.43,8.79,20.24,20.14,17.87,19.07,19.77,18.70,19.62,10.64,10.48,8.67,6.85,7.19,8.94,7.67,9.60,8.06,8.46,7.60,9.29,7.18,20.33,25.31,25.50,22.68,29.32,28.69,28.76,34.54,35.70,32.58,34.46,22.37,21.39,23.37,25.14,22.76,25.80,22.29,22.35,24.96,20.62,24.50,24.08,24.59,23.99,22.10,22.23,21.32,23.23,22.42,20.75,21.44,99.00,2.83,0.79,1.97,1.17,2.83,2.93,0.41,1.19,0.82,2.20,2.72,2.09,2.18,1.93,1.64,3.03,2.64,2.64,1.17,3.30,5.88,7.89,6.48,8.31,4.69,5.00,5.00,5.13,13.74,12.62,14.28,12.96,12.91,12.18,11.72,12.66,12.40,13.70,13.25,12.72,11.94,4.08,1.92,4.97,3.08,4.96,3.85],
  [4.43,13.73,14.68,24.62,31.79,9.89,22.56,22.44,20.14,21.44,22.27,21.49,22.09,13.47,13.21,11.37,9.66,9.80,11.76,10.50,12.32,10.79,11.28,10.40,12.11,9.84,23.00,27.84,28.04,25.10,31.93,31.29,31.36,37.11,38.24,35.23,36.99,24.98,24.11,26.14,27.82,25.46,28.41,25.06,25.03,27.62,23.15,27.09,26.75,27.23,26.69,24.83,24.91,23.85,25.85,25.12,23.39,24.06,2.83,99.00,3.43,0.88,3.09,0.17,0.12,3.23,1.65,2.03,3.64,0.61,0.86,1.00,3.65,1.19,0.29,4.32,0.35,3.94,4.66,8.25,10.38,8.79,10.65,6.86,7.48,7.48,7.33,16.54,14.98,16.77,15.48,15.30,14.91,14.22,15.11,15.23,16.46,15.74,15.24,14.50,5.90,4.70,6.43,5.89,6.92,5.49],
  [1.03,11.79,11.29,21.49,29.31,8.11,20.16,20.06,17.82,18.97,19.58,18.27,19.45,10.09,10.15,8.37,6.43,6.99,8.44,7.18,9.28,7.74,7.96,7.18,8.83,6.93,20.02,25.10,25.28,22.53,29.04,28.43,28.49,34.30,35.48,32.28,34.23,22.11,21.04,22.96,24.82,22.43,25.53,21.88,22.03,24.66,20.41,24.24,23.77,24.30,23.64,21.72,21.90,21.12,22.97,22.07,20.46,21.17,0.79,3.43,99.00,2.63,0.80,3.46,3.54,0.50,1.86,1.54,2.80,3.41,2.62,2.91,2.49,2.29,3.67,3.12,3.19,1.12,3.82,5.09,7.12,5.69,7.52,3.91,4.22,4.22,4.34,13.29,12.54,14.12,12.78,12.81,11.82,11.55,12.53,11.90,13.31,13.09,12.54,11.74,4.41,1.71,5.38,2.50,5.19,4.25],
  [3.60,12.96,13.82,23.74,30.97,9.64,21.74,21.62,19.33,20.61,21.42,20.61,21.24,12.61,12.33,10.49,8.78,8.92,10.89,9.63,11.44,9.91,10.41,9.52,11.23,8.96,22.12,26.99,27.19,24.26,31.06,30.42,30.49,36.25,37.38,34.35,36.13,24.12,23.23,25.26,26.95,24.58,27.54,24.18,24.15,26.75,22.29,26.23,25.88,26.36,25.81,23.95,24.04,22.99,24.98,24.24,22.52,23.19,1.97,0.88,2.63,99.00,2.41,0.86,0.97,2.38,0.79,1.16,2.87,0.80,0.55,0.50,2.83,0.34,1.06,3.54,0.81,3.06,3.94,7.58,9.68,8.15,10.00,6.25,6.77,6.77,6.71,15.66,14.14,15.92,14.62,14.46,14.03,13.36,14.26,14.36,15.58,14.89,14.38,13.64,5.13,3.82,5.74,5.05,6.13,4.75],
  [1.70,12.58,11.85,22.17,30.09,7.66,20.95,20.85,18.62,19.75,20.34,18.92,20.22,10.66,10.86,9.10,7.11,7.76,9.06,7.80,10.00,8.46,8.57,7.86,9.47,7.68,20.74,25.86,26.03,23.31,29.77,29.17,29.23,35.04,36.22,32.99,34.99,22.84,21.74,23.62,25.52,23.13,26.26,22.53,22.74,25.37,21.17,24.98,24.49,25.03,24.34,22.41,22.61,21.87,23.70,22.77,21.19,21.90,1.17,3.09,0.80,2.41,99.00,3.16,3.20,1.13,1.75,1.56,3.36,3.21,2.23,2.80,3.09,2.09,3.36,3.77,2.80,1.90,4.45,5.18,7.29,5.74,7.59,3.85,4.39,4.39,4.31,13.94,13.33,14.89,13.55,13.60,12.52,12.33,13.31,12.50,13.99,13.87,13.31,12.50,5.14,2.51,6.08,3.10,5.96,4.95],
  [4.45,13.62,14.68,24.58,31.70,10.04,22.46,22.34,20.04,21.35,22.20,21.46,22.01,13.47,13.17,11.33,9.64,9.74,11.75,10.49,12.28,10.75,11.28,10.37,12.09,9.79,22.94,27.77,27.97,25.01,31.87,31.22,31.30,37.04,38.17,35.17,36.91,24.92,24.07,26.10,27.77,25.41,28.34,25.03,24.97,27.57,23.08,27.03,26.70,27.17,26.65,24.79,24.86,23.78,25.78,25.07,23.34,24.00,2.83,0.17,3.46,0.86,3.16,99.00,0.15,3.24,1.64,2.02,3.54,0.45,0.94,0.90,3.56,1.19,0.20,4.22,0.49,3.93,4.54,8.33,10.45,8.88,10.73,6.95,7.55,7.55,7.41,16.52,14.89,16.70,15.41,15.21,14.87,14.15,15.03,15.22,16.43,15.67,15.17,14.43,5.80,4.68,6.31,5.91,6.82,5.38],
  [4.53,13.77,14.78,24.71,31.85,9.99,22.61,22.49,20.19,21.50,22.34,21.58,22.16,13.57,13.29,11.45,9.75,9.87,11.86,10.60,12.41,10.88,11.38,10.49,12.20,9.92,23.07,27.91,28.11,25.16,32.01,31.36,31.43,37.18,38.31,35.30,37.06,25.06,24.19,26.23,27.90,25.54,28.48,25.15,25.11,27.70,23.22,27.17,26.83,27.30,26.78,24.91,24.99,23.92,25.92,25.20,23.47,24.14,2.93,0.12,3.54,0.97,3.20,0.15,99.00,3.33,1.75,2.13,3.69,0.60,0.97,1.05,3.70,1.29,0.19,4.37,0.45,4.04,4.69,8.36,10.49,8.91,10.76,6.98,7.59,7.59,7.44,16.63,15.04,16.84,15.55,15.36,15.00,14.29,15.17,15.33,16.55,15.81,15.31,14.57,5.95,4.79,6.46,6.00,6.97,5.53],
  [1.23,11.52,11.45,21.51,29.16,8.61,19.99,19.88,17.63,18.81,19.47,18.33,19.33,10.24,10.13,8.33,6.48,6.88,8.55,7.28,9.26,7.71,8.07,7.23,8.91,6.85,19.99,25.01,25.20,22.40,28.99,28.37,28.43,34.22,35.39,32.24,34.15,22.05,21.04,23.00,24.80,22.41,25.47,21.92,22.01,24.63,20.31,24.18,23.75,24.26,23.64,21.74,21.88,21.02,22.91,22.07,20.42,21.11,0.41,3.23,0.50,2.38,1.13,3.24,3.33,99.00,1.59,1.23,2.31,3.13,2.47,2.59,2.01,2.05,3.44,2.66,3.03,0.86,3.35,5.52,7.51,6.12,7.94,4.37,4.63,4.63,4.80,13.36,12.37,13.99,12.66,12.64,11.82,11.43,12.38,12.01,13.34,12.97,12.42,11.64,4.01,1.58,4.95,2.67,4.84,3.82],
  [2.81,12.45,13.03,23.00,30.36,9.24,21.15,21.03,18.75,20.00,20.77,19.85,20.60,11.82,11.60,9.77,8.01,8.23,10.12,8.85,10.71,9.18,9.64,8.76,10.46,8.25,21.41,26.33,26.52,23.63,30.38,29.74,29.81,35.57,36.72,33.65,35.47,23.43,22.50,24.51,26.23,23.86,26.85,23.43,23.44,26.04,21.63,25.54,25.17,25.66,25.09,23.22,23.32,22.33,24.29,23.52,21.82,22.50,1.19,1.65,1.86,0.79,1.75,1.64,1.75,1.59,99.00,0.38,2.46,1.55,0.98,1.07,2.34,0.46,1.85,3.08,1.49,2.30,3.59,6.88,8.95,7.45,9.30,5.59,6.04,6.04,6.04,14.90,13.54,15.27,13.96,13.84,13.30,12.71,13.63,13.58,14.83,14.24,13.72,12.96,4.66,3.06,5.38,4.27,5.63,4.32],
  [2.46,12.14,12.66,22.62,30.01,9.17,20.80,20.69,18.41,19.65,20.40,19.47,20.24,11.45,11.21,9.38,7.63,7.85,9.73,8.47,10.33,8.79,9.26,8.37,10.08,7.87,21.03,25.96,26.15,23.28,30.00,29.37,29.44,35.20,36.35,33.28,35.11,23.05,22.12,24.13,25.85,23.48,26.48,23.05,23.06,25.67,21.26,25.17,24.79,25.28,24.71,22.83,22.94,21.97,23.92,23.14,21.44,22.12,0.82,2.03,1.54,1.16,1.56,2.02,2.13,1.23,0.38,99.00,2.23,1.90,1.35,1.37,2.07,0.84,2.22,2.81,1.87,1.91,3.37,6.61,8.65,7.19,9.03,5.35,5.75,5.75,5.80,14.51,13.19,14.91,13.59,13.49,12.91,12.34,13.27,13.20,14.45,13.88,13.36,12.59,4.37,2.67,5.14,3.90,5.33,4.06],
  [3.04,10.10,12.02,21.35,28.17,10.91,18.93,18.81,16.50,17.82,18.72,18.35,18.52,10.81,9.97,8.12,6.77,6.43,9.00,7.78,9.09,7.61,8.54,7.45,9.23,6.56,19.59,24.29,24.50,21.49,28.45,27.78,27.86,33.57,34.69,31.77,33.43,21.51,20.78,22.92,24.42,22.08,24.92,21.86,21.63,24.20,19.61,23.59,23.33,23.77,23.34,21.53,21.53,20.31,22.37,21.77,19.95,20.59,2.20,3.64,2.80,2.87,3.36,3.54,3.69,2.31,2.46,2.23,99.00,3.17,3.33,2.64,0.35,2.72,3.68,0.68,3.67,2.05,1.14,7.44,9.22,8.06,9.80,6.50,6.49,6.49,6.89,13.50,11.37,13.22,11.95,11.70,11.68,10.69,11.54,12.38,13.27,12.19,11.72,11.01,2.26,2.39,2.92,3.97,3.28,1.88],
  [4.35,13.23,14.52,24.32,31.34,10.32,22.09,21.97,19.67,20.99,21.87,21.23,21.67,13.31,12.91,11.06,9.43,9.45,11.57,10.31,12.02,10.50,11.10,10.16,11.89,9.52,22.65,27.44,27.65,24.66,31.56,30.90,30.98,36.71,37.84,34.87,36.58,24.61,23.79,25.86,27.48,25.13,28.03,24.79,24.69,27.28,22.75,26.71,26.40,26.87,26.37,24.52,24.58,23.45,25.48,24.80,23.04,23.69,2.72,0.61,3.41,0.80,3.21,0.45,0.60,3.13,1.55,1.90,3.17,99.00,1.12,0.58,3.22,1.13,0.52,3.85,0.87,3.75,4.13,8.38,10.48,8.95,10.80,7.04,7.57,7.57,7.50,16.30,14.53,16.36,15.08,14.86,14.62,13.82,14.69,15.03,16.18,15.34,14.85,14.12,5.41,4.49,5.89,5.79,6.44,4.99],
  [3.63,13.40,13.90,23.95,31.34,9.20,22.12,22.01,19.72,20.98,21.75,20.79,21.58,12.69,12.56,10.73,8.94,9.21,11.01,9.75,11.67,10.14,10.53,9.69,11.38,9.22,22.38,27.31,27.50,24.61,31.35,30.72,30.79,36.55,37.70,34.63,36.45,24.40,23.47,25.45,27.20,24.83,27.83,24.38,24.41,27.02,22.61,26.52,26.14,26.64,26.06,24.17,24.29,23.32,25.27,24.49,22.79,23.48,2.09,0.86,2.62,0.55,2.23,0.94,0.97,2.47,0.98,1.35,3.33,1.12,99.00,1.04,3.26,0.61,1.13,3.98,0.58,3.24,4.43,7.39,9.52,7.94,9.79,6.01,6.62,6.62,6.47,15.83,14.51,16.25,14.94,14.82,14.25,13.69,14.61,14.48,15.78,15.22,14.70,13.94,5.57,4.00,6.23,5.10,6.57,5.21],
  [3.82,12.73,13.95,23.74,30.80,10.13,21.56,21.45,19.14,20.45,21.31,20.65,21.12,12.74,12.33,10.48,8.85,8.88,11.00,9.74,11.44,9.92,10.53,9.58,11.32,8.94,22.08,26.88,27.09,24.11,30.99,30.34,30.42,36.15,37.28,34.30,36.02,24.05,23.22,25.28,26.91,24.55,27.47,24.21,24.11,26.70,22.19,26.15,25.83,26.30,25.79,23.95,24.01,22.89,24.91,24.22,22.47,23.13,2.18,1.00,2.91,0.50,2.80,0.90,1.05,2.59,1.07,1.37,2.64,0.58,1.04,99.00,2.66,0.73,1.05,3.32,1.10,3.18,3.65,7.94,10.01,8.52,10.37,6.64,7.11,7.11,7.10,15.72,13.99,15.81,14.52,14.32,14.04,13.26,14.14,14.46,15.60,14.78,14.29,13.55,4.90,3.92,5.43,5.25,5.92,4.49],
  [2.70,10.14,11.77,21.20,28.15,10.60,18.91,18.79,16.50,17.79,18.65,18.17,18.46,10.55,9.80,7.95,6.53,6.28,8.75,7.52,8.92,7.43,8.29,7.23,8.99,6.39,19.47,24.22,24.43,21.45,28.35,27.69,27.77,33.50,34.62,31.67,33.36,21.41,20.64,22.76,24.30,21.95,24.83,21.70,21.50,24.08,19.53,23.50,23.22,23.67,23.20,21.38,21.40,20.23,22.27,21.63,19.84,20.49,1.93,3.65,2.49,2.83,3.09,3.56,3.70,2.01,2.34,2.07,0.35,3.22,3.26,2.66,99.00,2.65,3.71,0.74,3.64,1.70,1.36,7.09,8.88,7.72,9.45,6.15,6.14,6.14,6.54,13.30,11.33,13.15,11.87,11.65,11.51,10.61,11.48,12.15,13.10,12.12,11.64,10.91,2.32,2.05,3.08,3.64,3.31,1.99],
  [3.26,12.79,13.49,23.45,30.75,9.42,21.52,21.41,19.12,20.39,21.18,20.31,21.01,12.28,12.04,10.21,8.47,8.65,10.57,9.31,11.15,9.62,10.10,9.21,10.92,8.69,21.84,26.74,26.94,24.03,30.80,30.16,30.23,35.99,37.14,34.08,35.88,23.85,22.95,24.96,26.67,24.30,27.28,23.88,23.87,26.48,22.04,25.97,25.60,26.09,25.53,23.66,23.76,22.75,24.71,23.96,22.25,22.92,1.64,1.19,2.29,0.34,2.09,1.19,1.29,2.05,0.46,0.84,2.72,1.13,0.61,0.73,2.65,99.00,1.39,3.37,1.05,2.75,3.83,7.26,9.35,7.83,9.68,5.94,6.44,6.44,6.40,15.35,13.92,15.68,14.37,14.23,13.74,13.12,14.03,14.04,15.28,14.65,14.13,13.38,4.96,3.51,5.62,4.72,5.96,4.60],
  [4.65,13.75,14.88,24.77,31.85,10.18,22.61,22.49,20.18,21.50,22.36,21.65,22.17,13.67,13.35,11.51,9.83,9.91,11.95,10.69,12.46,10.94,11.47,10.57,12.29,9.97,23.12,27.93,28.14,25.16,32.04,31.39,31.47,37.20,38.33,35.34,37.07,25.09,24.25,26.29,27.95,25.58,28.51,25.22,25.15,27.74,23.24,27.20,26.87,27.34,26.83,24.97,25.04,23.94,25.95,25.25,23.51,24.17,3.03,0.29,3.67,1.06,3.36,0.20,0.19,3.44,1.85,2.22,3.68,0.52,1.13,1.05,3.71,1.39,99.00,4.36,0.64,4.12,4.66,8.52,10.65,9.07,10.93,7.14,7.75,7.75,7.61,16.71,15.04,16.86,15.57,15.36,15.06,14.31,15.19,15.42,16.61,15.83,15.34,14.60,5.93,4.87,6.41,6.11,6.95,5.51],
  [3.14,9.42,11.53,20.72,27.49,11.17,18.24,18.13,15.82,17.14,18.04,17.75,17.84,10.33,9.37,7.51,6.27,5.80,8.50,7.30,8.48,7.03,8.06,6.93,8.70,5.95,18.94,23.61,23.83,20.81,27.78,27.11,27.20,32.90,34.01,31.11,32.75,20.84,20.14,22.30,23.77,21.44,24.25,21.25,20.97,23.54,18.93,22.93,22.68,23.11,22.69,20.90,20.88,19.63,21.70,21.12,19.30,19.93,2.64,4.32,3.12,3.54,3.77,4.22,4.37,2.66,3.08,2.81,0.68,3.85,3.98,3.32,0.74,3.37,4.36,99.00,4.34,2.18,0.72,7.41,9.08,8.04,9.72,6.59,6.45,6.45,6.95,12.92,10.69,12.54,11.28,11.02,11.07,10.02,10.86,11.85,12.67,11.52,11.05,10.35,1.59,2.30,2.34,3.83,2.60,1.25],
  [4.21,13.76,14.47,24.49,31.77,9.55,22.54,22.43,20.13,21.41,22.22,21.34,22.05,13.27,13.08,11.25,9.49,9.71,11.58,10.31,12.20,10.66,11.10,10.24,11.94,9.74,22.89,27.78,27.98,25.06,31.85,31.21,31.28,37.04,38.18,35.13,36.93,24.90,23.99,26.00,27.72,25.35,28.33,24.92,24.92,27.53,23.09,27.01,26.65,27.14,26.58,24.70,24.81,23.79,25.76,25.01,23.30,23.97,2.64,0.35,3.19,0.81,2.80,0.49,0.45,3.03,1.49,1.87,3.67,0.87,0.58,1.10,3.64,1.05,0.64,4.34,99.00,3.78,4.72,7.94,10.08,8.48,10.33,6.54,7.18,7.18,7.01,16.38,14.95,16.72,15.42,15.26,14.79,14.16,15.06,15.04,16.32,15.69,15.18,14.43,5.93,4.54,6.51,5.68,6.94,5.54],
  [0.99,10.69,10.77,20.71,28.30,8.99,19.13,19.02,16.77,17.95,18.61,17.56,18.48,9.56,9.32,7.50,5.72,6.03,7.83,6.57,8.44,6.90,7.35,6.46,8.17,6.01,19.16,24.16,24.35,21.54,28.15,27.53,27.59,33.38,34.54,31.41,33.30,21.21,20.23,22.22,23.97,21.59,24.63,21.14,21.18,23.80,19.46,23.33,22.92,23.43,22.82,20.93,21.06,20.17,22.07,21.25,19.58,20.27,1.17,3.94,1.12,3.06,1.90,3.93,4.04,0.86,2.30,1.91,2.05,3.75,3.24,3.18,1.70,2.75,4.12,2.18,3.78,99.00,2.91,5.41,7.26,6.03,7.79,4.45,4.47,4.47,4.84,12.60,11.51,13.14,11.81,11.79,11.01,10.57,11.53,11.29,12.54,12.11,11.57,10.78,3.32,0.76,4.34,2.14,4.08,3.21],
  [3.86,9.10,11.88,20.79,27.26,11.89,18.02,17.89,15.57,16.94,17.92,17.88,17.70,10.68,9.51,7.67,6.62,5.92,8.85,7.68,8.64,7.23,8.42,7.24,9.00,6.12,18.93,23.49,23.71,20.63,27.71,27.02,27.12,32.79,33.88,31.06,32.62,20.78,20.18,22.39,23.76,21.45,24.18,21.35,20.97,23.51,18.83,22.85,22.66,23.07,22.71,20.95,20.89,19.52,21.64,21.15,19.27,19.88,3.30,4.66,3.82,3.94,4.45,4.54,4.69,3.35,3.59,3.37,1.14,4.13,4.43,3.65,1.36,3.83,4.66,0.72,4.72,2.91,99.00,8.10,9.73,8.73,10.38,7.30,7.14,7.14,7.66,13.12,10.52,12.44,11.21,10.86,11.20,9.95,10.75,12.13,12.81,11.43,10.99,10.32,1.36,3.00,1.80,4.50,2.38,0.89],
  [4.44,12.99,8.16,19.09,28.50,5.23,19.81,19.76,17.78,18.51,18.54,15.66,18.58,7.16,8.84,7.64,5.41,7.28,6.20,5.31,8.20,7.00,5.82,5.93,6.78,6.93,18.19,23.76,23.88,21.72,27.20,26.72,26.73,32.59,33.87,30.22,32.68,20.49,18.87,20.34,22.74,20.34,23.81,19.25,20.07,22.70,19.23,22.62,21.81,22.49,21.45,19.41,19.89,19.93,21.31,19.93,18.74,19.55,5.88,8.25,5.09,7.58,5.18,8.33,8.36,5.52,6.88,6.61,7.44,8.38,7.39,7.94,7.09,7.26,8.52,7.41,7.94,5.41,8.10,99.00,2.18,0.62,2.43,1.50,0.96,0.96,1.08,10.83,12.69,13.57,12.24,12.80,10.17,11.25,12.33,9.12,11.28,12.65,12.01,11.16,7.93,5.11,9.02,3.64,8.15,8.06],
  [6.34,13.15,6.62,17.56,27.49,6.07,19.10,19.07,17.24,17.78,17.58,14.10,17.67,5.82,8.17,7.39,5.44,7.55,5.39,4.90,7.71,6.84,5.13,5.72,5.98,7.12,16.90,22.59,22.68,20.78,25.81,25.37,25.36,31.21,32.52,28.73,31.35,19.25,17.43,18.72,21.29,18.92,22.49,17.64,18.70,21.30,18.18,21.36,20.42,21.14,19.97,17.91,18.50,18.86,20.05,18.49,17.49,18.32,7.89,10.38,7.12,9.68,7.29,10.45,10.49,7.51,8.95,8.65,9.22,10.48,9.52,10.01,8.88,9.35,10.65,9.08,10.08,7.26,9.73,2.18,99.00,1.78,0.98,3.67,2.91,2.91,3.23,9.48,12.41,12.95,11.68,12.45,9.23,10.86,11.92,7.70,10.10,12.12,11.47,10.66,9.31,6.83,10.36,5.26,9.33,9.53],
  [5.05,13.43,8.11,19.07,28.66,4.93,20.05,20.00,18.06,18.75,18.71,15.62,18.76,7.17,9.06,7.97,5.77,7.72,6.36,5.56,8.46,7.33,6.01,6.25,6.95,7.34,18.25,23.87,23.98,21.89,27.23,26.77,26.77,32.63,33.92,30.21,32.73,20.57,18.88,20.28,22.75,20.36,23.87,19.19,20.10,22.73,19.37,22.70,21.84,22.53,21.45,19.40,19.91,20.06,21.38,19.94,18.82,19.63,6.48,8.79,5.69,8.15,5.74,8.88,8.91,6.12,7.45,7.19,8.06,8.95,7.94,8.52,7.72,7.83,9.07,8.04,8.48,6.03,8.73,0.62,1.78,99.00,1.85,1.95,1.58,1.58,1.50,10.86,13.02,13.82,12.50,13.12,10.32,11.56,12.64,9.11,11.37,12.93,12.28,11.44,8.54,5.74,9.63,4.26,8.74,8.68],
  [6.83,14.13,7.39,18.27,28.35,5.30,20.03,20.00,18.20,18.71,18.46,14.81,18.57,6.66,9.13,8.37,6.40,8.50,6.34,5.87,8.68,7.81,6.10,6.69,6.93,8.08,17.70,23.42,23.50,21.67,26.55,26.14,26.12,31.96,33.28,29.43,32.12,20.06,18.17,19.38,22.02,19.67,23.27,18.30,19.46,22.05,19.05,22.15,21.18,21.91,20.70,18.63,19.26,19.73,20.85,19.23,18.30,19.13,8.31,10.65,7.52,10.00,7.59,10.73,10.76,7.94,9.30,9.03,9.80,10.80,9.79,10.37,9.45,9.68,10.93,9.72,10.33,7.79,10.38,2.43,0.98,1.85,99.00,3.80,3.33,3.33,3.33,10.29,13.38,13.90,12.64,13.42,10.14,11.83,12.89,8.50,10.96,13.08,12.43,11.62,10.06,7.43,11.13,5.89,10.14,10.25],
  [3.46,13.26,9.45,20.31,29.41,4.97,20.57,20.50,18.44,19.29,19.46,16.91,19.46,8.39,9.70,8.31,6.03,7.63,7.22,6.18,8.98,7.64,6.79,6.66,7.77,7.35,19.29,24.78,24.91,22.60,28.33,27.82,27.84,33.71,34.96,31.40,33.76,21.55,20.04,21.61,23.91,21.51,24.91,20.52,21.21,23.85,20.18,23.70,22.96,23.60,22.64,20.62,21.03,20.89,22.39,21.11,19.82,20.61,4.69,6.86,3.91,6.25,3.85,6.95,6.98,4.37,5.59,5.35,6.50,7.04,6.01,6.64,6.15,5.94,7.14,6.59,6.54,4.45,7.30,1.50,3.67,1.95,3.80,99.00,1.23,1.23,0.46,12.01,13.24,14.32,12.97,13.40,11.15,11.90,12.98,10.34,12.37,13.37,12.73,11.89,7.36,4.34,8.46,3.15,7.77,7.41],
  [3.51,12.30,8.25,19.10,28.21,5.85,19.41,19.34,17.31,18.12,18.26,15.70,18.26,7.17,8.50,7.16,4.89,6.61,6.00,4.97,7.80,6.50,5.57,5.49,6.55,6.29,18.06,23.56,23.69,21.41,27.11,26.60,26.62,32.48,33.74,30.18,32.54,20.33,18.82,20.40,22.68,20.28,23.68,19.31,19.98,22.62,18.97,22.47,21.73,22.38,21.42,19.40,19.81,19.68,21.16,19.88,18.60,19.38,5.00,7.48,4.22,6.77,4.39,7.55,7.59,4.63,6.04,5.75,6.49,7.57,6.62,7.11,6.14,6.44,7.75,6.45,7.18,4.47,7.14,0.96,2.91,1.58,3.33,1.23,99.00,0.00,1.08,10.79,12.15,13.16,11.81,12.29,9.93,10.77,11.85,9.13,11.14,12.21,11.57,10.73,6.98,4.15,8.07,2.69,7.23,7.11],
  [3.51,12.30,8.25,19.10,28.21,5.85,19.41,19.34,17.31,18.12,18.26,15.70,18.26,7.17,8.50,7.16,4.89,6.61,6.00,4.97,7.80,6.50,5.57,5.49,6.55,6.29,18.06,23.56,23.69,21.41,27.11,26.60,26.62,32.48,33.74,30.18,32.54,20.33,18.82,20.40,22.68,20.28,23.68,19.31,19.98,22.62,18.97,22.47,21.73,22.38,21.42,19.40,19.81,19.68,21.16,19.88,18.60,19.38,5.00,7.48,4.22,6.77,4.39,7.55,7.59,4.63,6.04,5.75,6.49,7.57,6.62,7.11,6.14,6.44,7.75,6.45,7.18,4.47,7.14,0.96,2.91,1.58,3.33,1.23,0.00,99.00,1.08,10.79,12.15,13.16,11.81,12.29,9.93,10.77,11.85,9.13,11.14,12.21,11.57,10.73,6.98,4.15,8.07,2.69,7.23,7.11],
  [3.84,13.33,9.15,20.06,29.28,4.83,20.49,20.43,18.40,19.20,19.33,16.64,19.34,8.12,9.58,8.25,5.97,7.67,7.03,6.04,8.88,7.58,6.62,6.57,7.60,7.36,19.08,24.61,24.73,22.48,28.12,27.62,27.63,33.50,34.76,31.17,33.56,21.36,19.81,21.34,23.67,21.28,24.70,20.24,20.99,23.62,20.03,23.50,22.74,23.39,22.40,20.37,20.81,20.74,22.19,20.87,19.62,20.42,5.13,7.33,4.34,6.71,4.31,7.41,7.44,4.80,6.04,5.80,6.89,7.50,6.47,7.10,6.54,6.40,7.61,6.95,7.01,4.84,7.66,1.08,3.23,1.50,3.33,0.46,1.08,1.08,99.00,11.77,13.23,14.24,12.89,13.37,10.98,11.86,12.93,10.08,12.16,13.30,12.66,11.81,7.66,4.68,8.76,3.40,8.02,7.73],
  [12.27,8.88,2.94,8.32,18.13,15.55,10.45,10.47,9.24,9.16,8.41,4.99,8.63,3.69,3.70,5.47,6.88,7.24,4.91,6.14,4.52,5.90,5.39,6.14,4.47,7.00,7.41,13.13,13.21,11.59,16.37,15.91,15.91,21.77,23.06,19.39,21.88,9.77,8.04,9.70,11.91,9.51,13.01,8.60,9.24,11.87,8.88,11.87,10.98,11.67,10.63,8.61,9.05,9.53,10.56,9.10,8.01,8.85,13.74,16.54,13.29,15.66,13.94,16.52,16.63,13.36,14.90,14.51,13.50,16.30,15.83,15.72,13.30,15.35,16.71,12.92,16.38,12.60,13.12,10.83,9.48,10.86,10.29,12.01,10.79,10.79,11.77,99.00,6.50,5.39,4.87,6.21,2.27,5.21,5.65,1.79,1.16,5.22,4.83,4.60,11.87,11.84,12.32,10.83,11.06,12.35],
  [11.71,2.64,8.06,11.29,16.83,17.92,7.62,7.52,5.29,6.46,7.45,9.29,7.19,7.73,4.48,5.06,7.28,5.70,7.15,7.53,4.73,5.69,7.31,6.78,6.60,5.92,8.97,13.00,13.23,10.12,17.32,16.59,16.70,22.30,23.37,20.71,22.11,10.49,10.46,12.99,13.65,11.50,13.81,12.09,10.94,13.32,8.38,12.47,12.51,12.79,12.77,11.32,10.91,9.06,11.33,11.29,9.15,9.64,12.62,14.98,12.54,14.14,13.33,14.89,15.04,12.37,13.54,13.19,11.37,14.53,14.51,13.99,11.33,13.92,15.04,10.69,14.95,11.51,10.52,12.69,12.41,13.02,13.38,13.24,12.15,12.15,13.23,6.50,99.00,2.19,1.69,0.43,4.51,1.62,0.86,7.19,5.42,1.48,1.68,2.07,9.17,10.83,9.01,10.68,8.14,9.63],
  [13.22,4.76,7.61,9.10,15.22,18.76,6.25,6.19,4.31,4.97,5.50,7.26,5.34,7.63,4.78,6.03,8.30,7.14,7.56,8.27,5.37,6.70,7.85,7.67,6.97,7.24,6.78,11.07,11.28,8.42,15.28,14.58,14.68,20.36,21.47,18.65,20.22,8.38,8.27,10.81,11.50,9.32,11.76,9.92,8.77,11.18,6.39,10.42,10.36,10.69,10.59,9.13,8.73,7.09,9.24,9.10,6.99,7.51,14.28,16.77,14.12,15.92,14.89,16.70,16.84,13.99,15.27,14.91,13.22,16.36,16.25,15.81,13.15,15.68,16.86,12.54,16.72,13.14,12.44,13.57,12.95,13.82,13.90,14.32,13.16,13.16,14.24,5.39,2.19,99.00,1.36,1.76,3.99,2.57,1.70,6.56,4.22,1.03,1.60,2.44,11.08,12.42,11.03,12.06,10.07,11.56],
  [11.87,4.28,6.68,9.94,16.58,17.44,7.60,7.53,5.57,6.32,6.81,7.71,6.68,6.55,3.52,4.67,6.94,5.79,6.30,6.94,4.04,5.34,6.56,6.32,5.72,5.88,7.80,12.37,12.57,9.77,16.50,15.83,15.91,21.63,22.77,19.84,21.51,9.57,9.19,11.63,12.60,10.34,12.97,10.68,9.83,12.32,7.67,11.64,11.47,11.86,11.61,10.02,9.77,8.38,10.43,10.08,8.08,8.67,12.96,15.48,12.78,14.62,13.55,15.41,15.55,12.66,13.96,13.59,11.95,15.08,14.94,14.52,11.87,14.37,15.57,11.28,15.42,11.81,11.21,12.24,11.68,12.50,12.64,12.97,11.81,11.81,12.89,4.87,1.69,1.36,99.00,1.35,3.05,1.26,0.84,5.73,3.76,0.45,0.24,1.08,9.85,11.09,9.87,10.70,8.85,10.34],
  [11.96,3.06,7.89,10.86,16.53,18.03,7.35,7.25,5.07,6.16,7.08,8.87,6.83,7.63,4.42,5.16,7.41,5.91,7.14,7.60,4.75,5.80,7.33,6.88,6.58,6.11,8.54,12.63,12.86,9.80,16.93,16.21,16.32,21.93,23.01,20.32,21.75,10.08,10.03,12.56,13.24,11.07,13.42,11.66,10.52,12.91,8.00,12.08,12.10,12.39,12.35,10.89,10.49,8.68,10.93,10.86,8.74,9.23,12.91,15.30,12.81,14.46,13.60,15.21,15.36,12.64,13.84,13.49,11.70,14.86,14.82,14.32,11.65,14.23,15.36,11.02,15.26,11.79,10.86,12.80,12.45,13.12,13.42,13.40,12.29,12.29,13.37,6.21,0.43,1.76,1.35,99.00,4.30,1.59,0.60,6.99,5.11,1.09,1.39,1.93,9.51,11.10,9.38,10.90,8.49,9.98],
  [10.83,6.71,3.65,9.71,18.34,15.21,9.91,9.88,8.24,8.59,8.39,6.69,8.45,3.66,1.71,3.56,5.43,5.28,3.97,4.98,2.60,4.12,4.36,4.69,3.39,5.12,8.24,13.63,13.76,11.58,17.30,16.74,16.78,22.63,23.86,20.48,22.65,10.43,9.22,11.24,13.00,10.61,13.83,10.18,10.23,12.87,9.06,12.58,11.98,12.55,11.82,9.92,10.09,9.76,11.28,10.25,8.73,9.49,12.18,14.91,11.82,14.03,12.52,14.87,15.00,11.82,13.30,12.91,11.68,14.62,14.25,14.04,11.51,13.74,15.06,11.07,14.79,11.01,11.20,10.17,9.23,10.32,10.14,11.15,9.93,9.93,10.98,2.27,4.51,3.99,3.05,4.30,99.00,3.06,3.70,2.69,1.62,3.47,2.93,2.48,9.90,10.25,10.25,9.46,9.03,10.39],
  [10.66,3.67,6.49,11.10,17.77,16.48,8.71,8.63,6.54,7.46,8.06,8.68,7.91,6.12,2.86,3.61,5.88,4.57,5.55,6.02,3.16,4.27,5.74,5.32,4.99,4.70,9.03,13.62,13.82,10.98,17.76,17.09,17.18,22.89,24.02,21.10,22.77,10.83,10.38,12.78,13.84,11.57,14.24,11.80,11.06,13.57,8.93,12.91,12.72,13.11,12.84,11.20,10.99,9.63,11.69,11.30,9.33,9.93,11.72,14.22,11.55,13.36,12.33,14.15,14.29,11.43,12.71,12.34,10.69,13.82,13.69,13.26,10.61,13.12,14.31,10.02,14.16,10.57,9.95,11.25,10.86,11.56,11.83,11.90,10.77,10.77,11.86,5.21,1.62,2.57,1.26,1.59,3.06,99.00,1.08,5.68,4.23,1.54,1.04,0.62,8.59,9.86,8.63,9.52,7.59,9.08],
  [11.66,3.44,7.29,10.66,16.78,17.56,7.67,7.58,5.47,6.44,7.18,8.52,6.98,7.04,3.85,4.69,6.96,5.58,6.59,7.09,4.22,5.35,6.80,6.40,6.02,5.74,8.43,12.75,12.97,10.01,16.98,16.28,16.38,22.04,23.15,20.35,21.89,10.08,9.87,12.36,13.18,10.97,13.46,11.43,10.43,12.88,8.08,12.12,12.05,12.38,12.25,10.71,10.39,8.77,10.94,10.73,8.67,9.21,12.66,15.11,12.53,14.26,13.31,15.03,15.17,12.38,13.63,13.27,11.54,14.69,14.61,14.14,11.48,14.03,15.19,10.86,15.06,11.53,10.75,12.33,11.92,12.64,12.89,12.98,11.85,11.85,12.93,5.65,0.86,1.70,0.84,0.60,3.70,1.08,99.00,6.39,4.56,0.75,0.82,1.34,9.39,10.83,9.33,10.55,8.37,9.86],
  [10.88,9.26,1.17,9.98,19.92,13.77,12.07,12.07,10.67,10.76,10.14,6.57,10.33,1.96,3.33,4.72,5.63,6.44,3.47,4.73,3.91,4.98,3.95,4.93,3.16,6.12,9.20,14.92,15.00,13.34,18.12,17.67,17.67,23.52,24.82,21.11,23.65,11.56,9.76,11.28,13.63,11.25,14.79,10.18,11.00,13.62,10.64,13.66,12.74,13.44,12.34,10.29,10.81,11.30,12.35,10.83,9.80,10.64,12.40,15.23,11.90,14.36,12.50,15.22,15.33,12.01,13.58,13.20,12.38,15.03,14.48,14.46,12.15,14.04,15.42,11.85,15.04,11.29,12.13,9.12,7.70,9.11,8.50,10.34,9.13,9.13,10.08,1.79,7.19,6.56,5.73,6.99,2.69,5.68,6.39,99.00,2.63,6.14,5.62,5.13,10.96,10.55,11.54,9.41,10.25,11.42],
  [12.30,7.87,3.80,8.18,17.39,16.16,9.44,9.44,8.12,8.13,7.54,5.08,7.71,4.29,3.30,5.16,6.88,6.89,5.15,6.30,4.19,5.68,5.60,6.13,4.63,6.72,6.92,12.51,12.61,10.75,15.97,15.46,15.48,21.34,22.60,19.09,21.40,9.21,7.76,9.68,11.59,9.19,12.54,8.61,8.85,11.50,8.09,11.34,10.61,11.23,10.37,8.42,8.69,8.77,10.03,8.81,7.46,8.27,13.70,16.46,13.31,15.58,13.99,16.43,16.55,13.34,14.83,14.45,13.27,16.18,15.78,15.60,13.10,15.28,16.61,12.67,16.32,12.54,12.81,11.28,10.10,11.37,10.96,12.37,11.14,11.14,12.16,1.16,5.42,4.22,3.76,5.11,1.62,4.23,4.56,2.63,99.00,4.09,3.74,3.61,11.51,11.78,11.86,10.91,10.64,12.00],
  [12.20,4.12,7.12,9.91,16.24,17.86,7.21,7.14,5.14,5.94,6.53,7.81,6.37,6.99,3.96,5.06,7.34,6.11,6.75,7.37,4.47,5.73,7.00,6.73,6.16,6.23,7.69,12.10,12.31,9.44,16.28,15.60,15.69,21.38,22.50,19.64,21.25,9.37,9.12,11.61,12.45,10.23,12.76,10.68,9.70,12.15,7.41,11.42,11.32,11.67,11.50,9.96,9.65,8.11,10.23,9.99,7.93,8.49,13.25,15.74,13.09,14.89,13.87,15.67,15.81,12.97,14.24,13.88,12.19,15.34,15.22,14.78,12.12,14.65,15.83,11.52,15.69,12.11,11.43,12.65,12.12,12.93,13.08,13.37,12.21,12.21,13.30,5.22,1.48,1.03,0.45,1.09,3.47,1.54,0.75,6.14,4.09,99.00,0.65,1.49,10.07,11.40,10.04,11.05,9.06,10.55],
  [11.63,4.21,6.55,10.12,16.82,17.21,7.84,7.77,5.79,6.56,7.05,7.83,6.92,6.38,3.31,4.43,6.70,5.55,6.10,6.72,3.81,5.10,6.35,6.09,5.51,5.64,8.01,12.60,12.80,10.02,16.73,16.06,16.14,21.86,23.00,20.07,21.75,9.79,9.38,11.80,12.81,10.54,13.20,10.85,10.03,12.53,7.91,11.87,11.69,12.08,11.82,10.20,9.97,8.61,10.65,10.28,8.30,8.89,12.72,15.24,12.54,14.38,13.31,15.17,15.31,12.42,13.72,13.36,11.72,14.85,14.70,14.29,11.64,14.13,15.34,11.05,15.18,11.57,10.99,12.01,11.47,12.28,12.43,12.73,11.57,11.57,12.66,4.83,1.68,1.60,0.24,1.39,2.93,1.04,0.82,5.62,3.74,0.65,99.00,0.85,9.63,10.85,9.66,10.46,8.63,10.11],
  [10.82,4.28,5.98,10.61,17.65,16.37,8.68,8.62,6.62,7.41,7.84,8.11,7.73,5.70,2.53,3.58,5.86,4.76,5.29,5.88,2.98,4.26,5.53,5.24,4.72,4.83,8.62,13.37,13.56,10.84,17.44,16.79,16.86,22.61,23.76,20.76,22.52,10.50,9.92,12.27,13.44,11.14,13.91,11.29,10.66,13.20,8.68,12.59,12.34,12.76,12.41,10.73,10.58,9.38,11.36,10.86,8.95,9.58,11.94,14.50,11.74,13.64,12.50,14.43,14.57,11.64,12.96,12.59,11.01,14.12,13.94,13.55,10.91,13.38,14.60,10.35,14.43,10.78,10.32,11.16,10.66,11.44,11.62,11.89,10.73,10.73,11.81,4.60,2.07,2.44,1.08,1.93,2.48,0.62,1.34,5.13,3.61,1.49,0.85,99.00,8.96,10.06,9.06,9.63,7.98,9.45],
  [4.12,7.83,10.78,19.46,25.93,12.17,16.69,16.57,14.26,15.60,16.57,16.58,16.34,9.61,8.22,6.41,5.58,4.64,7.77,6.67,7.36,6.01,7.37,6.14,7.88,4.88,17.58,22.13,22.35,19.29,26.35,25.66,25.76,31.43,32.52,29.70,31.26,19.42,18.83,21.06,22.41,20.09,22.82,20.03,19.62,22.15,17.47,21.49,21.30,21.71,21.36,19.61,19.53,18.16,20.28,19.80,17.91,18.52,4.08,5.90,4.41,5.13,5.14,5.80,5.95,4.01,4.66,4.37,2.26,5.41,5.57,4.90,2.32,4.96,5.93,1.59,5.93,3.32,1.36,7.93,9.31,8.54,10.06,7.36,6.98,6.98,7.66,11.87,9.17,11.08,9.85,9.51,9.90,8.59,9.39,10.96,11.51,10.07,9.63,8.96,99.00,3.09,1.10,4.29,1.03,0.49],
  [1.06,10.11,10.04,19.95,27.61,9.09,18.45,18.35,16.11,17.26,17.89,16.80,17.76,8.83,8.56,6.75,4.96,5.30,7.09,5.82,7.68,6.14,6.61,5.70,7.41,5.27,18.41,23.43,23.61,20.83,27.41,26.79,26.85,32.64,33.81,30.66,32.57,20.46,19.47,21.45,23.22,20.84,23.89,20.38,20.43,23.05,18.73,22.59,22.16,22.68,22.06,20.17,20.31,19.44,21.32,20.49,18.83,19.53,1.92,4.70,1.71,3.82,2.51,4.68,4.79,1.58,3.06,2.67,2.39,4.49,4.00,3.92,2.05,3.51,4.87,2.30,4.54,0.76,3.00,5.11,6.83,5.74,7.43,4.34,4.15,4.15,4.68,11.84,10.83,12.42,11.09,11.10,10.25,9.86,10.83,10.55,11.78,11.40,10.85,10.06,3.09,99.00,4.16,1.58,3.69,3.09],
  [5.18,7.40,11.45,19.65,25.64,13.25,16.40,16.27,13.94,15.37,16.46,16.90,16.20,10.31,8.62,6.87,6.35,5.11,8.48,7.46,7.80,6.56,8.11,6.85,8.53,5.42,17.66,22.01,22.24,19.07,26.30,25.59,25.70,31.31,32.37,29.68,31.11,19.41,18.98,21.28,22.47,20.19,22.79,20.27,19.69,22.19,17.38,21.45,21.35,21.71,21.46,19.78,19.62,18.06,20.27,19.92,17.96,18.53,4.97,6.43,5.38,5.74,6.08,6.31,6.46,4.95,5.38,5.14,2.92,5.89,6.23,5.43,3.08,5.62,6.41,2.34,6.51,4.34,1.80,9.02,10.36,9.63,11.13,8.46,8.07,8.07,8.76,12.32,9.01,11.03,9.87,9.38,10.25,8.63,9.33,11.54,11.86,10.04,9.66,9.06,1.10,4.16,99.00,5.39,1.30,1.13],
  [1.47,10.35,8.80,19.07,27.27,8.10,18.22,18.13,15.97,16.98,17.43,15.82,17.35,7.60,7.82,6.12,4.03,4.99,5.96,4.70,6.98,5.46,5.48,4.78,6.36,4.82,17.69,22.91,23.07,20.47,26.74,26.16,26.21,32.04,33.24,29.94,32.01,19.83,18.66,20.52,22.46,20.06,23.25,19.43,19.69,22.32,18.23,21.98,21.44,22.00,21.26,19.32,19.55,18.94,20.69,19.70,18.16,18.89,3.08,5.89,2.50,5.05,3.10,5.91,6.00,2.67,4.27,3.90,3.97,5.79,5.10,5.25,3.64,4.72,6.11,3.83,5.68,2.14,4.50,3.64,5.26,4.26,5.89,3.15,2.69,2.69,3.40,10.83,10.68,12.06,10.70,10.90,9.46,9.52,10.55,9.41,10.91,11.05,10.46,9.63,4.29,1.58,5.39,99.00,4.62,4.42],
  [4.75,6.83,10.15,18.52,24.91,12.67,15.66,15.54,13.23,14.57,15.54,15.70,15.32,9.01,7.38,5.60,5.07,3.83,7.19,6.18,6.54,5.27,6.82,5.55,7.23,4.13,16.60,21.11,21.33,18.26,25.34,24.65,24.74,30.41,31.50,28.69,30.24,18.42,17.88,20.13,21.42,19.12,21.82,19.11,18.64,21.16,16.45,20.48,20.31,20.71,20.39,18.66,18.56,17.14,19.28,18.83,16.92,17.52,4.96,6.92,5.19,6.13,5.96,6.82,6.97,4.84,5.63,5.33,3.28,6.44,6.57,5.92,3.31,5.96,6.95,2.60,6.94,4.08,2.38,8.15,9.33,8.74,10.14,7.77,7.23,7.23,8.02,11.06,8.14,10.07,8.85,8.49,9.03,7.59,8.37,10.25,10.64,9.06,8.63,7.98,1.03,3.69,1.30,4.62,99.00,1.49],
  [4.08,8.24,11.22,19.95,26.38,12.15,17.14,17.01,14.70,16.06,17.04,17.07,16.81,10.04,8.71,6.89,6.00,5.12,8.20,7.09,7.85,6.48,7.79,6.58,8.32,5.36,18.07,22.61,22.83,19.74,26.83,26.14,26.23,31.90,32.99,30.18,31.73,19.91,19.32,21.55,22.89,20.58,23.30,20.52,20.10,22.64,17.94,21.97,21.79,22.19,21.85,20.10,20.02,18.63,20.76,20.29,18.40,19.01,3.85,5.49,4.25,4.75,4.95,5.38,5.53,3.82,4.32,4.06,1.88,4.99,5.21,4.49,1.99,4.60,5.51,1.25,5.54,3.21,0.89,8.06,9.53,8.68,10.25,7.41,7.11,7.11,7.73,12.35,9.63,11.56,10.34,9.98,10.39,9.08,9.86,11.42,12.00,10.55,10.11,9.45,0.49,3.09,1.13,4.42,1.49,99.00]
];
