// Chosen Depots: [1, 2, 3, 4, 5, 6]
// Chosen Demand Points (Original DP No): [1, 3, 4, 6, 8, 9, 11, 14, 20, 21, 25, 26, 31, 32, 33, 35, 37, 38, 41, 42, 43, 44, 47, 49, 50, 54, 55, 57, 59, 60, 62, 63, 64, 66, 68, 69, 71, 74, 75, 76, 77, 78, 79, 80, 81, 82, 83, 84, 85, 88, 89, 91, 93, 98, 99, 100, 101, 102, 103, 104, 105, 109, 110, 111, 112, 114, 115, 116, 117, 118, 119, 120, 121, 122, 128, 129, 130, 131, 133, 135, 136, 138, 139, 142, 146, 147, 148, 150, 151, 152, 153, 154, 156, 157, 158, 159, 160, 161, 167, 168]
// Original Weights: [9, 9, 6, 9, 4, 8, 5, 5, 6, 6, 5, 4, 6, 6, 8, 10, 9, 8, 6, 7, 7, 7, 6, 8, 3, 4, 5, 5, 5, 5, 4, 5, 6, 6, 7, 4, 7, 2, 2, 5, 6, 5, 4, 5, 7, 6, 5, 6, 6, 6, 7, 6, 7, 6, 6, 7, 7, 6, 7, 7, 6, 7, 7, 7, 7, 7, 7, 7, 7, 7, 8, 7, 6, 8, 2, 2, 4, 2, 4, 4, 2, 3, 4, 8, 8, 5, 6, 7, 8, 7, 8, 4, 7, 7, 8, 7, 6, 8, 9, 5]

|W| = 6;
|D| = 100;
V = 54;
C = 3;
|K| = 1;
M = 100;
S = 0.25;
|TR| = 15;
δmax = 18.3;
Runtime = 50;

// Priority weights for selected demand points
pj = [
  9, 9, 6, 9, 4, 8, 5, 5, 6, 6, 5, 4, 6, 6, 8, 10, 9, 8, 6, 7, 7, 7, 6, 8, 3, 4, 5, 5, 5, 5, 4, 5, 6, 6, 7, 4, 7, 2, 2, 5, 6, 5, 4, 5, 7, 6, 5, 6, 6, 6, 7, 6, 7, 6, 6, 7, 7, 6, 7, 7, 6, 7, 7, 7, 7, 7, 7, 7, 7, 7, 8, 7, 6, 8, 2, 2, 4, 2, 4, 4, 2, 3, 4, 8, 8, 5, 6, 7, 8, 7, 8, 4, 7, 7, 8, 7, 6, 8, 9, 5
];

δij =
[
  [99.00,99.00,99.00,99.00,99.00,99.00,19.31,17.00,18.70,18.10,17.26,18.55,9.24,5.42,5.52,8.30,7.21,9.54,6.00,19.04,24.16,27.41,24.08,22.24,28.07,27.47,27.53,33.34,31.81,33.29,24.83,21.94,23.83,19.52,22.59,21.87,20.86,21.04,24.33,23.67,19.81,22.41,19.47,24.56,25.41,22.19,23.33,22.64,20.72,20.91,20.18,22.00,21.08,22.32,19.49,1.64,4.43,1.03,3.60,2.57,1.26,2.70,2.39,1.23,2.57,2.81,0.36,3.63,4.20,2.79,3.68,3.82,4.28,2.70,3.26,4.65,3.14,4.21,0.99,3.86,7.10,6.83,3.46,5.42,3.51,3.45,5.95,3.89,12.27,11.71,11.96,10.83,10.90,13.09,10.58,10.66,11.66,10.88,12.20,11.63,12.31,10.82,13.61,13.25,5.18,1.47],
  [99.00,99.00,99.00,99.00,99.00,99.00,9.07,6.60,10.80,8.14,11.93,9.19,6.43,7.73,7.11,5.99,6.74,8.34,6.09,11.43,14.95,17.27,14.17,12.71,19.41,18.64,18.77,24.20,23.22,23.93,18.64,15.55,15.99,12.63,14.85,14.43,14.68,13.35,16.01,15.61,10.80,15.73,10.51,18.71,19.18,14.39,15.04,15.19,13.85,13.35,11.14,13.56,13.75,14.27,11.55,11.70,13.73,11.79,12.96,13.06,12.15,12.68,11.24,11.52,12.24,12.45,11.16,13.40,13.45,12.72,12.55,12.73,13.17,10.14,12.79,13.75,9.42,13.76,10.69,9.10,13.25,14.13,13.26,13.72,12.30,12.49,13.42,13.59,8.88,2.64,3.06,6.71,5.26,5.00,3.07,3.67,3.44,9.26,4.12,4.21,3.71,4.28,7.56,4.23,7.40,10.35],
  [99.00,99.00,99.00,99.00,99.00,99.00,13.23,11.78,10.26,11.91,7.52,11.50,3.53,5.27,5.60,4.22,4.22,1.62,6.07,10.31,16.06,20.10,16.76,14.70,19.18,18.75,18.74,24.59,22.69,24.73,14.86,12.19,14.67,10.25,13.48,12.64,11.10,12.08,15.46,14.68,12.12,12.75,11.81,14.51,15.43,13.16,14.53,13.36,11.30,11.87,12.46,13.46,11.87,13.45,10.93,11.85,14.68,11.29,13.82,12.81,11.47,12.97,12.25,11.45,12.78,13.03,10.60,13.90,14.44,13.05,13.79,13.95,14.45,11.77,13.49,14.88,11.53,14.47,10.77,11.88,6.09,7.39,9.45,8.13,8.25,8.50,7.28,9.46,2.94,8.06,7.89,3.65,5.10,7.23,7.01,6.49,7.29,1.17,7.12,6.55,7.61,5.98,5.54,8.16,11.45,8.80],
  [99.00,99.00,99.00,99.00,99.00,99.00,8.44,9.40,3.42,7.92,3.46,6.34,11.29,15.06,15.01,12.30,13.29,11.09,14.81,2.69,6.49,10.97,8.28,6.55,8.38,8.10,8.03,13.76,11.75,14.02,4.80,1.71,3.82,1.22,2.79,1.90,1.08,2.10,4.86,4.01,5.15,1.97,5.14,4.89,5.35,2.66,4.14,2.47,0.46,1.82,5.17,3.85,1.37,3.17,3.00,21.87,24.62,21.49,23.74,23.04,21.74,23.03,21.99,21.51,22.74,23.00,20.75,23.95,24.35,23.11,23.56,23.74,24.25,21.20,23.45,24.77,20.72,24.49,20.71,20.79,16.97,18.27,20.31,19.10,19.10,19.35,18.24,20.36,8.32,11.29,10.86,9.71,10.06,8.91,11.56,11.10,10.66,9.98,9.91,10.12,10.21,10.61,7.07,9.62,19.65,19.07],
  [99.00,99.00,99.00,99.00,99.00,99.00,9.24,11.70,10.87,10.36,14.60,9.95,19.75,23.44,23.11,20.44,21.64,20.51,22.46,10.98,5.29,1.03,4.40,6.39,5.98,5.32,5.59,7.22,7.89,6.52,12.40,11.89,8.51,11.69,9.08,9.91,12.45,9.78,7.23,8.03,8.98,11.26,9.30,13.14,12.41,9.10,7.66,9.64,11.28,10.05,8.63,8.04,10.39,8.57,10.31,29.43,31.79,29.31,30.97,30.77,29.64,30.52,29.18,29.16,30.12,30.36,28.59,31.34,31.51,30.58,30.62,30.80,31.27,28.15,30.75,31.85,27.49,31.77,28.30,27.26,27.08,28.35,29.41,28.79,28.21,28.46,28.07,29.58,18.13,16.83,16.53,18.34,17.74,15.37,17.87,17.77,16.78,19.92,16.24,16.82,16.13,17.65,15.67,15.19,25.64,27.27],
  [99.00,99.00,99.00,99.00,99.00,99.00,24.98,22.99,22.86,23.67,20.10,23.66,13.89,10.64,11.18,13.40,12.22,13.02,12.13,22.96,28.66,32.52,29.14,27.13,31.85,31.43,31.42,37.25,35.31,37.41,27.05,24.66,27.32,22.91,26.14,25.30,23.59,24.75,28.13,27.35,24.54,25.26,24.22,26.58,27.59,25.83,27.20,25.99,23.92,24.55,24.91,26.11,24.53,26.12,23.56,8.79,9.89,8.11,9.64,8.16,7.82,8.87,9.81,8.61,9.19,9.24,8.27,9.20,9.89,8.93,10.13,10.13,10.28,10.60,9.42,10.18,11.17,9.55,8.99,11.89,6.60,5.30,4.97,4.75,5.85,5.66,5.45,4.60,15.55,17.92,18.03,15.21,16.01,18.49,16.65,16.48,17.56,13.77,17.86,17.21,18.15,16.37,17.85,19.03,13.25,8.10],
  [19.31,9.07,13.23,8.44,9.24,24.98,99.00,2.47,5.23,1.32,9.10,2.26,11.10,14.54,14.14,11.62,12.82,12.26,13.40,5.90,6.26,8.22,5.11,3.94,10.84,9.99,10.18,15.25,14.55,14.91,12.42,9.85,8.54,7.46,7.76,7.83,9.52,6.77,8.04,7.98,3.35,9.64,3.30,12.81,12.83,7.35,7.26,8.36,8.15,6.95,3.44,5.92,7.52,6.95,5.45,20.24,22.56,20.16,21.74,21.59,20.50,21.31,19.96,19.99,20.91,21.15,19.45,22.12,22.27,21.37,21.38,21.56,22.03,18.91,21.52,22.61,18.24,22.54,19.13,18.02,18.83,20.03,20.57,20.23,19.41,19.65,19.62,20.79,10.45,7.62,7.35,9.91,8.98,6.49,8.73,8.71,7.67,12.07,7.21,7.84,7.02,8.68,7.73,6.09,16.40,18.22],
  [17.00,6.60,11.78,9.40,11.70,22.99,2.47,99.00,5.98,1.75,9.14,3.26,9.23,12.42,11.97,9.60,10.78,10.62,11.18,6.72,8.56,10.68,7.58,6.26,13.13,12.30,12.47,17.68,16.88,17.37,13.84,11.00,10.34,8.26,9.39,9.26,10.44,8.13,10.05,9.84,4.89,10.93,4.69,14.12,14.31,8.94,9.17,9.90,9.22,8.24,5.14,7.72,8.77,8.65,6.49,17.87,20.14,17.82,19.33,19.23,18.17,18.93,17.56,17.63,18.52,18.75,17.13,19.72,19.86,18.98,18.96,19.14,19.60,16.50,19.12,20.18,15.82,20.13,16.77,15.57,17.05,18.20,18.44,18.27,17.31,17.55,17.71,18.69,9.24,5.29,5.07,8.24,7.09,4.63,6.48,6.54,5.47,10.67,5.14,5.79,4.85,6.62,6.57,3.96,13.94,15.97],
  [18.70,10.80,10.26,3.42,10.87,22.86,5.23,5.98,99.00,4.54,4.14,3.01,9.52,13.36,13.18,10.40,11.53,9.88,12.78,0.74,5.80,9.94,6.69,4.64,9.37,8.79,8.83,14.67,13.13,14.69,8.01,5.05,5.31,2.29,4.11,3.64,4.46,2.56,5.64,5.05,2.30,5.07,2.13,8.21,8.52,3.66,4.64,4.40,3.26,2.55,2.53,3.32,2.98,3.67,0.80,19.95,22.59,19.67,21.72,21.21,19.95,21.10,19.93,19.62,20.76,21.02,18.92,22.00,22.32,21.17,21.48,21.67,22.16,19.04,21.45,22.71,18.49,22.50,18.79,18.47,16.33,17.62,19.07,18.19,17.85,18.11,17.41,19.19,7.33,8.37,7.96,7.96,7.84,6.11,8.89,8.53,7.88,9.12,7.14,7.50,7.34,8.15,5.15,6.61,17.16,17.38],
  [18.10,8.14,11.91,7.92,10.36,23.67,1.32,1.75,4.54,99.00,8.14,1.60,9.79,13.26,12.87,10.32,11.52,10.94,12.16,5.26,6.87,9.34,6.09,4.58,11.41,10.59,10.75,16.06,15.18,15.79,12.20,9.45,8.61,6.83,7.69,7.60,8.98,6.49,8.30,8.10,3.16,9.33,2.99,12.52,12.65,7.24,7.42,8.22,7.69,6.62,3.39,5.98,7.17,6.93,4.94,19.07,21.44,18.97,20.61,20.41,19.30,20.16,18.82,18.81,19.76,20.00,18.25,20.98,21.16,20.22,20.27,20.45,20.92,17.79,20.39,21.50,17.14,21.41,17.95,16.94,17.51,18.71,19.29,18.92,18.12,18.36,18.30,19.50,9.16,6.46,6.16,8.59,7.67,5.19,7.52,7.46,6.44,10.76,5.94,6.56,5.79,7.41,6.43,4.85,15.37,16.98],
  [17.26,11.93,7.52,3.46,14.60,20.10,9.10,9.14,4.14,8.14,99.00,6.85,8.21,11.85,11.87,9.26,10.15,7.75,11.79,3.75,9.33,13.73,10.66,8.67,11.80,11.47,11.42,17.20,15.21,17.42,7.59,4.71,7.25,2.97,6.12,5.24,3.62,4.92,8.17,7.35,6.44,5.24,6.26,7.39,8.17,5.87,7.33,5.91,3.83,4.66,6.66,6.58,4.52,6.26,4.43,18.70,21.49,18.27,20.61,19.83,18.50,19.86,18.89,18.33,19.59,19.85,17.54,20.79,21.23,19.94,20.47,20.65,21.15,18.17,20.31,21.65,17.75,21.34,17.56,17.88,13.51,14.81,16.91,15.64,15.70,15.95,14.78,16.95,4.99,9.29,8.87,6.69,7.37,6.96,9.23,8.68,8.52,6.57,7.81,7.83,8.23,8.11,4.46,7.91,16.90,15.82],
  [18.55,9.19,11.50,6.34,9.95,23.66,2.26,3.26,3.01,1.60,6.85,99.00,9.82,13.49,13.17,10.49,11.69,10.72,12.55,3.71,5.81,8.93,5.56,3.71,10.22,9.45,9.58,15.11,14.03,14.92,10.61,7.85,7.11,5.28,6.13,6.01,7.40,4.89,6.91,6.63,1.66,7.73,1.43,10.92,11.07,5.68,5.99,6.64,6.09,5.02,1.97,4.51,5.57,5.40,3.34,19.62,22.09,19.45,21.24,20.94,19.77,20.73,19.45,19.33,20.35,20.60,18.72,21.58,21.81,20.80,20.94,21.12,21.61,18.46,21.01,22.17,17.84,22.05,18.48,17.70,17.33,18.57,19.46,18.91,18.26,18.51,18.23,19.64,8.63,7.19,6.83,8.45,7.79,5.45,8.08,7.91,6.98,10.33,6.37,6.92,6.35,7.73,5.96,5.43,16.20,17.35],
  [9.24,6.43,3.53,11.29,19.75,13.89,11.10,9.23,9.52,9.79,8.21,9.82,99.00,3.85,3.73,1.07,2.03,1.92,3.59,9.82,15.14,18.74,15.36,13.39,18.87,18.30,18.35,24.19,22.59,24.19,15.78,12.81,14.59,10.29,13.35,12.63,11.74,11.81,15.12,14.45,10.85,13.24,10.52,15.59,16.36,12.95,14.13,13.41,11.50,11.68,11.23,12.84,11.84,13.10,10.29,10.59,13.33,10.23,12.45,11.78,10.50,11.75,10.71,10.23,11.45,11.71,9.49,12.67,13.07,11.83,12.29,12.47,12.97,9.96,12.16,13.48,9.54,13.20,9.43,9.70,7.82,8.97,9.66,9.13,8.46,8.71,8.52,9.83,3.46,4.74,4.66,1.59,2.14,4.63,3.58,3.12,4.08,3.01,4.14,3.50,4.55,2.74,4.38,5.31,8.86,7.88],
  [5.42,7.73,5.27,15.06,23.44,10.64,14.54,12.42,13.36,13.26,11.85,13.49,3.85,99.00,0.66,3.01,1.83,4.22,1.69,13.67,18.95,22.42,19.05,17.13,22.72,22.15,22.19,28.03,26.43,28.02,19.44,16.53,18.43,14.10,17.19,16.46,15.45,15.66,18.97,18.30,14.62,16.99,14.29,19.19,20.02,16.80,17.98,17.23,15.30,15.52,15.00,16.68,15.67,16.95,14.14,6.85,9.66,6.43,8.78,7.99,6.68,8.01,7.11,6.48,7.75,8.01,5.69,8.94,9.40,8.09,8.68,8.85,9.35,6.53,8.47,9.83,6.27,9.49,5.72,6.62,5.62,6.40,6.03,6.03,4.89,5.12,5.69,6.26,6.88,7.28,7.41,5.43,5.71,8.09,6.01,5.88,6.96,5.63,7.34,6.70,7.57,5.86,8.23,8.48,6.35,4.03],
  [5.52,7.11,5.60,15.01,23.11,11.18,14.14,11.97,13.18,12.87,11.87,13.17,3.73,0.66,99.00,2.77,1.73,4.41,1.04,13.51,18.69,22.09,18.72,16.83,22.55,21.96,22.01,27.83,26.28,27.80,19.46,16.52,18.31,14.02,17.07,16.36,15.44,15.52,18.81,18.15,14.35,16.96,14.02,19.24,20.04,16.67,17.81,17.14,15.23,15.39,14.73,16.49,15.57,16.80,13.97,6.86,9.62,6.51,8.74,8.06,6.78,8.02,7.02,6.50,7.73,7.99,5.76,8.94,9.36,8.10,8.60,8.78,9.28,6.35,8.44,9.78,6.02,9.48,5.70,6.31,6.28,7.05,6.48,6.62,5.38,5.60,6.32,6.74,6.95,6.77,6.93,5.32,5.42,7.74,5.52,5.44,6.51,5.83,6.93,6.31,7.13,5.47,8.09,8.06,5.89,4.21],
  [8.30,5.99,4.22,12.30,20.44,13.40,11.62,9.60,10.40,10.32,9.26,10.49,1.07,3.01,2.77,99.00,1.20,2.62,2.53,10.74,15.95,19.43,16.05,14.13,19.78,19.18,19.24,25.06,23.51,25.04,16.83,13.84,15.54,11.28,14.31,13.60,12.78,12.76,16.03,15.38,11.62,14.26,11.29,16.65,17.41,13.90,15.03,14.39,12.51,12.63,12.00,13.71,12.81,14.03,11.19,9.60,12.32,9.28,11.44,10.82,9.55,10.76,9.69,9.26,10.45,10.71,8.53,11.67,12.05,10.83,11.26,11.44,11.95,8.92,11.15,12.46,8.48,12.20,8.44,8.64,7.62,8.68,8.98,8.67,7.80,8.04,8.14,9.18,4.52,4.73,4.75,2.60,2.71,5.14,3.46,3.16,4.22,3.91,4.47,3.81,4.78,2.98,5.32,5.64,7.80,6.98],
  [7.21,6.74,4.22,13.29,21.64,12.22,12.82,10.78,11.53,11.52,10.15,11.69,2.03,1.83,1.73,1.20,99.00,2.83,1.87,11.84,17.11,20.62,17.25,15.32,20.89,20.32,20.36,26.20,24.61,26.19,17.74,14.79,16.62,12.31,15.38,14.66,13.72,13.84,17.14,16.47,12.80,15.24,12.47,17.52,18.32,14.98,16.15,15.43,13.52,13.70,13.18,14.85,13.86,15.13,12.31,8.58,11.35,8.21,10.46,9.76,8.47,9.74,8.75,8.22,9.45,9.72,7.46,10.67,11.08,9.82,10.32,10.50,11.00,8.05,10.17,11.50,7.68,11.21,7.42,7.92,6.59,7.59,7.78,7.50,6.60,6.84,7.01,7.98,5.25,5.79,5.85,3.61,3.90,6.34,4.51,4.28,5.35,4.25,5.65,5.00,5.94,4.15,6.41,6.81,7.29,5.85],
  [9.54,8.34,1.62,11.09,20.51,13.02,12.26,10.62,9.88,10.94,7.75,10.72,1.92,4.22,4.41,2.62,2.83,99.00,4.69,10.05,15.66,19.52,16.14,14.12,19.07,18.58,18.59,24.45,22.69,24.54,15.30,12.47,14.64,10.23,13.42,12.63,11.37,11.94,15.32,14.58,11.53,12.97,11.21,15.02,15.88,13.06,14.35,13.38,11.37,11.77,11.89,13.18,11.84,13.29,10.61,11.04,13.86,10.57,12.98,12.11,10.78,12.19,11.33,10.66,11.95,12.21,9.84,13.13,13.61,12.27,12.90,13.07,13.57,10.74,12.67,14.04,10.43,13.69,9.92,10.70,6.61,7.86,9.27,8.31,8.04,8.30,7.57,9.35,2.77,6.55,6.41,2.38,3.68,6.00,5.45,4.95,5.81,1.43,5.74,5.13,6.20,4.49,4.84,6.84,10.12,8.09],
  [6.00,6.09,6.07,14.81,22.46,12.13,13.40,11.18,12.78,12.16,11.79,12.55,3.59,1.69,1.04,2.53,1.87,4.69,99.00,13.16,18.17,21.44,18.09,16.25,22.14,21.52,21.58,27.37,25.90,27.31,19.36,16.36,17.98,13.77,16.75,16.06,15.31,15.19,18.42,17.79,13.81,16.77,13.48,19.18,19.94,16.33,17.41,16.85,15.00,15.07,14.19,16.06,15.28,16.43,13.57,7.18,9.84,6.93,8.96,8.45,7.23,8.32,7.19,6.85,7.99,8.25,6.19,9.22,9.57,8.40,8.76,8.94,9.45,6.39,8.69,9.97,5.95,9.74,6.01,6.12,7.31,8.08,7.35,7.63,6.29,6.51,7.35,7.63,7.00,5.92,6.11,5.12,4.94,7.10,4.70,4.70,5.74,6.12,6.23,5.64,6.38,4.83,7.78,7.32,5.42,4.82],
  [19.04,11.43,10.31,2.69,10.98,22.96,5.90,6.72,0.74,5.26,3.75,3.71,9.82,13.67,13.51,10.74,11.84,10.05,13.16,99.00,5.79,10.08,6.93,4.92,9.07,8.54,8.56,14.42,12.77,14.49,7.31,4.32,4.83,1.57,3.61,3.03,3.73,2.04,5.31,4.64,2.81,4.36,2.70,7.49,7.82,3.18,4.32,3.81,2.53,1.96,2.97,3.15,2.32,3.29,0.69,20.33,23.00,20.02,22.12,21.56,20.30,21.48,20.34,19.99,21.15,21.41,19.27,22.38,22.72,21.55,21.89,22.08,22.58,19.47,21.84,23.12,18.94,22.89,19.16,18.93,16.40,17.70,19.29,18.33,18.06,18.32,17.53,19.39,7.41,8.97,8.54,8.24,8.24,6.66,9.42,9.03,8.43,9.20,7.69,8.01,7.92,8.62,5.43,7.22,17.66,17.69],
  [24.16,14.95,16.06,6.49,5.29,28.66,6.26,8.56,5.80,6.87,9.33,5.81,15.14,18.95,18.69,15.95,17.11,15.66,18.17,5.79,99.00,4.48,2.34,2.32,4.59,3.74,3.92,9.30,8.32,9.15,8.10,6.86,3.77,6.41,3.96,4.72,7.27,4.49,2.62,3.17,4.37,6.28,4.70,8.74,8.29,3.90,2.59,4.60,6.02,4.77,3.99,2.75,5.13,3.34,5.15,25.31,27.84,25.10,26.99,26.61,25.41,26.44,25.19,25.01,26.07,26.33,24.36,27.31,27.56,26.51,26.69,26.88,27.37,24.22,26.74,27.93,23.61,27.78,24.16,23.49,22.13,23.42,24.78,23.97,23.56,23.81,23.21,24.91,13.13,13.00,12.63,13.63,13.27,11.13,13.85,13.62,12.75,14.92,12.10,12.60,12.13,13.37,10.86,11.23,22.01,22.91],
  [27.41,17.27,20.10,10.97,1.03,32.52,8.22,10.68,9.94,9.34,13.73,8.93,18.74,22.42,22.09,19.43,20.62,19.52,21.44,10.08,4.48,99.00,3.39,5.41,5.93,5.17,5.45,7.91,8.30,7.29,11.96,11.23,7.91,10.86,8.37,9.17,11.73,8.97,6.64,7.39,8.00,10.61,8.31,12.68,12.02,8.36,6.96,8.97,10.51,9.25,7.64,7.20,9.61,7.82,9.40,28.41,30.77,28.29,29.94,29.75,28.62,29.50,28.16,28.14,29.10,29.34,27.57,30.31,30.49,29.55,29.59,29.78,30.25,27.12,29.72,30.82,26.46,30.75,27.28,26.24,26.10,27.36,28.39,27.79,27.19,27.44,27.08,28.57,17.17,15.80,15.50,17.33,16.72,14.35,16.85,16.75,15.76,18.94,15.21,15.80,15.11,16.62,14.68,14.17,24.62,26.25],
  [24.08,14.17,16.76,8.28,4.40,29.14,5.11,7.58,6.69,6.09,10.66,5.56,15.36,19.05,18.72,16.05,17.25,16.14,18.09,6.93,2.34,3.39,99.00,2.07,6.33,5.43,5.67,10.19,9.76,9.81,10.41,8.93,6.06,7.93,6.06,6.69,9.18,6.19,4.95,5.44,4.64,8.41,4.95,11.03,10.62,5.89,4.79,6.73,7.83,6.47,4.30,4.44,6.93,5.32,6.24,25.11,27.52,24.97,26.68,26.44,25.29,26.21,24.89,24.83,25.82,26.06,24.24,27.04,27.24,26.27,26.35,26.53,27.01,23.87,26.45,27.58,23.23,27.49,23.97,23.03,22.73,23.99,25.01,24.40,23.81,24.06,23.70,25.18,13.82,12.54,12.22,13.95,13.34,11.00,13.54,13.42,12.45,15.59,11.88,12.45,11.80,13.27,11.31,10.86,21.46,22.90],
  [22.24,12.71,14.70,6.55,6.39,27.13,3.94,6.26,4.64,4.58,8.67,3.71,13.39,17.13,16.83,14.13,15.32,14.12,16.25,4.92,2.32,5.41,2.07,99.00,6.91,6.06,6.24,11.49,10.63,11.25,9.40,7.45,5.13,6.04,4.75,5.19,7.53,4.47,4.34,4.51,2.59,7.02,2.91,9.93,9.70,4.46,3.78,5.42,6.12,4.74,2.24,2.87,5.26,3.92,4.24,23.33,25.80,23.15,24.95,24.64,23.47,24.44,23.15,23.04,24.06,24.31,22.42,25.29,25.51,24.50,24.64,24.82,25.30,22.16,24.71,25.87,21.53,25.75,22.18,21.38,20.69,21.96,23.06,22.40,21.85,22.10,21.68,23.22,11.77,10.86,10.52,11.95,11.42,9.15,11.79,11.61,10.69,13.54,10.07,10.62,10.05,11.42,9.28,9.13,19.86,21.03],
  [28.07,19.41,19.18,8.38,5.98,31.85,10.84,13.13,9.37,11.41,11.80,10.22,18.87,22.72,22.55,19.78,20.89,19.07,22.14,9.07,4.59,5.93,6.33,6.91,99.00,0.90,0.67,5.40,3.82,5.64,7.07,7.73,4.56,8.94,5.71,6.57,8.64,7.13,3.76,4.50,8.63,7.04,8.94,7.84,6.93,6.03,4.75,5.91,7.98,7.32,8.28,6.09,7.32,5.79,8.58,29.32,31.93,29.04,31.06,30.58,29.33,30.46,29.27,28.99,30.12,30.38,28.30,31.35,31.66,30.53,30.81,30.99,31.49,28.35,30.80,32.04,27.78,31.85,28.15,27.71,25.25,26.55,28.33,27.29,27.11,27.37,26.46,28.43,16.37,17.32,16.93,17.30,17.20,15.28,18.05,17.76,16.98,18.12,16.28,16.73,16.38,17.44,14.49,15.52,26.30,26.74],
  [27.47,18.64,18.75,8.10,5.32,31.43,9.99,12.30,8.79,10.59,11.47,9.45,18.30,22.15,21.96,19.18,20.32,18.58,21.52,8.54,3.74,5.17,5.43,6.06,0.90,99.00,0.29,5.89,4.59,5.98,7.34,7.63,4.29,8.55,5.35,6.23,8.46,6.67,3.30,4.12,7.90,6.94,8.21,8.10,7.26,5.61,4.23,5.65,7.68,6.88,7.54,5.47,6.95,5.31,8.02,28.69,31.29,28.43,30.42,29.96,28.72,29.83,28.63,28.37,29.48,29.74,27.69,30.72,31.01,29.90,30.15,30.34,30.83,27.69,30.16,31.39,27.11,31.21,27.53,27.02,24.84,26.14,27.82,26.83,26.60,26.86,26.02,27.93,15.91,16.59,16.21,16.74,16.58,14.60,17.36,17.09,16.28,17.67,15.60,16.06,15.67,16.79,13.93,14.80,25.59,26.16],
  [27.53,18.77,18.74,8.03,5.59,31.42,10.18,12.47,8.83,10.75,11.42,9.58,18.35,22.19,22.01,19.24,20.36,18.59,21.58,8.56,3.92,5.45,5.67,6.24,0.67,0.29,99.00,5.86,4.44,6.01,7.12,7.50,4.21,8.52,5.30,6.18,8.36,6.67,3.29,4.08,8.01,6.81,8.32,7.89,7.03,5.59,4.24,5.57,7.61,6.87,7.66,5.53,6.91,5.30,8.05,28.76,31.36,28.49,30.49,30.02,28.78,29.90,28.70,28.43,29.55,29.81,27.75,30.79,31.08,29.97,30.23,30.42,30.91,27.77,30.23,31.47,27.20,31.28,27.59,27.12,24.82,26.12,27.84,26.83,26.62,26.88,26.01,27.94,15.91,16.70,16.32,16.78,16.64,14.69,17.46,17.18,16.38,17.67,15.69,16.14,15.77,16.86,13.97,14.91,25.70,26.21],
  [33.34,24.20,24.59,13.76,7.22,37.25,15.25,17.68,14.67,16.06,17.20,15.11,24.19,28.03,27.83,25.06,26.20,24.45,27.37,14.42,9.30,7.91,10.19,11.49,5.40,5.89,5.86,99.00,2.63,1.03,11.66,12.97,9.95,14.34,11.11,11.97,13.94,12.52,9.14,9.91,13.64,12.30,13.96,12.40,11.34,11.43,10.11,11.30,13.37,12.72,13.27,11.35,12.73,11.17,13.90,34.54,37.11,34.30,36.25,35.82,34.59,35.68,34.45,34.22,35.32,35.57,33.55,36.55,36.83,35.74,35.97,36.15,36.64,33.50,35.99,37.20,32.90,37.04,33.38,32.79,30.66,31.96,33.71,32.69,32.48,32.74,31.86,33.80,21.77,22.30,21.93,22.63,22.44,20.40,23.13,22.89,22.04,23.52,21.38,21.86,21.42,22.61,19.82,20.52,31.31,32.04],
  [31.81,23.22,22.69,11.75,7.89,35.31,14.55,16.88,13.13,15.18,15.21,14.03,22.59,26.43,26.28,23.51,24.61,22.69,25.90,12.77,8.32,8.30,9.76,10.63,3.82,4.59,4.44,2.63,99.00,3.47,9.17,10.77,8.05,12.47,9.27,10.07,11.80,10.78,7.48,8.14,12.45,10.12,12.76,9.89,8.82,9.64,8.49,9.34,11.40,10.94,12.10,9.88,10.85,9.48,12.33,33.08,35.71,32.79,34.84,34.33,33.06,34.23,33.05,32.75,33.89,34.15,32.04,35.12,35.44,34.30,34.59,34.78,35.28,32.15,34.58,35.83,31.58,35.63,31.91,31.52,28.72,30.02,31.96,30.82,30.73,30.99,29.97,32.03,19.95,21.13,20.75,21.01,20.96,19.08,21.86,21.57,20.79,21.67,20.09,20.53,20.19,21.23,18.20,19.34,30.12,30.46],
  [33.29,23.93,24.73,14.02,6.52,37.41,14.91,17.37,14.69,15.79,17.42,14.92,24.19,28.02,27.80,25.04,26.19,24.54,27.31,14.49,9.15,7.29,9.81,11.25,5.64,5.98,6.01,1.03,3.47,99.00,12.24,13.34,10.19,14.52,11.31,12.18,14.27,12.66,9.28,10.09,13.51,12.66,13.84,12.99,11.95,11.59,10.21,11.55,13.61,12.86,13.14,11.37,12.92,11.29,13.94,34.46,36.99,34.23,36.13,35.75,34.54,35.59,34.34,34.15,35.22,35.47,33.49,36.45,36.71,35.65,35.84,36.02,36.51,33.36,35.88,37.07,32.75,36.93,33.30,32.62,30.82,32.12,33.76,32.81,32.54,32.79,32.00,33.87,21.88,22.11,21.75,22.65,22.39,20.28,22.99,22.77,21.89,23.65,21.25,21.75,21.26,22.52,19.84,20.35,31.11,32.01],
  [24.83,18.64,14.86,4.80,12.40,27.05,12.42,13.84,8.01,12.20,7.59,10.61,15.78,19.44,19.46,16.83,17.74,15.30,19.36,7.31,8.10,11.96,10.41,9.40,7.07,7.34,7.12,11.66,9.17,12.24,99.00,3.10,4.35,6.01,4.71,4.61,4.08,5.72,5.50,4.98,9.11,2.95,9.23,0.77,0.58,5.09,5.68,4.08,4.80,5.60,8.98,6.63,5.08,5.55,7.38,26.29,29.08,25.85,28.20,27.40,26.07,27.44,26.48,25.92,27.18,27.44,25.12,28.38,28.82,27.53,28.06,28.24,28.74,25.75,27.89,29.24,25.31,28.93,25.14,25.42,20.56,21.83,24.30,22.84,23.11,23.36,21.94,24.30,12.56,16.09,15.66,14.24,14.75,13.72,16.34,15.87,15.45,14.03,14.70,14.90,15.01,15.36,11.75,14.42,24.35,23.39],
  [21.94,15.55,12.19,1.71,11.89,24.66,9.85,11.00,5.05,9.45,4.71,7.85,12.81,16.53,16.52,13.84,14.79,12.47,16.36,4.32,6.86,11.23,8.93,7.45,7.73,7.63,7.50,12.97,10.77,13.34,3.10,99.00,3.44,2.93,2.90,2.26,1.10,3.12,4.69,3.86,6.51,0.69,6.56,3.18,3.66,3.04,4.29,2.27,1.79,2.91,6.46,4.58,2.34,3.61,4.52,23.37,26.14,22.96,25.26,24.51,23.20,24.53,23.52,23.00,24.25,24.51,22.22,25.45,25.87,24.61,25.10,25.28,25.78,22.76,24.96,26.29,22.30,26.00,22.22,22.39,18.09,19.38,21.61,20.29,20.40,20.66,19.41,21.64,9.70,12.99,12.56,11.24,11.69,10.62,13.25,12.78,12.36,11.28,11.61,11.80,11.92,12.27,8.69,11.33,21.28,20.52],
  [23.83,15.99,14.67,3.82,8.51,27.32,8.54,10.34,5.31,8.61,7.25,7.11,14.59,18.43,18.31,15.54,16.62,14.64,17.98,4.83,3.77,7.91,6.06,5.13,4.56,4.29,4.21,9.95,8.05,10.19,4.35,3.44,99.00,4.42,1.24,2.03,4.19,2.80,1.28,0.63,5.46,2.77,5.67,4.97,4.60,1.66,1.36,1.36,3.42,2.91,5.22,2.63,2.81,1.72,4.52,25.14,27.82,24.82,26.95,26.36,25.09,26.29,25.17,24.80,25.97,26.23,24.07,27.20,27.55,26.37,26.72,26.91,27.41,24.30,26.67,27.95,23.77,27.72,23.97,23.76,20.72,22.02,23.91,22.79,22.68,22.94,21.95,23.98,11.91,13.65,13.24,13.00,13.07,11.42,14.21,13.84,13.18,13.63,12.45,12.81,12.63,13.44,10.22,11.86,22.47,22.46],
  [19.52,12.63,10.25,1.22,11.69,22.91,7.46,8.26,2.29,6.83,2.97,5.28,10.29,14.10,14.02,11.28,12.31,10.23,13.77,1.57,6.41,10.86,7.93,6.04,8.94,8.55,8.52,14.34,12.47,14.52,6.01,2.93,4.42,99.00,3.23,2.40,2.19,1.95,5.24,4.44,4.27,3.12,4.20,6.10,6.55,2.93,4.37,3.15,1.25,1.70,4.36,3.66,1.62,3.30,2.04,20.88,23.60,20.52,22.72,22.07,20.78,22.04,20.96,20.53,21.73,21.99,19.77,22.95,23.33,22.11,22.53,22.72,23.22,20.15,22.44,23.74,19.65,23.48,19.72,19.70,16.31,17.62,19.49,18.37,18.27,18.53,17.53,19.56,7.48,10.09,9.66,8.70,8.96,7.72,10.40,9.95,9.47,9.21,8.72,8.95,9.01,9.47,6.00,8.41,18.53,18.13],
  [22.59,14.85,13.48,2.79,9.08,26.14,7.76,9.39,4.11,7.69,6.12,6.13,13.35,17.19,17.07,14.31,15.38,13.42,16.75,3.61,3.96,8.37,6.06,4.75,5.71,5.35,5.30,11.11,9.27,11.31,4.71,2.90,1.24,3.23,99.00,0.89,3.38,1.57,2.07,1.23,4.53,2.35,4.70,5.20,5.08,0.47,1.42,0.68,2.35,1.68,4.34,1.92,1.62,0.84,3.32,23.90,26.59,23.58,25.71,25.13,23.85,25.06,23.93,23.56,24.74,25.00,22.83,25.97,26.31,25.13,25.49,25.68,26.18,23.07,25.43,26.71,22.54,26.48,22.74,22.54,19.55,20.85,22.69,21.59,21.46,21.72,20.76,22.77,10.69,12.48,12.06,11.77,11.84,10.23,13.00,12.63,11.99,12.43,11.25,11.60,11.45,12.22,8.98,10.70,21.26,21.23],
  [21.87,14.43,12.64,1.90,9.91,25.30,7.83,9.26,3.64,7.60,5.24,6.01,12.63,16.46,16.36,13.60,14.66,12.63,16.06,3.03,4.72,9.17,6.69,5.19,6.57,6.23,6.18,11.97,10.07,12.18,4.61,2.26,2.03,2.40,0.89,99.00,2.55,1.13,2.97,2.12,4.50,1.86,4.62,4.98,5.05,0.82,2.26,0.79,1.45,1.09,4.39,2.32,0.79,1.39,2.90,23.20,25.91,22.86,25.03,24.41,23.13,24.36,23.26,22.86,24.05,24.31,22.12,25.27,25.63,24.43,24.82,25.01,25.51,22.41,24.75,26.04,21.90,25.79,22.04,21.92,18.70,20.00,21.89,20.77,20.67,20.93,19.93,21.96,9.88,11.99,11.57,11.04,11.19,9.70,12.45,12.05,11.46,11.61,10.72,11.03,10.95,11.62,8.28,10.24,20.67,20.49],
  [20.86,14.68,11.10,1.08,12.45,23.59,9.52,10.44,4.46,8.98,3.62,7.40,11.74,15.45,15.44,12.78,13.72,11.37,15.31,3.73,7.27,11.73,9.18,7.53,8.64,8.46,8.36,13.94,11.80,14.27,4.08,1.10,4.19,2.19,3.38,2.55,99.00,3.06,5.36,4.51,6.22,1.68,6.22,4.04,4.66,3.37,4.79,2.87,1.42,2.80,6.24,4.75,2.27,3.93,4.07,22.29,25.06,21.88,24.18,23.43,22.11,23.45,22.45,21.92,23.17,23.43,21.14,24.38,24.80,23.53,24.03,24.21,24.71,21.70,23.88,25.22,21.25,24.92,21.14,21.35,17.01,18.30,20.52,19.20,19.31,19.56,18.32,20.55,8.60,12.09,11.66,10.18,10.67,9.71,12.29,11.80,11.43,10.18,10.68,10.85,11.01,11.29,7.67,10.47,20.27,19.43],
  [21.04,13.35,12.08,2.10,9.78,24.75,6.77,8.13,2.56,6.49,4.92,4.89,11.81,15.66,15.52,12.76,13.84,11.94,15.19,2.04,4.49,8.97,6.19,4.47,7.13,6.67,6.67,12.52,10.78,12.66,5.72,3.12,2.80,1.95,1.57,1.13,3.06,99.00,3.38,2.64,3.43,2.87,3.52,6.05,6.17,1.14,2.45,1.85,1.66,0.28,3.35,1.78,0.80,1.37,1.80,22.35,25.03,22.03,24.15,23.58,22.30,23.50,22.37,22.01,23.18,23.44,21.29,24.41,24.75,23.58,23.93,24.11,24.61,21.50,23.87,25.15,20.97,24.92,21.18,20.97,18.16,19.46,21.21,20.17,19.98,20.24,19.35,21.29,9.24,10.94,10.52,10.23,10.28,8.67,11.44,11.06,10.43,11.00,9.70,10.03,9.90,10.66,7.44,9.17,19.69,19.69],
  [24.33,16.01,15.46,4.86,7.23,28.13,8.04,10.05,5.64,8.30,8.17,6.91,15.12,18.97,18.81,16.03,17.14,15.32,18.42,5.31,2.62,6.64,4.95,4.34,3.76,3.30,3.29,9.14,7.48,9.28,5.50,4.69,1.28,5.24,2.07,2.97,5.36,3.38,99.00,0.86,5.25,4.03,5.52,6.16,5.68,2.31,1.01,2.49,4.42,3.58,4.94,2.46,3.66,2.03,4.85,25.60,28.23,25.31,27.36,26.84,25.59,26.74,25.58,25.26,26.41,26.67,24.56,27.64,27.96,26.82,27.12,27.30,27.80,24.67,27.09,28.35,24.12,28.14,24.43,24.07,21.54,22.84,24.57,23.55,23.35,23.61,22.73,24.67,12.63,13.78,13.38,13.55,13.48,11.65,14.44,14.12,13.38,14.38,12.67,13.08,12.80,13.77,10.74,11.98,22.71,22.99],
  [23.67,15.61,14.68,4.01,8.03,27.35,7.98,9.84,5.05,8.10,7.35,6.63,14.45,18.30,18.15,15.38,16.47,14.58,17.79,4.64,3.17,7.39,5.44,4.51,4.50,4.12,4.08,9.91,8.14,10.09,4.98,3.86,0.63,4.44,1.23,2.12,4.51,2.64,0.86,99.00,4.97,3.23,5.21,5.59,5.23,1.52,0.74,1.64,3.57,2.82,4.71,2.12,2.83,1.37,4.24,24.96,27.62,24.66,26.75,26.20,24.93,26.11,24.97,24.63,25.78,26.04,23.91,27.02,27.35,26.19,26.52,26.70,27.20,24.08,26.48,27.74,23.54,27.53,23.80,23.51,20.75,22.05,23.85,22.78,22.62,22.88,21.96,23.93,11.87,13.32,12.91,12.87,12.87,11.13,13.92,13.57,12.88,13.62,12.15,12.53,12.31,13.20,10.07,11.52,22.19,22.32],
  [19.81,10.80,12.12,5.15,8.98,24.54,3.35,4.89,2.30,3.16,6.44,1.66,10.85,14.62,14.35,11.62,12.80,11.53,13.81,2.81,4.37,8.00,4.64,2.59,8.63,7.90,8.01,13.64,12.45,13.51,9.11,6.51,5.46,4.27,4.53,4.50,6.22,3.43,5.25,4.97,99.00,6.30,0.33,9.48,9.54,4.09,4.32,5.08,4.83,3.60,0.38,2.85,4.17,3.77,2.23,20.95,23.48,20.74,22.62,22.25,21.05,22.07,20.82,20.64,21.71,21.96,20.00,22.94,23.20,22.14,22.33,22.52,23.01,19.86,22.37,23.57,19.26,23.42,19.79,19.15,18.10,19.37,20.51,19.82,19.30,19.56,19.09,20.67,9.18,8.69,8.31,9.39,8.93,6.76,9.49,9.26,8.40,10.95,7.74,8.24,7.78,9.01,6.69,6.90,17.70,18.56],
  [22.41,15.73,12.75,1.97,11.26,25.26,9.64,10.93,5.07,9.33,5.24,7.73,13.24,16.99,16.96,14.26,15.24,12.97,16.77,4.36,6.28,10.61,8.41,7.02,7.04,6.94,6.81,12.30,10.12,12.66,2.95,0.69,2.77,3.12,2.35,1.86,1.68,2.87,4.03,3.23,6.30,99.00,6.39,3.19,3.46,2.56,3.69,1.68,1.88,2.71,6.21,4.15,2.16,3.12,4.45,23.82,26.57,23.42,25.69,24.98,23.67,24.97,23.95,23.45,24.69,24.95,22.68,25.90,26.31,25.05,25.52,25.70,26.21,23.16,25.40,26.72,22.69,26.44,22.66,22.76,18.68,19.98,22.15,20.86,20.94,21.20,19.99,22.19,10.20,13.20,12.77,11.66,12.04,10.84,13.52,13.06,12.59,11.81,11.84,12.07,12.13,12.58,9.04,11.50,21.62,21.00],
  [19.47,10.51,11.81,5.14,9.30,24.22,3.30,4.69,2.13,2.99,6.26,1.43,10.52,14.29,14.02,11.29,12.47,11.21,13.48,2.70,4.70,8.31,4.95,2.91,8.94,8.21,8.32,13.96,12.76,13.84,9.23,6.56,5.67,4.20,4.70,4.62,6.22,3.52,5.52,5.21,0.33,6.39,99.00,9.57,9.67,4.25,4.58,5.23,4.85,3.68,0.71,3.09,4.24,3.97,2.17,20.62,23.15,20.41,22.29,21.92,20.71,21.74,20.50,20.31,21.38,21.63,19.67,22.61,22.87,21.81,22.00,22.19,22.68,19.53,22.04,23.24,18.93,23.09,19.46,18.83,17.78,19.05,20.18,19.49,18.97,19.23,18.77,20.34,8.88,8.38,8.00,9.06,8.60,6.44,9.17,8.93,8.08,10.64,7.41,7.91,7.46,8.68,6.37,6.59,17.38,18.23],
  [24.56,18.71,14.51,4.89,13.14,26.58,12.81,14.12,8.21,12.52,7.39,10.92,15.59,19.19,19.24,16.65,17.52,15.02,19.18,7.49,8.74,12.68,11.03,9.93,7.84,8.10,7.89,12.40,9.89,12.99,0.77,3.18,4.97,6.10,5.20,4.98,4.04,6.05,6.16,5.59,9.48,3.19,9.57,99.00,1.10,5.55,6.26,4.54,4.96,5.90,9.37,7.12,5.36,6.04,7.64,26.04,28.84,25.59,27.96,27.13,25.80,27.19,26.26,25.66,26.94,27.20,24.86,28.13,28.58,27.28,27.84,28.02,28.52,25.55,27.66,29.01,25.13,28.68,24.91,25.27,20.12,21.38,23.93,22.43,22.75,23.00,21.52,23.92,12.31,16.13,15.70,14.07,14.66,13.74,16.32,15.83,15.46,13.72,14.72,14.88,15.05,15.30,11.67,14.49,24.24,23.11],
  [25.41,19.18,15.43,5.35,12.41,27.59,12.83,14.31,8.52,12.65,8.17,11.07,16.36,20.02,20.04,17.41,18.32,15.88,19.94,7.82,8.29,12.02,10.62,9.70,6.93,7.26,7.03,11.34,8.82,11.95,0.58,3.66,4.60,6.55,5.08,5.05,4.66,6.17,5.68,5.23,9.54,3.46,9.67,1.10,99.00,5.49,5.95,4.47,5.34,6.07,9.39,6.99,5.56,5.92,7.87,26.87,29.66,26.43,28.78,27.98,26.65,28.02,27.06,26.49,27.76,28.02,25.70,28.96,29.40,28.11,28.64,28.82,29.32,26.33,28.47,29.82,25.89,29.51,25.72,26.00,21.11,22.38,24.87,23.40,23.68,23.93,22.49,24.86,13.14,16.64,16.21,14.82,15.33,14.27,16.91,16.43,16.01,14.61,15.26,15.46,15.56,15.93,12.33,14.96,24.92,23.97],
  [22.19,14.39,13.16,2.66,9.10,25.83,7.35,8.94,3.66,7.24,5.87,5.68,12.95,16.80,16.67,13.90,14.98,13.06,16.33,3.18,3.90,8.36,5.89,4.46,6.03,5.61,5.59,11.43,9.64,11.59,5.09,3.04,1.66,2.93,0.47,0.82,3.37,1.14,2.31,1.52,4.09,2.56,4.25,5.55,5.49,99.00,1.49,1.02,2.20,1.29,3.91,1.59,1.36,0.57,2.87,23.49,26.17,23.17,25.29,24.72,23.45,24.64,23.51,23.15,24.32,24.58,22.43,25.55,25.89,24.72,25.07,25.25,25.75,22.64,25.02,26.29,22.11,26.07,22.33,22.10,19.23,20.54,22.33,21.26,21.10,21.36,20.44,22.41,10.35,12.02,11.60,11.37,11.42,9.77,12.55,12.18,11.53,12.10,10.80,11.15,10.99,11.78,8.58,10.24,20.81,20.83],
  [23.33,15.04,14.53,4.14,7.66,27.20,7.26,9.17,4.64,7.42,7.33,5.99,14.13,17.98,17.81,15.03,16.15,14.35,17.41,4.32,2.59,6.96,4.79,3.78,4.75,4.23,4.24,10.11,8.49,10.21,5.68,4.29,1.36,4.37,1.42,2.26,4.79,2.45,1.01,0.74,4.32,3.69,4.58,6.26,5.95,1.49,99.00,2.02,3.68,2.68,4.04,1.49,2.85,1.08,3.84,24.59,27.23,24.30,26.36,25.84,24.59,25.74,24.57,24.26,25.40,25.66,23.56,26.64,26.95,25.81,26.11,26.30,26.80,23.67,26.09,27.34,23.11,27.14,23.43,23.07,20.61,21.91,23.60,22.60,22.38,22.63,21.79,23.70,11.67,12.79,12.39,12.55,12.48,10.65,13.44,13.11,12.38,13.44,11.67,12.08,11.81,12.76,9.74,10.99,21.71,22.00],
  [22.64,15.19,13.36,2.47,9.64,25.99,8.36,9.90,4.40,8.22,5.91,6.64,13.41,17.23,17.14,14.39,15.43,13.38,16.85,3.81,4.60,8.97,6.73,5.42,5.91,5.65,5.57,11.30,9.34,11.55,4.08,2.27,1.36,3.15,0.68,0.79,2.87,1.85,2.49,1.64,5.08,1.68,5.23,4.54,4.47,1.02,2.02,99.00,2.07,1.86,4.92,2.58,1.57,1.51,3.65,23.99,26.69,23.64,25.81,25.19,23.90,25.14,24.05,23.64,24.83,25.09,22.90,26.06,26.42,25.22,25.61,25.79,26.30,23.20,25.53,26.83,22.69,26.58,22.82,22.71,19.39,20.70,22.64,21.49,21.42,21.68,20.64,22.71,10.63,12.77,12.35,11.82,11.98,10.48,13.24,12.84,12.25,12.34,11.50,11.82,11.72,12.41,9.07,11.01,21.46,21.26],
  [20.72,13.85,11.30,0.46,11.28,23.92,8.15,9.22,3.26,7.69,3.83,6.09,11.50,15.30,15.23,12.51,13.52,11.37,15.00,2.53,6.02,10.51,7.83,6.12,7.98,7.68,7.61,13.37,11.40,13.61,4.80,1.79,3.42,1.25,2.35,1.45,1.42,1.66,4.42,3.57,4.83,1.88,4.85,4.96,5.34,2.20,3.68,2.07,99.00,1.39,4.83,3.40,0.91,2.70,2.75,22.10,24.83,21.72,23.95,23.28,21.98,23.25,22.19,21.74,22.95,23.22,20.98,24.17,24.56,23.33,23.76,23.95,24.45,21.38,23.66,24.97,20.90,24.70,20.93,20.95,17.33,18.63,20.62,19.43,19.40,19.65,18.58,20.67,8.61,11.32,10.89,9.92,10.21,8.96,11.65,11.20,10.71,10.29,9.96,10.20,10.25,10.73,7.24,9.62,19.78,19.32],
  [20.91,13.35,11.87,1.82,10.05,24.55,6.95,8.24,2.55,6.62,4.66,5.02,11.68,15.52,15.39,12.63,13.70,11.77,15.07,1.96,4.77,9.25,6.47,4.74,7.32,6.88,6.87,12.72,10.94,12.86,5.60,2.91,2.91,1.70,1.68,1.09,2.80,0.28,3.58,2.82,3.60,2.71,3.68,5.90,6.07,1.29,2.68,1.86,1.39,99.00,3.55,2.06,0.57,1.60,1.82,22.23,24.91,21.90,24.04,23.45,22.17,23.38,22.26,21.88,23.06,23.32,21.16,24.29,24.64,23.46,23.82,24.01,24.51,21.40,23.76,25.04,20.88,24.81,21.06,20.89,17.96,19.26,21.03,19.97,19.81,20.07,19.15,21.12,9.05,10.91,10.49,10.09,10.18,8.62,11.39,10.99,10.39,10.81,9.65,9.97,9.87,10.58,7.31,9.15,19.62,19.55],
  [20.18,11.14,12.46,5.17,8.63,24.91,3.44,5.14,2.53,3.39,6.66,1.97,11.23,15.00,14.73,12.00,13.18,11.89,14.19,2.97,3.99,7.64,4.30,2.24,8.28,7.54,7.66,13.27,12.10,13.14,8.98,6.46,5.22,4.36,4.34,4.39,6.24,3.35,4.94,4.71,0.38,6.21,0.71,9.37,9.39,3.91,4.04,4.92,4.83,3.55,99.00,2.59,4.12,3.56,2.34,21.32,23.85,21.12,22.99,22.62,21.42,22.45,21.20,21.02,22.08,22.33,20.38,23.32,23.57,22.52,22.70,22.89,23.38,20.23,22.75,23.94,19.63,23.79,20.17,19.52,18.46,19.73,20.89,20.18,19.68,19.93,19.46,21.04,9.53,9.06,8.68,9.76,9.31,7.14,9.86,9.63,8.77,11.30,8.11,8.61,8.15,9.38,7.05,7.27,18.06,18.94],
  [22.00,13.56,13.46,3.85,8.04,26.11,5.92,7.72,3.32,5.98,6.58,4.51,12.84,16.68,16.49,13.71,14.85,13.18,16.06,3.15,2.75,7.20,4.44,2.87,6.09,5.47,5.53,11.35,9.88,11.37,6.63,4.58,2.63,3.66,1.92,2.32,4.75,1.78,2.46,2.12,2.85,4.15,3.09,7.12,6.99,1.59,1.49,2.58,3.40,2.06,2.59,99.00,2.50,1.08,2.57,23.23,25.85,22.97,24.98,24.50,23.26,24.38,23.19,22.91,24.03,24.29,22.22,25.27,25.57,24.45,24.72,24.91,25.40,22.27,24.71,25.95,21.70,25.76,22.07,21.64,19.55,20.85,22.39,21.47,21.16,21.42,20.68,22.50,10.56,11.33,10.93,11.28,11.12,9.21,12.00,11.69,10.94,12.35,10.23,10.65,10.35,11.36,8.47,9.52,20.27,20.69],
  [21.08,13.75,11.87,1.37,10.39,24.53,7.52,8.77,2.98,7.17,4.52,5.57,11.84,15.67,15.57,12.81,13.86,11.84,15.28,2.32,5.13,9.61,6.93,5.26,7.32,6.95,6.91,12.73,10.85,12.92,5.08,2.34,2.81,1.62,1.62,0.79,2.27,0.80,3.66,2.83,4.17,2.16,4.24,5.36,5.56,1.36,2.85,1.57,0.91,0.57,4.12,2.50,99.00,1.82,2.31,22.42,25.12,22.07,24.24,23.62,22.34,23.57,22.47,22.07,23.26,23.52,21.33,24.49,24.85,23.65,24.04,24.22,24.73,21.63,23.96,25.25,21.12,25.01,21.25,21.15,17.93,19.23,21.11,19.99,19.88,20.14,19.15,21.18,9.10,11.29,10.86,10.25,10.42,8.97,11.71,11.30,10.73,10.83,9.99,10.28,10.23,10.86,7.50,9.54,19.92,19.70],
  [22.32,14.27,13.45,3.17,8.57,26.12,6.95,8.65,3.67,6.93,6.26,5.40,13.10,16.95,16.80,14.03,15.13,13.29,16.43,3.29,3.34,7.82,5.32,3.92,5.79,5.31,5.30,11.17,9.48,11.29,5.55,3.61,1.72,3.30,0.84,1.39,3.93,1.37,2.03,1.37,3.77,3.12,3.97,6.04,5.92,0.57,1.08,1.51,2.70,1.60,3.56,1.08,1.82,99.00,2.87,23.60,26.26,23.30,25.38,24.84,23.58,24.75,23.60,23.27,24.42,24.68,22.56,25.65,25.98,24.83,25.15,25.33,25.83,22.71,25.11,26.38,22.17,26.16,22.44,22.14,19.54,20.84,22.55,21.53,21.32,21.58,20.71,22.64,10.60,11.96,11.54,11.53,11.50,9.76,12.54,12.20,11.51,12.37,10.78,11.16,10.95,11.82,8.72,10.16,20.81,20.98],
  [19.49,11.55,10.93,3.00,10.31,23.56,5.45,6.49,0.80,4.94,4.43,3.34,10.29,14.14,13.97,11.19,12.31,10.61,13.57,0.69,5.15,9.40,6.24,4.24,8.58,8.02,8.05,13.90,12.33,13.94,7.38,4.52,4.52,2.04,3.32,2.90,4.07,1.80,4.85,4.24,2.23,4.45,2.17,7.64,7.87,2.87,3.84,3.65,2.75,1.82,2.34,2.57,2.31,2.87,99.00,20.75,23.39,20.46,22.52,22.00,20.74,21.90,20.73,20.42,21.56,21.82,19.71,22.79,23.12,21.97,22.28,22.47,22.97,19.84,22.25,23.51,19.30,23.30,19.58,19.27,17.01,18.30,19.82,18.90,18.60,18.85,18.12,19.93,8.01,9.15,8.74,8.73,8.64,6.91,9.69,9.33,8.67,9.80,7.93,8.30,8.12,8.95,5.91,7.38,17.96,18.16],
  [1.64,11.70,11.85,21.87,29.43,8.79,20.24,17.87,19.95,19.07,18.70,19.62,10.59,6.85,6.86,9.60,8.58,11.04,7.18,20.33,25.31,28.41,25.11,23.33,29.32,28.69,28.76,34.54,33.08,34.46,26.29,23.37,25.14,20.88,23.90,23.20,22.29,22.35,25.60,24.96,20.95,23.82,20.62,26.04,26.87,23.49,24.59,23.99,22.10,22.23,21.32,23.23,22.42,23.60,20.75,99.00,2.83,0.79,1.97,1.36,0.99,1.16,1.02,0.41,0.93,1.19,1.28,2.09,2.59,1.24,2.05,2.18,2.64,1.93,1.64,3.03,2.64,2.64,1.17,3.30,8.67,8.31,4.69,6.83,5.00,4.91,7.45,5.11,13.74,12.62,12.91,12.18,12.12,14.19,11.57,11.72,12.66,12.40,13.25,12.72,13.31,11.94,14.92,14.25,4.97,3.08],
  [4.43,13.73,14.68,24.62,31.79,9.89,22.56,20.14,22.59,21.44,21.49,22.09,13.33,9.66,9.62,12.32,11.35,13.86,9.84,23.00,27.84,30.77,27.52,25.80,31.93,31.29,31.36,37.11,35.71,36.99,29.08,26.14,27.82,23.60,26.59,25.91,25.06,25.03,28.23,27.62,23.48,26.57,23.15,28.84,29.66,26.17,27.23,26.69,24.83,24.91,23.85,25.85,25.12,26.26,23.39,2.83,99.00,3.43,0.88,2.13,3.35,1.73,2.66,3.23,1.91,1.65,4.09,0.86,0.28,1.64,1.18,1.00,0.64,3.65,1.19,0.29,4.32,0.35,3.94,4.66,11.19,10.65,6.86,9.11,7.48,7.33,9.85,7.21,16.54,14.98,15.30,14.91,14.76,16.71,14.01,14.22,15.11,15.23,15.74,15.24,15.75,14.50,17.62,16.67,6.43,5.89],
  [1.03,11.79,11.29,21.49,29.31,8.11,20.16,17.82,19.67,18.97,18.27,19.45,10.23,6.43,6.51,9.28,8.21,10.57,6.93,20.02,25.10,28.29,24.97,23.15,29.04,28.43,28.49,34.30,32.79,34.23,25.85,22.96,24.82,20.52,23.58,22.86,21.88,22.03,25.31,24.66,20.74,23.42,20.41,25.59,26.43,23.17,24.30,23.64,21.72,21.90,21.12,22.97,22.07,23.30,20.46,0.79,3.43,99.00,2.63,1.55,0.37,1.70,1.77,0.50,1.64,1.86,0.75,2.62,3.22,1.79,2.79,2.91,3.34,2.49,2.29,3.67,3.12,3.19,1.12,3.82,7.90,7.52,3.91,6.04,4.22,4.12,6.67,4.32,13.29,12.54,12.81,11.82,11.86,14.01,11.44,11.55,12.53,11.90,13.09,12.54,13.18,11.74,14.60,14.12,5.38,2.50],
  [3.60,12.96,13.82,23.74,30.97,9.64,21.74,19.33,21.72,20.61,20.61,21.24,12.45,8.78,8.74,11.44,10.46,12.98,8.96,22.12,26.99,29.94,26.68,24.95,31.06,30.42,30.49,36.25,34.84,36.13,28.20,25.26,26.95,22.72,25.71,25.03,24.18,24.15,27.36,26.75,22.62,25.69,22.29,27.96,28.78,25.29,26.36,25.81,23.95,24.04,22.99,24.98,24.24,25.38,22.52,1.97,0.88,2.63,99.00,1.55,2.60,0.97,1.80,2.38,1.04,0.79,3.25,0.55,0.62,0.88,0.57,0.50,0.73,2.83,0.34,1.06,3.54,0.81,3.06,3.94,10.48,10.00,6.25,8.48,6.77,6.64,9.18,6.62,15.66,14.14,14.46,14.03,13.88,15.86,13.16,13.36,14.26,14.36,14.89,14.38,14.90,13.64,16.74,15.83,5.74,5.05],
  [2.57,13.06,12.81,23.04,30.77,8.16,21.59,19.23,21.21,20.41,19.83,20.94,11.78,7.99,8.06,10.82,9.76,12.11,8.45,21.56,26.61,29.75,26.44,24.64,30.58,29.96,30.02,35.82,34.33,35.75,27.40,24.51,26.36,22.07,25.13,24.41,23.43,23.58,26.84,26.20,22.25,24.98,21.92,27.13,27.98,24.72,25.84,25.19,23.28,23.45,22.62,24.50,23.62,24.84,22.00,1.36,2.13,1.55,1.55,99.00,1.34,0.72,2.04,1.61,1.12,1.10,2.30,1.28,2.00,0.77,1.99,2.01,2.27,3.15,1.28,2.41,3.88,1.83,2.47,4.48,9.06,8.52,4.74,6.98,5.36,5.20,7.72,5.09,14.84,13.97,14.25,13.37,13.38,15.50,12.90,13.03,13.99,13.44,14.57,14.03,14.64,13.24,16.14,15.58,6.23,4.02],
  [1.26,12.15,11.47,21.74,29.64,7.82,20.50,18.17,19.95,19.30,18.50,19.77,10.50,6.68,6.78,9.55,8.47,10.78,7.23,20.30,25.41,28.62,25.29,23.47,29.33,28.72,28.78,34.59,33.06,34.54,26.07,23.20,25.09,20.78,23.85,23.13,22.11,22.30,25.59,24.93,21.05,23.67,20.71,25.80,26.65,23.45,24.59,23.90,21.98,22.17,21.42,23.26,22.34,23.58,20.74,0.99,3.35,0.37,2.60,1.34,99.00,1.64,2.01,0.81,1.68,1.87,1.05,2.51,3.16,1.73,2.84,2.94,3.33,2.82,2.27,3.60,3.47,3.09,1.49,4.16,7.88,7.44,3.76,5.93,4.18,4.05,6.60,4.16,13.52,12.88,13.15,12.09,12.15,14.32,11.78,11.88,12.86,12.10,13.42,12.85,13.51,12.05,14.87,14.45,5.74,2.69],
  [2.70,12.68,12.97,23.03,30.52,8.87,21.31,18.93,21.10,20.16,19.86,20.73,11.75,8.01,8.02,10.76,9.74,12.19,8.32,21.48,26.44,29.50,26.21,24.44,30.46,29.83,29.90,35.68,34.23,35.59,27.44,24.53,26.29,22.04,25.06,24.36,23.45,23.50,26.74,26.11,22.07,24.97,21.74,27.19,28.02,24.64,25.74,25.14,23.25,23.38,22.45,24.38,23.57,24.75,21.90,1.16,1.73,1.70,0.97,0.72,1.64,99.00,1.47,1.53,0.47,0.38,2.37,0.94,1.53,0.09,1.30,1.36,1.70,2.61,0.64,1.97,3.35,1.51,2.32,3.90,9.51,9.04,5.29,7.51,5.81,5.67,8.22,5.67,14.89,13.70,14.00,13.33,13.26,15.31,12.67,12.83,13.76,13.54,14.37,13.84,14.41,13.07,16.08,15.35,5.68,4.17],
  [2.39,11.24,12.25,21.99,29.18,9.81,19.96,17.56,19.93,18.82,18.89,19.45,10.71,7.11,7.02,9.69,8.75,11.33,7.19,20.34,25.19,28.16,24.89,23.15,29.27,28.63,28.70,34.45,33.05,34.34,26.48,23.52,25.17,20.96,23.93,23.26,22.45,22.37,25.58,24.97,20.82,23.95,20.50,26.26,27.06,23.51,24.57,24.05,22.19,22.26,21.20,23.19,22.47,23.60,20.73,1.02,2.66,1.77,1.80,2.04,2.01,1.47,99.00,1.29,1.01,1.21,2.03,2.16,2.38,1.50,1.58,1.76,2.26,1.14,1.56,2.78,1.88,2.60,1.54,2.45,9.48,9.20,5.67,7.75,5.88,5.80,8.33,6.08,13.97,12.36,12.67,12.29,12.10,14.06,11.37,11.57,12.47,12.73,13.09,12.59,13.11,11.84,14.98,14.04,4.21,3.68],
  [1.23,11.52,11.45,21.51,29.16,8.61,19.99,17.63,19.62,18.81,18.33,19.33,10.23,6.48,6.50,9.26,8.22,10.66,6.85,19.99,25.01,28.14,24.83,23.04,28.99,28.37,28.43,34.22,32.75,34.15,25.92,23.00,24.80,20.53,23.56,22.86,21.92,22.01,25.26,24.63,20.64,23.45,20.31,25.66,26.49,23.15,24.26,23.64,21.74,21.88,21.02,22.91,22.07,23.27,20.42,0.41,3.23,0.50,2.38,1.61,0.81,1.53,1.29,99.00,1.34,1.59,0.87,2.47,2.99,1.62,2.45,2.59,3.05,2.01,2.05,3.44,2.66,3.03,0.86,3.35,8.28,7.94,4.37,6.47,4.63,4.54,7.08,4.79,13.36,12.37,12.64,11.82,11.79,13.89,11.29,11.43,12.38,12.01,12.97,12.42,13.03,11.64,14.58,13.97,4.95,2.67],
  [2.57,12.24,12.78,22.74,30.12,9.19,20.91,18.52,20.76,19.76,19.59,20.35,11.45,7.75,7.73,10.45,9.45,11.95,7.99,21.15,26.07,29.10,25.82,24.06,30.12,29.48,29.55,35.32,33.89,35.22,27.18,24.25,25.97,21.73,24.74,24.05,23.17,23.18,26.41,25.78,21.71,24.69,21.38,26.94,27.76,24.32,25.40,24.83,22.95,23.06,22.08,24.03,23.26,24.42,21.56,0.93,1.91,1.64,1.04,1.12,1.68,0.47,1.01,1.34,99.00,0.26,2.22,1.24,1.66,0.49,1.16,1.27,1.71,2.15,0.72,2.10,2.89,1.75,2.04,3.43,9.53,9.12,5.43,7.61,5.84,5.73,8.28,5.82,14.63,13.30,13.60,13.03,12.92,14.94,12.28,12.46,13.38,13.32,13.99,13.47,14.02,12.71,15.76,14.96,5.21,4.01],
  [2.81,12.45,13.03,23.00,30.36,9.24,21.15,18.75,21.02,20.00,19.85,20.60,11.71,8.01,7.99,10.71,9.72,12.21,8.25,21.41,26.33,29.34,26.06,24.31,30.38,29.74,29.81,35.57,34.15,35.47,27.44,24.51,26.23,21.99,25.00,24.31,23.43,23.44,26.67,26.04,21.96,24.95,21.63,27.20,28.02,24.58,25.66,25.09,23.22,23.32,22.33,24.29,23.52,24.68,21.82,1.19,1.65,1.86,0.79,1.10,1.87,0.38,1.21,1.59,0.26,99.00,2.46,0.98,1.40,0.35,0.98,1.07,1.48,2.34,0.46,1.85,3.08,1.49,2.30,3.59,9.74,9.30,5.59,7.79,6.04,5.92,8.47,5.97,14.90,13.54,13.84,13.30,13.18,15.20,12.53,12.71,13.63,13.58,14.24,13.72,14.27,12.96,16.02,15.20,5.38,4.27],
  [0.36,11.16,10.60,20.75,28.59,8.27,19.45,17.13,18.92,18.25,17.54,18.72,9.49,5.69,5.76,8.53,7.46,9.84,6.19,19.27,24.36,27.57,24.24,22.42,28.30,27.69,27.75,33.55,32.04,33.49,25.12,22.22,24.07,19.77,22.83,22.12,21.14,21.29,24.56,23.91,20.00,22.68,19.67,24.86,25.70,22.43,23.56,22.90,20.98,21.16,20.38,22.22,21.33,22.56,19.71,1.28,4.09,0.75,3.25,2.30,1.05,2.37,2.03,0.87,2.22,2.46,99.00,3.31,3.86,2.46,3.32,3.46,3.93,2.41,2.92,4.31,2.91,3.88,0.72,3.63,7.45,7.18,3.75,5.75,3.85,3.79,6.30,4.18,12.56,11.84,12.10,11.08,11.11,13.27,10.73,10.83,11.81,11.18,12.37,11.81,12.46,11.01,13.85,13.40,5.03,1.81],
  [3.63,13.40,13.90,23.95,31.34,9.20,22.12,19.72,22.00,20.98,20.79,21.58,12.67,8.94,8.94,11.67,10.67,13.13,9.22,22.38,27.31,30.31,27.04,25.29,31.35,30.72,30.79,36.55,35.12,36.45,28.38,25.45,27.20,22.95,25.97,25.27,24.38,24.41,27.64,27.02,22.94,25.90,22.61,28.13,28.96,25.55,26.64,26.06,24.17,24.29,23.32,25.27,24.49,25.65,22.79,2.09,0.86,2.62,0.55,1.28,2.51,0.94,2.16,2.47,1.24,0.98,3.31,99.00,0.73,0.85,1.12,1.04,1.09,3.26,0.61,1.13,3.98,0.58,3.24,4.43,10.33,9.79,6.01,8.25,6.62,6.47,9.00,6.36,15.83,14.51,14.82,14.25,14.16,16.18,13.51,13.69,14.61,14.48,15.22,14.70,15.25,13.94,16.99,16.18,6.23,5.10],
  [4.20,13.45,14.44,24.35,31.51,9.89,22.27,19.86,22.32,21.16,21.23,21.81,13.07,9.40,9.36,12.05,11.08,13.61,9.57,22.72,27.56,30.49,27.24,25.51,31.66,31.01,31.08,36.83,35.44,36.71,28.82,25.87,27.55,23.33,26.31,25.63,24.80,24.75,27.96,27.35,23.20,26.31,22.87,28.58,29.40,25.89,26.95,26.42,24.56,24.64,23.57,25.57,24.85,25.98,23.12,2.59,0.28,3.22,0.62,2.00,3.16,1.53,2.38,2.99,1.66,1.40,3.86,0.73,99.00,1.43,0.91,0.73,0.44,3.37,0.94,0.45,4.04,0.43,3.69,4.38,11.02,10.51,6.73,8.97,7.31,7.17,9.70,7.09,16.28,14.69,15.02,14.64,14.48,16.43,13.73,13.94,14.83,14.98,15.46,14.96,15.47,14.22,17.35,16.39,6.16,5.66],
  [2.79,12.72,13.05,23.11,30.58,8.93,21.37,18.98,21.17,20.22,19.94,20.80,11.83,8.09,8.10,10.83,9.82,12.27,8.40,21.55,26.51,29.55,26.27,24.50,30.53,29.90,29.97,35.74,34.30,35.65,27.53,24.61,26.37,22.11,25.13,24.43,23.53,23.58,26.82,26.19,22.14,25.05,21.81,27.28,28.11,24.72,25.81,25.22,23.33,23.46,22.52,24.45,23.65,24.83,21.97,1.24,1.64,1.79,0.88,0.77,1.73,0.09,1.50,1.62,0.49,0.35,2.46,0.85,1.43,99.00,1.23,1.28,1.61,2.63,0.56,1.88,3.38,1.42,2.40,3.91,9.61,9.13,5.38,7.60,5.90,5.76,8.31,5.76,14.97,13.76,14.05,13.41,13.33,15.38,12.73,12.90,13.83,13.63,14.43,13.90,14.47,13.14,16.15,15.41,5.69,4.26],
  [3.68,12.55,13.79,23.56,30.62,10.13,21.38,18.96,21.48,20.27,20.47,20.94,12.29,8.68,8.60,11.26,10.32,12.90,8.76,21.89,26.69,29.59,26.35,24.64,30.81,30.15,30.23,35.97,34.59,35.84,28.06,25.10,26.72,22.53,25.49,24.82,24.03,23.93,27.12,26.52,22.33,25.52,22.00,27.84,28.64,25.07,26.11,25.61,23.76,23.82,22.70,24.72,24.04,25.15,22.28,2.05,1.18,2.79,0.57,1.99,2.84,1.30,1.58,2.45,1.16,0.98,3.32,1.12,0.91,1.23,99.00,0.19,0.69,2.48,0.71,1.24,3.14,1.25,3.02,3.48,10.69,10.27,6.56,8.76,7.00,6.89,9.44,6.95,15.54,13.81,14.13,13.86,13.65,15.57,12.85,13.08,13.95,14.29,14.59,14.10,14.59,13.37,16.54,15.51,5.26,5.10],
  [3.82,12.73,13.95,23.74,30.80,10.13,21.56,19.14,21.67,20.45,20.65,21.12,12.47,8.85,8.78,11.44,10.50,13.07,8.94,22.08,26.88,29.78,26.53,24.82,30.99,30.34,30.42,36.15,34.78,36.02,28.24,25.28,26.91,22.72,25.68,25.01,24.21,24.11,27.30,26.70,22.52,25.70,22.19,28.02,28.82,25.25,26.30,25.79,23.95,24.01,22.89,24.91,24.22,25.33,22.47,2.18,1.00,2.91,0.50,2.01,2.94,1.36,1.76,2.59,1.27,1.07,3.46,1.04,0.73,1.28,0.19,99.00,0.50,2.66,0.73,1.05,3.32,1.10,3.18,3.65,10.81,10.37,6.64,8.85,7.11,6.99,9.54,7.03,15.72,13.99,14.32,14.04,13.84,15.76,13.04,13.26,14.14,14.46,14.78,14.29,14.78,13.55,16.73,15.70,5.43,5.25],
  [4.28,13.17,14.45,24.25,31.27,10.28,22.03,19.60,22.16,20.92,21.15,21.61,12.97,9.35,9.28,11.95,11.00,13.57,9.45,22.58,27.37,30.25,27.01,25.30,31.49,30.83,30.91,36.64,35.28,36.51,28.74,25.78,27.41,23.22,26.18,25.51,24.71,24.61,27.80,27.20,23.01,26.21,22.68,28.52,29.32,25.75,26.80,26.30,24.45,24.51,23.38,25.40,24.73,25.83,22.97,2.64,0.64,3.34,0.73,2.27,3.33,1.70,2.26,3.05,1.71,1.48,3.93,1.09,0.44,1.61,0.69,0.50,99.00,3.15,1.06,0.58,3.79,0.87,3.67,4.08,11.21,10.74,6.98,9.21,7.50,7.37,9.92,7.35,16.22,14.47,14.80,14.54,14.34,16.25,13.53,13.75,14.62,14.96,15.27,14.78,15.26,14.05,17.23,16.18,5.84,5.72],
  [2.70,10.14,11.77,21.20,28.15,10.60,18.91,16.50,19.04,17.79,18.17,18.46,9.96,6.53,6.35,8.92,8.05,10.74,6.39,19.47,24.22,27.12,23.87,22.16,28.35,27.69,27.77,33.50,32.15,33.36,25.75,22.76,24.30,20.15,23.07,22.41,21.70,21.50,24.67,24.08,19.86,23.16,19.53,25.55,26.33,22.64,23.67,23.20,21.38,21.40,20.23,22.27,21.63,22.71,19.84,1.93,3.65,2.49,2.83,3.15,2.82,2.61,1.14,2.01,2.15,2.34,2.41,3.26,3.37,2.63,2.48,2.66,3.15,99.00,2.65,3.71,0.74,3.64,1.70,1.36,9.58,9.45,6.15,8.08,6.14,6.12,8.55,6.58,13.30,11.33,11.65,11.51,11.23,13.10,10.38,10.61,11.48,12.15,12.12,11.64,12.11,10.91,14.15,13.03,3.08,3.64],
  [3.26,12.79,13.49,23.45,30.75,9.42,21.52,19.12,21.45,20.39,20.31,21.01,12.16,8.47,8.44,11.15,10.17,12.67,8.69,21.84,26.74,29.72,26.45,24.71,30.80,30.16,30.23,35.99,34.58,35.88,27.89,24.96,26.67,22.44,25.43,24.75,23.88,23.87,27.09,26.48,22.37,25.40,22.04,27.66,28.47,25.02,26.09,25.53,23.66,23.76,22.75,24.71,23.96,25.11,22.25,1.64,1.19,2.29,0.34,1.28,2.27,0.64,1.56,2.05,0.72,0.46,2.92,0.61,0.94,0.56,0.71,0.73,1.06,2.65,99.00,1.39,3.37,1.05,2.75,3.83,10.15,9.68,5.94,8.16,6.44,6.31,8.86,6.31,15.35,13.92,14.23,13.74,13.61,15.61,12.93,13.12,14.03,14.04,14.65,14.13,14.67,13.38,16.46,15.60,5.62,4.72],
  [4.65,13.75,14.88,24.77,31.85,10.18,22.61,20.18,22.71,21.50,21.65,22.17,13.48,9.83,9.78,12.46,11.50,14.04,9.97,23.12,27.93,30.82,27.58,25.87,32.04,31.39,31.47,37.20,35.83,37.07,29.24,26.29,27.95,23.74,26.71,26.04,25.22,25.15,28.35,27.74,23.57,26.72,23.24,29.01,29.82,26.29,27.34,26.83,24.97,25.04,23.94,25.95,25.25,26.38,23.51,3.03,0.29,3.67,1.06,2.41,3.60,1.97,2.78,3.44,2.10,1.85,4.31,1.13,0.45,1.88,1.24,1.05,0.58,3.71,1.39,99.00,4.36,0.64,4.12,4.66,11.46,10.93,7.14,9.39,7.75,7.60,10.13,7.49,16.71,15.04,15.36,15.06,14.88,16.81,14.09,14.31,15.19,15.42,15.83,15.34,15.82,14.60,17.76,16.75,6.41,6.11],
  [3.14,9.42,11.53,20.72,27.49,11.17,18.24,15.82,18.49,17.14,17.75,17.84,9.54,6.27,6.02,8.48,7.68,10.43,5.95,18.94,23.61,26.46,23.23,21.53,27.78,27.11,27.20,32.90,31.58,32.75,25.31,22.30,23.77,19.65,22.54,21.90,21.25,20.97,24.12,23.54,19.26,22.69,18.93,25.13,25.89,22.11,23.11,22.69,20.90,20.88,19.63,21.70,21.12,22.17,19.30,2.64,4.32,3.12,3.54,3.88,3.47,3.35,1.88,2.66,2.89,3.08,2.91,3.98,4.04,3.38,3.14,3.32,3.79,0.74,3.37,4.36,99.00,4.34,2.18,0.72,9.75,9.72,6.59,8.41,6.45,6.46,8.81,7.02,12.92,10.69,11.02,11.07,10.71,12.51,9.77,10.02,10.86,11.85,11.52,11.05,11.49,10.35,13.66,12.41,2.34,3.83],
  [4.21,13.76,14.47,24.49,31.77,9.55,22.54,20.13,22.50,21.41,21.34,22.05,13.20,9.49,9.48,12.20,11.21,13.69,9.74,22.89,27.78,30.75,27.49,25.75,31.85,31.21,31.28,37.04,35.63,36.93,28.93,26.00,27.72,23.48,26.48,25.79,24.92,24.92,28.14,27.53,23.42,26.44,23.09,28.68,29.51,26.07,27.14,26.58,24.70,24.81,23.79,25.76,25.01,26.16,23.30,2.64,0.35,3.19,0.81,1.83,3.09,1.51,2.60,3.03,1.75,1.49,3.88,0.58,0.43,1.42,1.25,1.10,0.87,3.64,1.05,0.64,4.34,99.00,3.78,4.72,10.89,10.33,6.54,8.79,7.18,7.03,9.55,6.89,16.38,14.95,15.26,14.79,14.66,16.65,13.96,14.16,15.06,15.04,15.69,15.18,15.70,14.43,17.51,16.63,6.51,5.68],
  [0.99,10.69,10.77,20.71,28.30,8.99,19.13,16.77,18.79,17.95,17.56,18.48,9.43,5.72,5.70,8.44,7.42,9.92,6.01,19.16,24.16,27.28,23.97,22.18,28.15,27.53,27.59,33.38,31.91,33.30,25.14,22.22,23.97,19.72,22.74,22.04,21.14,21.18,24.43,23.80,19.79,22.66,19.46,24.91,25.72,22.33,23.43,22.82,20.93,21.06,20.17,22.07,21.25,22.44,19.58,1.17,3.94,1.12,3.06,2.47,1.49,2.32,1.54,0.86,2.04,2.30,0.72,3.24,3.69,2.40,3.02,3.18,3.67,1.70,2.75,4.12,2.18,3.78,99.00,2.91,8.00,7.79,4.45,6.40,4.47,4.43,6.90,4.88,12.60,11.51,11.79,11.01,10.95,13.04,10.43,10.57,11.53,11.29,12.11,11.57,12.17,10.78,13.76,13.11,4.34,2.14],
  [3.86,9.10,11.88,20.79,27.26,11.89,18.02,15.57,18.47,16.94,17.88,17.70,9.70,6.62,6.31,8.64,7.92,10.70,6.12,18.93,23.49,26.24,23.03,21.38,27.71,27.02,27.12,32.79,31.52,32.62,25.42,22.39,23.76,19.70,22.54,21.92,21.35,20.97,24.07,23.51,19.15,22.76,18.83,25.27,26.00,22.10,23.07,22.71,20.95,20.89,19.52,21.64,21.15,22.14,19.27,3.30,4.66,3.82,3.94,4.48,4.16,3.90,2.45,3.35,3.43,3.59,3.63,4.43,4.38,3.91,3.48,3.65,4.08,1.36,3.83,4.66,0.72,4.72,2.91,99.00,10.37,10.38,7.30,9.10,7.14,7.15,9.48,7.74,13.12,10.52,10.86,11.20,10.74,12.43,9.66,9.95,10.75,12.13,11.43,10.99,11.37,10.32,13.72,12.27,1.80,4.50],
  [7.10,13.25,6.09,16.97,27.08,6.60,18.83,17.05,16.33,17.51,13.51,17.33,7.82,5.62,6.28,7.62,6.59,6.61,7.31,16.40,22.13,26.10,22.73,20.69,25.25,24.84,24.82,30.66,28.72,30.82,20.56,18.09,20.72,16.31,19.55,18.70,17.01,18.16,21.54,20.75,18.10,18.68,17.78,20.12,21.11,19.23,20.61,19.39,17.33,17.96,18.46,19.55,17.93,19.54,17.01,8.67,11.19,7.90,10.48,9.06,7.88,9.51,9.48,8.28,9.53,9.74,7.45,10.33,11.02,9.61,10.69,10.81,11.21,9.58,10.15,11.46,9.75,10.89,8.00,10.37,99.00,1.30,4.50,2.44,3.71,3.87,1.50,4.29,9.00,12.34,12.36,8.93,9.96,12.43,11.07,10.77,11.81,7.21,11.96,11.31,12.34,10.51,11.42,13.13,10.91,5.94],
  [6.83,14.13,7.39,18.27,28.35,5.30,20.03,18.20,17.62,18.71,14.81,18.57,8.97,6.40,7.05,8.68,7.59,7.86,8.08,17.70,23.42,27.36,23.99,21.96,26.55,26.14,26.12,31.96,30.02,32.12,21.83,19.38,22.02,17.62,20.85,20.00,18.30,19.46,22.84,22.05,19.37,19.98,19.05,21.38,22.38,20.54,21.91,20.70,18.63,19.26,19.73,20.85,19.23,20.84,18.30,8.31,10.65,7.52,10.00,8.52,7.44,9.04,9.20,7.94,9.12,9.30,7.18,9.79,10.51,9.13,10.27,10.37,10.74,9.45,9.68,10.93,9.72,10.33,7.79,10.38,1.30,99.00,3.80,1.55,3.33,3.40,0.91,3.49,10.29,13.38,13.42,10.14,11.11,13.60,12.11,11.83,12.89,8.50,13.08,12.43,13.44,11.62,12.68,14.26,11.13,5.89],
  [3.46,13.26,9.45,20.31,29.41,4.97,20.57,18.44,19.07,19.29,16.91,19.46,9.66,6.03,6.48,8.98,7.78,9.27,7.35,19.29,24.78,28.39,25.01,23.06,28.33,27.82,27.84,33.71,31.96,33.76,24.30,21.61,23.91,19.49,22.69,21.89,20.52,21.21,24.57,23.85,20.51,22.15,20.18,23.93,24.87,22.33,23.60,22.64,20.62,21.03,20.89,22.39,21.11,22.55,19.82,4.69,6.86,3.91,6.25,4.74,3.76,5.29,5.67,4.37,5.43,5.59,3.75,6.01,6.73,5.38,6.56,6.64,6.98,6.15,5.94,7.14,6.59,6.54,4.45,7.30,4.50,3.80,99.00,2.25,1.23,0.97,3.06,0.43,12.01,13.24,13.40,11.15,11.68,14.11,11.99,11.90,12.98,10.34,13.37,12.73,13.60,11.89,13.93,14.51,8.46,3.15],
  [5.42,13.72,8.13,19.10,28.79,4.75,20.23,18.27,18.19,18.92,15.64,18.91,9.13,6.03,6.62,8.67,7.50,8.31,7.63,18.33,23.97,27.79,24.40,22.40,27.29,26.83,26.83,32.69,30.82,32.81,22.84,20.29,22.79,18.37,21.59,20.77,19.20,20.17,23.55,22.78,19.82,20.86,19.49,22.43,23.40,21.26,22.60,21.49,19.43,19.97,20.18,21.47,19.99,21.53,18.90,6.83,9.11,6.04,8.48,6.98,5.93,7.51,7.75,6.47,7.61,7.79,5.75,8.25,8.97,7.60,8.76,8.85,9.21,8.08,8.16,9.39,8.41,8.79,6.40,9.10,2.44,1.55,2.25,99.00,1.95,1.97,0.94,1.94,10.92,13.26,13.35,10.46,11.26,13.75,11.98,11.78,12.86,9.17,13.13,12.48,13.44,11.64,13.14,14.30,10.00,4.63],
  [3.51,12.30,8.25,19.10,28.21,5.85,19.41,17.31,17.85,18.12,15.70,18.26,8.46,4.89,5.38,7.80,6.60,8.04,6.29,18.06,23.56,27.19,23.81,21.85,27.11,26.60,26.62,32.48,30.73,32.54,23.11,20.40,22.68,18.27,21.46,20.67,19.31,19.98,23.35,22.62,19.30,20.94,18.97,22.75,23.68,21.10,22.38,21.42,19.40,19.81,19.68,21.16,19.88,21.32,18.60,5.00,7.48,4.22,6.77,5.36,4.18,5.81,5.88,4.63,5.84,6.04,3.85,6.62,7.31,5.90,7.00,7.11,7.50,6.14,6.44,7.75,6.45,7.18,4.47,7.14,3.71,3.33,1.23,1.95,99.00,0.26,2.45,1.38,10.79,12.15,12.29,9.93,10.49,12.93,10.89,10.77,11.85,9.13,12.21,11.57,12.46,10.73,12.71,13.37,8.07,2.69],
  [3.45,12.49,8.50,19.35,28.46,5.66,19.65,17.55,18.11,18.36,15.95,18.51,8.71,5.12,5.60,8.04,6.84,8.30,6.51,18.32,23.81,27.44,24.06,22.10,27.37,26.86,26.88,32.74,30.99,32.79,23.36,20.66,22.94,18.53,21.72,20.93,19.56,20.24,23.61,22.88,19.56,21.20,19.23,23.00,23.93,21.36,22.63,21.68,19.65,20.07,19.93,21.42,20.14,21.58,18.85,4.91,7.33,4.12,6.64,5.20,4.05,5.67,5.80,4.54,5.73,5.92,3.79,6.47,7.17,5.76,6.89,6.99,7.37,6.12,6.31,7.60,6.46,7.03,4.43,7.15,3.87,3.40,0.97,1.97,0.26,99.00,2.55,1.14,11.05,12.37,12.52,10.19,10.74,13.18,11.11,11.00,12.08,9.39,12.45,11.81,12.70,10.97,12.97,13.60,8.13,2.74],
  [5.95,13.42,7.28,18.24,28.07,5.45,19.62,17.71,17.41,18.30,14.78,18.23,8.52,5.69,6.32,8.14,7.01,7.57,7.35,17.53,23.21,27.08,23.70,21.68,26.46,26.02,26.01,31.86,29.97,32.00,21.94,19.41,21.95,17.53,20.76,19.93,18.32,19.35,22.73,21.96,19.09,19.99,18.77,21.52,22.49,20.44,21.79,20.64,18.58,19.15,19.46,20.68,19.15,20.71,18.12,7.45,9.85,6.67,9.18,7.72,6.60,8.22,8.33,7.08,8.28,8.47,6.30,9.00,9.70,8.31,9.44,9.54,9.92,8.55,8.86,10.13,8.81,9.55,6.90,9.48,1.50,0.91,3.06,0.94,2.45,2.55,99.00,2.81,10.12,12.80,12.86,9.78,10.66,13.15,11.52,11.28,12.35,8.34,12.58,11.93,12.91,11.10,12.40,13.76,10.23,4.98],
  [3.89,13.59,9.46,20.36,29.58,4.60,20.79,18.69,19.19,19.50,16.95,19.64,9.83,6.26,6.74,9.18,7.98,9.35,7.63,19.39,24.91,28.57,25.18,23.22,28.43,27.93,27.94,33.80,32.03,33.87,24.30,21.64,23.98,19.56,22.77,21.96,20.55,21.29,24.67,23.93,20.67,22.19,20.34,23.92,24.86,22.41,23.70,22.71,20.67,21.12,21.04,22.50,21.18,22.64,19.93,5.11,7.21,4.32,6.62,5.09,4.16,5.67,6.08,4.79,5.82,5.97,4.18,6.36,7.09,5.76,6.95,7.03,7.35,6.58,6.31,7.49,7.02,6.89,4.88,7.74,4.29,3.49,0.43,1.94,1.38,1.14,2.81,99.00,12.08,13.51,13.66,11.29,11.87,14.31,12.25,12.14,13.22,10.39,13.59,12.95,13.84,12.11,14.06,14.74,8.88,3.56],
  [12.27,8.88,2.94,8.32,18.13,15.55,10.45,9.24,7.33,9.16,4.99,8.63,3.46,6.88,6.95,4.52,5.25,2.77,7.00,7.41,13.13,17.17,13.82,11.77,16.37,15.91,15.91,21.77,19.95,21.88,12.56,9.70,11.91,7.48,10.69,9.88,8.60,9.24,12.63,11.87,9.18,10.20,8.88,12.31,13.14,10.35,11.67,10.63,8.61,9.05,9.53,10.56,9.10,10.60,8.01,13.74,16.54,13.29,15.66,14.84,13.52,14.89,13.97,13.36,14.63,14.90,12.56,15.83,16.28,14.97,15.54,15.72,16.22,13.30,15.35,16.71,12.92,16.38,12.60,13.12,9.00,10.29,12.01,10.92,10.79,11.05,10.12,12.08,99.00,6.50,6.21,2.27,3.62,4.98,5.81,5.21,5.65,1.79,5.22,4.83,5.75,4.60,2.73,6.04,12.32,10.83],
  [11.71,2.64,8.06,11.29,16.83,17.92,7.62,5.29,8.37,6.46,9.29,7.19,4.74,7.28,6.77,4.73,5.79,6.55,5.92,8.97,13.00,15.80,12.54,10.86,17.32,16.59,16.70,22.30,21.13,22.11,16.09,12.99,13.65,10.09,12.48,11.99,12.09,10.94,13.78,13.32,8.69,13.20,8.38,16.13,16.64,12.02,12.79,12.77,11.32,10.91,9.06,11.33,11.29,11.96,9.15,12.62,14.98,12.54,14.14,13.97,12.88,13.70,12.36,12.37,13.30,13.54,11.84,14.51,14.69,13.76,13.81,13.99,14.47,11.33,13.92,15.04,10.69,14.95,11.51,10.52,12.34,13.38,13.24,13.26,12.15,12.37,12.80,13.51,6.50,99.00,0.43,4.51,3.00,2.38,1.28,1.62,0.86,7.19,1.48,1.68,1.08,2.07,4.93,1.80,9.01,10.68],
  [11.96,3.06,7.89,10.86,16.53,18.03,7.35,5.07,7.96,6.16,8.87,6.83,4.66,7.41,6.93,4.75,5.85,6.41,6.11,8.54,12.63,15.50,12.22,10.52,16.93,16.21,16.32,21.93,20.75,21.75,15.66,12.56,13.24,9.66,12.06,11.57,11.66,10.52,13.38,12.91,8.31,12.77,8.00,15.70,16.21,11.60,12.39,12.35,10.89,10.49,8.68,10.93,10.86,11.54,8.74,12.91,15.30,12.81,14.46,14.25,13.15,14.00,12.67,12.64,13.60,13.84,12.10,14.82,15.02,14.05,14.13,14.32,14.80,11.65,14.23,15.36,11.02,15.26,11.79,10.86,12.36,13.42,13.40,13.35,12.29,12.52,12.86,13.66,6.21,0.43,99.00,4.30,2.80,1.96,1.41,1.59,0.60,6.99,1.09,1.39,0.65,1.93,4.54,1.41,9.38,10.90],
  [10.83,6.71,3.65,9.71,18.34,15.21,9.91,8.24,7.96,8.59,6.69,8.45,1.59,5.43,5.32,2.60,3.61,2.38,5.12,8.24,13.63,17.33,13.95,11.95,17.30,16.74,16.78,22.63,21.01,22.65,14.24,11.24,13.00,8.70,11.77,11.04,10.18,10.23,13.55,12.87,9.39,11.66,9.06,14.07,14.82,11.37,12.55,11.82,9.92,10.09,9.76,11.28,10.25,11.53,8.73,12.18,14.91,11.82,14.03,13.37,12.09,13.33,12.29,11.82,13.03,13.30,11.08,14.25,14.64,13.41,13.86,14.04,14.54,11.51,13.74,15.06,11.07,14.79,11.01,11.20,8.93,10.14,11.15,10.46,9.93,10.19,9.78,11.29,2.27,4.51,4.30,99.00,1.51,3.63,3.65,3.06,3.70,2.69,3.47,2.93,3.97,2.48,2.81,4.52,10.25,9.46],
  [10.90,5.26,5.10,10.06,17.74,16.01,8.98,7.09,7.84,7.67,7.37,7.79,2.14,5.71,5.42,2.71,3.90,3.68,4.94,8.24,13.27,16.72,13.34,11.42,17.20,16.58,16.64,22.44,20.96,22.39,14.75,11.69,13.07,8.96,11.84,11.19,10.67,10.28,13.48,12.87,8.93,12.04,8.60,14.66,15.33,11.42,12.48,11.98,10.21,10.18,9.31,11.12,10.42,11.50,8.64,12.12,14.76,11.86,13.88,13.38,12.15,13.26,12.10,11.79,12.92,13.18,11.11,14.16,14.48,13.33,13.65,13.84,14.34,11.23,13.61,14.88,10.71,14.66,10.95,10.74,9.96,11.11,11.68,11.26,10.49,10.74,10.66,11.87,3.62,3.00,2.80,1.51,99.00,2.49,2.19,1.59,2.19,4.20,2.06,1.46,2.52,0.98,3.00,3.20,9.60,9.63],
  [13.09,5.00,7.23,8.91,15.37,18.49,6.49,4.63,6.11,5.19,6.96,5.45,4.63,8.09,7.74,5.14,6.34,6.00,7.10,6.66,11.13,14.35,11.00,9.15,15.28,14.60,14.69,20.40,19.08,20.28,13.72,10.62,11.42,7.72,10.23,9.70,9.71,8.67,11.65,11.13,6.76,10.84,6.44,13.74,14.27,9.77,10.65,10.48,8.96,8.62,7.14,9.21,8.97,9.76,6.91,14.19,16.71,14.01,15.86,15.50,14.32,15.31,14.06,13.89,14.94,15.20,13.27,16.18,16.43,15.38,15.57,15.76,16.25,13.10,15.61,16.81,12.51,16.65,13.04,12.43,12.43,13.60,14.11,13.75,12.93,13.18,13.15,14.31,4.98,2.38,1.96,3.63,2.49,99.00,2.79,2.49,1.77,6.17,1.03,1.47,1.30,2.28,2.79,1.09,11.06,11.90],
  [10.58,3.07,7.01,11.56,17.87,16.65,8.73,6.48,8.89,7.52,9.23,8.08,3.58,6.01,5.52,3.46,4.51,5.45,4.70,9.42,13.85,16.85,13.54,11.79,18.05,17.36,17.46,23.13,21.86,22.99,16.34,13.25,14.21,10.40,13.00,12.45,12.29,11.44,14.44,13.92,9.49,13.52,9.17,16.32,16.91,12.55,13.44,13.24,11.65,11.39,9.86,12.00,11.71,12.54,9.69,11.57,14.01,11.44,13.16,12.90,11.78,12.67,11.37,11.29,12.28,12.53,10.73,13.51,13.73,12.73,12.85,13.04,13.53,10.38,12.93,14.09,9.77,13.96,10.43,9.66,11.07,12.11,11.99,11.98,10.89,11.11,11.52,12.25,5.81,1.28,1.41,3.65,2.19,2.79,99.00,0.60,1.10,6.24,1.77,1.45,1.74,1.22,4.77,2.68,8.27,9.50],
  [10.66,3.67,6.49,11.10,17.77,16.48,8.71,6.54,8.53,7.46,8.68,7.91,3.12,5.88,5.44,3.16,4.28,4.95,4.70,9.03,13.62,16.75,13.42,11.61,17.76,17.09,17.18,22.89,21.57,22.77,15.87,12.78,13.84,9.95,12.63,12.05,11.80,11.06,14.12,13.57,9.26,13.06,8.93,15.83,16.43,12.18,13.11,12.84,11.20,10.99,9.63,11.69,11.30,12.20,9.33,11.72,14.22,11.55,13.36,13.03,11.88,12.83,11.57,11.43,12.46,12.71,10.83,13.69,13.94,12.90,13.08,13.26,13.75,10.61,13.12,14.31,10.02,14.16,10.57,9.95,10.77,11.83,11.90,11.78,10.77,11.00,11.28,12.14,5.21,1.62,1.59,3.06,1.59,2.49,0.60,99.00,1.08,5.68,1.54,1.04,1.69,0.62,4.23,2.62,8.63,9.52],
  [11.66,3.44,7.29,10.66,16.78,17.56,7.67,5.47,7.88,6.44,8.52,6.98,4.08,6.96,6.51,4.22,5.35,5.81,5.74,8.43,12.75,15.76,12.45,10.69,16.98,16.28,16.38,22.04,20.79,21.89,15.45,12.36,13.18,9.47,11.99,11.46,11.43,10.43,13.38,12.88,8.40,12.59,8.08,15.46,16.01,11.53,12.38,12.25,10.71,10.39,8.77,10.94,10.73,11.51,8.67,12.66,15.11,12.53,14.26,13.99,12.86,13.76,12.47,12.38,13.38,13.63,11.81,14.61,14.83,13.83,13.95,14.14,14.62,11.48,14.03,15.19,10.86,15.06,11.53,10.75,11.81,12.89,12.98,12.86,11.85,12.08,12.35,13.22,5.65,0.86,0.60,3.70,2.19,1.77,1.10,1.08,99.00,6.39,0.75,0.82,0.65,1.34,4.12,1.59,9.33,10.55],
  [10.88,9.26,1.17,9.98,19.92,13.77,12.07,10.67,9.12,10.76,6.57,10.33,3.01,5.63,5.83,3.91,4.25,1.43,6.12,9.20,14.92,18.94,15.59,13.54,18.12,17.67,17.67,23.52,21.67,23.65,14.03,11.28,13.63,9.21,12.43,11.61,10.18,11.00,14.38,13.62,10.95,11.81,10.64,13.72,14.61,12.10,13.44,12.34,10.29,10.81,11.30,12.35,10.83,12.37,9.80,12.40,15.23,11.90,14.36,13.44,12.10,13.54,12.73,12.01,13.32,13.58,11.18,14.48,14.98,13.63,14.29,14.46,14.96,12.15,14.04,15.42,11.85,15.04,11.29,12.13,7.21,8.50,10.34,9.17,9.13,9.39,8.34,10.39,1.79,7.19,6.99,2.69,4.20,6.17,6.24,5.68,6.39,99.00,6.14,5.62,6.65,5.13,4.37,7.14,11.54,9.41],
  [12.20,4.12,7.12,9.91,16.24,17.86,7.21,5.14,7.14,5.94,7.81,6.37,4.14,7.34,6.93,4.47,5.65,5.74,6.23,7.69,12.10,15.21,11.88,10.07,16.28,15.60,15.69,21.38,20.09,21.25,14.70,11.61,12.45,8.72,11.25,10.72,10.68,9.70,12.67,12.15,7.74,11.84,7.41,14.72,15.26,10.80,11.67,11.50,9.96,9.65,8.11,10.23,9.99,10.78,7.93,13.25,15.74,13.09,14.89,14.57,13.42,14.37,13.09,12.97,13.99,14.24,12.37,15.22,15.46,14.43,14.59,14.78,15.27,12.12,14.65,15.83,11.52,15.69,12.11,11.43,11.96,13.08,13.37,13.13,12.21,12.45,12.58,13.59,5.22,1.48,1.09,3.47,2.06,1.03,1.77,1.54,0.75,6.14,99.00,0.65,0.53,1.49,3.46,1.18,10.04,11.05],
  [11.63,4.21,6.55,10.12,16.82,17.21,7.84,5.79,7.50,6.56,7.83,6.92,3.50,6.70,6.31,3.81,5.00,5.13,5.64,8.01,12.60,15.80,12.45,10.62,16.73,16.06,16.14,21.86,20.53,21.75,14.90,11.80,12.81,8.95,11.60,11.03,10.85,10.03,13.08,12.53,8.24,12.07,7.91,14.88,15.46,11.15,12.08,11.82,10.20,9.97,8.61,10.65,10.28,11.16,8.30,12.72,15.24,12.54,14.38,14.03,12.85,13.84,12.59,12.42,13.47,13.72,11.81,14.70,14.96,13.90,14.10,14.29,14.78,11.64,14.13,15.34,11.05,15.18,11.57,10.99,11.31,12.43,12.73,12.48,11.57,11.81,11.93,12.95,4.83,1.68,1.39,2.93,1.46,1.47,1.45,1.04,0.82,5.62,0.65,99.00,1.06,0.85,3.39,1.83,9.66,10.46],
  [12.31,3.71,7.61,10.21,16.13,18.15,7.02,4.85,7.34,5.79,8.23,6.35,4.55,7.57,7.13,4.78,5.94,6.20,6.38,7.92,12.13,15.11,11.80,10.05,16.38,15.67,15.77,21.42,20.19,21.26,15.01,11.92,12.63,9.01,11.45,10.95,11.01,9.90,12.80,12.31,7.78,12.13,7.46,15.05,15.56,10.99,11.81,11.72,10.25,9.87,8.15,10.35,10.23,10.95,8.12,13.31,15.75,13.18,14.90,14.64,13.51,14.41,13.11,13.03,14.02,14.27,12.46,15.25,15.47,14.47,14.59,14.78,15.26,12.11,14.67,15.82,11.49,15.70,12.17,11.37,12.34,13.44,13.60,13.44,12.46,12.70,12.91,13.84,5.75,1.08,0.65,3.97,2.52,1.30,1.74,1.69,0.65,6.65,0.53,1.06,99.00,1.82,3.93,0.94,9.93,11.20],
  [10.82,4.28,5.98,10.61,17.65,16.37,8.68,6.62,8.15,7.41,8.11,7.73,2.74,5.86,5.47,2.98,4.15,4.49,4.83,8.62,13.37,16.62,13.27,11.42,17.44,16.79,16.86,22.61,21.23,22.52,15.36,12.27,13.44,9.47,12.22,11.62,11.29,10.66,13.77,13.20,9.01,12.58,8.68,15.30,15.93,11.78,12.76,12.41,10.73,10.58,9.38,11.36,10.86,11.82,8.95,11.94,14.50,11.74,13.64,13.24,12.05,13.07,11.84,11.64,12.71,12.96,11.01,13.94,14.22,13.14,13.37,13.55,14.05,10.91,13.38,14.60,10.35,14.43,10.78,10.32,10.51,11.62,11.89,11.64,10.73,10.97,11.10,12.11,4.60,2.07,1.93,2.48,0.98,2.28,1.22,0.62,1.34,5.13,1.49,0.85,1.82,99.00,3.67,2.66,9.06,9.63],
  [13.61,7.56,5.54,7.07,15.67,17.85,7.73,6.57,5.15,6.43,4.46,5.96,4.38,8.23,8.09,5.32,6.41,4.84,7.78,5.43,10.86,14.68,11.31,9.28,14.49,13.93,13.97,19.82,18.20,19.84,11.75,8.69,10.22,6.00,8.98,8.28,7.67,7.44,10.74,10.07,6.69,9.04,6.37,11.67,12.33,8.58,9.74,9.07,7.24,7.31,7.05,8.47,7.50,8.72,5.91,14.92,17.62,14.60,16.74,16.14,14.87,16.08,14.98,14.58,15.76,16.02,13.85,16.99,17.35,16.15,16.54,16.73,17.23,14.15,16.46,17.76,13.66,17.51,13.76,13.72,11.42,12.68,13.93,13.14,12.71,12.97,12.40,14.06,2.73,4.93,4.54,2.81,3.00,2.79,4.77,4.23,4.12,4.37,3.46,3.39,3.93,3.67,99.00,3.86,12.60,12.26],
  [13.25,4.23,8.16,9.62,15.19,19.03,6.09,3.96,6.61,4.85,7.91,5.43,5.31,8.48,8.06,5.64,6.81,6.84,7.32,7.22,11.23,14.17,10.86,9.13,15.52,14.80,14.91,20.52,19.34,20.35,14.42,11.33,11.86,8.41,10.70,10.24,10.47,9.17,11.98,11.52,6.90,11.50,6.59,14.49,14.96,10.24,10.99,11.01,9.62,9.15,7.27,9.52,9.54,10.16,7.38,14.25,16.67,14.12,15.83,15.58,14.45,15.35,14.04,13.97,14.96,15.20,13.40,16.18,16.39,15.41,15.51,15.70,16.18,13.03,15.60,16.75,12.41,16.63,13.11,12.27,13.13,14.26,14.51,14.30,13.37,13.60,13.76,14.74,6.04,1.80,1.41,4.52,3.20,1.09,2.68,2.62,1.59,7.14,1.18,1.83,0.94,2.66,3.86,99.00,10.80,12.14],
  [5.18,7.40,11.45,19.65,25.64,13.25,16.40,13.94,17.16,15.37,16.90,16.20,8.86,6.35,5.89,7.80,7.29,10.12,5.42,17.66,22.01,24.62,21.46,19.86,26.30,25.59,25.70,31.31,30.12,31.11,24.35,21.28,22.47,18.53,21.26,20.67,20.27,19.69,22.71,22.19,17.70,21.62,17.38,24.24,24.92,20.81,21.71,21.46,19.78,19.62,18.06,20.27,19.92,20.81,17.96,4.97,6.43,5.38,5.74,6.23,5.74,5.68,4.21,4.95,5.21,5.38,5.03,6.23,6.16,5.69,5.26,5.43,5.84,3.08,5.62,6.41,2.34,6.51,4.34,1.80,10.91,11.13,8.46,10.00,8.07,8.13,10.23,8.88,12.32,9.01,9.38,10.25,9.60,11.06,8.27,8.63,9.33,11.54,10.04,9.66,9.93,9.06,12.60,10.80,99.00,5.39],
  [1.47,10.35,8.80,19.07,27.27,8.10,18.22,15.97,17.38,16.98,15.82,17.35,7.88,4.03,4.21,6.98,5.85,8.09,4.82,17.69,22.91,26.25,22.90,21.03,26.74,26.16,26.21,32.04,30.46,32.01,23.39,20.52,22.46,18.13,21.23,20.49,19.43,19.69,22.99,22.32,18.56,21.00,18.23,23.11,23.97,20.83,22.00,21.26,19.32,19.55,18.94,20.69,19.70,20.98,18.16,3.08,5.89,2.50,5.05,4.02,2.69,4.17,3.68,2.67,4.01,4.27,1.81,5.10,5.66,4.26,5.10,5.25,5.72,3.64,4.72,6.11,3.83,5.68,2.14,4.50,5.94,5.89,3.15,4.63,2.69,2.74,4.98,3.56,10.83,10.68,10.90,9.46,9.63,11.90,9.50,9.52,10.55,9.41,11.05,10.46,11.20,9.63,12.26,12.14,5.39,99.00]
];
