// Chosen Depots: [1, 2, 3, 4, 5, 6]
// Chosen Demand Points (Original DP No): [1, 2, 4, 5, 6, 7, 8, 10, 11, 12, 15, 16, 17, 18, 21, 22, 23, 26, 27, 28, 30, 31, 32, 33, 34, 37, 39, 40, 42, 43, 44, 45, 46, 47, 48, 49, 50, 52, 53, 54, 55, 56, 58, 61, 63, 64, 68, 69, 70, 72, 74, 75, 76, 78, 79, 80, 81, 82, 83, 87, 88, 90, 93, 94, 98, 101, 103, 104, 106, 107, 108, 110, 113, 114, 115, 116, 117, 118, 119, 120, 122, 123, 124, 125, 126, 127, 128, 129, 131, 132, 133, 134, 135, 136, 137, 138, 139, 140, 142, 143, 145, 148, 150, 151, 152, 153, 155, 156, 157, 158, 159, 160, 161, 162, 163, 164, 166, 167, 168, 169]
// Original Weights: [9, 9, 6, 6, 9, 8, 4, 4, 5, 6, 7, 4, 5, 4, 6, 6, 6, 4, 7, 5, 5, 6, 6, 8, 7, 9, 10, 9, 7, 7, 7, 8, 6, 6, 6, 8, 3, 6, 5, 4, 5, 5, 6, 7, 5, 6, 7, 4, 6, 7, 2, 2, 5, 5, 4, 5, 7, 6, 5, 7, 6, 6, 7, 6, 6, 7, 7, 7, 7, 8, 7, 7, 7, 7, 7, 7, 7, 7, 8, 7, 8, 6, 3, 2, 3, 3, 2, 2, 2, 4, 4, 4, 4, 2, 3, 3, 4, 4, 8, 8, 7, 6, 7, 8, 7, 8, 5, 7, 7, 8, 7, 6, 8, 8, 8, 9, 6, 9, 5, 8]

|W| = 6;
|D| = 120;
V = 54;
C = 3;
|K| = 1;
M = 100;
S = 0.25;
|TR| = 16;
δmax = 18.3;
Runtime = 60;

// Priority weights for selected demand points
pj = [
  9, 9, 6, 6, 9, 8, 4, 4, 5, 6, 7, 4, 5, 4, 6, 6, 6, 4, 7, 5, 5, 6, 6, 8, 7, 9, 10, 9, 7, 7, 7, 8, 6, 6, 6, 8, 3, 6, 5, 4, 5, 5, 6, 7, 5, 6, 7, 4, 6, 7, 2, 2, 5, 5, 4, 5, 7, 6, 5, 7, 6, 6, 7, 6, 6, 7, 7, 7, 7, 8, 7, 7, 7, 7, 7, 7, 7, 7, 8, 7, 8, 6, 3, 2, 3, 3, 2, 2, 2, 4, 4, 4, 4, 2, 3, 3, 4, 4, 8, 8, 7, 6, 7, 8, 7, 8, 5, 7, 7, 8, 7, 6, 8, 8, 8, 9, 6, 9, 5, 8
];

δij =
[
  [99.00,99.00,99.00,99.00,99.00,99.00,19.31,19.21,18.70,18.70,18.10,18.65,17.26,9.07,9.24,9.16,6.09,7.41,6.15,8.48,8.30,6.76,7.04,9.54,6.11,6.17,7.81,6.00,19.04,24.16,24.34,24.08,24.73,21.64,27.47,27.53,33.34,34.53,31.29,31.81,28.60,33.29,24.83,19.53,20.04,21.94,23.83,21.43,24.56,23.45,21.04,24.33,19.81,22.41,21.71,23.28,24.56,25.41,22.19,22.64,20.72,20.91,20.18,22.00,21.08,3.22,1.64,2.02,3.60,1.70,2.57,2.39,2.57,2.81,2.46,3.04,4.35,4.20,3.80,3.82,4.28,2.70,3.26,4.65,3.14,4.21,3.86,2.62,4.44,6.34,5.05,5.09,7.10,6.83,5.42,3.51,3.51,3.27,3.45,5.95,3.84,3.89,12.27,11.81,11.71,13.37,11.87,10.90,13.09,10.58,10.66,11.66,12.30,12.20,11.63,12.31,10.82,13.61,13.25,13.05,4.12,4.80,1.30,5.18,1.47,4.75],
  [99.00,99.00,99.00,99.00,99.00,99.00,9.07,8.93,10.80,10.80,8.14,9.55,11.93,9.37,6.43,6.12,5.71,8.33,8.33,9.26,5.99,6.36,6.19,8.34,5.12,7.46,7.88,6.09,11.43,14.95,15.21,14.17,14.44,11.84,18.64,18.77,24.20,25.19,22.83,23.22,19.93,23.93,18.64,11.32,12.98,15.55,15.99,13.93,15.96,14.85,13.35,16.01,10.80,15.73,13.23,14.62,18.71,19.18,14.39,15.19,13.85,13.35,11.14,13.56,13.75,11.71,11.70,12.16,12.96,12.58,13.06,11.24,12.24,12.45,12.14,10.10,13.23,13.45,13.79,12.73,13.17,10.14,12.79,13.75,9.42,13.76,9.10,12.84,12.99,13.15,13.43,12.55,13.25,14.13,13.72,12.30,12.30,13.57,12.49,13.42,13.33,13.59,8.88,9.48,2.64,3.87,4.28,5.26,5.00,3.07,3.67,3.44,7.87,4.12,4.21,3.71,4.28,7.56,4.23,3.85,7.83,7.77,9.95,7.40,10.35,6.83],
  [99.00,99.00,99.00,99.00,99.00,99.00,13.23,13.22,10.26,10.26,11.91,11.31,7.52,1.22,3.53,3.84,6.45,3.03,4.25,1.80,4.22,4.96,4.86,1.62,7.61,4.64,2.93,6.07,10.31,16.06,16.13,16.76,17.92,14.51,18.75,18.74,24.59,25.90,22.12,22.69,19.69,24.73,14.86,11.18,10.81,12.19,14.67,12.30,15.88,14.88,12.08,15.46,12.12,12.75,13.23,14.77,14.51,15.43,13.16,13.36,11.30,11.87,12.46,13.46,11.87,13.12,11.85,12.28,13.82,11.85,12.81,12.25,12.78,13.03,12.66,12.02,14.52,14.44,14.06,13.95,14.45,11.77,13.49,14.88,11.53,14.47,11.88,12.89,8.16,6.62,8.11,7.08,6.09,7.39,8.13,8.25,8.25,10.13,8.50,7.28,9.15,9.46,2.94,1.98,8.06,8.69,6.68,5.10,7.23,7.01,6.49,7.29,3.80,7.12,6.55,7.61,5.98,5.54,8.16,8.29,10.78,11.46,10.16,11.45,8.80,10.15],
  [99.00,99.00,99.00,99.00,99.00,99.00,8.44,8.59,3.42,3.42,7.92,5.74,3.46,11.94,11.29,11.41,14.92,13.21,14.42,12.48,12.30,13.83,13.57,11.09,15.61,14.31,12.74,14.81,2.69,6.49,6.38,8.28,9.90,7.18,8.10,8.03,13.76,15.11,11.16,11.75,8.86,14.02,4.80,3.53,1.05,1.71,3.82,1.80,5.48,4.79,2.10,4.86,5.15,1.97,3.85,4.82,4.89,5.35,2.66,2.47,0.46,1.82,5.17,3.85,1.37,22.77,21.87,22.35,23.74,22.17,23.04,21.99,22.74,23.00,22.62,21.35,24.32,24.35,24.20,23.74,24.25,21.20,23.45,24.77,20.72,24.49,20.79,23.03,19.09,17.56,19.07,18.03,16.97,18.27,19.10,19.10,19.10,20.98,19.35,18.24,20.06,20.36,8.32,9.03,11.29,10.03,9.94,10.06,8.91,11.56,11.10,10.66,8.18,9.91,10.12,10.21,10.61,7.07,9.62,9.99,19.46,19.85,19.98,19.65,19.07,18.52],
  [99.00,99.00,99.00,99.00,99.00,99.00,9.24,9.37,10.87,10.87,10.36,9.95,14.60,21.69,19.75,19.71,22.35,22.30,23.24,22.10,20.44,21.87,21.59,20.51,22.46,22.76,21.72,22.46,10.98,5.29,5.36,4.40,3.85,6.81,5.32,5.59,7.22,7.69,7.99,7.89,6.08,6.52,12.40,9.96,11.21,11.89,8.51,9.94,6.48,6.95,9.78,7.23,8.98,11.26,8.17,6.92,13.14,12.41,9.10,9.64,11.28,10.05,8.63,8.04,10.39,29.77,29.43,29.92,30.97,30.09,30.77,29.18,30.12,30.36,30.01,28.17,31.34,31.51,31.69,30.80,31.27,28.15,30.75,31.85,27.49,31.77,27.26,30.62,28.50,27.49,28.66,27.59,27.08,28.35,28.79,28.21,28.21,29.96,28.46,28.07,29.28,29.58,18.13,19.13,16.83,15.12,16.58,17.74,15.37,17.87,17.77,16.78,17.39,16.24,16.82,16.13,17.65,15.67,15.19,15.42,25.93,25.99,27.53,25.64,27.27,24.91],
  [99.00,99.00,99.00,99.00,99.00,99.00,24.98,24.93,22.86,22.86,23.67,23.59,20.10,11.89,13.89,13.99,12.46,11.27,10.49,11.44,13.40,12.23,12.49,13.02,13.08,11.16,11.86,12.13,22.96,28.66,28.75,29.14,30.13,26.78,31.43,31.42,37.25,38.57,34.73,35.31,32.36,37.41,27.05,23.78,23.47,24.66,27.32,24.96,28.55,27.54,24.75,28.13,24.54,25.26,25.87,27.42,26.58,27.59,25.83,25.99,23.92,24.55,24.91,26.11,24.53,10.29,8.79,8.70,9.64,7.66,8.16,9.81,9.19,9.24,9.17,10.91,10.32,9.89,8.91,10.13,10.28,10.60,9.42,10.18,11.17,9.55,11.89,8.56,5.23,6.07,4.93,5.97,6.60,5.30,4.75,5.85,5.85,4.86,5.66,5.45,4.83,4.60,15.55,14.66,17.92,19.34,17.44,16.01,18.49,16.65,16.48,17.56,16.16,17.86,17.21,18.15,16.37,17.85,19.03,18.95,12.17,12.88,9.35,13.25,8.10,12.67],
  [19.31,9.07,13.23,8.44,9.24,24.98,99.00,0.19,5.23,5.23,1.32,2.81,9.10,13.53,11.10,10.99,13.24,13.74,14.51,13.83,11.62,12.94,12.66,12.26,13.27,13.92,13.14,13.40,5.90,6.26,6.57,5.11,5.45,2.91,9.99,10.18,15.25,16.18,14.24,14.55,11.34,14.91,12.42,4.91,7.40,9.85,8.54,7.40,7.72,6.76,6.77,8.04,3.35,9.64,5.64,6.50,12.81,12.83,7.35,8.36,8.15,6.95,3.44,5.92,7.52,20.53,20.24,20.73,21.74,20.95,21.59,19.96,20.91,21.15,20.80,18.93,22.09,22.27,22.48,21.56,22.03,18.91,21.52,22.61,18.24,22.54,18.02,21.43,19.81,19.10,20.05,19.01,18.83,20.03,20.23,19.41,19.41,21.07,19.65,19.62,20.49,20.79,10.45,11.50,7.62,5.94,7.60,8.98,6.49,8.73,8.71,7.67,9.44,7.21,7.84,7.02,8.68,7.73,6.09,6.26,16.69,16.75,18.35,16.40,18.22,15.66],
  [19.21,8.93,13.22,8.59,9.37,24.93,0.19,99.00,5.36,5.36,1.31,2.94,9.20,13.51,11.06,10.94,13.15,13.70,14.45,13.80,11.56,12.87,12.59,12.24,13.17,13.86,13.10,13.32,6.04,6.44,6.75,5.27,5.56,3.09,10.17,10.36,15.41,16.34,14.42,14.72,11.52,15.07,12.60,5.06,7.55,10.02,8.72,7.57,7.91,6.95,6.94,8.22,3.51,9.81,5.82,6.69,12.98,13.01,7.52,8.53,8.31,7.12,3.62,6.10,7.68,20.41,20.14,20.62,21.62,20.85,21.48,19.85,20.80,21.03,20.69,18.81,21.97,22.16,22.37,21.45,21.91,18.79,21.41,22.49,18.13,22.43,17.89,21.32,19.76,19.07,20.00,18.96,18.80,20.00,20.18,19.34,19.34,21.00,19.58,19.58,20.43,20.72,10.47,11.52,7.52,5.84,7.53,8.93,6.44,8.64,8.63,7.58,9.44,7.14,7.77,6.94,8.62,7.74,6.01,6.17,16.57,16.62,18.25,16.27,18.13,15.54],
  [18.70,10.80,10.26,3.42,10.87,22.86,5.23,5.36,99.00,0.00,4.54,2.43,4.14,10.98,9.52,9.56,12.80,11.85,12.93,11.44,10.40,11.94,11.66,9.88,13.29,12.63,11.30,12.78,0.74,5.80,5.89,6.69,8.08,4.80,8.79,8.83,14.67,15.90,12.63,13.13,9.91,14.69,8.01,0.92,2.39,5.05,5.31,3.13,5.87,4.78,2.56,5.64,2.30,5.07,3.05,4.63,8.21,8.52,3.66,4.40,3.26,2.55,2.53,3.32,2.98,20.66,19.95,20.44,21.72,20.40,21.21,19.93,20.76,21.02,20.65,19.15,22.24,22.32,22.29,21.67,22.16,19.04,21.45,22.71,18.49,22.50,18.47,21.14,18.01,16.79,18.10,17.03,16.33,17.62,18.19,17.85,17.85,19.68,18.11,17.41,18.88,19.19,7.33,8.29,8.37,6.93,7.29,7.84,6.11,8.89,8.53,7.88,6.73,7.14,7.50,7.34,8.15,5.15,6.61,6.97,17.11,17.41,18.02,17.16,17.38,16.12],
  [18.70,10.80,10.26,3.42,10.87,22.86,5.23,5.36,0.00,99.00,4.54,2.43,4.14,10.98,9.52,9.56,12.80,11.85,12.93,11.44,10.40,11.94,11.66,9.88,13.29,12.63,11.30,12.78,0.74,5.80,5.89,6.69,8.08,4.80,8.79,8.83,14.67,15.90,12.63,13.13,9.91,14.69,8.01,0.92,2.39,5.05,5.31,3.13,5.87,4.78,2.56,5.64,2.30,5.07,3.05,4.63,8.21,8.52,3.66,4.40,3.26,2.55,2.53,3.32,2.98,20.66,19.95,20.44,21.72,20.40,21.21,19.93,20.76,21.02,20.65,19.15,22.24,22.32,22.29,21.67,22.16,19.04,21.45,22.71,18.49,22.50,18.47,21.14,18.01,16.79,18.10,17.03,16.33,17.62,18.19,17.85,17.85,19.68,18.11,17.41,18.88,19.19,7.33,8.29,8.37,6.93,7.29,7.84,6.11,8.89,8.53,7.88,6.73,7.14,7.50,7.34,8.15,5.15,6.61,6.97,17.11,17.41,18.02,17.16,17.38,16.12],
  [18.10,8.14,11.91,7.92,10.36,23.67,1.32,1.31,4.54,4.54,99.00,2.19,8.14,12.21,9.79,9.68,12.02,12.42,13.20,12.50,10.32,11.67,11.39,10.94,12.10,12.63,11.83,12.16,5.26,6.87,7.15,6.09,6.63,3.71,10.59,10.75,16.06,17.06,14.83,15.18,11.92,15.79,12.20,4.45,6.87,9.45,8.61,7.13,8.10,7.05,6.49,8.30,3.16,9.33,5.67,6.79,12.52,12.65,7.24,8.22,7.69,6.62,3.39,5.98,7.17,19.42,19.07,19.56,20.61,19.75,20.41,18.82,19.76,20.00,19.65,17.82,20.99,21.16,21.33,20.45,20.92,17.79,20.39,21.50,17.14,21.41,16.94,20.26,18.51,17.78,18.75,17.70,17.51,18.71,18.92,18.12,18.12,19.79,18.36,18.30,19.20,19.50,9.16,10.21,6.46,4.76,6.32,7.67,5.19,7.52,7.46,6.44,8.13,5.94,6.56,5.79,7.41,6.43,4.85,5.06,15.60,15.70,17.17,15.37,16.98,14.57],
  [18.65,9.55,11.31,5.74,9.95,23.59,2.81,2.94,2.43,2.43,2.19,99.00,6.34,11.81,9.80,9.76,12.59,12.35,13.29,12.19,10.52,11.99,11.70,10.60,12.87,12.84,11.77,12.66,3.12,5.57,5.79,5.56,6.61,3.21,9.14,9.26,14.86,15.97,13.29,13.70,10.41,14.71,10.04,2.26,4.69,7.26,6.61,4.97,6.41,5.30,4.32,6.48,1.25,7.15,3.72,5.07,10.34,10.50,5.14,6.09,5.50,4.44,1.60,4.05,4.98,20.28,19.77,20.26,21.42,20.34,21.07,19.62,20.52,20.77,20.40,18.72,21.87,21.99,22.07,21.31,21.80,18.65,21.18,22.36,18.04,22.22,17.92,20.96,18.54,17.58,18.71,17.64,17.21,18.46,18.85,18.26,18.26,20.02,18.51,18.15,19.33,19.63,8.41,9.44,7.45,5.80,6.81,7.82,5.58,8.28,8.06,7.18,7.54,6.53,7.05,6.56,7.84,5.79,5.67,5.97,16.57,16.76,17.84,16.46,17.43,15.54],
  [17.26,11.93,7.52,3.46,14.60,20.10,9.10,9.20,4.14,4.14,8.14,6.34,99.00,8.53,8.21,8.38,11.96,9.90,11.13,9.08,9.26,10.74,10.50,7.75,12.78,11.10,9.46,11.79,3.75,9.33,9.31,10.66,12.14,8.93,11.47,11.42,17.20,18.54,14.62,15.21,12.30,17.42,7.59,4.91,3.50,4.71,7.25,4.97,8.70,7.84,4.92,8.17,6.44,5.24,6.43,7.79,7.39,8.17,5.87,5.91,3.83,4.66,6.66,6.58,4.52,19.70,18.70,19.17,20.61,18.92,19.83,18.89,19.59,19.85,19.47,18.35,21.23,21.23,21.02,20.65,21.15,18.17,20.31,21.65,17.75,21.34,17.88,19.84,15.66,14.10,15.62,14.59,13.51,14.81,15.64,15.70,15.70,17.58,15.95,14.78,16.64,16.95,4.99,5.61,9.29,8.43,7.71,7.37,6.96,9.23,8.68,8.52,5.08,7.81,7.83,8.23,8.11,4.46,7.91,8.27,16.58,17.06,16.84,16.90,15.82,15.70],
  [9.07,9.37,1.22,11.94,21.69,11.89,13.53,13.51,10.98,10.98,12.21,11.81,8.53,99.00,3.01,3.29,5.38,1.84,3.03,0.59,3.43,3.90,3.85,1.28,6.57,3.47,1.83,4.98,11.09,16.77,16.86,17.33,18.41,15.02,19.60,19.60,25.46,26.75,23.06,23.63,20.58,25.57,15.96,11.89,11.71,13.23,15.58,13.19,16.70,15.67,12.93,16.31,12.70,13.77,13.99,15.55,15.63,16.53,14.03,14.29,12.25,12.74,13.06,14.24,12.78,11.90,10.64,11.07,12.61,10.66,11.61,11.04,11.56,11.82,11.45,10.81,13.31,13.22,12.86,12.74,13.23,10.55,12.28,13.67,10.33,13.27,10.68,11.68,7.16,5.82,7.17,6.12,5.40,6.66,7.24,7.17,7.17,9.06,7.43,6.44,8.12,8.43,3.69,2.91,7.73,8.59,6.55,4.93,7.28,6.59,6.12,7.04,4.29,6.99,6.38,7.44,5.70,6.02,8.11,8.18,9.61,10.30,8.94,10.31,7.60,9.01],
  [9.24,6.43,3.53,11.29,19.75,13.89,11.10,11.06,9.52,9.52,9.79,9.80,8.21,3.01,99.00,0.32,3.79,2.64,3.49,3.04,1.07,2.55,2.29,1.92,4.75,3.11,2.05,3.59,9.82,15.14,15.28,15.36,16.26,12.96,18.30,18.35,24.19,25.41,22.07,22.59,19.41,24.19,15.78,10.38,10.81,12.81,14.59,12.20,15.39,14.29,11.81,15.12,10.85,13.24,12.55,14.13,15.59,16.36,12.95,13.41,11.50,11.68,11.23,12.84,11.84,11.51,10.59,11.07,12.45,10.94,11.78,10.71,11.45,11.71,11.33,10.14,13.05,13.07,12.92,12.47,12.97,9.96,12.16,13.48,9.54,13.20,9.70,11.75,8.76,8.02,8.97,7.91,7.82,8.97,9.13,8.46,8.46,10.24,8.71,8.52,9.52,9.83,3.46,3.55,4.74,5.73,3.70,2.14,4.63,3.58,3.12,4.08,3.14,4.14,3.50,4.55,2.74,4.38,5.31,5.32,8.43,8.97,8.69,8.86,7.88,7.60],
  [9.16,6.12,3.84,11.41,19.71,13.99,10.99,10.94,9.56,9.56,9.68,9.76,8.38,3.29,0.32,99.00,3.59,2.79,3.54,3.29,0.89,2.42,2.15,2.23,4.50,3.09,2.20,3.41,9.88,15.14,15.29,15.31,16.19,12.90,18.34,18.39,24.22,25.44,22.14,22.65,19.46,24.21,15.95,10.41,10.91,12.95,14.67,12.28,15.43,14.33,11.89,15.18,10.83,13.37,12.58,14.16,15.77,16.52,13.03,13.51,11.62,11.76,11.21,12.87,11.93,11.36,10.48,10.97,12.33,10.86,11.69,10.58,11.33,11.60,11.21,9.97,12.91,12.94,12.82,12.33,12.84,9.80,12.04,13.35,9.37,13.08,9.51,11.65,8.84,8.17,9.06,8.02,8.00,9.13,9.24,8.50,8.50,10.26,8.75,8.65,9.58,9.88,3.70,3.84,4.48,5.53,3.52,2.02,4.51,3.30,2.86,3.85,3.30,3.96,3.31,4.34,2.53,4.45,5.13,5.12,8.22,8.74,8.57,8.62,7.82,7.38],
  [6.09,5.71,6.45,14.92,22.35,12.46,13.24,13.15,12.80,12.80,12.02,12.59,11.96,5.38,3.79,3.59,99.00,3.67,3.03,4.97,2.72,1.49,1.62,5.03,1.20,2.17,3.55,0.46,13.20,18.13,18.32,17.99,18.65,15.55,21.51,21.58,27.35,28.52,25.43,25.92,22.68,27.27,19.51,13.59,14.36,16.50,18.03,15.68,18.62,17.50,15.24,18.44,13.76,16.89,15.76,17.32,19.35,20.09,16.38,16.92,15.10,15.13,14.14,16.06,15.35,7.88,7.19,7.68,8.92,7.76,8.48,7.14,7.97,8.23,7.85,6.43,9.45,9.52,9.51,8.88,9.38,6.28,8.65,9.91,5.80,9.71,5.92,8.38,7.28,7.55,7.72,6.86,7.75,8.50,8.01,6.61,6.61,8.02,6.82,7.76,7.67,7.94,7.24,7.18,5.70,7.32,5.79,4.96,7.02,4.51,4.57,5.58,6.89,6.11,5.55,6.23,4.76,7.87,7.17,6.98,4.64,5.19,5.25,5.11,4.99,3.83],
  [7.41,8.33,3.03,13.21,22.30,11.27,13.74,13.70,11.85,11.85,12.42,12.35,9.90,1.84,2.64,2.79,3.67,99.00,1.26,1.34,2.43,2.25,2.29,2.14,4.87,1.64,0.60,3.23,12.07,17.58,17.70,17.91,18.86,15.53,20.60,20.63,26.49,27.74,24.23,24.77,21.65,26.54,17.44,12.74,12.87,14.61,16.73,14.32,17.69,16.62,14.00,17.36,13.35,15.10,14.90,16.47,17.16,18.02,15.13,15.48,13.49,13.84,13.72,15.17,13.93,10.13,8.94,9.39,10.89,9.06,9.98,9.28,9.85,10.12,9.73,9.00,11.57,11.51,11.21,11.00,11.50,8.75,10.57,11.95,8.50,11.58,8.85,10.02,6.20,5.39,6.36,5.30,5.22,6.34,6.51,6.00,6.00,7.84,6.26,5.88,7.03,7.34,4.91,4.39,7.15,8.31,6.30,4.78,7.27,5.89,5.55,6.59,5.15,6.75,6.10,7.11,5.29,6.72,7.92,7.90,7.77,8.47,7.18,8.48,5.96,7.19],
  [6.15,8.33,4.25,14.42,23.24,10.49,14.51,14.45,12.93,12.93,13.20,13.29,11.13,3.03,3.49,3.54,3.03,1.26,99.00,2.47,2.90,1.97,2.15,3.39,4.19,0.88,1.68,2.56,13.18,18.61,18.74,18.84,19.73,16.44,21.71,21.74,27.59,28.84,25.38,25.92,22.78,27.62,18.69,13.81,14.05,15.84,17.89,15.48,18.79,17.71,15.14,18.49,14.34,16.32,15.98,17.56,18.41,19.27,16.28,16.66,14.68,14.99,14.71,16.25,15.10,8.88,7.67,8.12,9.63,7.80,8.72,8.02,8.59,8.85,8.47,7.78,10.31,10.25,9.94,9.74,10.24,7.52,9.31,10.69,7.30,10.31,7.68,8.76,5.31,4.90,5.56,4.54,4.93,5.87,5.77,4.97,4.97,6.76,5.22,5.27,6.04,6.34,6.14,5.66,7.53,8.87,6.94,5.54,8.02,6.25,6.02,7.09,6.30,7.37,6.72,7.67,5.88,7.78,8.54,8.47,6.67,7.40,5.93,7.46,4.70,6.18],
  [8.48,9.26,1.80,12.48,22.10,11.44,13.83,13.80,11.44,11.44,12.50,12.19,9.08,0.59,3.04,3.29,4.97,1.34,2.47,99.00,3.27,3.52,3.50,1.59,6.17,2.98,1.47,4.55,11.58,17.22,17.32,17.73,18.78,15.40,20.10,20.10,25.96,27.25,23.59,24.15,21.09,26.06,16.54,12.35,12.24,13.79,16.11,13.71,17.19,16.16,13.44,16.82,13.11,14.32,14.46,16.03,16.21,17.11,14.55,14.82,12.79,13.25,13.48,14.72,13.30,11.32,10.05,10.49,12.02,10.07,11.02,10.46,10.98,11.24,10.86,10.25,12.73,12.64,12.27,12.16,12.65,9.99,11.70,13.08,9.78,12.68,10.15,11.10,6.63,5.39,6.67,5.61,5.02,6.27,6.75,6.62,6.62,8.50,6.87,5.99,7.58,7.88,4.20,3.47,7.77,8.73,6.68,5.08,7.49,6.58,6.15,7.11,4.72,7.13,6.50,7.56,5.77,6.42,8.27,8.32,9.10,9.80,8.37,9.82,7.01,8.53],
  [8.30,5.99,4.22,12.30,20.44,13.40,11.62,11.56,10.40,10.40,10.32,10.52,9.26,3.43,1.07,0.89,2.72,2.43,2.90,3.27,99.00,1.54,1.27,2.62,3.70,2.32,1.91,2.53,10.74,15.95,16.10,16.05,16.88,13.63,19.18,19.24,25.06,26.27,23.00,23.51,20.31,25.04,16.83,11.25,11.79,13.84,15.54,13.16,16.27,15.17,12.76,16.03,11.62,14.26,13.42,15.00,16.65,17.41,13.90,14.39,12.51,12.63,12.00,13.71,12.81,10.47,9.60,10.09,11.44,10.00,10.82,9.69,10.45,10.71,10.33,9.09,12.02,12.05,11.94,11.44,11.95,8.92,11.15,12.46,8.48,12.20,8.64,10.77,8.20,7.71,8.46,7.44,7.62,8.68,8.67,7.80,7.80,9.51,8.04,8.14,8.88,9.18,4.52,4.54,4.73,5.98,4.04,2.71,5.14,3.46,3.16,4.22,4.19,4.47,3.81,4.78,2.98,5.32,5.64,5.58,7.36,7.90,7.69,7.80,6.98,6.54],
  [6.76,6.36,4.96,13.83,21.87,12.23,12.94,12.87,11.94,11.94,11.67,11.99,10.74,3.90,2.55,2.42,1.49,2.25,1.97,3.52,1.54,99.00,0.29,3.55,2.67,1.12,2.07,1.14,12.28,17.45,17.61,17.49,18.27,15.06,20.71,20.77,26.59,27.78,24.54,25.05,21.84,26.55,18.33,12.77,13.33,15.36,17.08,14.70,17.80,16.70,14.30,17.57,13.11,15.78,14.95,16.52,18.13,18.91,15.44,15.92,14.04,14.17,13.48,15.24,14.35,8.96,8.06,8.55,9.91,8.46,9.28,8.17,8.91,9.18,8.79,7.61,10.50,10.52,10.40,9.92,10.43,7.43,9.62,10.94,7.03,10.66,7.23,9.23,7.00,6.84,7.33,6.37,6.90,7.81,7.58,6.50,6.50,8.13,6.73,7.16,7.58,7.87,5.90,5.75,5.69,7.14,5.34,4.17,6.51,4.42,4.27,5.35,5.68,5.73,5.10,5.97,4.26,6.86,6.88,6.76,6.01,6.62,6.15,6.56,5.46,5.27],
  [7.04,6.19,4.86,13.57,21.59,12.49,12.66,12.59,11.66,11.66,11.39,11.70,10.50,3.85,2.29,2.15,1.62,2.29,2.15,3.50,1.27,0.29,99.00,3.41,2.76,1.34,2.03,1.33,12.00,17.16,17.33,17.20,17.99,14.77,20.43,20.48,26.30,27.50,24.26,24.77,21.56,26.27,18.08,12.49,13.06,15.10,16.81,14.43,17.52,16.41,14.02,17.29,12.82,15.52,14.67,16.24,17.88,18.66,15.16,15.65,13.77,13.89,13.20,14.96,14.08,9.21,8.33,8.82,10.17,8.74,9.56,8.43,9.18,9.44,9.06,7.85,10.76,10.79,10.67,10.18,10.69,7.67,9.89,11.20,7.26,10.93,7.44,9.51,7.25,7.04,7.58,6.60,7.08,8.02,7.82,6.77,6.77,8.41,7.00,7.39,7.85,8.14,5.68,5.57,5.44,6.87,5.06,3.89,6.23,4.16,4.01,5.08,5.43,5.46,4.82,5.70,3.98,6.59,6.60,6.49,6.21,6.79,6.42,6.72,5.75,5.44],
  [9.54,8.34,1.62,11.09,20.51,13.02,12.26,12.24,9.88,9.88,10.94,10.60,7.75,1.28,1.92,2.23,5.03,2.14,3.39,1.59,2.62,3.55,3.41,99.00,6.15,3.51,1.75,4.69,10.05,15.66,15.76,16.14,17.19,13.81,18.58,18.59,24.45,25.73,22.14,22.69,19.60,24.54,15.30,10.79,10.78,12.47,14.64,12.24,15.67,14.62,11.94,15.32,11.53,12.97,12.92,14.49,15.02,15.88,13.06,13.38,11.37,11.77,11.89,13.18,11.84,12.18,11.04,11.50,12.98,11.19,12.11,11.33,11.95,12.21,11.83,10.96,13.65,13.61,13.33,13.07,13.57,10.74,12.67,14.04,10.43,13.69,10.70,12.15,8.14,6.98,8.22,7.15,6.61,7.86,8.31,8.04,8.04,9.91,8.30,7.57,9.04,9.35,2.77,2.29,6.55,7.33,5.29,3.68,6.00,5.45,4.95,5.81,3.15,5.74,5.13,6.20,4.49,4.84,6.84,6.92,9.53,10.16,9.25,10.12,8.09,8.82],
  [6.11,5.12,7.61,15.61,22.46,13.08,13.27,13.17,13.29,13.29,12.10,12.87,12.78,6.57,4.75,4.50,1.20,4.87,4.19,6.17,3.70,2.67,2.76,6.15,99.00,3.36,4.74,1.65,13.75,18.44,18.65,18.15,18.72,15.72,21.91,22.00,27.72,28.84,25.90,26.38,23.11,27.59,20.27,14.05,14.99,17.22,18.58,16.26,19.05,17.92,15.78,18.91,14.08,17.58,16.19,17.73,20.14,20.85,16.92,17.52,15.76,15.70,14.45,16.50,15.96,7.41,6.97,7.46,8.55,7.70,8.32,6.75,7.67,7.91,7.56,5.87,9.00,9.12,9.23,8.44,8.93,5.78,8.31,9.49,5.20,9.35,5.19,8.16,8.00,8.50,8.48,7.70,8.77,9.43,8.80,7.24,7.24,8.45,7.42,8.64,8.25,8.49,8.20,8.23,5.65,7.34,6.09,5.55,7.32,4.62,4.83,5.71,7.74,6.34,5.86,6.36,5.15,8.54,7.29,7.05,3.85,4.28,5.08,4.13,5.25,2.92],
  [6.17,7.46,4.64,14.31,22.76,11.16,13.92,13.86,12.63,12.63,12.63,12.84,11.10,3.47,3.11,3.09,2.17,1.64,0.88,2.98,2.32,1.12,1.34,3.51,3.36,99.00,1.77,1.71,12.93,18.23,18.38,18.37,19.20,15.95,21.42,21.46,27.30,28.52,25.17,25.69,22.52,27.30,18.69,13.49,13.88,15.78,17.68,15.29,18.50,17.41,14.91,18.23,13.92,16.24,15.66,17.24,18.45,19.27,16.05,16.49,14.55,14.77,14.30,15.95,14.92,8.67,7.60,8.07,9.52,7.86,8.74,7.84,8.49,8.76,8.37,7.45,10.16,10.14,9.92,9.58,10.09,7.23,9.21,10.57,6.93,10.24,7.24,8.74,5.93,5.72,6.25,5.26,5.79,6.69,6.48,5.49,5.49,7.19,5.73,6.05,6.57,6.87,6.14,5.80,6.78,8.19,6.32,5.03,7.45,5.50,5.32,6.40,6.13,6.73,6.09,7.00,5.24,7.50,7.89,7.80,6.14,6.83,5.76,6.85,4.78,5.55],
  [7.81,7.88,2.93,12.74,21.72,11.86,13.14,13.10,11.30,11.30,11.83,11.77,9.46,1.83,2.05,2.20,3.55,0.60,1.68,1.47,1.91,2.07,2.03,1.75,4.74,1.77,99.00,3.15,11.53,17.01,17.14,17.33,18.27,14.95,20.06,20.09,25.95,27.20,23.72,24.25,21.12,25.99,17.02,12.19,12.37,14.16,16.22,13.81,17.15,16.07,13.48,16.83,12.78,14.64,14.35,15.93,16.76,17.60,14.61,14.98,13.00,13.32,13.15,14.62,13.43,10.42,9.29,9.75,11.23,9.47,10.38,9.58,10.20,10.46,10.08,9.23,11.89,11.85,11.59,11.32,11.82,8.99,10.92,12.29,8.70,11.94,9.00,10.40,6.78,5.98,6.95,5.89,5.80,6.93,7.11,6.55,6.55,8.38,6.81,6.47,7.60,7.90,4.47,4.05,6.60,7.73,5.72,4.19,6.68,5.35,4.99,6.02,4.63,6.16,5.51,6.54,4.72,6.16,7.33,7.32,7.88,8.54,7.49,8.53,6.36,7.23],
  [6.00,6.09,6.07,14.81,22.46,12.13,13.40,13.32,12.78,12.78,12.16,12.66,11.79,4.98,3.59,3.41,0.46,3.23,2.56,4.55,2.53,1.14,1.33,4.69,1.65,1.71,3.15,99.00,13.16,18.17,18.35,18.09,18.79,15.66,21.52,21.58,27.37,28.55,25.40,25.90,22.68,27.31,19.36,13.59,14.27,16.36,17.98,15.61,18.62,17.50,15.19,18.42,13.81,16.77,15.76,17.32,19.18,19.94,16.33,16.85,15.00,15.07,14.19,16.06,15.28,7.96,7.18,7.67,8.96,7.68,8.45,7.19,7.99,8.25,7.87,6.56,9.52,9.57,9.51,8.94,9.45,6.39,8.69,9.97,5.95,9.74,6.12,8.37,6.93,7.12,7.34,6.46,7.31,8.08,7.63,6.29,6.29,7.76,6.51,7.35,7.36,7.63,7.00,6.88,5.92,7.50,5.88,4.94,7.10,4.70,4.70,5.74,6.72,6.23,5.64,6.38,4.83,7.78,7.32,7.15,4.88,5.48,5.25,5.42,4.82,4.13],
  [19.04,11.43,10.31,2.69,10.98,22.96,5.90,6.04,0.74,0.74,5.26,3.12,3.75,11.09,9.82,9.88,13.20,12.07,13.18,11.58,10.74,12.28,12.00,10.05,13.75,12.93,11.53,13.16,99.00,5.79,5.84,6.93,8.39,5.22,8.54,8.56,14.42,15.68,12.26,12.77,9.60,14.49,7.31,1.18,1.66,4.32,4.83,2.54,5.62,4.58,2.04,5.31,2.81,4.36,2.92,4.46,7.49,7.82,3.18,3.81,2.53,1.96,2.97,3.15,2.32,21.08,20.33,20.81,22.12,20.74,21.56,20.34,21.15,21.41,21.03,19.59,22.65,22.72,22.66,22.08,22.58,19.47,21.84,23.12,18.94,22.89,18.93,21.51,18.19,16.90,18.25,17.19,16.40,17.70,18.33,18.06,18.06,19.91,18.32,17.53,19.08,19.39,7.41,8.33,8.97,7.57,7.80,8.24,6.66,9.42,9.03,8.43,6.92,7.69,8.01,7.92,8.62,5.43,7.22,7.59,17.58,17.90,18.40,17.66,17.69,16.60],
  [24.16,14.95,16.06,6.49,5.29,28.66,6.26,6.44,5.80,5.80,6.87,5.57,9.33,16.77,15.14,15.14,18.13,17.58,18.61,17.22,15.95,17.45,17.16,15.66,18.44,18.23,17.01,18.17,5.79,99.00,0.35,2.34,3.93,3.36,3.74,3.92,9.30,10.40,7.99,8.32,5.08,9.15,8.10,4.88,5.93,6.86,3.77,4.69,1.94,1.79,4.49,2.62,4.37,6.28,2.90,1.69,8.74,8.29,3.90,4.60,6.02,4.77,3.99,2.75,5.13,25.85,25.31,25.80,26.99,25.86,26.61,25.19,26.07,26.33,25.96,24.29,27.44,27.56,27.63,26.88,27.37,24.22,26.74,27.93,23.61,27.78,23.49,26.51,23.76,22.59,23.87,22.80,22.13,23.42,23.97,23.56,23.56,25.37,23.81,23.21,24.61,24.91,13.13,14.09,13.00,11.32,12.37,13.27,11.13,13.85,13.62,12.75,12.51,12.10,12.60,12.13,13.37,10.86,11.23,11.52,22.13,22.32,23.38,22.01,22.91,21.11],
  [24.34,15.21,16.13,6.38,5.36,28.75,6.57,6.75,5.89,5.89,7.15,5.79,9.31,16.86,15.28,15.29,18.32,17.70,18.74,17.32,16.10,17.61,17.33,15.76,18.65,18.38,17.14,18.35,5.84,0.35,99.00,2.66,4.22,3.69,3.45,3.61,9.07,10.20,7.69,8.03,4.78,8.95,7.82,4.97,5.87,6.67,3.51,4.58,1.61,1.62,4.43,2.32,4.57,6.08,2.92,1.56,8.47,8.00,3.76,4.40,5.92,4.70,4.20,2.74,5.03,26.06,25.50,25.99,27.19,26.03,26.80,25.39,26.27,26.52,26.15,24.50,27.65,27.76,27.82,27.09,27.58,24.43,26.94,28.14,23.83,27.98,23.71,26.70,23.88,22.68,23.98,22.91,22.21,23.50,24.07,23.69,23.69,25.51,23.95,23.30,24.73,25.04,13.21,14.15,13.23,11.56,12.57,13.44,11.33,14.06,13.82,12.97,12.61,12.31,12.80,12.35,13.56,10.98,11.45,11.75,22.35,22.54,23.57,22.24,23.07,21.33],
  [24.08,14.17,16.76,8.28,4.40,29.14,5.11,5.27,6.69,6.69,6.09,5.56,10.66,17.33,15.36,15.31,17.99,17.91,18.84,17.73,16.05,17.49,17.20,16.14,18.15,18.37,17.33,18.09,6.93,2.34,2.66,99.00,1.66,2.44,5.43,5.67,10.19,11.08,9.55,9.76,6.75,9.81,10.41,5.81,7.53,8.93,6.06,6.55,4.27,3.99,6.19,4.95,4.64,8.41,4.44,3.81,11.03,10.62,5.89,6.73,7.83,6.47,4.30,4.44,6.93,25.50,25.11,25.60,26.68,25.75,26.44,24.89,25.82,26.06,25.71,23.91,27.08,27.24,27.38,26.53,27.01,23.87,26.45,27.58,23.23,27.49,23.03,26.30,24.10,23.12,24.27,23.20,22.73,23.99,24.40,23.81,23.81,25.56,24.06,23.70,24.88,25.18,13.82,14.84,12.54,10.83,12.21,13.34,11.00,13.54,13.42,12.45,13.04,11.88,12.45,11.80,13.27,11.31,10.86,11.10,21.69,21.79,23.19,21.46,22.90,20.66],
  [24.73,14.44,17.92,9.90,3.85,30.13,5.45,5.56,8.08,8.08,6.63,6.61,12.14,18.41,16.26,16.19,18.65,18.86,19.73,18.78,16.88,18.27,17.99,17.19,18.72,19.20,18.27,18.79,8.39,3.93,4.22,1.66,99.00,3.41,6.52,6.79,10.54,11.25,10.39,10.51,7.76,10.01,12.03,7.24,9.12,10.58,7.69,8.18,5.83,5.63,7.80,6.54,5.89,10.06,6.05,5.46,12.66,12.22,7.55,8.39,9.46,8.08,5.59,6.07,8.56,25.98,25.69,26.17,27.18,26.38,27.03,25.41,26.36,26.60,26.25,24.37,27.54,27.72,27.93,27.01,27.47,24.36,26.97,28.05,23.69,27.99,23.45,26.87,25.03,24.15,25.22,24.16,23.80,25.04,25.38,24.68,24.68,26.39,24.93,24.70,25.76,26.06,15.00,16.03,13.07,11.37,12.94,14.19,11.76,14.15,14.09,13.08,14.15,12.57,13.18,12.43,14.01,12.40,11.49,11.69,22.13,22.17,23.79,21.81,23.62,21.10],
  [21.64,11.84,14.51,7.18,6.81,26.78,2.91,3.09,4.80,4.80,3.71,3.21,8.93,15.02,12.96,12.90,15.55,15.53,16.44,15.40,13.63,15.06,14.77,13.81,15.72,15.95,14.95,15.66,5.22,3.36,3.69,2.44,3.41,99.00,7.09,7.28,12.38,13.35,11.33,11.63,8.43,12.08,10.36,4.04,6.25,8.24,6.15,5.69,4.98,4.16,5.16,5.41,2.53,7.86,3.57,3.90,10.86,10.69,5.33,6.33,6.78,5.41,2.27,3.75,5.96,23.08,22.68,23.17,24.26,23.31,24.01,22.47,23.39,23.63,23.28,21.49,24.66,24.81,24.95,24.11,24.59,21.45,24.03,25.16,20.81,25.06,20.63,23.87,21.72,20.78,21.89,20.83,20.42,21.67,22.04,21.41,21.41,23.15,21.65,21.35,22.48,22.78,11.59,12.62,10.12,8.42,9.77,10.93,8.56,11.11,10.98,10.01,10.75,9.44,10.02,9.37,10.84,9.00,8.43,8.68,19.29,19.40,20.76,19.07,20.47,18.26],
  [27.47,18.64,18.75,8.10,5.32,31.43,9.99,10.17,8.79,8.79,10.59,9.14,11.47,19.60,18.30,18.34,21.51,20.60,21.71,20.10,19.18,20.71,20.43,18.58,21.91,21.42,20.06,21.52,8.54,3.74,3.45,5.43,6.52,7.09,99.00,0.29,5.89,7.15,4.25,4.59,1.35,5.98,7.34,7.94,7.99,7.63,4.29,6.50,2.92,4.02,6.67,3.30,7.90,6.94,5.76,4.20,8.10,7.26,5.61,5.65,7.68,6.88,7.54,5.47,6.95,29.32,28.69,29.18,30.42,29.17,29.96,28.63,29.48,29.74,29.37,27.78,30.90,31.01,31.02,30.34,30.83,27.69,30.16,31.39,27.11,31.21,27.02,29.88,26.72,25.37,26.77,25.71,24.84,26.14,26.83,26.60,26.60,28.45,26.86,26.02,27.62,27.93,15.91,16.77,16.59,14.94,15.83,16.58,14.60,17.36,17.09,16.28,15.46,15.60,16.06,15.67,16.79,13.93,14.80,15.11,25.66,25.88,26.76,25.59,26.16,24.65],
  [27.53,18.77,18.74,8.03,5.59,31.42,10.18,10.36,8.83,8.83,10.75,9.26,11.42,19.60,18.35,18.39,21.58,20.63,21.74,20.10,19.24,20.77,20.48,18.59,22.00,21.46,20.09,21.58,8.56,3.92,3.61,5.67,6.79,7.28,0.29,99.00,5.86,7.15,4.08,4.44,1.17,6.01,7.12,8.00,7.96,7.50,4.21,6.47,2.96,4.08,6.67,3.29,8.01,6.81,5.83,4.27,7.89,7.03,5.59,5.57,7.61,6.87,7.66,5.53,6.91,29.40,28.76,29.25,30.49,29.23,30.02,28.70,29.55,29.81,29.44,27.86,30.98,31.08,31.09,30.42,30.91,27.77,30.23,31.47,27.20,31.28,27.12,29.95,26.73,25.36,26.77,25.71,24.82,26.12,26.83,26.62,26.62,28.47,26.88,26.01,27.63,27.94,15.91,16.76,16.70,15.05,15.91,16.64,14.69,17.46,17.18,16.38,15.48,15.69,16.14,15.77,16.86,13.97,14.91,15.22,25.76,25.98,26.82,25.70,26.21,24.74],
  [33.34,24.20,24.59,13.76,7.22,37.25,15.25,15.41,14.67,14.67,16.06,14.86,17.20,25.46,24.19,24.22,27.35,26.49,27.59,25.96,25.06,26.59,26.30,24.45,27.72,27.30,25.95,27.37,14.42,9.30,9.07,10.19,10.54,12.38,5.89,5.86,99.00,1.41,3.25,2.63,4.90,1.03,11.66,13.81,13.78,12.97,9.95,12.29,8.80,9.89,12.52,9.14,13.64,12.30,11.64,10.06,12.40,11.34,11.43,11.30,13.37,12.72,13.27,11.35,12.73,35.13,34.54,35.03,36.25,35.04,35.82,34.45,35.32,35.57,35.20,33.57,36.71,36.83,36.86,36.15,36.64,33.50,35.99,37.20,32.90,37.04,32.79,35.73,32.59,31.21,32.63,31.57,30.66,31.96,32.69,32.48,32.48,34.33,32.74,31.86,33.50,33.80,21.77,22.61,22.30,20.61,21.63,22.44,20.40,23.13,22.89,22.04,21.34,21.38,21.86,21.42,22.61,19.82,20.52,20.82,31.43,31.61,32.61,31.31,32.04,30.41],
  [34.53,25.19,25.90,15.11,7.69,38.57,16.18,16.34,15.90,15.90,17.06,15.97,18.54,26.75,25.41,25.44,28.52,27.74,28.84,27.25,26.27,27.78,27.50,25.73,28.84,28.52,27.20,28.55,15.68,10.40,10.20,11.08,11.25,13.35,7.15,7.15,1.41,99.00,4.63,3.99,6.25,1.27,13.07,15.03,15.11,14.36,11.29,13.61,10.06,11.13,13.82,10.44,14.76,13.68,12.86,11.28,13.81,12.75,12.74,12.65,14.72,14.02,14.39,12.58,14.05,36.25,35.70,36.19,37.38,36.22,36.99,35.59,36.47,36.72,36.35,34.69,37.84,37.96,38.02,37.28,37.77,34.62,37.14,38.33,34.01,38.18,33.88,36.90,33.87,32.52,33.92,32.86,31.97,33.28,33.98,33.74,33.74,35.58,34.00,33.17,34.76,35.07,23.06,23.92,23.37,21.68,22.77,23.63,21.53,24.24,24.02,23.15,22.60,22.50,23.00,22.52,23.76,21.05,21.61,21.90,32.52,32.69,33.77,32.37,33.24,31.50],
  [31.29,22.83,22.12,11.16,7.99,34.73,14.24,14.42,12.63,12.63,14.83,13.29,14.62,23.06,22.07,22.14,25.43,24.23,25.38,23.59,23.00,24.54,24.26,22.14,25.90,25.17,23.72,25.40,12.26,7.99,7.69,9.55,10.39,11.33,4.25,4.08,3.25,4.63,99.00,0.65,2.91,4.05,8.52,11.86,11.36,10.15,7.50,9.90,6.89,8.02,10.25,6.99,12.04,9.51,9.73,8.24,9.24,8.17,9.11,8.77,10.82,10.40,11.69,9.42,10.30,33.29,32.58,33.07,34.35,32.99,33.82,32.57,33.39,33.65,33.28,31.77,34.87,34.95,34.92,34.30,34.80,31.67,34.08,35.34,31.11,35.13,31.06,33.76,30.22,28.73,30.21,29.17,28.13,29.43,30.25,30.18,30.18,32.05,30.44,29.40,31.17,31.47,19.39,20.17,20.71,19.08,19.84,20.47,18.63,21.41,21.10,20.35,19.09,19.64,20.07,19.75,20.76,17.68,18.91,19.23,29.70,29.95,30.65,29.68,29.94,28.69],
  [31.81,23.22,22.69,11.75,7.89,35.31,14.55,14.72,13.13,13.13,15.18,13.70,15.21,23.63,22.59,22.65,25.92,24.77,25.92,24.15,23.51,25.05,24.77,22.69,26.38,25.69,24.25,25.90,12.77,8.32,8.03,9.76,10.51,11.63,4.59,4.44,2.63,3.99,0.65,99.00,3.29,3.47,9.17,12.33,11.92,10.77,8.05,10.45,7.33,8.46,10.78,7.48,12.45,10.12,10.19,8.67,9.89,8.82,9.64,9.34,11.40,10.94,12.10,9.88,10.85,33.77,33.08,33.57,34.84,33.51,34.33,33.05,33.89,34.15,33.77,32.24,35.35,35.44,35.41,34.78,35.28,32.15,34.58,35.83,31.58,35.63,31.52,34.26,30.78,29.31,30.78,29.74,28.72,30.02,30.82,30.73,30.73,32.60,30.99,29.97,31.72,32.03,19.95,20.74,21.13,19.49,20.30,20.96,19.08,21.86,21.57,20.79,19.63,20.09,20.53,20.19,21.23,18.20,19.34,19.66,30.16,30.40,31.15,30.12,30.46,29.15],
  [28.60,19.93,19.69,8.86,6.08,32.36,11.34,11.52,9.91,9.91,11.92,10.41,12.30,20.58,19.41,19.46,22.68,21.65,22.78,21.09,20.31,21.84,21.56,19.60,23.11,22.52,21.12,22.68,9.60,5.08,4.78,6.75,7.76,8.43,1.35,1.17,4.90,6.25,2.91,3.29,99.00,5.18,7.34,9.09,8.89,8.16,5.05,7.40,4.06,5.19,7.66,4.29,9.16,7.48,6.93,5.40,8.11,7.16,6.54,6.40,8.47,7.84,8.81,6.62,7.83,30.51,29.85,30.34,31.60,30.31,31.11,29.81,30.65,30.91,30.54,28.98,32.10,32.19,32.19,31.53,32.03,28.89,31.34,32.58,28.32,32.39,28.25,31.04,27.72,26.32,27.75,26.69,25.76,27.06,27.80,27.63,27.63,29.49,27.89,26.97,28.64,28.95,16.89,17.72,17.85,16.21,17.04,17.73,15.81,18.59,18.30,17.51,16.50,16.82,17.26,16.91,17.98,15.02,16.05,16.37,26.89,27.12,27.92,26.84,27.28,25.88],
  [33.29,23.93,24.73,14.02,6.52,37.41,14.91,15.07,14.69,14.69,15.79,14.71,17.42,25.57,24.19,24.21,27.27,26.54,27.62,26.06,25.04,26.55,26.27,24.54,27.59,27.30,25.99,27.31,14.49,9.15,8.95,9.81,10.01,12.08,5.98,6.01,1.03,1.27,4.05,3.47,5.18,99.00,12.24,13.81,13.97,13.34,10.19,12.47,8.87,9.92,12.66,9.28,13.51,12.66,11.65,10.07,12.99,11.95,11.59,11.55,13.61,12.86,13.14,11.37,12.92,35.00,34.46,34.95,36.13,34.99,35.75,34.34,35.22,35.47,35.11,33.43,36.58,36.71,36.77,36.02,36.51,33.36,35.88,37.07,32.75,36.93,32.62,35.65,32.68,31.35,32.73,31.67,30.82,32.12,32.81,32.54,32.54,34.38,32.79,32.00,33.56,33.87,21.88,22.75,22.11,20.41,21.51,22.39,20.28,22.99,22.77,21.89,21.40,21.25,21.75,21.26,22.52,19.84,20.35,20.64,31.26,31.42,32.52,31.11,32.01,30.24],
  [24.83,18.64,14.86,4.80,12.40,27.05,12.42,12.60,8.01,8.01,12.20,10.04,7.59,15.96,15.78,15.95,19.51,17.44,18.69,16.54,16.83,18.33,18.08,15.30,20.27,18.69,17.02,19.36,7.31,8.10,7.82,10.41,12.03,10.36,7.34,7.12,11.66,13.07,8.52,9.17,7.34,12.24,99.00,7.80,5.68,3.10,4.35,5.07,6.24,6.45,5.72,5.50,9.11,2.95,6.86,6.67,0.77,0.58,5.09,4.08,4.80,5.60,8.98,6.63,5.08,27.29,26.29,26.76,28.20,26.49,27.40,26.48,27.18,27.44,27.06,25.92,28.82,28.82,28.60,28.24,28.74,25.75,27.89,29.24,25.31,28.93,25.42,27.42,22.98,21.24,22.87,21.87,20.56,21.83,22.84,23.11,23.11,24.99,23.36,21.94,24.00,24.30,12.56,13.08,16.09,14.81,14.73,14.75,13.72,16.34,15.87,15.45,12.65,14.70,14.90,15.01,15.36,11.75,14.42,14.79,24.10,24.54,24.43,24.35,23.39,23.19],
  [19.53,11.32,11.18,3.53,9.96,23.78,4.91,5.06,0.92,0.92,4.45,2.26,4.91,11.89,10.38,10.41,13.59,12.74,13.81,12.35,11.25,12.77,12.49,10.79,14.05,13.49,12.19,13.59,1.18,4.88,4.97,5.81,7.24,4.04,7.94,8.00,13.81,15.03,11.86,12.33,9.09,13.81,7.80,99.00,2.49,5.00,4.68,2.75,5.03,3.92,2.11,4.87,1.67,4.89,2.18,3.75,8.08,8.27,3.08,3.94,3.26,2.20,1.80,2.47,2.73,21.43,20.76,21.25,22.51,21.23,22.03,20.72,21.56,21.82,21.45,19.91,23.02,23.10,23.10,22.45,22.94,19.81,22.25,23.49,19.25,23.30,19.20,21.95,18.91,17.71,19.01,17.94,17.25,18.54,19.10,18.74,18.74,20.57,19.00,18.33,19.78,20.09,8.25,9.22,8.98,7.45,7.99,8.65,6.79,9.58,9.25,8.54,7.64,7.82,8.21,7.97,8.90,6.03,7.19,7.54,17.84,18.12,18.83,17.85,18.22,16.84],
  [20.04,12.98,10.81,1.05,11.21,23.47,7.40,7.55,2.39,2.39,6.87,4.69,3.50,11.71,10.81,10.91,14.36,12.87,14.05,12.24,11.79,13.33,13.06,10.78,14.99,13.88,12.37,14.27,1.66,5.93,5.87,7.53,9.12,6.25,7.99,7.96,13.78,15.11,11.36,11.92,8.89,13.97,5.68,2.49,99.00,2.66,3.87,1.49,5.20,4.35,1.44,4.69,4.12,2.75,3.12,4.33,5.84,6.21,2.38,2.61,0.88,1.17,4.17,3.19,1.06,22.23,21.39,21.88,23.23,21.74,22.59,21.47,22.24,22.50,22.12,20.78,23.79,23.84,23.73,23.22,23.72,20.64,22.95,24.25,20.14,23.99,20.18,22.56,18.87,17.43,18.88,17.83,16.87,18.17,18.92,18.82,18.82,20.69,19.08,18.09,19.81,20.11,8.04,8.84,10.46,9.13,9.19,9.44,8.11,10.81,10.38,9.87,7.76,9.12,9.38,9.39,9.92,6.49,8.75,9.12,18.83,19.20,19.48,18.98,18.66,17.88],
  [21.94,15.55,12.19,1.71,11.89,24.66,9.85,10.02,5.05,5.05,9.45,7.26,4.71,13.23,12.81,12.95,16.50,14.61,15.84,13.79,13.84,15.36,15.10,12.47,17.22,15.78,14.16,16.36,4.32,6.86,6.67,8.93,10.58,8.24,7.63,7.50,12.97,14.36,10.15,10.77,8.16,13.34,3.10,5.00,2.66,99.00,3.44,2.55,5.42,5.07,3.12,4.69,6.51,0.69,4.69,5.18,3.18,3.66,3.04,2.27,1.79,2.91,6.46,4.58,2.34,24.31,23.37,23.84,25.26,23.62,24.51,23.52,24.25,24.51,24.13,22.92,25.86,25.87,25.69,25.28,25.78,22.76,24.96,26.29,22.30,26.00,22.39,24.51,20.34,18.72,20.28,19.26,18.09,19.38,20.29,20.40,20.40,22.29,20.66,19.41,21.34,21.64,9.70,10.32,12.99,11.74,11.63,11.69,10.62,13.25,12.78,12.36,9.68,11.61,11.80,11.92,12.27,8.69,11.33,11.70,21.06,21.48,21.49,21.28,20.52,20.13],
  [23.83,15.99,14.67,3.82,8.51,27.32,8.54,8.72,5.31,5.31,8.61,6.61,7.25,15.58,14.59,14.67,18.03,16.73,17.89,16.11,15.54,17.08,16.81,14.64,18.58,17.68,16.22,17.98,4.83,3.77,3.51,6.06,7.69,6.15,4.29,4.21,9.95,11.29,7.50,8.05,5.05,10.19,4.35,4.68,3.87,3.44,99.00,2.40,2.05,2.11,2.80,1.28,5.46,2.77,2.94,2.33,4.97,4.60,1.66,1.36,3.42,2.91,5.22,2.63,2.81,25.91,25.14,25.63,26.95,25.52,26.36,25.17,25.97,26.23,25.85,24.42,27.48,27.55,27.48,26.91,27.41,24.30,26.67,27.95,23.77,27.72,23.76,26.32,22.74,21.29,22.75,21.70,20.72,22.02,22.79,22.68,22.68,24.55,22.94,21.95,23.67,23.98,11.91,12.71,13.65,12.13,12.60,13.07,11.42,14.21,13.84,13.18,11.59,12.45,12.81,12.63,13.44,10.22,11.86,12.21,22.41,22.72,23.22,22.47,22.46,21.42],
  [21.43,13.93,12.30,1.80,9.94,24.96,7.40,7.57,3.13,3.13,7.13,4.97,4.97,13.19,12.20,12.28,15.68,14.32,15.48,13.71,13.16,14.70,14.43,12.24,16.26,15.29,13.81,15.61,2.54,4.69,4.58,6.55,8.18,5.69,6.50,6.47,12.29,13.61,9.90,10.45,7.40,12.47,5.07,2.75,1.49,2.55,2.40,99.00,3.75,2.99,0.64,3.20,4.06,2.24,2.18,3.02,5.41,5.53,0.90,1.28,1.34,0.58,3.97,2.11,0.47,23.55,22.76,23.25,24.58,23.13,23.98,22.81,23.60,23.86,23.48,22.08,25.13,25.18,25.10,24.55,25.05,21.95,24.30,25.58,21.44,25.35,21.45,23.93,20.34,18.92,20.36,19.31,18.37,19.67,20.41,20.28,20.28,22.15,20.54,19.58,21.28,21.58,9.51,10.33,11.50,10.06,10.34,10.73,9.20,11.96,11.57,10.97,9.19,10.23,10.54,10.45,11.14,7.84,9.74,10.10,20.09,20.43,20.84,20.19,20.06,19.12],
  [24.56,15.96,15.88,5.48,6.48,28.55,7.72,7.91,5.87,5.87,8.10,6.41,8.70,16.70,15.39,15.43,18.62,17.69,18.79,17.19,16.27,17.80,17.52,15.67,19.05,18.50,17.15,18.62,5.62,1.94,1.61,4.27,5.83,4.98,2.92,2.96,8.80,10.06,6.89,7.33,4.06,8.87,6.24,5.03,5.20,5.42,2.05,3.75,99.00,1.13,3.82,0.77,5.16,4.78,2.87,1.35,6.92,6.40,2.85,3.19,5.02,4.05,4.83,2.56,4.21,26.45,25.80,26.29,27.54,26.26,27.06,25.75,26.59,26.85,26.48,24.92,28.03,28.13,28.13,27.47,27.96,24.83,27.28,28.51,24.25,28.33,24.18,26.99,23.81,22.49,23.87,22.80,21.97,23.27,23.94,23.68,23.68,25.53,23.94,23.13,24.70,25.01,13.01,13.90,13.81,12.19,12.97,13.68,11.75,14.53,14.24,13.46,12.54,12.76,13.20,12.86,13.91,11.01,12.01,12.34,22.82,23.07,23.86,22.79,23.25,21.82],
  [23.45,14.85,14.88,4.79,6.95,27.54,6.76,6.95,4.78,4.78,7.05,5.30,7.84,15.67,14.29,14.33,17.50,16.62,17.71,16.16,15.17,16.70,16.41,14.62,17.92,17.41,16.07,17.50,4.58,1.79,1.62,3.99,5.63,4.16,4.02,4.08,9.89,11.13,8.02,8.46,5.19,9.92,6.45,3.92,4.35,5.07,2.11,2.99,1.13,99.00,2.92,1.28,4.06,4.49,1.75,0.26,7.06,6.71,2.15,2.81,4.33,3.18,3.73,1.46,3.45,25.32,24.68,25.17,26.42,25.15,25.95,24.62,25.47,25.73,25.36,23.79,26.91,27.01,27.01,26.34,26.84,23.70,26.15,27.39,23.13,27.20,23.06,25.87,22.76,21.47,22.83,21.76,20.97,22.26,22.90,22.62,22.62,24.46,22.87,22.11,23.64,23.95,11.99,12.89,12.69,11.07,11.85,12.56,10.62,13.40,13.11,12.33,11.48,11.63,12.07,11.73,12.79,9.93,10.89,11.21,21.69,21.94,22.75,21.66,22.14,20.69],
  [21.04,13.35,12.08,2.10,9.78,24.75,6.77,6.94,2.56,2.56,6.49,4.32,4.92,12.93,11.81,11.89,15.24,14.00,15.14,13.44,12.76,14.30,14.02,11.94,15.78,14.91,13.48,15.19,2.04,4.49,4.43,6.19,7.80,5.16,6.67,6.67,12.52,13.82,10.25,10.78,7.66,12.66,5.72,2.11,1.44,3.12,2.80,0.64,3.82,2.92,99.00,3.38,3.43,2.87,1.75,2.89,6.05,6.17,1.14,1.85,1.66,0.28,3.35,1.78,0.80,23.11,22.35,22.84,24.15,22.74,23.58,22.37,23.18,23.44,23.06,21.63,24.69,24.75,24.69,24.11,24.61,21.50,23.87,25.15,20.97,24.92,20.97,23.53,20.07,18.70,20.10,19.05,18.16,19.46,20.17,19.98,19.98,21.84,20.24,19.35,20.99,21.29,9.24,10.10,10.94,9.48,9.83,10.28,8.67,11.44,11.06,10.43,8.85,9.70,10.03,9.90,10.66,7.44,9.17,9.53,19.62,19.94,20.42,19.69,19.69,18.64],
  [24.33,16.01,15.46,4.86,7.23,28.13,8.04,8.22,5.64,5.64,8.30,6.48,8.17,16.31,15.12,15.18,18.44,17.36,18.49,16.82,16.03,17.57,17.29,15.32,18.91,18.23,16.83,18.42,5.31,2.62,2.32,4.95,6.54,5.41,3.30,3.29,9.14,10.44,6.99,7.48,4.29,9.28,5.50,4.87,4.69,4.69,1.28,3.20,0.77,1.28,3.38,99.00,5.25,4.03,2.78,1.54,6.16,5.68,2.31,2.49,4.42,3.58,4.94,2.46,3.66,26.29,25.60,26.08,27.36,26.03,26.84,25.58,26.41,26.67,26.29,24.78,27.87,27.96,27.93,27.30,27.80,24.67,27.09,28.35,24.12,28.14,24.07,26.78,23.45,22.08,23.49,22.43,21.54,22.84,23.55,23.35,23.35,25.21,23.61,22.73,24.36,24.67,12.63,13.48,13.78,12.19,12.86,13.48,11.65,14.44,14.12,13.38,12.21,12.67,13.08,12.80,13.77,10.74,11.98,12.32,22.71,22.98,23.66,22.71,22.99,21.71],
  [19.81,10.80,12.12,5.15,8.98,24.54,3.35,3.51,2.30,2.30,3.16,1.25,6.44,12.70,10.85,10.83,13.76,13.35,14.34,13.11,11.62,13.11,12.82,11.53,14.08,13.92,12.78,13.81,2.81,4.37,4.57,4.64,5.89,2.53,7.90,8.01,13.64,14.76,12.04,12.45,9.16,13.51,9.11,1.67,4.12,6.51,5.46,4.06,5.16,4.06,3.43,5.25,99.00,6.30,2.53,3.82,9.48,9.54,4.09,5.08,4.83,3.60,0.38,2.85,4.17,21.49,20.95,21.44,22.62,21.50,22.25,20.82,21.71,21.96,21.59,19.93,23.08,23.20,23.26,22.52,23.01,19.86,22.37,23.57,19.26,23.42,19.15,22.14,19.55,18.50,19.69,18.63,18.10,19.37,19.82,19.30,19.30,21.09,19.56,19.09,20.36,20.67,9.18,10.20,8.69,7.05,8.00,8.93,6.76,9.49,9.26,8.40,8.41,7.74,8.24,7.78,9.01,6.69,6.90,7.21,17.79,17.99,19.01,17.70,18.56,16.77],
  [22.41,15.73,12.75,1.97,11.26,25.26,9.64,9.81,5.07,5.07,9.33,7.15,5.24,13.77,13.24,13.37,16.89,15.10,16.32,14.32,14.26,15.78,15.52,12.97,17.58,16.24,14.64,16.77,4.36,6.28,6.08,8.41,10.06,7.86,6.94,6.81,12.30,13.68,9.51,10.12,7.48,12.66,2.95,4.89,2.75,0.69,2.77,2.24,4.78,4.49,2.87,4.03,6.30,99.00,4.30,4.62,3.19,3.46,2.56,1.68,1.88,2.71,6.21,4.15,2.16,24.73,23.82,24.29,25.69,24.09,24.98,23.95,24.69,24.95,24.57,23.32,26.28,26.31,26.15,25.70,26.21,23.16,25.40,26.72,22.69,26.44,22.76,24.97,20.90,19.30,20.85,19.82,18.68,19.98,20.86,20.94,20.94,22.83,21.20,19.99,21.88,22.19,10.20,10.86,13.20,11.89,11.89,12.04,10.84,13.52,13.06,12.59,10.12,11.84,12.07,12.13,12.58,9.04,11.50,11.88,21.43,21.83,21.93,21.62,21.00,20.49],
  [21.71,13.23,13.23,3.85,8.17,25.87,5.64,5.82,3.05,3.05,5.67,3.72,6.43,13.99,12.55,12.58,15.76,14.90,15.98,14.46,13.42,14.95,14.67,12.92,16.19,15.66,14.35,15.76,2.92,2.90,2.92,4.44,6.05,3.57,5.76,5.83,11.64,12.86,9.73,10.19,6.93,11.65,6.86,2.18,3.12,4.69,2.94,2.18,2.87,1.75,1.75,2.78,2.53,4.30,99.00,1.58,7.32,7.23,1.77,2.79,3.41,2.04,2.28,0.33,2.52,23.58,22.93,23.42,24.67,23.41,24.20,22.88,23.73,23.98,23.61,22.05,25.17,25.26,25.26,24.60,25.10,21.96,24.41,25.65,21.39,25.46,21.33,24.12,21.05,19.80,21.13,20.06,19.32,20.61,21.22,20.89,20.89,22.73,21.15,20.43,21.93,22.23,10.32,11.25,11.00,9.41,10.11,10.82,8.90,11.68,11.37,10.62,9.77,9.91,10.34,10.03,11.05,8.19,9.20,9.53,19.97,20.22,21.00,19.95,20.40,18.96],
  [23.28,14.62,14.77,4.82,6.92,27.42,6.50,6.69,4.63,4.63,6.79,5.07,7.79,15.55,14.13,14.16,17.32,16.47,17.56,16.03,15.00,16.52,16.24,14.49,17.73,17.24,15.93,17.32,4.46,1.69,1.56,3.81,5.46,3.90,4.20,4.27,10.06,11.28,8.24,8.67,5.40,10.07,6.67,3.75,4.33,5.18,2.33,3.02,1.35,0.26,2.89,1.54,3.82,4.62,1.58,99.00,7.26,6.93,2.21,2.94,4.36,3.16,3.49,1.31,3.47,25.13,24.50,24.99,26.23,24.98,25.77,24.43,25.29,25.54,25.17,23.59,26.71,26.81,26.83,26.15,26.64,23.50,25.97,27.20,22.93,27.01,22.85,25.69,22.62,21.36,22.70,21.63,20.86,22.15,22.78,22.47,22.47,24.31,22.73,21.99,23.50,23.81,11.87,12.79,12.47,10.84,11.64,12.38,10.42,13.19,12.91,12.12,11.34,11.42,11.87,11.52,12.59,9.77,10.67,10.99,21.49,21.73,22.56,21.45,21.98,20.48],
  [24.56,18.71,14.51,4.89,13.14,26.58,12.81,12.98,8.21,8.21,12.52,10.34,7.39,15.63,15.59,15.77,19.35,17.16,18.41,16.21,16.65,18.13,17.88,15.02,20.14,18.45,16.76,19.18,7.49,8.74,8.47,11.03,12.66,10.86,8.10,7.89,12.40,13.81,9.24,9.89,8.11,12.99,0.77,8.08,5.84,3.18,4.97,5.41,6.92,7.06,6.05,6.16,9.48,3.19,7.32,7.26,99.00,1.10,5.55,4.54,4.96,5.90,9.37,7.12,5.36,27.08,26.04,26.51,27.96,26.21,27.13,26.26,26.94,27.20,26.82,25.73,28.60,28.58,28.34,28.02,28.52,25.55,27.66,29.01,25.13,28.68,25.27,27.16,22.59,20.82,22.47,21.48,20.12,21.38,22.43,22.75,22.75,24.63,23.00,21.52,23.62,23.92,12.31,12.78,16.13,14.91,14.72,14.66,13.74,16.32,15.83,15.46,12.47,14.72,14.88,15.05,15.30,11.67,14.49,14.86,23.96,24.42,24.20,24.24,23.11,23.06],
  [25.41,19.18,15.43,5.35,12.41,27.59,12.83,13.01,8.52,8.52,12.65,10.50,8.17,16.53,16.36,16.52,20.09,18.02,19.27,17.11,17.41,18.91,18.66,15.88,20.85,19.27,17.60,19.94,7.82,8.29,8.00,10.62,12.22,10.69,7.26,7.03,11.34,12.75,8.17,8.82,7.16,11.95,0.58,8.27,6.21,3.66,4.60,5.53,6.40,6.71,6.17,5.68,9.54,3.46,7.23,6.93,1.10,99.00,5.49,4.47,5.34,6.07,9.39,6.99,5.56,27.87,26.87,27.34,28.78,27.07,27.98,27.06,27.76,28.02,27.64,26.50,29.40,29.40,29.18,28.82,29.32,26.33,28.47,29.82,25.89,29.51,26.00,28.00,23.54,21.80,23.43,22.44,21.11,22.38,23.40,23.68,23.68,25.56,23.93,22.49,24.56,24.86,13.14,13.66,16.64,15.35,15.29,15.33,14.27,16.91,16.43,16.01,13.23,15.26,15.46,15.56,15.93,12.33,14.96,15.33,24.68,25.11,25.01,24.92,23.97,23.76],
  [22.19,14.39,13.16,2.66,9.10,25.83,7.35,7.52,3.66,3.66,7.24,5.14,5.87,14.03,12.95,13.03,16.38,15.13,16.28,14.55,13.90,15.44,15.16,13.06,16.92,16.05,14.61,16.33,3.18,3.90,3.76,5.89,7.55,5.33,5.61,5.59,11.43,12.74,9.11,9.64,6.54,11.59,5.09,3.08,2.38,3.04,1.66,0.90,2.85,2.15,1.14,2.31,4.09,2.56,1.77,2.21,5.55,5.49,99.00,1.02,2.20,1.29,3.91,1.59,1.36,24.25,23.49,23.98,25.29,23.89,24.72,23.51,24.32,24.58,24.20,22.76,25.83,25.89,25.83,25.25,25.75,22.64,25.02,26.29,22.11,26.07,22.10,24.67,21.18,19.78,21.21,20.15,19.23,20.54,21.26,21.10,21.10,22.97,21.36,20.44,22.10,22.41,10.35,11.18,12.02,10.52,10.94,11.42,9.77,12.55,12.18,11.53,9.98,10.80,11.15,10.99,11.78,8.58,10.24,10.59,20.75,21.06,21.57,20.81,20.83,19.76],
  [22.64,15.19,13.36,2.47,9.64,25.99,8.36,8.53,4.40,4.40,8.22,6.09,5.91,14.29,13.41,13.51,16.92,15.48,16.66,14.82,14.39,15.92,15.65,13.38,17.52,16.49,14.98,16.85,3.81,4.60,4.40,6.73,8.39,6.33,5.65,5.57,11.30,12.65,8.77,9.34,6.40,11.55,4.08,3.94,2.61,2.27,1.36,1.28,3.19,2.81,1.85,2.49,5.08,1.68,2.79,2.94,4.54,4.47,1.02,99.00,2.07,1.86,4.92,2.58,1.57,24.80,23.99,24.47,25.81,24.34,25.19,24.05,24.83,25.09,24.71,23.34,26.37,26.42,26.32,25.79,26.30,23.20,25.53,26.83,22.69,26.58,22.71,25.16,21.45,19.97,21.45,20.40,19.39,20.70,21.49,21.42,21.42,23.29,21.68,20.64,22.40,22.71,10.63,11.40,12.77,11.32,11.61,11.98,10.48,13.24,12.84,12.25,10.37,11.50,11.82,11.72,12.41,9.07,11.01,11.37,21.36,21.70,22.07,21.46,21.26,20.39],
  [20.72,13.85,11.30,0.46,11.28,23.92,8.15,8.31,3.26,3.26,7.69,5.50,3.83,12.25,11.50,11.62,15.10,13.49,14.68,12.79,12.51,14.04,13.77,11.37,15.76,14.55,13.00,15.00,2.53,6.02,5.92,7.83,9.46,6.78,7.68,7.61,13.37,14.72,10.82,11.40,8.47,13.61,4.80,3.26,0.88,1.79,3.42,1.34,5.02,4.33,1.66,4.42,4.83,1.88,3.41,4.36,4.96,5.34,2.20,2.07,99.00,1.39,4.83,3.40,0.91,22.97,22.10,22.58,23.95,22.41,23.28,22.19,22.95,23.22,22.83,21.53,24.52,24.56,24.43,23.95,24.45,21.38,23.66,24.97,20.90,24.70,20.95,23.26,19.41,17.91,19.40,18.35,17.33,18.63,19.43,19.40,19.40,21.28,19.65,18.58,20.37,20.67,8.61,9.35,11.32,10.01,10.02,10.21,8.96,11.65,11.20,10.71,8.42,9.96,10.20,10.25,10.73,7.24,9.62,9.99,19.61,19.99,20.19,19.78,19.32,18.66],
  [20.91,13.35,11.87,1.82,10.05,24.55,6.95,7.12,2.55,2.55,6.62,4.44,4.66,12.74,11.68,11.76,15.13,13.84,14.99,13.25,12.63,14.17,13.89,11.77,15.70,14.77,13.32,15.07,1.96,4.77,4.70,6.47,8.08,5.41,6.88,6.87,12.72,14.02,10.40,10.94,7.84,12.86,5.60,2.20,1.17,2.91,2.91,0.58,4.05,3.18,0.28,3.58,3.60,2.71,2.04,3.16,5.90,6.07,1.29,1.86,1.39,99.00,3.55,2.06,0.57,23.01,22.23,22.71,24.04,22.61,23.45,22.26,23.06,23.32,22.94,21.53,24.58,24.64,24.57,24.01,24.51,21.40,23.76,25.04,20.88,24.81,20.89,23.40,19.89,18.50,19.91,18.86,17.96,19.26,19.97,19.81,19.81,21.67,20.07,19.15,20.81,21.12,9.05,9.90,10.91,9.48,9.77,10.18,8.62,11.39,10.99,10.39,8.69,9.65,9.97,9.87,10.58,7.31,9.15,9.52,19.53,19.86,20.31,19.62,19.55,18.56],
  [20.18,11.14,12.46,5.17,8.63,24.91,3.44,3.62,2.53,2.53,3.39,1.60,6.66,13.06,11.23,11.21,14.14,13.72,14.71,13.48,12.00,13.48,13.20,11.89,14.45,14.30,13.15,14.19,2.97,3.99,4.20,4.30,5.59,2.27,7.54,7.66,13.27,14.39,11.69,12.10,8.81,13.14,8.98,1.80,4.17,6.46,5.22,3.97,4.83,3.73,3.35,4.94,0.38,6.21,2.28,3.49,9.37,9.39,3.91,4.92,4.83,3.55,99.00,2.59,4.12,21.86,21.32,21.81,22.99,21.87,22.62,21.20,22.08,22.33,21.97,20.31,23.45,23.57,23.64,22.89,23.38,20.23,22.75,23.94,19.63,23.79,19.52,22.52,19.93,18.86,20.06,19.00,18.46,19.73,20.18,19.68,19.68,21.47,19.93,19.46,20.74,21.04,9.53,10.54,9.06,7.40,8.38,9.31,7.14,9.86,9.63,8.77,8.77,8.11,8.61,8.15,9.38,7.05,7.27,7.58,18.16,18.36,19.39,18.06,18.94,17.14],
  [22.00,13.56,13.46,3.85,8.04,26.11,5.92,6.10,3.32,3.32,5.98,4.05,6.58,14.24,12.84,12.87,16.06,15.17,16.25,14.72,13.71,15.24,14.96,13.18,16.50,15.95,14.62,16.06,3.15,2.75,2.74,4.44,6.07,3.75,5.47,5.53,11.35,12.58,9.42,9.88,6.62,11.37,6.63,2.47,3.19,4.58,2.63,2.11,2.56,1.46,1.78,2.46,2.85,4.15,0.33,1.31,7.12,6.99,1.59,2.58,3.40,2.06,2.59,99.00,2.50,23.89,23.23,23.72,24.98,23.70,24.50,23.19,24.03,24.29,23.92,22.37,25.48,25.57,25.57,24.91,25.40,22.27,24.71,25.95,21.70,25.76,21.64,24.42,21.31,20.05,21.38,20.32,19.55,20.85,21.47,21.16,21.16,23.00,21.42,20.68,22.19,22.50,10.56,11.48,11.33,9.74,10.43,11.12,9.21,12.00,11.69,10.94,10.03,10.23,10.65,10.35,11.36,8.47,9.52,9.86,20.28,20.54,21.30,20.27,20.69,19.28],
  [21.08,13.75,11.87,1.37,10.39,24.53,7.52,7.68,2.98,2.98,7.17,4.98,4.52,12.78,11.84,11.93,15.35,13.93,15.10,13.30,12.81,14.35,14.08,11.84,15.96,14.92,13.43,15.28,2.32,5.13,5.03,6.93,8.56,5.96,6.95,6.91,12.73,14.05,10.30,10.85,7.83,12.92,5.08,2.73,1.06,2.34,2.81,0.47,4.21,3.45,0.80,3.66,4.17,2.16,2.52,3.47,5.36,5.56,1.36,1.57,0.91,0.57,4.12,2.50,99.00,23.23,22.42,22.90,24.24,22.77,23.62,22.47,23.26,23.52,23.14,21.77,24.80,24.85,24.75,24.22,24.73,21.63,23.96,25.25,21.12,25.01,21.15,23.59,19.93,18.49,19.94,18.89,17.93,19.23,19.99,19.88,19.88,21.75,20.14,19.15,20.87,21.18,9.10,9.90,11.29,9.89,10.08,10.42,8.97,11.71,11.30,10.73,8.81,9.99,10.28,10.23,10.86,7.50,9.54,9.91,19.80,20.15,20.50,19.92,19.70,18.83],
  [3.22,11.71,13.12,22.77,29.77,10.29,20.53,20.41,20.66,20.66,19.42,20.28,19.70,11.90,11.51,11.36,7.88,10.13,8.88,11.32,10.47,8.96,9.21,12.18,7.41,8.67,10.42,7.96,21.08,25.85,26.06,25.50,25.98,23.08,29.32,29.40,35.13,36.25,33.29,33.77,30.51,35.00,27.29,21.43,22.23,24.31,25.91,23.55,26.45,25.32,23.11,26.29,21.49,24.73,23.58,25.13,27.08,27.87,24.25,24.80,22.97,23.01,21.86,23.89,23.23,99.00,1.69,1.61,1.28,2.66,2.20,0.88,1.10,1.11,1.11,1.61,1.59,1.75,2.22,1.03,1.52,1.63,1.20,2.08,2.29,2.06,2.67,1.80,7.56,9.55,8.16,8.30,10.31,9.99,8.51,6.67,6.67,5.97,6.59,9.13,6.82,6.79,14.79,14.47,12.96,14.67,13.50,12.83,14.73,12.01,12.24,13.11,14.64,13.75,13.27,13.75,12.54,15.74,14.67,14.41,3.87,4.04,2.96,4.46,4.55,4.89],
  [1.64,11.70,11.85,21.87,29.43,8.79,20.24,20.14,19.95,19.95,19.07,19.77,18.70,10.64,10.59,10.48,7.19,8.94,7.67,10.05,9.60,8.06,8.33,11.04,6.97,7.60,9.29,7.18,20.33,25.31,25.50,25.11,25.69,22.68,28.69,28.76,34.54,35.70,32.58,33.08,29.85,34.46,26.29,20.76,21.39,23.37,25.14,22.76,25.80,24.68,22.35,25.60,20.95,23.82,22.93,24.50,26.04,26.87,23.49,23.99,22.10,22.23,21.32,23.23,22.42,1.69,99.00,0.49,1.97,1.17,1.36,1.02,0.93,1.19,0.82,2.20,2.72,2.59,2.34,2.18,2.64,1.93,1.64,3.03,2.64,2.64,3.30,1.19,5.88,7.89,6.48,6.64,8.67,8.31,6.83,5.00,5.00,4.31,4.91,7.45,5.13,5.11,13.74,13.33,12.62,14.32,12.96,12.12,14.19,11.57,11.72,12.66,13.70,13.25,12.72,13.31,11.94,14.92,14.25,14.02,4.08,4.54,1.94,4.97,3.08,4.96],
  [2.02,12.16,12.28,22.35,29.92,8.70,20.73,20.62,20.44,20.44,19.56,20.26,19.17,11.07,11.07,10.97,7.68,9.39,8.12,10.49,10.09,8.55,8.82,11.50,7.46,8.07,9.75,7.67,20.81,25.80,25.99,25.60,26.17,23.17,29.18,29.25,35.03,36.19,33.07,33.57,30.34,34.95,26.76,21.25,21.88,23.84,25.63,23.25,26.29,25.17,22.84,26.08,21.44,24.29,23.42,24.99,26.51,27.34,23.98,24.47,22.58,22.71,21.81,23.72,22.90,1.61,0.49,99.00,1.58,1.05,0.91,1.19,0.61,0.81,0.53,2.47,2.36,2.18,1.85,1.87,2.29,2.25,1.25,2.63,2.98,2.19,3.61,0.71,6.09,8.14,6.67,6.90,8.93,8.51,7.01,5.24,5.24,4.38,5.12,7.67,5.27,5.22,14.21,13.78,13.11,14.80,13.45,12.61,14.68,12.06,12.21,13.15,14.18,13.74,13.21,13.80,12.43,15.41,14.74,14.50,4.48,4.90,2.43,5.33,3.49,5.39],
  [3.60,12.96,13.82,23.74,30.97,9.64,21.74,21.62,21.72,21.72,20.61,21.42,20.61,12.61,12.45,12.33,8.92,10.89,9.63,12.02,11.44,9.91,10.17,12.98,8.55,9.52,11.23,8.96,22.12,26.99,27.19,26.68,27.18,24.26,30.42,30.49,36.25,37.38,34.35,34.84,31.60,36.13,28.20,22.51,23.23,25.26,26.95,24.58,27.54,26.42,24.15,27.36,22.62,25.69,24.67,26.23,27.96,28.78,25.29,25.81,23.95,24.04,22.99,24.98,24.24,1.28,1.97,1.58,99.00,2.41,1.55,1.80,1.04,0.79,1.16,2.87,0.80,0.62,0.98,0.50,0.73,2.83,0.34,1.06,3.54,0.81,3.94,1.21,7.58,9.68,8.15,8.44,10.48,10.00,8.48,6.77,6.77,5.73,6.64,9.18,6.71,6.62,15.66,15.27,14.14,15.85,14.62,13.88,15.86,13.16,13.36,14.26,15.58,14.89,14.38,14.90,13.64,16.74,15.83,15.58,5.13,5.32,3.77,5.74,5.05,6.13],
  [1.70,12.58,11.85,22.17,30.09,7.66,20.95,20.85,20.40,20.40,19.75,20.34,18.92,10.66,10.94,10.86,7.76,9.06,7.80,10.07,10.00,8.46,8.74,11.19,7.70,7.86,9.47,7.68,20.74,25.86,26.03,25.75,26.38,23.31,29.17,29.23,35.04,36.22,32.99,33.51,30.31,34.99,26.49,21.23,21.74,23.62,25.52,23.13,26.26,25.15,22.74,26.03,21.50,24.09,23.41,24.98,26.21,27.07,23.89,24.34,22.41,22.61,21.87,23.70,22.77,2.66,1.17,1.05,2.41,99.00,0.99,2.16,1.61,1.75,1.56,3.36,3.21,2.93,2.27,2.80,3.14,3.09,2.09,3.36,3.77,2.80,4.45,1.21,5.18,7.29,5.74,6.06,8.10,7.59,6.07,4.39,4.39,3.36,4.25,6.78,4.31,4.23,13.94,13.44,13.33,15.01,13.55,12.60,14.77,12.23,12.33,13.31,13.99,13.87,13.31,13.96,12.50,15.31,14.90,14.69,5.14,5.66,2.64,6.08,3.10,5.96],
  [2.57,13.06,12.81,23.04,30.77,8.16,21.59,21.48,21.21,21.21,20.41,21.07,19.83,11.61,11.78,11.69,8.48,9.98,8.72,11.02,10.82,9.28,9.56,12.11,8.32,8.74,10.38,8.45,21.56,26.61,26.80,26.44,27.03,24.01,29.96,30.02,35.82,36.99,33.82,34.33,31.11,35.75,27.40,22.03,22.59,24.51,26.36,23.98,27.06,25.95,23.58,26.84,22.25,24.98,24.20,25.77,27.13,27.98,24.72,25.19,23.28,23.45,22.62,24.50,23.62,2.20,1.36,0.91,1.55,0.99,99.00,2.04,1.12,1.10,1.15,3.34,2.33,2.00,1.29,2.01,2.27,3.15,1.28,2.41,3.88,1.83,4.48,0.41,6.12,8.25,6.66,7.03,9.06,8.52,6.98,5.36,5.36,4.19,5.20,7.72,5.20,5.09,14.84,14.37,13.97,15.66,14.27,13.38,15.50,12.90,13.03,13.99,14.86,14.57,14.03,14.64,13.24,16.14,15.58,15.36,5.40,5.80,3.25,6.23,4.02,6.31],
  [2.39,11.24,12.25,21.99,29.18,9.81,19.96,19.85,19.93,19.93,18.82,19.62,18.89,11.04,10.71,10.58,7.14,9.28,8.02,10.46,9.69,8.17,8.43,11.33,6.75,7.84,9.58,7.19,20.34,25.19,25.39,24.89,25.41,22.47,28.63,28.70,34.45,35.59,32.57,33.05,29.81,34.34,26.48,20.72,21.47,23.52,25.17,22.81,25.75,24.62,22.37,25.58,20.82,23.95,22.88,24.43,26.26,27.06,23.51,24.05,22.19,22.26,21.20,23.19,22.47,0.88,1.02,1.19,1.80,2.16,2.04,99.00,1.01,1.21,0.93,1.30,2.34,2.38,2.54,1.76,2.26,1.14,1.56,2.78,1.88,2.60,2.45,1.70,6.78,8.73,7.39,7.48,9.48,9.20,7.75,5.88,5.88,5.31,5.80,8.33,6.09,6.08,13.97,13.63,12.36,14.07,12.82,12.10,14.06,11.37,11.57,12.47,13.85,13.09,12.59,13.11,11.84,14.98,14.04,13.79,3.45,3.78,2.10,4.21,3.68,4.42],
  [2.57,12.24,12.78,22.74,30.12,9.19,20.91,20.80,20.76,20.76,19.76,20.52,19.59,11.56,11.45,11.33,7.97,9.85,8.59,10.98,10.45,8.91,9.18,11.95,7.67,8.49,10.20,7.99,21.15,26.07,26.27,25.82,26.36,23.39,29.48,29.55,35.32,36.47,33.39,33.89,30.65,35.22,27.18,21.56,22.24,24.25,25.97,23.60,26.59,25.47,23.18,26.41,21.71,24.69,23.73,25.29,26.94,27.76,24.32,24.83,22.95,23.06,22.08,24.03,23.26,1.10,0.93,0.61,1.04,1.61,1.12,1.01,99.00,0.26,0.12,2.29,1.79,1.66,1.57,1.27,1.71,2.15,0.72,2.10,2.89,1.75,3.43,0.73,6.69,8.75,7.28,7.50,9.53,9.12,7.61,5.84,5.84,4.96,5.73,8.28,5.88,5.82,14.63,14.24,13.30,15.00,13.71,12.92,14.94,12.28,12.46,13.38,14.57,13.99,13.47,14.02,12.71,15.76,14.96,14.71,4.46,4.78,2.76,5.21,4.01,5.42],
  [2.81,12.45,13.03,23.00,30.36,9.24,21.15,21.03,21.02,21.02,20.00,20.77,19.85,11.82,11.71,11.60,8.23,10.12,8.85,11.24,10.71,9.18,9.44,12.21,7.91,8.76,10.46,8.25,21.41,26.33,26.52,26.06,26.60,23.63,29.74,29.81,35.57,36.72,33.65,34.15,30.91,35.47,27.44,21.82,22.50,24.51,26.23,23.86,26.85,25.73,23.44,26.67,21.96,24.95,23.98,25.54,27.20,28.02,24.58,25.09,23.22,23.32,22.33,24.29,23.52,1.11,1.19,0.81,0.79,1.75,1.10,1.21,0.26,99.00,0.38,2.46,1.55,1.40,1.33,1.07,1.48,2.34,0.46,1.85,3.08,1.49,3.59,0.69,6.88,8.95,7.45,7.71,9.74,9.30,7.79,6.04,6.04,5.10,5.92,8.47,6.04,5.97,14.90,14.50,13.54,15.24,13.96,13.18,15.20,12.53,12.71,13.63,14.83,14.24,13.72,14.27,12.96,16.02,15.20,14.96,4.66,4.95,3.02,5.38,4.27,5.63],
  [2.46,12.14,12.66,22.62,30.01,9.17,20.80,20.69,20.65,20.65,19.65,20.40,19.47,11.45,11.33,11.21,7.85,9.73,8.47,10.86,10.33,8.79,9.06,11.83,7.56,8.37,10.08,7.87,21.03,25.96,26.15,25.71,26.25,23.28,29.37,29.44,35.20,36.35,33.28,33.77,30.54,35.11,27.06,21.45,22.12,24.13,25.85,23.48,26.48,25.36,23.06,26.29,21.59,24.57,23.61,25.17,26.82,27.64,24.20,24.71,22.83,22.94,21.97,23.92,23.14,1.11,0.82,0.53,1.16,1.56,1.15,0.93,0.12,0.38,99.00,2.23,1.90,1.78,1.68,1.37,1.82,2.07,0.84,2.22,2.81,1.87,3.37,0.78,6.61,8.65,7.19,7.41,9.44,9.03,7.53,5.75,5.75,4.90,5.64,8.19,5.80,5.75,14.51,14.12,13.19,14.89,13.59,12.81,14.83,12.17,12.34,13.27,14.45,13.88,13.36,13.91,12.59,15.64,14.84,14.60,4.37,4.71,2.64,5.14,3.90,5.33],
  [3.04,10.10,12.02,21.35,28.17,10.91,18.93,18.81,19.15,19.15,17.82,18.72,18.35,10.81,10.14,9.97,6.43,9.00,7.78,10.25,9.09,7.61,7.85,10.96,5.87,7.45,9.23,6.56,19.59,24.29,24.50,23.91,24.37,21.49,27.78,27.86,33.57,34.69,31.77,32.24,28.98,33.43,25.92,19.91,20.78,22.92,24.42,22.08,24.92,23.79,21.63,24.78,19.93,23.32,22.05,23.59,25.73,26.50,22.76,23.34,21.53,21.53,20.31,22.37,21.77,1.61,2.20,2.47,2.87,3.36,3.34,1.30,2.29,2.46,2.23,99.00,3.17,3.36,3.74,2.64,3.10,0.35,2.72,3.68,0.68,3.67,1.14,3.00,7.44,9.22,8.06,7.99,9.92,9.80,8.43,6.49,6.49,6.25,6.46,8.90,6.89,6.93,13.50,13.25,11.37,13.08,11.95,11.35,13.18,10.44,10.69,11.54,13.27,12.19,11.72,12.17,11.01,14.29,13.09,12.82,2.26,2.49,2.15,2.92,3.97,3.28],
  [4.35,13.23,14.52,24.32,31.34,10.32,22.09,21.97,22.24,22.24,20.99,21.87,21.23,13.31,13.05,12.91,9.45,11.57,10.31,12.73,12.02,10.50,10.76,13.65,9.00,10.16,11.89,9.52,22.65,27.44,27.65,27.08,27.54,24.66,30.90,30.98,36.71,37.84,34.87,35.35,32.10,36.58,28.82,23.02,23.79,25.86,27.48,25.13,28.03,26.91,24.69,27.87,23.08,26.28,25.17,26.71,28.60,29.40,25.83,26.37,24.52,24.58,23.45,25.48,24.80,1.59,2.72,2.36,0.80,3.21,2.33,2.34,1.79,1.55,1.90,3.17,99.00,0.45,1.43,0.58,0.08,3.22,1.13,0.52,3.85,0.87,4.13,2.00,8.38,10.48,8.95,9.24,11.28,10.80,9.27,7.57,7.57,6.51,7.44,9.98,7.50,7.41,16.30,15.94,14.53,16.24,15.08,14.41,16.32,13.59,13.82,14.69,16.18,15.34,14.85,15.33,14.12,17.30,16.25,15.98,5.41,5.49,4.40,5.89,5.79,6.44],
  [4.20,13.45,14.44,24.35,31.51,9.89,22.27,22.16,22.32,22.32,21.16,21.99,21.23,13.22,13.07,12.94,9.52,11.51,10.25,12.64,12.05,10.52,10.79,13.61,9.12,10.14,11.85,9.57,22.72,27.56,27.76,27.24,27.72,24.81,31.01,31.08,36.83,37.96,34.95,35.44,32.19,36.71,28.82,23.10,23.84,25.87,27.55,25.18,28.13,27.01,24.75,27.96,23.20,26.31,25.26,26.81,28.58,29.40,25.89,26.42,24.56,24.64,23.57,25.57,24.85,1.75,2.59,2.18,0.62,2.93,2.00,2.38,1.66,1.40,1.78,3.36,0.45,99.00,0.99,0.73,0.44,3.37,0.94,0.45,4.04,0.43,4.38,1.71,8.10,10.22,8.65,8.99,11.02,10.51,8.97,7.31,7.31,6.18,7.17,9.70,7.20,7.09,16.28,15.89,14.69,16.40,15.20,14.48,16.43,13.73,13.94,14.83,16.19,15.46,14.96,15.47,14.22,17.35,16.39,16.14,5.62,5.75,4.39,6.16,5.66,6.64],
  [3.80,13.79,14.06,24.20,31.69,8.91,22.48,22.37,22.29,22.29,21.33,22.07,21.02,12.86,12.92,12.82,9.51,11.21,9.94,12.27,11.94,10.40,10.67,13.33,9.23,9.92,11.59,9.51,22.66,27.63,27.82,27.38,27.93,24.95,31.02,31.09,36.86,38.02,34.92,35.41,32.19,36.77,28.60,23.10,23.73,25.69,27.48,25.10,28.13,27.01,24.69,27.93,23.26,26.15,25.26,26.83,28.34,29.18,25.83,26.32,24.43,24.57,23.64,25.57,24.75,2.22,2.34,1.85,0.98,2.27,1.29,2.54,1.57,1.33,1.68,3.74,1.43,0.99,99.00,1.45,1.41,3.66,1.03,1.28,4.39,0.65,4.85,1.18,7.35,9.50,7.88,8.29,10.32,9.73,8.18,6.62,6.62,5.34,6.46,8.96,6.40,6.27,16.04,15.60,14.87,16.57,15.26,14.45,16.50,13.84,14.02,14.94,16.03,15.55,15.03,15.59,14.26,17.26,16.52,16.28,5.98,6.23,4.27,6.65,5.27,6.96],
  [3.82,12.73,13.95,23.74,30.80,10.13,21.56,21.45,21.67,21.67,20.45,21.31,20.65,12.74,12.47,12.33,8.88,11.00,9.74,12.16,11.44,9.92,10.18,13.07,8.44,9.58,11.32,8.94,22.08,26.88,27.09,26.53,27.01,24.11,30.34,30.42,36.15,37.28,34.30,34.78,31.53,36.02,28.24,22.45,23.22,25.28,26.91,24.55,27.47,26.34,24.11,27.30,22.52,25.70,24.60,26.15,28.02,28.82,25.25,25.79,23.95,24.01,22.89,24.91,24.22,1.03,2.18,1.87,0.50,2.80,2.01,1.76,1.27,1.07,1.37,2.64,0.58,0.73,1.45,99.00,0.50,2.66,0.73,1.05,3.32,1.10,3.65,1.64,7.94,10.01,8.52,8.77,10.81,10.37,8.85,7.11,7.11,6.14,6.99,9.54,7.10,7.03,15.72,15.36,13.99,15.70,14.52,13.84,15.76,13.04,13.26,14.14,15.60,14.78,14.29,14.78,13.55,16.73,15.70,15.44,4.90,5.02,3.83,5.43,5.25,5.92],
  [4.28,13.17,14.45,24.25,31.27,10.28,22.03,21.91,22.16,22.16,20.92,21.80,21.15,13.23,12.97,12.84,9.38,11.50,10.24,12.65,11.95,10.43,10.69,13.57,8.93,10.09,11.82,9.45,22.58,27.37,27.58,27.01,27.47,24.59,30.83,30.91,36.64,37.77,34.80,35.28,32.03,36.51,28.74,22.94,23.72,25.78,27.41,25.05,27.96,26.84,24.61,27.80,23.01,26.21,25.10,26.64,28.52,29.32,25.75,26.30,24.45,24.51,23.38,25.40,24.73,1.52,2.64,2.29,0.73,3.14,2.27,2.26,1.71,1.48,1.82,3.10,0.08,0.44,1.41,0.50,99.00,3.15,1.06,0.58,3.79,0.87,4.08,1.94,8.32,10.41,8.88,9.17,11.21,10.74,9.21,7.50,7.50,6.45,7.37,9.92,7.44,7.35,16.22,15.86,14.47,16.18,15.01,14.34,16.25,13.53,13.75,14.62,16.11,15.27,14.78,15.26,14.05,17.23,16.18,15.92,5.35,5.43,4.33,5.84,5.72,6.37],
  [2.70,10.14,11.77,21.20,28.15,10.60,18.91,18.79,19.04,19.04,17.79,18.65,18.17,10.55,9.96,9.80,6.28,8.75,7.52,9.99,8.92,7.43,7.67,10.74,5.78,7.23,8.99,6.39,19.47,24.22,24.43,23.87,24.36,21.45,27.69,27.77,33.50,34.62,31.67,32.15,28.89,33.36,25.75,19.81,20.64,22.76,24.30,21.95,24.83,23.70,21.50,24.67,19.86,23.16,21.96,23.50,25.55,26.33,22.64,23.20,21.38,21.40,20.23,22.27,21.63,1.63,1.93,2.25,2.83,3.09,3.15,1.14,2.15,2.34,2.07,0.35,3.22,3.37,3.66,2.66,3.15,99.00,2.65,3.71,0.74,3.64,1.36,2.83,7.09,8.88,7.72,7.64,9.58,9.45,8.08,6.14,6.14,5.91,6.12,8.55,6.54,6.58,13.30,13.02,11.33,13.04,11.87,11.23,13.10,10.38,10.61,11.48,13.10,12.12,11.64,12.11,10.91,14.15,13.03,12.77,2.32,2.65,1.82,3.08,3.64,3.31],
  [3.26,12.79,13.49,23.45,30.75,9.42,21.52,21.41,21.45,21.45,20.39,21.18,20.31,12.28,12.16,12.04,8.65,10.57,9.31,11.70,11.15,9.62,9.89,12.67,8.31,9.21,10.92,8.69,21.84,26.74,26.94,26.45,26.97,24.03,30.16,30.23,35.99,37.14,34.08,34.58,31.34,35.88,27.89,22.25,22.95,24.96,26.67,24.30,27.28,26.15,23.87,27.09,22.37,25.40,24.41,25.97,27.66,28.47,25.02,25.53,23.66,23.76,22.75,24.71,23.96,1.20,1.64,1.25,0.34,2.09,1.28,1.56,0.72,0.46,0.84,2.72,1.13,0.94,1.03,0.73,1.06,2.65,99.00,1.39,3.37,1.05,3.83,0.91,7.26,9.35,7.83,8.11,10.15,9.68,8.16,6.44,6.44,5.43,6.31,8.86,6.40,6.31,15.35,14.96,13.92,15.63,14.37,13.61,15.61,12.93,13.12,14.03,15.28,14.65,14.13,14.67,13.38,16.46,15.60,15.35,4.96,5.20,3.47,5.62,4.72,5.96],
  [4.65,13.75,14.88,24.77,31.85,10.18,22.61,22.49,22.71,22.71,21.50,22.36,21.65,13.67,13.48,13.35,9.91,11.95,10.69,13.08,12.46,10.94,11.20,14.04,9.49,10.57,12.29,9.97,23.12,27.93,28.14,27.58,28.05,25.16,31.39,31.47,37.20,38.33,35.34,35.83,32.58,37.07,29.24,23.49,24.25,26.29,27.95,25.58,28.51,27.39,25.15,28.35,23.57,26.72,25.65,27.20,29.01,29.82,26.29,26.83,24.97,25.04,23.94,25.95,25.25,2.08,3.03,2.63,1.06,3.36,2.41,2.78,2.10,1.85,2.22,3.68,0.52,0.45,1.28,1.05,0.58,3.71,1.39,99.00,4.36,0.64,4.66,2.15,8.52,10.65,9.07,9.42,11.46,10.93,9.39,7.75,7.75,6.58,7.60,10.13,7.61,7.49,16.71,16.33,15.04,16.75,15.57,14.88,16.81,14.09,14.31,15.19,16.61,15.83,15.34,15.82,14.60,17.76,16.75,16.49,5.93,6.01,4.81,6.41,6.11,6.95],
  [3.14,9.42,11.53,20.72,27.49,11.17,18.24,18.13,18.49,18.49,17.14,18.04,17.75,10.33,9.54,9.37,5.80,8.50,7.30,9.78,8.48,7.03,7.26,10.43,5.20,6.93,8.70,5.95,18.94,23.61,23.83,23.23,23.69,20.81,27.11,27.20,32.90,34.01,31.11,31.58,28.32,32.75,25.31,19.25,20.14,22.30,23.77,21.44,24.25,23.13,20.97,24.12,19.26,22.69,21.39,22.93,25.13,25.89,22.11,22.69,20.90,20.88,19.63,21.70,21.12,2.29,2.64,2.98,3.54,3.77,3.88,1.88,2.89,3.08,2.81,0.68,3.85,4.04,4.39,3.32,3.79,0.74,3.37,4.36,99.00,4.34,0.72,3.57,7.41,9.08,8.04,7.87,9.75,9.72,8.41,6.45,6.45,6.41,6.46,8.81,6.95,7.02,12.92,12.70,10.69,12.40,11.28,10.71,12.51,9.77,10.02,10.86,12.67,11.52,11.05,11.49,10.35,13.66,12.41,12.14,1.59,1.92,2.03,2.34,3.83,2.60],
  [4.21,13.76,14.47,24.49,31.77,9.55,22.54,22.43,22.50,22.50,21.41,22.22,21.34,13.27,13.20,13.08,9.71,11.58,10.31,12.68,12.20,10.66,10.93,13.69,9.35,10.24,11.94,9.74,22.89,27.78,27.98,27.49,27.99,25.06,31.21,31.28,37.04,38.18,35.13,35.63,32.39,36.93,28.93,23.30,23.99,26.00,27.72,25.35,28.33,27.20,24.92,28.14,23.42,26.44,25.46,27.01,28.68,29.51,26.07,26.58,24.70,24.81,23.79,25.76,25.01,2.06,2.64,2.19,0.81,2.80,1.83,2.60,1.75,1.49,1.87,3.67,0.87,0.43,0.65,1.10,0.87,3.64,1.05,0.64,4.34,99.00,4.72,1.62,7.94,10.08,8.48,8.86,10.89,10.33,8.79,7.18,7.18,5.96,7.03,9.55,7.01,6.89,16.38,15.97,14.95,16.66,15.42,14.66,16.65,13.96,14.16,15.06,16.32,15.69,15.18,15.70,14.43,17.51,16.63,16.38,5.93,6.10,4.51,6.51,5.68,6.94],
  [3.86,9.10,11.88,20.79,27.26,11.89,18.02,17.89,18.47,18.47,16.94,17.92,17.88,10.68,9.70,9.51,5.92,8.85,7.68,10.15,8.64,7.23,7.44,10.70,5.19,7.24,9.00,6.12,18.93,23.49,23.71,23.03,23.45,20.63,27.02,27.12,32.79,33.88,31.06,31.52,28.25,32.62,25.42,19.20,20.18,22.39,23.76,21.45,24.18,23.06,20.97,24.07,19.15,22.76,21.33,22.85,25.27,26.00,22.10,22.71,20.95,20.89,19.52,21.64,21.15,2.67,3.30,3.61,3.94,4.45,4.48,2.45,3.43,3.59,3.37,1.14,4.13,4.38,4.85,3.65,4.08,1.36,3.83,4.66,0.72,4.72,99.00,4.15,8.10,9.73,8.73,8.53,10.37,10.38,9.10,7.14,7.14,7.13,7.15,9.48,7.66,7.74,13.12,12.96,10.52,12.22,11.21,10.74,12.43,9.66,9.95,10.75,12.81,11.43,10.99,11.37,10.32,13.72,12.27,11.98,1.36,1.37,2.72,1.80,4.50,2.38],
  [2.62,12.84,12.89,23.03,30.62,8.56,21.43,21.32,21.14,21.14,20.26,20.96,19.84,11.68,11.75,11.65,8.38,10.02,8.76,11.10,10.77,9.23,9.51,12.15,8.16,8.74,10.40,8.37,21.51,26.51,26.70,26.30,26.87,23.87,29.88,29.95,35.73,36.90,33.76,34.26,31.04,35.65,27.42,21.95,22.56,24.51,26.32,23.93,26.99,25.87,23.53,26.78,22.14,24.97,24.12,25.69,27.16,28.00,24.67,25.16,23.26,23.40,22.52,24.42,23.59,1.80,1.19,0.71,1.21,1.21,0.41,1.70,0.73,0.69,0.78,3.00,2.00,1.71,1.18,1.64,1.94,2.83,0.91,2.15,3.57,1.62,4.15,99.00,6.39,8.50,6.95,7.27,9.31,8.80,7.27,5.60,5.60,4.52,5.46,7.99,5.51,5.41,14.86,14.42,13.81,15.50,14.15,13.31,15.39,12.76,12.91,13.86,14.85,14.45,13.91,14.50,13.13,16.10,15.44,15.21,5.11,5.48,3.13,5.91,4.09,6.05],
  [4.44,12.99,8.16,19.09,28.50,5.23,19.81,19.76,18.01,18.01,18.51,18.54,15.66,7.16,8.76,8.84,7.28,6.20,5.31,6.63,8.20,7.00,7.25,8.14,8.00,5.93,6.78,6.93,18.19,23.76,23.88,24.10,25.03,21.72,26.72,26.73,32.59,33.87,30.22,30.78,27.72,32.68,22.98,18.91,18.87,20.34,22.74,20.34,23.81,22.76,20.07,23.45,19.55,20.90,21.05,22.62,22.59,23.54,21.18,21.45,19.41,19.89,19.93,21.31,19.93,7.56,5.88,6.09,7.58,5.18,6.12,6.78,6.69,6.88,6.61,7.44,8.38,8.10,7.35,7.94,8.32,7.09,7.26,8.52,7.41,7.94,8.10,6.39,99.00,2.18,0.62,1.12,3.01,2.43,1.00,0.96,0.96,2.21,0.98,1.61,1.08,1.35,10.83,10.06,12.69,14.12,12.24,10.85,13.32,11.41,11.25,12.33,11.28,12.65,12.01,12.93,11.16,12.91,13.82,13.73,7.93,8.72,5.38,9.02,3.64,8.15],
  [6.34,13.15,6.62,17.56,27.49,6.07,19.10,19.07,16.79,16.79,17.78,17.58,14.10,5.82,8.02,8.17,7.55,5.39,4.90,5.39,7.71,6.84,7.04,6.98,8.50,5.72,5.98,7.12,16.90,22.59,22.68,23.12,24.15,20.78,25.37,25.36,31.21,32.52,28.73,29.31,26.32,31.35,21.24,17.71,17.43,18.72,21.29,18.92,22.49,21.47,18.70,22.08,18.50,19.30,19.80,21.36,20.82,21.80,19.78,19.97,17.91,18.50,18.86,20.05,18.49,9.55,7.89,8.14,9.68,7.29,8.25,8.73,8.75,8.95,8.65,9.22,10.48,10.22,9.50,10.01,10.41,8.88,9.35,10.65,9.08,10.08,9.73,8.50,2.18,99.00,1.78,1.25,0.84,0.98,1.64,2.91,2.91,4.36,3.05,0.70,3.23,3.46,9.48,8.60,12.41,13.67,11.68,10.17,12.66,11.13,10.86,11.92,10.10,12.12,11.47,12.47,10.66,11.81,13.30,13.27,9.31,10.13,7.08,10.36,5.26,9.33],
  [5.05,13.43,8.11,19.07,28.66,4.93,20.05,20.00,18.10,18.10,18.75,18.71,15.62,7.17,8.97,9.06,7.72,6.36,5.56,6.67,8.46,7.33,7.58,8.22,8.48,6.25,6.95,7.34,18.25,23.87,23.98,24.27,25.22,21.89,26.77,26.77,32.63,33.92,30.21,30.78,27.75,32.73,22.87,19.01,18.88,20.28,22.75,20.36,23.87,22.83,20.10,23.49,19.69,20.85,21.13,22.70,22.47,23.43,21.21,21.45,19.40,19.91,20.06,21.38,19.94,8.16,6.48,6.67,8.15,5.74,6.66,7.39,7.28,7.45,7.19,8.06,8.95,8.65,7.88,8.52,8.88,7.72,7.83,9.07,8.04,8.48,8.73,6.95,0.62,1.78,99.00,1.07,2.61,1.85,0.37,1.58,1.58,2.62,1.60,1.12,1.50,1.69,10.86,10.05,13.02,14.42,12.50,11.08,13.56,11.75,11.56,12.64,11.37,12.93,12.28,13.23,11.44,13.02,14.10,14.03,8.54,9.33,6.01,9.63,4.26,8.74],
  [5.09,12.55,7.08,18.03,27.59,5.97,19.01,18.96,17.03,17.03,17.70,17.64,14.59,6.12,7.91,8.02,6.86,5.30,4.54,5.61,7.44,6.37,6.60,7.15,7.70,5.26,5.89,6.46,17.19,22.80,22.91,23.20,24.16,20.83,25.71,25.71,31.57,32.86,29.17,29.74,26.69,31.67,21.87,17.94,17.83,19.26,21.70,19.31,22.80,21.76,19.05,22.43,18.63,19.82,20.06,21.63,21.48,22.44,20.15,20.40,18.35,18.86,19.00,20.32,18.89,8.30,6.64,6.90,8.44,6.06,7.03,7.48,7.50,7.71,7.41,7.99,9.24,8.99,8.29,8.77,9.17,7.64,8.11,9.42,7.87,8.86,8.53,7.27,1.12,1.25,1.07,99.00,2.04,1.89,1.23,1.68,1.68,3.30,1.84,0.99,2.19,2.47,9.80,9.00,12.04,13.41,11.48,10.03,12.52,10.76,10.56,11.63,10.30,11.90,11.25,12.21,10.42,11.95,13.08,13.01,8.17,8.98,5.86,9.24,4.04,8.26],
  [7.10,13.25,6.09,16.97,27.08,6.60,18.83,18.80,16.33,16.33,17.51,17.21,13.51,5.40,7.82,8.00,7.75,5.22,4.93,5.02,7.62,6.90,7.08,6.61,8.77,5.79,5.80,7.31,16.40,22.13,22.21,22.73,23.80,20.42,24.84,24.82,30.66,31.97,28.13,28.72,25.76,30.82,20.56,17.25,16.87,18.09,20.72,18.37,21.97,20.97,18.16,21.54,18.10,18.68,19.32,20.86,20.12,21.11,19.23,19.39,17.33,17.96,18.46,19.55,17.93,10.31,8.67,8.93,10.48,8.10,9.06,9.48,9.53,9.74,9.44,9.92,11.28,11.02,10.32,10.81,11.21,9.58,10.15,11.46,9.75,10.89,10.37,9.31,3.01,0.84,2.61,2.04,99.00,1.30,2.44,3.71,3.71,5.20,3.87,1.50,4.07,4.29,9.00,8.07,12.34,13.53,11.51,9.96,12.43,11.07,10.77,11.81,9.69,11.96,11.31,12.34,10.51,11.42,13.13,13.12,9.88,10.70,7.77,10.91,5.94,9.83],
  [6.83,14.13,7.39,18.27,28.35,5.30,20.03,20.00,17.62,17.62,18.71,18.46,14.81,6.66,8.97,9.13,8.50,6.34,5.87,6.27,8.68,7.81,8.02,7.86,9.43,6.69,6.93,8.08,17.70,23.42,23.50,23.99,25.04,21.67,26.14,26.12,31.96,33.28,29.43,30.02,27.06,32.12,21.83,18.54,18.17,19.38,22.02,19.67,23.27,22.26,19.46,22.84,19.37,19.98,20.61,22.15,21.38,22.38,20.54,20.70,18.63,19.26,19.73,20.85,19.23,9.99,8.31,8.51,10.00,7.59,8.52,9.20,9.12,9.30,9.03,9.80,10.80,10.51,9.73,10.37,10.74,9.45,9.68,10.93,9.72,10.33,10.38,8.80,2.43,0.98,1.85,1.89,1.30,99.00,1.55,3.33,3.33,4.43,3.40,0.91,3.33,3.49,10.29,9.37,13.38,14.64,12.64,11.11,13.60,12.11,11.83,12.89,10.96,13.08,12.43,13.44,11.62,12.68,14.26,14.23,10.06,10.87,7.69,11.13,5.89,10.14],
  [5.42,13.72,8.13,19.10,28.79,4.75,20.23,20.18,18.19,18.19,18.92,18.85,15.64,7.24,9.13,9.24,8.01,6.51,5.77,6.75,8.67,7.58,7.82,8.31,8.80,6.48,7.11,7.63,18.33,23.97,24.07,24.40,25.38,22.04,26.83,26.83,32.69,33.98,30.25,30.82,27.80,32.81,22.84,19.10,18.92,20.29,22.79,20.41,23.94,22.90,20.17,23.55,19.82,20.86,21.22,22.78,22.43,23.40,21.26,21.49,19.43,19.97,20.18,21.47,19.99,8.51,6.83,7.01,8.48,6.07,6.98,7.75,7.61,7.79,7.53,8.43,9.27,8.97,8.18,8.85,9.21,8.08,8.16,9.39,8.41,8.79,9.10,7.27,1.00,1.64,0.37,1.23,2.44,1.55,99.00,1.95,1.95,2.89,1.97,0.94,1.78,1.94,10.92,10.09,13.26,14.63,12.70,11.26,13.75,11.98,11.78,12.86,11.46,13.13,12.48,13.44,11.64,13.14,14.30,14.24,8.91,9.70,6.38,10.00,4.63,9.10],
  [3.51,12.30,8.25,19.10,28.21,5.85,19.41,19.34,17.85,17.85,18.12,18.26,15.70,7.17,8.46,8.50,6.61,6.00,4.97,6.62,7.80,6.50,6.77,8.04,7.24,5.49,6.55,6.29,18.06,23.56,23.69,23.81,24.68,21.41,26.60,26.62,32.48,33.74,30.18,30.73,27.63,32.54,23.11,18.74,18.82,20.40,22.68,20.28,23.68,22.62,19.98,23.35,19.30,20.94,20.89,22.47,22.75,23.68,21.10,21.42,19.40,19.81,19.68,21.16,19.88,6.67,5.00,5.24,6.77,4.39,5.36,5.88,5.84,6.04,5.75,6.49,7.57,7.31,6.62,7.11,7.50,6.14,6.44,7.75,6.45,7.18,7.14,5.60,0.96,2.91,1.58,1.68,3.71,3.33,1.95,99.00,0.00,1.89,0.26,2.45,1.08,1.38,10.79,10.08,12.15,13.64,11.81,10.49,12.93,10.89,10.77,11.85,11.14,12.21,11.57,12.46,10.73,12.71,13.37,13.26,6.98,7.77,4.42,8.07,2.69,7.23],
  [3.51,12.30,8.25,19.10,28.21,5.85,19.41,19.34,17.85,17.85,18.12,18.26,15.70,7.17,8.46,8.50,6.61,6.00,4.97,6.62,7.80,6.50,6.77,8.04,7.24,5.49,6.55,6.29,18.06,23.56,23.69,23.81,24.68,21.41,26.60,26.62,32.48,33.74,30.18,30.73,27.63,32.54,23.11,18.74,18.82,20.40,22.68,20.28,23.68,22.62,19.98,23.35,19.30,20.94,20.89,22.47,22.75,23.68,21.10,21.42,19.40,19.81,19.68,21.16,19.88,6.67,5.00,5.24,6.77,4.39,5.36,5.88,5.84,6.04,5.75,6.49,7.57,7.31,6.62,7.11,7.50,6.14,6.44,7.75,6.45,7.18,7.14,5.60,0.96,2.91,1.58,1.68,3.71,3.33,1.95,0.00,99.00,1.89,0.26,2.45,1.08,1.38,10.79,10.08,12.15,13.64,11.81,10.49,12.93,10.89,10.77,11.85,11.14,12.21,11.57,12.46,10.73,12.71,13.37,13.26,6.98,7.77,4.42,8.07,2.69,7.23],
  [3.27,13.57,10.13,20.98,29.96,4.86,21.07,21.00,19.68,19.68,19.79,20.02,17.58,9.06,10.24,10.26,8.02,7.84,6.76,8.50,9.51,8.13,8.41,9.91,8.45,7.19,8.38,7.76,19.91,25.37,25.51,25.56,26.39,23.15,28.45,28.47,34.33,35.58,32.05,32.60,29.49,34.38,24.99,20.57,20.69,22.29,24.55,22.15,25.53,24.46,21.84,25.21,21.09,22.83,22.73,24.31,24.63,25.56,22.97,23.29,21.28,21.67,21.47,23.00,21.75,5.97,4.31,4.38,5.73,3.36,4.19,5.31,4.96,5.10,4.90,6.25,6.51,6.18,5.34,6.14,6.45,5.91,5.43,6.58,6.41,5.96,7.13,4.52,2.21,4.36,2.62,3.30,5.20,4.43,2.89,1.89,1.89,99.00,1.63,3.74,1.14,0.94,12.67,11.97,13.68,15.23,13.47,12.22,14.63,12.44,12.38,13.44,13.00,13.86,13.23,14.07,12.39,14.54,15.00,14.86,7.33,8.04,4.52,8.41,3.29,7.82],
  [3.45,12.49,8.50,19.35,28.46,5.66,19.65,19.58,18.11,18.11,18.36,18.51,15.95,7.43,8.71,8.75,6.82,6.26,5.22,6.87,8.04,6.73,7.00,8.30,7.42,5.73,6.81,6.51,18.32,23.81,23.95,24.06,24.93,21.65,26.86,26.88,32.74,34.00,30.44,30.99,27.89,32.79,23.36,19.00,19.08,20.66,22.94,20.54,23.94,22.87,20.24,23.61,19.56,21.20,21.15,22.73,23.00,23.93,21.36,21.68,19.65,20.07,19.93,21.42,20.14,6.59,4.91,5.12,6.64,4.25,5.20,5.80,5.73,5.92,5.64,6.46,7.44,7.17,6.46,6.99,7.37,6.12,6.31,7.60,6.46,7.03,7.15,5.46,0.98,3.05,1.60,1.84,3.87,3.40,1.97,0.26,0.26,1.63,99.00,2.55,0.86,1.14,11.05,10.34,12.37,13.87,12.05,10.74,13.18,11.11,11.00,12.08,11.40,12.45,11.81,12.70,10.97,12.97,13.60,13.49,7.03,7.82,4.43,8.13,2.74,7.32],
  [5.95,13.42,7.28,18.24,28.07,5.45,19.62,19.58,17.41,17.41,18.30,18.15,14.78,6.44,8.52,8.65,7.76,5.88,5.27,5.99,8.14,7.16,7.39,7.57,8.64,6.05,6.47,7.35,17.53,23.21,23.30,23.70,24.70,21.35,26.02,26.01,31.86,33.17,29.40,29.97,26.97,32.00,21.94,18.33,18.09,19.41,21.95,19.58,23.13,22.11,19.35,22.73,19.09,19.99,20.43,21.99,21.52,22.49,20.44,20.64,18.58,19.15,19.46,20.68,19.15,9.13,7.45,7.67,9.18,6.78,7.72,8.33,8.28,8.47,8.19,8.90,9.98,9.70,8.96,9.54,9.92,8.55,8.86,10.13,8.81,9.55,9.48,7.99,1.61,0.70,1.12,0.99,1.50,0.91,0.94,2.45,2.45,3.74,2.55,99.00,2.60,2.81,10.12,9.25,12.80,14.11,12.15,10.66,13.15,11.52,11.28,12.35,10.71,12.58,11.93,12.91,11.10,12.40,13.76,13.71,9.16,9.97,6.79,10.23,4.98,9.25],
  [3.84,13.33,9.15,20.06,29.28,4.83,20.49,20.43,18.88,18.88,19.20,19.33,16.64,8.12,9.52,9.58,7.67,7.03,6.04,7.58,8.88,7.58,7.85,9.04,8.25,6.57,7.60,7.36,19.08,24.61,24.73,24.88,25.76,22.48,27.62,27.63,33.50,34.76,31.17,31.72,28.64,33.56,24.00,19.78,19.81,21.34,23.67,21.28,24.70,23.64,20.99,24.36,20.36,21.88,21.93,23.50,23.62,24.56,22.10,22.40,20.37,20.81,20.74,22.19,20.87,6.82,5.13,5.27,6.71,4.31,5.20,6.09,5.88,6.04,5.80,6.89,7.50,7.20,6.40,7.10,7.44,6.54,6.40,7.61,6.95,7.01,7.66,5.51,1.08,3.23,1.50,2.19,4.07,3.33,1.78,1.08,1.08,1.14,0.86,2.60,99.00,0.31,11.77,11.03,13.23,14.72,12.89,11.57,14.02,11.97,11.86,12.93,12.16,13.30,12.66,13.55,11.81,13.75,14.45,14.34,7.66,8.43,4.95,8.76,3.40,8.02],
  [3.89,13.59,9.46,20.36,29.58,4.60,20.79,20.72,19.19,19.19,19.50,19.63,16.95,8.43,9.83,9.88,7.94,7.34,6.34,7.88,9.18,7.87,8.14,9.35,8.49,6.87,7.90,7.63,19.39,24.91,25.04,25.18,26.06,22.78,27.93,27.94,33.80,35.07,31.47,32.03,28.95,33.87,24.30,20.09,20.11,21.64,23.98,21.58,25.01,23.95,21.29,24.67,20.67,22.19,22.23,23.81,23.92,24.86,22.41,22.71,20.67,21.12,21.04,22.50,21.18,6.79,5.11,5.22,6.62,4.23,5.09,6.08,5.82,5.97,5.75,6.93,7.41,7.09,6.27,7.03,7.35,6.58,6.31,7.49,7.02,6.89,7.74,5.41,1.35,3.46,1.69,2.47,4.29,3.49,1.94,1.38,1.38,0.94,1.14,2.81,0.31,99.00,12.08,11.34,13.51,15.01,13.19,11.87,14.31,12.25,12.14,13.22,12.47,13.59,12.95,13.84,12.11,14.06,14.74,14.63,7.79,8.54,5.05,8.88,3.56,8.18],
  [12.27,8.88,2.94,8.32,18.13,15.55,10.45,10.47,7.33,7.33,9.16,8.41,4.99,3.69,3.46,3.70,7.24,4.91,6.14,4.20,4.52,5.90,5.68,2.77,8.20,6.14,4.47,7.00,7.41,13.13,13.21,13.82,15.00,11.59,15.91,15.91,21.77,23.06,19.39,19.95,16.89,21.88,12.56,8.25,8.04,9.70,11.91,9.51,13.01,11.99,9.24,12.63,9.18,10.20,10.32,11.87,12.31,13.14,10.35,10.63,8.61,9.05,9.53,10.56,9.10,14.79,13.74,14.21,15.66,13.94,14.84,13.97,14.63,14.90,14.51,13.50,16.30,16.28,16.04,15.72,16.22,13.30,15.35,16.71,12.92,16.38,13.12,14.86,10.83,9.48,10.86,9.80,9.00,10.29,10.92,10.79,10.79,12.67,11.05,10.12,11.77,12.08,99.00,1.05,6.50,6.62,4.87,3.62,4.98,5.81,5.21,5.65,1.16,5.22,4.83,5.75,4.60,2.73,6.04,6.26,11.87,12.43,11.90,12.32,10.83,11.06],
  [11.81,9.48,1.98,9.03,19.13,14.66,11.50,11.52,8.29,8.29,10.21,9.44,5.61,2.91,3.55,3.84,7.18,4.39,5.66,3.47,4.54,5.75,5.57,2.29,8.23,5.80,4.05,6.88,8.33,14.09,14.15,14.84,16.03,12.62,16.77,16.76,22.61,23.92,20.17,20.74,17.72,22.75,13.08,9.22,8.84,10.32,12.71,10.33,13.90,12.89,10.10,13.48,10.20,10.86,11.25,12.79,12.78,13.66,11.18,11.40,9.35,9.90,10.54,11.48,9.90,14.47,13.33,13.78,15.27,13.44,14.37,13.63,14.24,14.50,14.12,13.25,15.94,15.89,15.60,15.36,15.86,13.02,14.96,16.33,12.70,15.97,12.96,14.42,10.06,8.60,10.05,9.00,8.07,9.37,10.09,10.08,10.08,11.97,10.34,9.25,11.03,11.34,1.05,99.00,7.24,7.51,5.66,4.26,5.91,6.42,5.83,6.39,2.14,6.05,5.59,6.57,5.24,3.78,6.94,7.13,11.76,12.36,11.54,12.29,10.35,11.01],
  [11.71,2.64,8.06,11.29,16.83,17.92,7.62,7.52,8.37,8.37,6.46,7.45,9.29,7.73,4.74,4.48,5.70,7.15,7.53,7.77,4.73,5.69,5.44,6.55,5.65,6.78,6.60,5.92,8.97,13.00,13.23,12.54,13.07,10.12,16.59,16.70,22.30,23.37,20.71,21.13,17.85,22.11,16.09,8.98,10.46,12.99,13.65,11.50,13.81,12.69,10.94,13.78,8.69,13.20,11.00,12.47,16.13,16.64,12.02,12.77,11.32,10.91,9.06,11.33,11.29,12.96,12.62,13.11,14.14,13.33,13.97,12.36,13.30,13.54,13.19,11.37,14.53,14.69,14.87,13.99,14.47,11.33,13.92,15.04,10.69,14.95,10.52,13.81,12.69,12.41,13.02,12.04,12.34,13.38,13.26,12.15,12.15,13.68,12.37,12.80,13.23,13.51,6.50,7.24,99.00,1.71,1.69,3.00,2.38,1.28,1.62,0.86,5.42,1.48,1.68,1.08,2.07,4.93,1.80,1.48,9.17,9.32,10.73,9.01,10.68,8.14],
  [13.37,3.87,8.69,10.03,15.12,19.34,5.94,5.84,6.93,6.93,4.76,5.80,8.43,8.59,5.73,5.53,7.32,8.31,8.87,8.73,5.98,7.14,6.87,7.33,7.34,8.19,7.73,7.50,7.57,11.32,11.56,10.83,11.37,8.42,14.94,15.05,20.61,21.68,19.08,19.49,16.21,20.41,14.81,7.45,9.13,11.74,12.13,10.06,12.19,11.07,9.48,12.19,7.05,11.89,9.41,10.84,14.91,15.35,10.52,11.32,10.01,9.48,7.40,9.74,9.89,14.67,14.32,14.80,15.85,15.01,15.66,14.07,15.00,15.24,14.89,13.08,16.24,16.40,16.57,15.70,16.18,13.04,15.63,16.75,12.40,16.66,12.22,15.50,14.12,13.67,14.42,13.41,13.53,14.64,14.63,13.64,13.64,15.23,13.87,14.11,14.72,15.01,6.62,7.51,1.71,99.00,2.05,3.66,1.67,2.80,2.87,1.79,5.46,1.60,2.23,1.20,3.02,4.44,0.59,0.41,10.87,11.01,12.42,10.70,12.30,9.84],
  [11.87,4.28,6.68,9.94,16.58,17.44,7.60,7.53,7.29,7.29,6.32,6.81,7.71,6.55,3.70,3.52,5.79,6.30,6.94,6.68,4.04,5.34,5.06,5.29,6.09,6.32,5.72,5.88,7.80,12.37,12.57,12.21,12.94,9.77,15.83,15.91,21.63,22.77,19.84,20.30,17.04,21.51,14.73,7.99,9.19,11.63,12.60,10.34,12.97,11.85,9.83,12.86,8.00,11.89,10.11,11.64,14.72,15.29,10.94,11.61,10.02,9.77,8.38,10.43,10.08,13.50,12.96,13.45,14.62,13.55,14.27,12.82,13.71,13.96,13.59,11.95,15.08,15.20,15.26,14.52,15.01,11.87,14.37,15.57,11.28,15.42,11.21,14.15,12.24,11.68,12.50,11.48,11.51,12.64,12.70,11.81,11.81,13.47,12.05,12.15,12.89,13.19,4.87,5.66,1.69,2.05,99.00,1.62,1.24,1.63,1.26,0.84,3.76,0.45,0.24,0.93,1.08,3.29,1.62,1.64,9.85,10.13,11.03,9.87,10.70,8.85],
  [10.90,5.26,5.10,10.06,17.74,16.01,8.98,8.93,7.84,7.84,7.67,7.82,7.37,4.93,2.14,2.02,4.96,4.78,5.54,5.08,2.71,4.17,3.89,3.68,5.55,5.03,4.19,4.94,8.24,13.27,13.44,13.34,14.19,10.93,16.58,16.64,22.44,23.63,20.47,20.96,17.73,22.39,14.75,8.65,9.44,11.69,13.07,10.73,13.68,12.56,10.28,13.48,8.93,12.04,10.82,12.38,14.66,15.33,11.42,11.98,10.21,10.18,9.31,11.12,10.42,12.83,12.12,12.61,13.88,12.60,13.38,12.10,12.92,13.18,12.81,11.35,14.41,14.48,14.45,13.84,14.34,11.23,13.61,14.88,10.71,14.66,10.74,13.31,10.85,10.17,11.08,10.03,9.96,11.11,11.26,10.49,10.49,12.22,10.74,10.66,11.57,11.87,3.62,4.26,3.00,3.66,1.62,99.00,2.49,2.19,1.59,2.19,2.67,2.06,1.46,2.52,0.98,3.00,3.20,3.25,9.40,9.79,10.19,9.60,9.63,8.45],
  [13.09,5.00,7.23,8.91,15.37,18.49,6.49,6.44,6.11,6.11,5.19,5.58,6.96,7.28,4.63,4.51,7.02,7.27,8.02,7.49,5.14,6.51,6.23,6.00,7.32,7.45,6.68,7.10,6.66,11.13,11.33,11.00,11.76,8.56,14.60,14.69,20.40,21.53,18.63,19.08,15.81,20.28,13.72,6.79,8.11,10.62,11.42,9.20,11.75,10.62,8.67,11.65,6.76,10.84,8.90,10.42,13.74,14.27,9.77,10.48,8.96,8.62,7.14,9.21,8.97,14.73,14.19,14.68,15.86,14.77,15.50,14.06,14.94,15.20,14.83,13.18,16.32,16.43,16.50,15.76,16.25,13.10,15.61,16.81,12.51,16.65,12.43,15.39,13.32,12.66,13.56,12.52,12.43,13.60,13.75,12.93,12.93,14.63,13.18,13.15,14.02,14.31,4.98,5.91,2.38,1.67,1.24,2.49,99.00,2.79,2.49,1.77,3.82,1.03,1.47,1.30,2.28,2.79,1.09,1.38,11.07,11.33,12.26,11.06,11.90,10.07],
  [10.58,3.07,7.01,11.56,17.87,16.65,8.73,8.64,8.89,8.89,7.52,8.28,9.23,6.59,3.58,3.30,4.51,5.89,6.25,6.58,3.46,4.42,4.16,5.45,4.62,5.50,5.35,4.70,9.42,13.85,14.06,13.54,14.15,11.11,17.36,17.46,23.13,24.24,21.41,21.86,18.59,22.99,16.34,9.58,10.81,13.25,14.21,11.96,14.53,13.40,11.44,14.44,9.49,13.52,11.68,13.19,16.32,16.91,12.55,13.24,11.65,11.39,9.86,12.00,11.71,12.01,11.57,12.06,13.16,12.23,12.90,11.37,12.28,12.53,12.17,10.44,13.59,13.73,13.84,13.04,13.53,10.38,12.93,14.09,9.77,13.96,9.66,12.76,11.41,11.13,11.75,10.76,11.07,12.11,11.98,10.89,10.89,12.44,11.11,11.52,11.97,12.25,5.81,6.42,1.28,2.80,1.63,2.19,2.79,99.00,0.60,1.10,4.83,1.77,1.45,1.74,1.22,4.77,2.68,2.47,8.30,8.54,9.65,8.27,9.50,7.29],
  [10.66,3.67,6.49,11.10,17.77,16.48,8.71,8.63,8.53,8.53,7.46,8.06,8.68,6.12,3.12,2.86,4.57,5.55,6.02,6.15,3.16,4.27,4.01,4.95,4.83,5.32,4.99,4.70,9.03,13.62,13.82,13.42,14.09,10.98,17.09,17.18,22.89,24.02,21.10,21.57,18.30,22.77,15.87,9.25,10.38,12.78,13.84,11.57,14.24,13.11,11.06,14.12,9.26,13.06,11.37,12.91,15.83,16.43,12.18,12.84,11.20,10.99,9.63,11.69,11.30,12.24,11.72,12.21,13.36,12.33,13.03,11.57,12.46,12.71,12.34,10.69,13.82,13.94,14.02,13.26,13.75,10.61,13.12,14.31,10.02,14.16,9.95,12.91,11.25,10.86,11.56,10.56,10.77,11.83,11.78,10.77,10.77,12.38,11.00,11.28,11.86,12.14,5.21,5.83,1.62,2.87,1.26,1.59,2.49,0.60,99.00,1.08,4.23,1.54,1.04,1.69,0.62,4.23,2.62,2.49,8.59,8.88,9.79,8.63,9.52,7.59],
  [11.66,3.44,7.29,10.66,16.78,17.56,7.67,7.58,7.88,7.88,6.44,7.18,8.52,7.04,4.08,3.85,5.58,6.59,7.09,7.11,4.22,5.35,5.08,5.81,5.71,6.40,6.02,5.74,8.43,12.75,12.97,12.45,13.08,10.01,16.28,16.38,22.04,23.15,20.35,20.79,17.51,21.89,15.45,8.54,9.87,12.36,13.18,10.97,13.46,12.33,10.43,13.38,8.40,12.59,10.62,12.12,15.46,16.01,11.53,12.25,10.71,10.39,8.77,10.94,10.73,13.11,12.66,13.15,14.26,13.31,13.99,12.47,13.38,13.63,13.27,11.54,14.69,14.83,14.94,14.14,14.62,11.48,14.03,15.19,10.86,15.06,10.75,13.86,12.33,11.92,12.64,11.63,11.81,12.89,12.86,11.85,11.85,13.44,12.08,12.35,12.93,13.22,5.65,6.39,0.86,1.79,0.84,2.19,1.77,1.10,1.08,99.00,4.56,0.75,0.82,0.65,1.34,4.12,1.59,1.42,9.39,9.61,10.75,9.33,10.55,8.37],
  [12.30,7.87,3.80,8.18,17.39,16.16,9.44,9.44,6.73,6.73,8.13,7.54,5.08,4.29,3.14,3.30,6.89,5.15,6.30,4.72,4.19,5.68,5.43,3.15,7.74,6.13,4.63,6.72,6.92,12.51,12.61,13.04,14.15,10.75,15.46,15.48,21.34,22.60,19.09,19.63,16.50,21.40,12.65,7.64,7.76,9.68,11.59,9.19,12.54,11.48,8.85,12.21,8.41,10.12,9.77,11.34,12.47,13.23,9.98,10.37,8.42,8.69,8.77,10.03,8.81,14.64,13.70,14.18,15.58,13.99,14.86,13.85,14.57,14.83,14.45,13.27,16.18,16.19,16.03,15.60,16.11,13.10,15.28,16.61,12.67,16.32,12.81,14.85,11.28,10.10,11.37,10.30,9.69,10.96,11.46,11.14,11.14,13.00,11.40,10.71,12.16,12.47,1.16,2.14,5.42,5.46,3.76,2.67,3.82,4.83,4.23,4.56,99.00,4.09,3.74,4.62,3.61,1.75,4.88,5.10,11.51,12.01,11.81,11.86,10.91,10.64],
  [12.20,4.12,7.12,9.91,16.24,17.86,7.21,7.14,7.14,7.14,5.94,6.53,7.81,6.99,4.14,3.96,6.11,6.75,7.37,7.13,4.47,5.73,5.46,5.74,6.34,6.73,6.16,6.23,7.69,12.10,12.31,11.88,12.57,9.44,15.60,15.69,21.38,22.50,19.64,20.09,16.82,21.25,14.70,7.82,9.12,11.61,12.45,10.23,12.76,11.63,9.70,12.67,7.74,11.84,9.91,11.42,14.72,15.26,10.80,11.50,9.96,9.65,8.11,10.23,9.99,13.75,13.25,13.74,14.89,13.87,14.57,13.09,13.99,14.24,13.88,12.19,15.34,15.46,15.55,14.78,15.27,12.12,14.65,15.83,11.52,15.69,11.43,14.45,12.65,12.12,12.93,11.90,11.96,13.08,13.13,12.21,12.21,13.86,12.45,12.58,13.30,13.59,5.22,6.05,1.48,1.60,0.45,2.06,1.03,1.77,1.54,0.75,4.09,99.00,0.65,0.53,1.49,3.46,1.18,1.19,10.07,10.31,11.33,10.04,11.05,9.06],
  [11.63,4.21,6.55,10.12,16.82,17.21,7.84,7.77,7.50,7.50,6.56,7.05,7.83,6.38,3.50,3.31,5.55,6.10,6.72,6.50,3.81,5.10,4.82,5.13,5.86,6.09,5.51,5.64,8.01,12.60,12.80,12.45,13.18,10.02,16.06,16.14,21.86,23.00,20.07,20.53,17.26,21.75,14.90,8.21,9.38,11.80,12.81,10.54,13.20,12.07,10.03,13.08,8.24,12.07,10.34,11.87,14.88,15.46,11.15,11.82,10.20,9.97,8.61,10.65,10.28,13.27,12.72,13.21,14.38,13.31,14.03,12.59,13.47,13.72,13.36,11.72,14.85,14.96,15.03,14.29,14.78,11.64,14.13,15.34,11.05,15.18,10.99,13.91,12.01,11.47,12.28,11.25,11.31,12.43,12.48,11.57,11.57,13.23,11.81,11.93,12.66,12.95,4.83,5.59,1.68,2.23,0.24,1.46,1.47,1.45,1.04,0.82,3.74,0.65,99.00,1.06,0.85,3.39,1.83,1.82,9.63,9.91,10.79,9.66,10.46,8.63],
  [12.31,3.71,7.61,10.21,16.13,18.15,7.02,6.94,7.34,7.34,5.79,6.56,8.23,7.44,4.55,4.34,6.23,7.11,7.67,7.56,4.78,5.97,5.70,6.20,6.36,7.00,6.54,6.38,7.92,12.13,12.35,11.80,12.43,9.37,15.67,15.77,21.42,22.52,19.75,20.19,16.91,21.26,15.01,7.97,9.39,11.92,12.63,10.45,12.86,11.73,9.90,12.80,7.78,12.13,10.03,11.52,15.05,15.56,10.99,11.72,10.25,9.87,8.15,10.35,10.23,13.75,13.31,13.80,14.90,13.96,14.64,13.11,14.02,14.27,13.91,12.17,15.33,15.47,15.59,14.78,15.26,12.11,14.67,15.82,11.49,15.70,11.37,14.50,12.93,12.47,13.23,12.21,12.34,13.44,13.44,12.46,12.46,14.07,12.70,12.91,13.55,13.84,5.75,6.57,1.08,1.20,0.93,2.52,1.30,1.74,1.69,0.65,4.62,0.53,1.06,99.00,1.82,3.93,0.94,0.80,10.01,10.21,11.39,9.93,11.20,8.99],
  [10.82,4.28,5.98,10.61,17.65,16.37,8.68,8.62,8.15,8.15,7.41,7.84,8.11,5.70,2.74,2.53,4.76,5.29,5.88,5.77,2.98,4.26,3.98,4.49,5.15,5.24,4.72,4.83,8.62,13.37,13.56,13.27,14.01,10.84,16.79,16.86,22.61,23.76,20.76,21.23,17.98,22.52,15.36,8.90,9.92,12.27,13.44,11.14,13.91,12.79,10.66,13.77,9.01,12.58,11.05,12.59,15.30,15.93,11.78,12.41,10.73,10.58,9.38,11.36,10.86,12.54,11.94,12.43,13.64,12.50,13.24,11.84,12.71,12.96,12.59,11.01,14.12,14.22,14.26,13.55,14.05,10.91,13.38,14.60,10.35,14.43,10.32,13.13,11.16,10.66,11.44,10.42,10.51,11.62,11.64,10.73,10.73,12.39,10.97,11.10,11.81,12.11,4.60,5.24,2.07,3.02,1.08,0.98,2.28,1.22,0.62,1.34,3.61,1.49,0.85,1.82,99.00,3.67,2.66,2.61,8.96,9.29,10.01,9.06,9.63,7.98],
  [13.61,7.56,5.54,7.07,15.67,17.85,7.73,7.74,5.15,5.15,6.43,5.79,4.46,6.02,4.38,4.45,7.87,6.72,7.78,6.42,5.32,6.86,6.59,4.84,8.54,7.50,6.16,7.78,5.43,10.86,10.98,11.31,12.40,9.00,13.93,13.97,19.82,21.05,17.68,18.20,15.02,19.84,11.75,6.03,6.49,8.69,10.22,7.84,11.01,9.93,7.44,10.74,6.69,9.04,8.19,9.77,11.67,12.33,8.58,9.07,7.24,7.31,7.05,8.47,7.50,15.74,14.92,15.41,16.74,15.31,16.14,14.98,15.76,16.02,15.64,14.29,17.30,17.35,17.26,16.73,17.23,14.15,16.46,17.76,13.66,17.51,13.72,16.10,12.91,11.81,13.02,11.95,11.42,12.68,13.14,12.71,12.71,14.54,12.97,12.40,13.75,14.06,2.73,3.78,4.93,4.44,3.29,3.00,2.79,4.77,4.23,4.12,1.75,3.46,3.39,3.93,3.67,99.00,3.86,4.17,12.38,12.79,13.00,12.60,12.26,11.45],
  [13.25,4.23,8.16,9.62,15.19,19.03,6.09,6.01,6.61,6.61,4.85,5.67,7.91,8.11,5.31,5.13,7.17,7.92,8.54,8.27,5.64,6.88,6.60,6.84,7.29,7.89,7.33,7.32,7.22,11.23,11.45,10.86,11.49,8.43,14.80,14.91,20.52,21.61,18.91,19.34,16.05,20.35,14.42,7.19,8.75,11.33,11.86,9.74,12.01,10.89,9.17,11.98,6.90,11.50,9.20,10.67,14.49,14.96,10.24,11.01,9.62,9.15,7.27,9.52,9.54,14.67,14.25,14.74,15.83,14.90,15.58,14.04,14.96,15.20,14.84,13.09,16.25,16.39,16.52,15.70,16.18,13.03,15.60,16.75,12.41,16.63,12.27,15.44,13.82,13.30,14.10,13.08,13.13,14.26,14.30,13.37,13.37,15.00,13.60,13.76,14.45,14.74,6.04,6.94,1.80,0.59,1.62,3.20,1.09,2.68,2.62,1.59,4.88,1.18,1.83,0.94,2.66,3.86,99.00,0.37,10.91,11.09,12.33,10.80,12.14,9.89],
  [13.05,3.85,8.29,9.99,15.42,18.95,6.26,6.17,6.97,6.97,5.06,5.97,8.27,8.18,5.32,5.12,6.98,7.90,8.47,8.32,5.58,6.76,6.49,6.92,7.05,7.80,7.32,7.15,7.59,11.52,11.75,11.10,11.69,8.68,15.11,15.22,20.82,21.90,19.23,19.66,16.37,20.64,14.79,7.54,9.12,11.70,12.21,10.10,12.34,11.21,9.53,12.32,7.21,11.88,9.53,10.99,14.86,15.33,10.59,11.37,9.99,9.52,7.58,9.86,9.91,14.41,14.02,14.50,15.58,14.69,15.36,13.79,14.71,14.96,14.60,12.82,15.98,16.14,16.28,15.44,15.92,12.77,15.35,16.49,12.14,16.38,11.98,15.21,13.73,13.27,14.03,13.01,13.12,14.23,14.24,13.26,13.26,14.86,13.49,13.71,14.34,14.63,6.26,7.13,1.48,0.41,1.64,3.25,1.38,2.47,2.49,1.42,5.10,1.19,1.82,0.80,2.61,4.17,0.37,99.00,10.63,10.79,12.11,10.49,11.96,9.60],
  [4.12,7.83,10.78,19.46,25.93,12.17,16.69,16.57,17.11,17.11,15.60,16.57,16.58,9.61,8.43,8.22,4.64,7.77,6.67,9.10,7.36,6.01,6.21,9.53,3.85,6.14,7.88,4.88,17.58,22.13,22.35,21.69,22.13,19.29,25.66,25.76,31.43,32.52,29.70,30.16,26.89,31.26,24.10,17.84,18.83,21.06,22.41,20.09,22.82,21.69,19.62,22.71,17.79,21.43,19.97,21.49,23.96,24.68,20.75,21.36,19.61,19.53,18.16,20.28,19.80,3.87,4.08,4.48,5.13,5.14,5.40,3.45,4.46,4.66,4.37,2.26,5.41,5.62,5.98,4.90,5.35,2.32,4.96,5.93,1.59,5.93,1.36,5.11,7.93,9.31,8.54,8.17,9.88,10.06,8.91,6.98,6.98,7.33,7.03,9.16,7.66,7.79,11.87,11.76,9.17,10.87,9.85,9.40,11.07,8.30,8.59,9.39,11.51,10.07,9.63,10.01,8.96,12.38,10.91,10.63,99.00,0.82,2.83,1.10,4.29,1.03],
  [4.80,7.77,11.46,19.85,25.99,12.88,16.75,16.62,17.41,17.41,15.70,16.76,17.06,10.30,8.97,8.74,5.19,8.47,7.40,9.80,7.90,6.62,6.79,10.16,4.28,6.83,8.54,5.48,17.90,22.32,22.54,21.79,22.17,19.40,25.88,25.98,31.61,32.69,29.95,30.40,27.12,31.42,24.54,18.12,19.20,21.48,22.72,20.43,23.07,21.94,19.94,22.98,17.99,21.83,20.22,21.73,24.42,25.11,21.06,21.70,19.99,19.86,18.36,20.54,20.15,4.04,4.54,4.90,5.32,5.66,5.80,3.78,4.78,4.95,4.71,2.49,5.49,5.75,6.23,5.02,5.43,2.65,5.20,6.01,1.92,6.10,1.37,5.48,8.72,10.13,9.33,8.98,10.70,10.87,9.70,7.77,7.77,8.04,7.82,9.97,8.43,8.54,12.43,12.36,9.32,11.01,10.13,9.79,11.33,8.54,8.88,9.61,12.01,10.31,9.91,10.21,9.29,12.79,11.09,10.79,0.82,99.00,3.53,0.43,5.08,1.37],
  [1.30,9.95,10.16,19.98,27.53,9.35,18.35,18.25,18.02,18.02,17.17,17.84,16.84,8.94,8.69,8.57,5.25,7.18,5.93,8.37,7.69,6.15,6.42,9.25,5.08,5.76,7.49,5.25,18.40,23.38,23.57,23.19,23.79,20.76,26.76,26.82,32.61,33.77,30.65,31.15,27.92,32.52,24.43,18.83,19.48,21.49,23.22,20.84,23.86,22.75,20.42,23.66,19.01,21.93,21.00,22.56,24.20,25.01,21.57,22.07,20.19,20.31,19.39,21.30,20.50,2.96,1.94,2.43,3.77,2.64,3.25,2.10,2.76,3.02,2.64,2.15,4.40,4.39,4.27,3.83,4.33,1.82,3.47,4.81,2.03,4.51,2.72,3.13,5.38,7.08,6.01,5.86,7.77,7.69,6.38,4.42,4.42,4.52,4.43,6.79,4.95,5.05,11.90,11.54,10.73,12.42,11.03,10.19,12.26,9.65,9.79,10.75,11.81,11.33,10.79,11.39,10.01,13.00,12.33,12.11,2.83,3.53,99.00,3.90,1.83,3.46],
  [5.18,7.40,11.45,19.65,25.64,13.25,16.40,16.27,17.16,17.16,15.37,16.46,16.90,10.31,8.86,8.62,5.11,8.48,7.46,9.82,7.80,6.56,6.72,10.12,4.13,6.85,8.53,5.42,17.66,22.01,22.24,21.46,21.81,19.07,25.59,25.70,31.31,32.37,29.68,30.12,26.84,31.11,24.35,17.85,18.98,21.28,22.47,20.19,22.79,21.66,19.69,22.71,17.70,21.62,19.95,21.45,24.24,24.92,20.81,21.46,19.78,19.62,18.06,20.27,19.92,4.46,4.97,5.33,5.74,6.08,6.23,4.21,5.21,5.38,5.14,2.92,5.89,6.16,6.65,5.43,5.84,3.08,5.62,6.41,2.34,6.51,1.80,5.91,9.02,10.36,9.63,9.24,10.91,11.13,10.00,8.07,8.07,8.41,8.13,10.23,8.76,8.88,12.32,12.29,9.01,10.70,9.87,9.60,11.06,8.27,8.63,9.33,11.86,10.04,9.66,9.93,9.06,12.60,10.80,10.49,1.10,0.43,3.90,99.00,5.39,1.30],
  [1.47,10.35,8.80,19.07,27.27,8.10,18.22,18.13,17.38,17.38,16.98,17.43,15.82,7.60,7.88,7.82,4.99,5.96,4.70,7.01,6.98,5.46,5.75,8.09,5.25,4.78,6.36,4.82,17.69,22.91,23.07,22.90,23.62,20.47,26.16,26.21,32.04,33.24,29.94,30.46,27.28,32.01,23.39,18.22,18.66,20.52,22.46,20.06,23.25,22.14,19.69,22.99,18.56,21.00,20.40,21.98,23.11,23.97,20.83,21.26,19.32,19.55,18.94,20.69,19.70,4.55,3.08,3.49,5.05,3.10,4.02,3.68,4.01,4.27,3.90,3.97,5.79,5.66,5.27,5.25,5.72,3.64,4.72,6.11,3.83,5.68,4.50,4.09,3.64,5.26,4.26,4.04,5.94,5.89,4.63,2.69,2.69,3.29,2.74,4.98,3.40,3.56,10.83,10.35,10.68,12.30,10.70,9.63,11.90,9.50,9.52,10.55,10.91,11.05,10.46,11.20,9.63,12.26,12.14,11.96,4.29,5.08,1.83,5.39,99.00,4.62],
  [4.75,6.83,10.15,18.52,24.91,12.67,15.66,15.54,16.12,16.12,14.57,15.54,15.70,9.01,7.60,7.38,3.83,7.19,6.18,8.53,6.54,5.27,5.44,8.82,2.92,5.55,7.23,4.13,16.60,21.11,21.33,20.66,21.10,18.26,24.65,24.74,30.41,31.50,28.69,29.15,25.88,30.24,23.19,16.84,17.88,20.13,21.42,19.12,21.82,20.69,18.64,21.71,16.77,20.49,18.96,20.48,23.06,23.76,19.76,20.39,18.66,18.56,17.14,19.28,18.83,4.89,4.96,5.39,6.13,5.96,6.31,4.42,5.42,5.63,5.33,3.28,6.44,6.64,6.96,5.92,6.37,3.31,5.96,6.95,2.60,6.94,2.38,6.05,8.15,9.33,8.74,8.26,9.83,10.14,9.10,7.23,7.23,7.82,7.32,9.25,8.02,8.18,11.06,11.01,8.14,9.84,8.85,8.45,10.07,7.29,7.59,8.37,10.64,9.06,8.63,8.99,7.98,11.45,9.89,9.60,1.03,1.37,3.46,1.30,4.62,99.00]
];
