// Chosen Depots: [1, 2, 3, 4, 5, 6]
// Chosen Demand Points (Original DP No): [3, 5, 6, 7, 8, 9, 10, 11, 12, 13, 15, 16, 18, 19, 21, 22, 23, 24, 25, 26, 28, 29, 31, 33, 34, 35, 36, 37, 39, 41, 43, 47, 48, 50, 51, 52, 53, 54, 57, 58, 59, 60, 63, 65, 69, 70, 72, 75, 76, 79, 80, 82, 83, 84, 85, 86, 87, 91, 92, 93, 94, 95, 96, 97, 98, 99, 100, 101, 102, 103, 104, 105, 107, 108, 109, 112, 113, 114, 116, 117, 120, 121, 122, 123, 125, 126, 127, 129, 131, 132, 133, 135, 136, 139, 140, 142, 144, 146, 147, 148, 149, 150, 152, 153, 155, 156, 157, 159, 160, 161, 162, 163, 164, 165, 166, 167, 168, 169, 170, 171]
// Original Weights: [9, 6, 9, 8, 4, 8, 4, 5, 6, 6, 7, 4, 4, 5, 6, 6, 6, 5, 5, 4, 5, 5, 6, 8, 7, 10, 9, 9, 10, 6, 7, 6, 6, 3, 6, 6, 5, 4, 5, 6, 5, 5, 5, 7, 4, 6, 7, 2, 5, 4, 5, 6, 5, 6, 6, 6, 7, 6, 5, 7, 6, 7, 7, 7, 6, 6, 7, 7, 6, 7, 7, 6, 8, 7, 7, 7, 7, 7, 7, 7, 7, 6, 8, 6, 2, 3, 3, 2, 2, 4, 4, 4, 2, 4, 4, 8, 8, 8, 5, 6, 6, 7, 7, 8, 5, 7, 7, 7, 6, 8, 8, 8, 9, 6, 6, 9, 5, 8, 8, 8]

|W| = 6;
|D| = 120;
V = 54;
C = 3;
|K| = 2;
M = 100;
S = 0.25;
|TR| = 16;
δmax = 18.3;
Runtime = 60;

// Priority weights for selected demand points
pj = [
  9, 6, 9, 8, 4, 8, 4, 5, 6, 6, 7, 4, 4, 5, 6, 6, 6, 5, 5, 4, 5, 5, 6, 8, 7, 10, 9, 9, 10, 6, 7, 6, 6, 3, 6, 6, 5, 4, 5, 6, 5, 5, 5, 7, 4, 6, 7, 2, 5, 4, 5, 6, 5, 6, 6, 6, 7, 6, 5, 7, 6, 7, 7, 7, 6, 6, 7, 7, 6, 7, 7, 6, 8, 7, 7, 7, 7, 7, 7, 7, 7, 6, 8, 6, 2, 3, 3, 2, 2, 4, 4, 4, 2, 4, 4, 8, 8, 8, 5, 6, 6, 7, 7, 8, 5, 7, 7, 7, 6, 8, 8, 8, 9, 6, 6, 9, 5, 8, 8, 8
];

δij =
[
  [99.00,99.00,99.00,99.00,99.00,99.00,17.00,18.70,18.10,18.65,17.26,18.55,9.07,9.24,9.16,7.40,6.09,7.41,8.48,8.42,8.30,6.76,7.04,6.93,7.21,9.54,6.17,6.88,6.00,24.16,24.34,27.41,27.83,24.08,24.73,28.07,27.53,31.81,28.60,24.83,21.14,19.53,20.04,21.94,19.52,24.56,22.59,21.87,21.04,21.85,22.41,21.71,23.28,25.41,22.19,20.72,20.91,22.00,21.08,22.32,19.49,20.20,3.22,1.03,1.44,3.60,1.70,4.45,4.53,2.58,2.57,1.26,2.70,2.39,1.23,2.57,2.81,0.36,3.04,4.35,3.63,3.68,3.80,3.82,2.70,3.26,4.21,0.99,3.86,2.62,6.34,5.05,5.09,6.83,5.42,3.51,3.51,3.45,5.95,12.27,11.81,11.71,13.22,11.96,10.83,10.90,13.24,13.09,10.66,11.66,12.30,12.20,11.63,10.82,13.61,13.25,13.05,4.12,4.80,1.06,1.30,5.18,1.47,4.75,4.61,4.08],
  [99.00,99.00,99.00,99.00,99.00,99.00,6.60,10.80,8.14,9.55,11.93,9.19,9.37,6.43,6.12,5.89,5.71,8.33,9.26,6.83,5.99,6.36,6.19,8.35,6.74,8.34,7.46,8.14,6.09,14.95,15.21,17.27,17.89,14.17,14.44,19.41,18.77,23.22,19.93,18.64,12.74,11.32,12.98,15.55,12.63,15.96,14.85,14.43,13.35,13.08,15.73,13.23,14.62,19.18,14.39,13.85,13.35,13.56,13.75,14.27,11.55,11.95,11.71,11.79,12.55,12.96,12.58,13.62,13.77,10.69,13.06,12.15,12.68,11.24,11.52,12.24,12.45,11.16,10.10,13.23,13.40,12.55,13.79,12.73,10.14,12.79,13.76,10.69,9.10,12.84,13.15,13.43,12.55,14.13,13.72,12.30,12.30,12.49,13.42,8.88,9.48,2.64,4.76,3.06,6.71,5.26,6.76,5.00,3.67,3.44,7.87,4.12,4.21,4.28,7.56,4.23,3.85,7.83,7.77,10.11,9.95,7.40,10.35,6.83,7.19,8.24],
  [99.00,99.00,99.00,99.00,99.00,99.00,11.78,10.26,11.91,11.31,7.52,11.50,1.22,3.53,3.84,4.86,6.45,3.03,1.80,3.36,4.22,4.96,4.86,3.48,4.22,1.62,4.64,3.61,6.07,16.06,16.13,20.10,20.23,16.76,17.92,19.18,18.74,22.69,19.69,14.86,12.68,11.18,10.81,12.19,10.25,15.88,13.48,12.64,12.08,13.61,12.75,13.23,14.77,15.43,13.16,11.30,11.87,13.46,11.87,13.45,10.93,11.77,13.12,11.29,11.22,13.82,11.85,14.68,14.78,12.08,12.81,11.47,12.97,12.25,11.45,12.78,13.03,10.60,12.02,14.52,13.90,13.79,14.06,13.95,11.77,13.49,14.47,10.77,11.88,12.89,6.62,8.11,7.08,7.39,8.13,8.25,8.25,8.50,7.28,2.94,1.98,8.06,7.61,7.89,3.65,5.10,5.79,7.23,6.49,7.29,3.80,7.12,6.55,5.98,5.54,8.16,8.29,10.78,11.46,10.04,10.16,11.45,8.80,10.15,10.52,11.22],
  [99.00,99.00,99.00,99.00,99.00,99.00,9.40,3.42,7.92,5.74,3.46,6.34,11.94,11.29,11.41,13.26,14.92,13.21,12.48,12.06,12.30,13.83,13.57,13.68,13.29,11.09,14.31,13.69,14.81,6.49,6.38,10.97,10.69,8.28,9.90,8.38,8.03,11.75,8.86,4.80,3.60,3.53,1.05,1.71,1.22,5.48,2.79,1.90,2.10,4.55,1.97,3.85,4.82,5.35,2.66,0.46,1.82,3.85,1.37,3.17,3.00,3.37,22.77,21.49,21.66,23.74,22.17,24.58,24.71,21.64,23.04,21.74,23.03,21.99,21.51,22.74,23.00,20.75,21.35,24.32,23.95,23.56,24.20,23.74,21.20,23.45,24.49,20.71,20.79,23.03,17.56,19.07,18.03,18.27,19.10,19.10,19.10,19.35,18.24,8.32,9.03,11.29,9.10,10.86,9.71,10.06,7.66,8.91,11.10,10.66,8.18,9.91,10.12,10.61,7.07,9.62,9.99,19.46,19.85,19.95,19.98,19.65,19.07,18.52,18.95,19.95],
  [99.00,99.00,99.00,99.00,99.00,99.00,11.70,10.87,10.36,9.95,14.60,9.95,21.69,19.75,19.71,21.20,22.35,22.30,22.10,20.66,20.44,21.87,21.59,22.68,21.64,20.51,22.76,22.60,22.46,5.29,5.36,1.03,1.11,4.40,3.85,5.98,5.59,7.89,6.08,12.40,8.64,9.96,11.21,11.89,11.69,6.48,9.08,9.91,9.78,7.62,11.26,8.17,6.92,12.41,9.10,11.28,10.05,8.04,10.39,8.57,10.31,9.46,29.77,29.31,29.83,30.97,30.09,31.70,31.85,28.68,30.77,29.64,30.52,29.18,29.16,30.12,30.36,28.59,28.17,31.34,31.34,30.62,31.69,30.80,28.15,30.75,31.77,28.30,27.26,30.62,27.49,28.66,27.59,28.35,28.79,28.21,28.21,28.46,28.07,18.13,19.13,16.83,15.22,16.53,18.34,17.74,15.71,15.37,17.77,16.78,17.39,16.24,16.82,17.65,15.67,15.19,15.42,25.93,25.99,27.61,27.53,25.64,27.27,24.91,25.31,26.38],
  [99.00,99.00,99.00,99.00,99.00,99.00,22.99,22.86,23.67,23.59,20.10,23.66,11.89,13.89,13.99,12.87,12.46,11.27,11.44,12.99,13.40,12.23,12.49,10.93,12.22,13.02,11.16,11.04,12.13,28.66,28.75,32.52,32.74,29.14,30.13,31.85,31.42,35.31,32.36,27.05,25.31,23.78,23.47,24.66,22.91,28.55,26.14,25.30,24.75,26.21,25.26,25.87,27.42,27.59,25.83,23.92,24.55,26.11,24.53,26.12,23.56,24.39,10.29,8.11,7.06,9.64,7.66,10.04,9.99,10.28,8.16,7.82,8.87,9.81,8.61,9.19,9.24,8.27,10.91,10.32,9.20,10.13,8.91,10.13,10.60,9.42,9.55,8.99,11.89,8.56,6.07,4.93,5.97,5.30,4.75,5.85,5.85,5.66,5.45,15.55,14.66,17.92,18.76,18.03,15.21,16.01,17.83,18.49,16.48,17.56,16.16,17.86,17.21,16.37,17.85,19.03,18.95,12.17,12.88,9.09,9.35,13.25,8.10,12.67,12.61,12.15],
  [17.00,6.60,11.78,9.40,11.70,22.99,99.00,5.98,1.75,3.81,9.14,3.26,11.90,9.23,9.07,10.15,10.98,11.86,12.12,10.08,9.60,10.82,10.55,12.13,10.78,10.62,11.85,11.99,11.18,8.56,8.86,10.68,11.29,7.58,7.87,13.13,12.47,16.88,13.63,13.84,7.05,6.04,8.37,11.00,8.26,9.84,9.39,9.26,8.13,7.06,10.93,7.41,8.55,14.31,8.94,9.22,8.24,7.72,8.77,8.65,6.49,6.51,18.11,17.82,18.43,19.33,18.62,20.04,20.19,17.04,19.23,18.17,18.93,17.56,17.63,18.52,18.75,17.13,16.50,19.67,19.72,18.96,20.08,19.14,16.50,19.12,20.13,16.77,15.57,19.05,17.24,18.06,17.04,18.20,18.27,17.31,17.31,17.55,17.71,9.24,10.26,5.29,4.31,5.07,8.24,7.09,6.07,4.63,6.54,5.47,8.12,5.14,5.79,6.62,6.57,3.96,4.06,14.26,14.29,16.11,16.00,13.94,15.97,13.23,13.63,14.70],
  [18.70,10.80,10.26,3.42,10.87,22.86,5.98,99.00,4.54,2.43,4.14,3.01,10.98,9.52,9.56,11.30,12.80,11.85,11.44,10.39,10.40,11.94,11.66,12.28,11.53,9.88,12.63,12.24,12.78,5.80,5.89,9.94,9.99,6.69,8.08,9.37,8.83,13.13,9.91,8.01,2.48,0.92,2.39,5.05,2.29,5.87,4.11,3.64,2.56,3.35,5.07,3.05,4.63,8.52,3.66,3.26,2.55,3.32,2.98,3.67,0.80,1.54,20.66,19.67,19.99,21.72,20.40,22.54,22.67,19.53,21.21,19.95,21.10,19.93,19.62,20.76,21.02,18.92,19.15,22.24,22.00,21.48,22.29,21.67,19.04,21.45,22.50,18.79,18.47,21.14,16.79,18.10,17.03,17.62,18.19,17.85,17.85,18.11,17.41,7.33,8.29,8.37,6.20,7.96,7.96,7.84,5.45,6.11,8.53,7.88,6.73,7.14,7.50,8.15,5.15,6.61,6.97,17.11,17.41,18.04,18.02,17.16,17.38,16.12,16.56,17.60],
  [18.10,8.14,11.91,7.92,10.36,23.67,1.75,4.54,99.00,2.19,8.14,1.60,12.21,9.79,9.68,10.99,12.02,12.42,12.50,10.68,10.32,11.67,11.39,12.75,11.52,10.94,12.63,12.63,12.16,6.87,7.15,9.34,9.85,6.09,6.63,11.41,10.75,15.18,11.92,12.20,5.33,4.45,6.87,9.45,6.83,8.10,7.69,7.60,6.49,5.31,9.33,5.67,6.79,12.65,7.24,7.69,6.62,5.98,7.17,6.93,4.94,4.85,19.42,18.97,19.51,20.61,19.75,21.35,21.50,18.33,20.41,19.30,20.16,18.82,18.81,19.76,20.00,18.25,17.82,20.99,20.98,20.27,21.33,20.45,17.79,20.39,21.41,17.95,16.94,20.26,17.78,18.75,17.70,18.71,18.92,18.12,18.12,18.36,18.30,9.16,10.21,6.46,4.97,6.16,8.59,7.67,6.12,5.19,7.46,6.44,8.13,5.94,6.56,7.41,6.43,4.85,5.06,15.60,15.70,17.26,17.17,15.37,16.98,14.57,14.98,16.06],
  [18.65,9.55,11.31,5.74,9.95,23.59,3.81,2.43,2.19,99.00,6.34,0.59,11.81,9.80,9.76,11.32,12.59,12.35,12.19,10.71,10.52,11.99,11.70,12.73,11.71,10.60,12.84,12.65,12.66,5.57,5.79,8.95,9.24,5.56,6.61,9.88,9.26,13.70,10.41,10.04,3.30,2.26,4.69,7.26,4.69,6.41,5.60,5.44,4.32,3.53,7.15,3.72,5.07,10.50,5.14,5.50,4.44,4.05,4.98,4.89,2.75,2.70,20.28,19.58,20.02,21.42,20.34,22.20,22.34,19.17,21.07,19.89,20.89,19.62,19.47,20.52,20.77,18.84,18.72,21.87,21.75,21.12,22.07,21.31,18.65,21.18,22.22,18.61,17.92,20.96,17.58,18.71,17.64,18.46,18.85,18.26,18.26,18.51,18.15,8.41,9.44,7.45,5.50,7.08,8.39,7.82,5.76,5.58,8.06,7.18,7.54,6.53,7.05,7.84,5.79,5.67,5.97,16.57,16.76,17.89,17.84,16.46,17.43,15.54,15.97,17.04],
  [17.26,11.93,7.52,3.46,14.60,20.10,9.14,4.14,8.14,6.34,99.00,6.85,8.53,8.21,8.38,10.23,11.96,9.90,9.08,8.90,9.26,10.74,10.50,10.37,10.15,7.75,11.10,10.40,11.79,9.33,9.31,13.73,13.62,10.66,12.14,11.80,11.42,15.21,12.30,7.59,5.97,4.91,3.50,4.71,2.97,8.70,6.12,5.24,4.92,7.00,5.24,6.43,7.79,8.17,5.87,3.83,4.66,6.58,4.52,6.26,4.43,5.24,19.70,18.27,18.38,20.61,18.92,21.46,21.58,18.59,19.83,18.50,19.86,18.89,18.33,19.59,19.85,17.54,18.35,21.23,20.79,20.47,21.02,20.65,18.17,20.31,21.34,17.56,17.88,19.84,14.10,15.62,14.59,14.81,15.64,15.70,15.70,15.95,14.78,4.99,5.61,9.29,7.26,8.87,6.69,7.37,5.21,6.96,8.68,8.52,5.08,7.81,7.83,8.11,4.46,7.91,8.27,16.58,17.06,16.80,16.84,16.90,15.82,15.70,16.13,17.07],
  [18.55,9.19,11.50,6.34,9.95,23.66,3.26,3.01,1.60,0.59,6.85,99.00,11.95,9.82,9.76,11.26,12.47,12.40,12.31,10.72,10.49,11.93,11.64,12.77,11.69,10.72,12.81,12.67,12.55,5.81,6.05,8.93,9.29,5.56,6.48,10.22,9.58,14.03,10.74,10.61,3.80,2.85,5.29,7.85,5.28,6.79,6.13,6.01,4.89,3.92,7.73,4.19,5.46,11.07,5.68,6.09,5.02,4.51,5.57,5.40,3.34,3.26,20.09,19.45,19.92,21.24,20.22,22.01,22.16,18.98,20.94,19.77,20.73,19.45,19.33,20.35,20.60,18.72,18.52,21.67,21.58,20.94,21.92,21.12,18.46,21.01,22.05,18.48,17.70,20.82,17.67,18.76,17.70,18.57,18.91,18.26,18.26,18.51,18.23,8.63,9.67,7.19,5.34,6.83,8.45,7.79,5.85,5.45,7.91,6.98,7.71,6.37,6.92,7.73,5.96,5.43,5.72,16.34,16.51,17.76,17.70,16.20,17.35,15.32,15.74,16.81],
  [9.07,9.37,1.22,11.94,21.69,11.89,11.90,10.98,12.21,11.81,8.53,11.95,99.00,3.01,3.29,3.91,5.38,1.84,0.59,2.56,3.43,3.90,3.85,2.27,3.18,1.28,3.47,2.41,4.98,16.77,16.86,20.70,20.88,17.33,18.41,20.06,19.60,23.63,20.58,15.96,13.43,11.89,11.71,13.23,11.16,16.70,14.38,13.56,12.93,14.32,13.77,13.99,15.55,16.53,14.03,12.25,12.74,14.24,12.78,14.29,11.68,12.50,11.90,10.09,10.04,12.61,10.66,13.47,13.57,10.86,11.61,10.27,11.76,11.04,10.24,11.56,11.82,9.39,10.81,13.31,12.69,12.57,12.86,12.74,10.55,12.28,13.27,9.56,10.68,11.68,5.82,7.17,6.12,6.66,7.24,7.17,7.17,7.43,6.44,3.69,2.91,7.73,7.63,7.63,3.66,4.93,6.12,7.28,6.12,7.04,4.29,6.99,6.38,5.70,6.02,8.11,8.18,9.61,10.30,8.83,8.94,10.31,7.60,9.01,9.37,10.04],
  [9.24,6.43,3.53,11.29,19.75,13.89,9.23,9.52,9.79,9.80,8.21,9.82,3.01,99.00,0.32,2.03,3.79,2.64,3.04,0.90,1.07,2.55,2.29,2.96,2.03,1.92,3.11,2.86,3.59,15.14,15.28,18.74,19.04,15.36,16.26,18.87,18.35,22.59,19.41,15.78,11.98,10.38,10.81,12.81,10.29,15.39,13.35,12.63,11.81,12.76,13.24,12.55,14.13,16.36,12.95,11.50,11.68,12.84,11.84,13.10,10.29,11.04,11.51,10.23,10.49,12.45,10.94,13.30,13.42,10.39,11.78,10.50,11.75,10.71,10.23,11.45,11.71,9.49,10.14,13.05,12.67,12.29,12.92,12.47,9.96,12.16,13.20,9.43,9.70,11.75,8.02,8.97,7.91,8.97,9.13,8.46,8.46,8.71,8.52,3.46,3.55,4.74,4.93,4.66,1.59,2.14,4.11,4.63,3.12,4.08,3.14,4.14,3.50,2.74,4.38,5.31,5.32,8.43,8.97,8.67,8.69,8.86,7.88,7.60,8.02,8.92],
  [9.16,6.12,3.84,11.41,19.71,13.99,9.07,9.56,9.68,9.76,8.38,9.76,3.29,0.32,99.00,1.86,3.59,2.79,3.29,1.01,0.89,2.42,2.15,3.07,1.98,2.23,3.09,2.95,3.41,15.14,15.29,18.69,19.00,15.31,16.19,18.92,18.39,22.65,19.46,15.95,12.02,10.41,10.91,12.95,10.40,15.43,13.43,12.72,11.89,12.77,13.37,12.58,14.16,16.52,13.03,11.62,11.76,12.87,11.93,13.17,10.34,11.07,11.36,10.15,10.43,12.33,10.86,13.17,13.29,10.24,11.69,10.42,11.64,10.58,10.13,11.33,11.60,9.40,9.97,12.91,12.56,12.15,12.82,12.33,9.80,12.04,13.08,9.32,9.51,11.65,8.17,9.06,8.02,9.13,9.24,8.50,8.50,8.75,8.65,3.70,3.84,4.48,4.78,4.42,1.71,2.02,4.12,4.51,2.86,3.85,3.30,3.96,3.31,2.53,4.45,5.13,5.12,8.22,8.74,8.56,8.57,8.62,7.82,7.38,7.80,8.71],
  [7.40,5.89,4.86,13.26,21.20,12.87,10.15,11.30,10.99,11.32,10.23,11.26,3.91,2.03,1.86,99.00,1.77,2.48,3.62,1.57,0.97,0.68,0.40,2.46,0.85,3.35,1.72,2.25,1.56,16.79,16.95,20.18,20.54,16.81,17.59,20.67,20.13,24.42,21.21,17.80,13.74,12.13,12.74,14.81,12.23,17.16,15.24,14.54,13.68,14.46,15.22,14.31,15.88,18.38,14.83,13.46,13.56,14.60,13.76,14.94,12.09,12.80,9.51,8.37,8.72,10.49,9.10,11.33,11.45,8.39,9.90,8.65,9.82,8.73,8.33,9.50,9.77,7.62,8.12,11.06,10.73,10.30,11.01,10.48,7.95,10.21,11.25,7.50,7.67,9.85,7.39,7.97,6.98,8.37,8.20,7.16,7.16,7.40,7.75,5.47,5.42,5.06,6.03,5.16,3.56,3.51,5.85,5.83,3.61,4.69,5.16,5.06,4.43,3.58,6.26,6.21,6.10,6.41,6.96,6.75,6.75,6.87,6.12,5.60,6.01,6.89],
  [6.09,5.71,6.45,14.92,22.35,12.46,10.98,12.80,12.02,12.59,11.96,12.47,5.38,3.79,3.59,1.77,99.00,3.67,4.97,3.30,2.72,1.49,1.62,3.42,2.23,5.03,2.17,3.21,0.46,18.13,18.32,21.32,21.75,17.99,18.65,22.15,21.58,25.92,22.68,19.51,15.20,13.59,14.36,16.50,13.87,18.62,16.80,16.13,15.24,15.86,16.89,15.76,17.32,20.09,16.38,15.10,15.13,16.06,15.35,16.46,13.60,14.27,7.88,6.99,7.49,8.92,7.76,9.74,9.87,6.75,8.48,7.30,8.32,7.14,6.88,7.97,8.23,6.26,6.43,9.45,9.21,8.69,9.51,8.88,6.28,8.65,9.71,6.03,5.92,8.38,7.55,7.72,6.86,8.50,8.01,6.61,6.61,6.82,7.76,7.24,7.18,5.70,7.14,5.91,5.28,4.96,7.38,7.02,4.57,5.58,6.89,6.11,5.55,4.76,7.87,7.17,6.98,4.64,5.19,5.30,5.25,5.11,4.99,3.83,4.24,5.12],
  [7.41,8.33,3.03,13.21,22.30,11.27,11.86,11.85,12.42,12.35,9.90,12.40,1.84,2.64,2.79,2.48,3.67,99.00,1.34,1.79,2.43,2.25,2.29,0.48,1.64,2.14,1.64,0.58,3.23,17.58,17.70,21.30,21.56,17.91,18.86,21.12,20.63,24.77,21.65,17.44,14.33,12.74,12.87,14.61,12.33,17.69,15.50,14.72,14.00,15.16,15.10,14.90,16.47,18.02,15.13,13.49,13.84,15.17,13.93,15.33,12.60,13.39,10.13,8.44,8.49,10.89,9.06,11.75,11.86,9.08,9.98,8.65,10.08,9.28,8.55,9.85,10.12,7.72,9.00,11.57,11.01,10.83,11.21,11.00,8.75,10.57,11.58,7.83,8.85,10.02,5.39,6.36,5.30,6.34,6.51,6.00,6.00,6.26,5.88,4.91,4.39,7.15,7.56,7.14,3.97,4.78,6.60,7.27,5.55,6.59,5.15,6.75,6.10,5.29,6.72,7.92,7.90,7.77,8.47,7.09,7.18,8.48,5.96,7.19,7.54,8.20],
  [8.48,9.26,1.80,12.48,22.10,11.44,12.12,11.44,12.50,12.19,9.08,12.31,0.59,3.04,3.29,3.62,4.97,1.34,99.00,2.43,3.27,3.52,3.50,1.73,2.83,1.59,2.98,1.89,4.55,17.22,17.32,21.11,21.30,17.73,18.78,20.57,20.10,24.15,21.09,16.54,13.90,12.35,12.24,13.79,11.68,17.19,14.90,14.08,13.44,14.78,14.32,14.46,16.03,17.11,14.55,12.79,13.25,14.72,13.30,14.80,12.15,12.97,11.32,9.50,9.45,12.02,10.07,12.88,12.98,10.29,11.02,9.68,11.17,10.46,9.65,10.98,11.24,8.80,10.25,12.73,12.11,11.99,12.27,12.16,9.99,11.70,12.68,8.98,10.15,11.10,5.39,6.67,5.61,6.27,6.75,6.62,6.62,6.87,5.99,4.20,3.47,7.77,7.83,7.70,3.92,5.08,6.46,7.49,6.15,7.11,4.72,7.13,6.50,5.77,6.42,8.27,8.32,9.10,9.80,8.25,8.37,9.82,7.01,8.53,8.88,9.52],
  [8.42,6.83,3.36,12.06,20.66,12.99,10.08,10.39,10.68,10.71,8.90,10.72,2.56,0.90,1.01,1.57,3.30,1.79,2.43,99.00,0.87,1.89,1.69,2.07,1.24,1.80,2.26,1.96,3.02,16.03,16.17,19.65,19.94,16.26,17.17,19.73,19.21,23.43,20.27,16.49,12.86,11.26,11.62,13.55,11.10,16.26,14.19,13.45,12.66,13.64,14.00,13.43,15.01,17.07,13.80,12.30,12.51,13.71,12.66,13.96,11.16,11.92,10.80,9.43,9.65,11.71,10.12,12.56,12.68,9.69,10.98,9.68,10.97,9.99,9.45,10.69,10.96,8.68,9.49,12.32,11.90,11.57,12.14,11.74,9.29,11.41,12.44,8.66,9.12,10.97,7.17,8.07,7.02,8.12,8.24,7.55,7.55,7.81,7.64,4.01,3.87,5.41,5.79,5.38,2.43,3.02,5.00,5.51,3.80,4.82,3.88,4.96,4.31,3.51,5.25,6.13,6.12,7.90,8.49,7.90,7.94,8.41,7.04,7.13,7.54,8.37],
  [8.30,5.99,4.22,12.30,20.44,13.40,9.60,10.40,10.32,10.52,9.26,10.49,3.43,1.07,0.89,0.97,2.72,2.43,3.27,0.87,99.00,1.54,1.27,2.59,1.20,2.62,2.32,2.42,2.53,15.95,16.10,19.43,19.76,16.05,16.88,19.78,19.24,23.51,20.31,16.83,12.86,11.25,11.79,13.84,11.28,16.27,14.31,13.60,12.76,13.59,14.26,13.42,15.00,17.41,13.90,12.51,12.63,13.71,12.81,14.03,11.19,11.92,10.47,9.28,9.59,11.44,10.00,12.28,12.41,9.35,10.82,9.55,10.76,9.69,9.26,10.45,10.71,8.53,9.09,12.02,11.67,11.26,11.94,11.44,8.92,11.15,12.20,8.44,8.64,10.77,7.71,8.46,7.44,8.68,8.67,7.80,7.80,8.04,8.14,4.52,4.54,4.73,5.37,4.75,2.60,2.71,4.95,5.14,3.16,4.22,4.19,4.47,3.81,2.98,5.32,5.64,5.58,7.36,7.90,7.68,7.69,7.80,6.98,6.54,6.96,7.85],
  [6.76,6.36,4.96,13.83,21.87,12.23,10.82,11.94,11.67,11.99,10.74,11.93,3.90,2.55,2.42,0.68,1.49,2.25,3.52,1.89,1.54,99.00,0.29,2.10,0.74,3.55,1.12,1.89,1.14,17.45,17.61,20.85,21.22,17.49,18.27,21.31,20.77,25.05,21.84,18.33,14.38,12.77,13.33,15.36,12.82,17.80,15.85,15.14,14.30,15.11,15.78,14.95,16.52,18.91,15.44,14.04,14.17,15.24,14.35,15.57,12.73,13.44,8.96,7.74,8.07,9.91,8.46,10.75,10.88,7.84,9.28,8.02,9.22,8.17,7.71,8.91,9.18,6.99,7.61,10.50,10.14,9.74,10.40,9.92,7.43,9.62,10.66,6.90,7.23,9.23,6.84,7.33,6.37,7.81,7.58,6.50,6.50,6.73,7.16,5.90,5.75,5.69,6.70,5.80,4.12,4.17,6.48,6.51,4.27,5.35,5.68,5.73,5.10,4.26,6.86,6.88,6.76,6.01,6.62,6.14,6.15,6.56,5.46,5.27,5.67,6.48],
  [7.04,6.19,4.86,13.57,21.59,12.49,10.55,11.66,11.39,11.70,10.50,11.64,3.85,2.29,2.15,0.40,1.62,2.29,3.50,1.69,1.27,0.29,99.00,2.19,0.67,3.41,1.34,1.98,1.33,17.16,17.33,20.57,20.93,17.20,17.99,21.03,20.48,24.77,21.56,18.08,14.10,12.49,13.06,15.10,12.55,17.52,15.57,14.87,14.02,14.82,15.52,14.67,16.24,18.66,15.16,13.77,13.89,14.96,14.08,15.29,12.45,13.16,9.21,8.02,8.35,10.17,8.74,11.02,11.14,8.10,9.56,8.30,9.49,8.43,7.99,9.18,9.44,7.27,7.85,10.76,10.40,10.00,10.67,10.18,7.67,9.89,10.93,7.17,7.44,9.51,7.04,7.58,6.60,8.02,7.82,6.77,6.77,7.00,7.39,5.68,5.57,5.44,6.42,5.55,3.86,3.89,6.20,6.23,4.01,5.08,5.43,5.46,4.82,3.98,6.59,6.60,6.49,6.21,6.79,6.41,6.42,6.72,5.75,5.44,5.84,6.68],
  [6.93,8.35,3.48,13.68,22.68,10.93,12.13,12.28,12.75,12.73,10.37,12.77,2.27,2.96,3.07,2.46,3.42,0.48,1.73,2.07,2.59,2.10,2.19,99.00,1.61,2.62,1.29,0.22,2.97,17.99,18.12,21.68,21.95,18.29,19.22,21.57,21.07,25.22,22.10,17.92,14.76,13.17,13.33,15.08,12.79,18.13,15.95,15.18,14.45,15.58,15.58,15.33,16.91,18.50,15.58,13.95,14.29,15.60,14.39,15.78,13.03,13.82,9.66,7.96,8.01,10.41,8.57,11.28,11.38,8.61,9.50,8.16,9.60,8.81,8.07,9.38,9.64,7.24,8.54,11.10,10.53,10.36,10.73,10.53,8.29,10.10,11.10,7.35,8.42,9.54,5.13,6.01,4.95,6.10,6.18,5.57,5.57,5.83,5.58,5.39,4.88,7.31,7.85,7.33,4.36,5.08,6.99,7.58,5.74,6.80,5.60,7.00,6.35,5.53,7.14,8.17,8.14,7.37,8.08,6.61,6.71,8.11,5.48,6.82,7.16,7.79],
  [7.21,6.74,4.22,13.29,21.64,12.22,10.78,11.53,11.52,11.71,10.15,11.69,3.18,2.03,1.98,0.85,2.23,1.64,2.83,1.24,1.20,0.74,0.67,1.61,99.00,2.83,1.12,1.40,1.87,17.11,17.27,20.62,20.95,17.25,18.09,20.89,20.36,24.61,21.43,17.74,13.99,12.39,12.83,14.79,12.31,17.40,15.38,14.66,13.84,14.75,15.24,14.56,16.14,18.32,14.98,13.52,13.70,14.85,13.86,15.13,12.31,13.05,9.56,8.21,8.46,10.46,8.91,11.32,11.44,8.45,9.76,8.47,9.74,8.75,8.22,9.45,9.72,7.46,8.25,11.08,10.67,10.32,10.91,10.50,8.05,10.17,11.21,7.42,7.92,9.74,6.62,7.29,6.28,7.59,7.50,6.60,6.60,6.84,7.01,5.25,5.04,5.79,6.57,5.85,3.61,3.90,6.10,6.34,4.28,5.35,5.12,5.65,5.00,4.15,6.41,6.81,6.74,6.72,7.34,6.66,6.70,7.29,5.85,6.00,6.39,7.18],
  [9.54,8.34,1.62,11.09,20.51,13.02,10.62,9.88,10.94,10.60,7.75,10.72,1.28,1.92,2.23,3.35,5.03,2.14,1.59,1.80,2.62,3.55,3.41,2.62,2.83,99.00,3.51,2.67,4.69,15.66,15.76,19.52,19.72,16.14,17.19,19.07,18.59,22.69,19.60,15.30,12.35,10.79,10.78,12.47,10.23,15.67,13.42,12.63,11.94,13.22,12.97,12.92,14.49,15.88,13.06,11.37,11.77,13.18,11.84,13.29,10.61,11.42,12.18,10.57,10.63,12.98,11.19,13.85,13.96,11.10,12.11,10.78,12.19,11.33,10.66,11.95,12.21,9.84,10.96,13.65,13.13,12.90,13.33,13.07,10.74,12.67,13.69,9.92,10.70,12.15,6.98,8.22,7.15,7.86,8.31,8.04,8.04,8.30,7.57,2.77,2.29,6.55,6.35,6.41,2.38,3.68,4.88,6.00,4.95,5.81,3.15,5.74,5.13,4.49,4.84,6.84,6.92,9.53,10.16,9.17,9.25,10.12,8.09,8.82,9.21,9.99],
  [6.17,7.46,4.64,14.31,22.76,11.16,11.85,12.63,12.63,12.84,11.10,12.81,3.47,3.11,3.09,1.72,2.17,1.64,2.98,2.26,2.32,1.12,1.34,1.29,1.12,3.51,99.00,1.10,1.71,18.23,18.38,21.75,22.08,18.37,19.20,21.99,21.46,25.69,22.52,18.69,15.10,13.49,13.88,15.78,13.35,18.50,16.45,15.71,14.91,15.86,16.24,15.66,17.24,19.27,16.05,14.55,14.77,15.95,14.92,16.21,13.41,14.15,8.67,7.18,7.39,9.52,7.86,10.37,10.49,7.59,8.74,7.43,8.75,7.84,7.23,8.49,8.76,6.44,7.45,10.16,9.69,9.41,9.92,9.58,7.23,9.21,10.24,6.46,7.24,8.74,5.72,6.25,5.26,6.69,6.48,5.49,5.49,5.73,6.05,6.14,5.80,6.78,7.67,6.88,4.69,5.03,7.21,7.45,5.32,6.40,6.13,6.73,6.09,5.24,7.50,7.89,7.80,6.14,6.83,5.70,5.76,6.85,4.78,5.55,5.90,6.58],
  [6.88,8.14,3.61,13.69,22.60,11.04,11.99,12.24,12.63,12.65,10.40,12.67,2.41,2.86,2.95,2.25,3.21,0.58,1.89,1.96,2.42,1.89,1.98,0.22,1.40,2.67,1.10,99.00,2.76,17.93,18.06,21.59,21.87,18.21,19.12,21.54,21.04,25.21,22.07,17.96,14.72,13.12,13.33,15.11,12.79,18.09,15.94,15.17,14.43,15.53,15.60,15.28,16.86,18.54,15.56,13.96,14.27,15.56,14.38,15.76,13.00,13.77,9.56,7.90,7.98,10.33,8.53,11.20,11.30,8.50,9.45,8.11,9.53,8.71,8.00,9.30,9.56,7.17,8.42,11.01,10.46,10.27,10.66,10.44,8.17,10.02,11.03,7.27,8.27,9.48,5.29,6.11,5.07,6.26,6.29,5.63,5.63,5.88,5.72,5.41,4.94,7.14,7.72,7.17,4.30,4.96,6.92,7.45,5.58,6.64,5.58,6.86,6.20,5.38,7.09,8.03,7.99,7.21,7.91,6.52,6.61,7.94,5.43,6.64,6.99,7.64],
  [6.00,6.09,6.07,14.81,22.46,12.13,11.18,12.78,12.16,12.66,11.79,12.55,4.98,3.59,3.41,1.56,0.46,3.23,4.55,3.02,2.53,1.14,1.33,2.97,1.87,4.69,1.71,2.76,99.00,18.17,18.35,21.44,21.84,18.09,18.79,22.14,21.58,25.90,22.68,19.36,15.20,13.59,14.27,16.36,13.77,18.62,16.75,16.06,15.19,15.88,16.77,15.76,17.32,19.94,16.33,15.00,15.07,16.06,15.28,16.43,13.57,14.26,7.96,6.93,7.37,8.96,7.68,9.79,9.92,6.84,8.45,7.23,8.32,7.19,6.85,7.99,8.25,6.19,6.56,9.52,9.22,8.76,9.51,8.94,6.39,8.69,9.74,6.01,6.12,8.37,7.12,7.34,6.46,8.08,7.63,6.29,6.29,6.51,7.35,7.00,6.88,5.92,7.24,6.11,5.12,4.94,7.33,7.10,4.70,5.74,6.72,6.23,5.64,4.83,7.78,7.32,7.15,4.88,5.48,5.27,5.25,5.42,4.82,4.13,4.53,5.36],
  [24.16,14.95,16.06,6.49,5.29,28.66,8.56,5.80,6.87,5.57,9.33,5.81,16.77,15.14,15.14,16.79,18.13,17.58,17.22,16.03,15.95,17.45,17.16,17.99,17.11,15.66,18.23,17.93,18.17,99.00,0.35,4.48,4.29,2.34,3.93,4.59,3.92,8.32,5.08,8.10,3.41,4.88,5.93,6.86,6.41,1.94,3.96,4.72,4.49,2.45,6.28,2.90,1.69,8.29,3.90,6.02,4.77,2.75,5.13,3.34,5.15,4.30,25.85,25.10,25.51,26.99,25.86,27.77,27.91,24.74,26.61,25.41,26.44,25.19,25.01,26.07,26.33,24.36,24.29,27.44,27.31,26.69,27.63,26.88,24.22,26.74,27.78,24.16,23.49,26.51,22.59,23.87,22.80,23.42,23.97,23.56,23.56,23.81,23.21,13.13,14.09,13.00,11.07,12.63,13.63,13.27,11.03,11.13,13.62,12.75,12.51,12.10,12.60,13.37,10.86,11.23,11.52,22.13,22.32,23.43,23.38,22.01,22.91,21.11,21.54,22.61],
  [24.34,15.21,16.13,6.38,5.36,28.75,8.86,5.89,7.15,5.79,9.31,6.05,16.86,15.28,15.29,16.95,18.32,17.70,17.32,16.17,16.10,17.61,17.33,18.12,17.27,15.76,18.38,18.06,18.35,0.35,99.00,4.60,4.33,2.66,4.22,4.28,3.61,8.03,4.78,7.82,3.46,4.97,5.87,6.67,6.37,1.61,3.79,4.57,4.43,2.54,6.08,2.92,1.56,8.00,3.76,5.92,4.70,2.74,5.03,3.22,5.21,4.37,26.06,25.28,25.67,27.19,26.03,27.97,28.11,24.94,26.80,25.58,26.63,25.39,25.20,26.27,26.52,24.54,24.50,27.65,27.50,26.90,27.82,27.09,24.43,26.94,27.98,24.35,23.71,26.70,22.68,23.98,22.91,23.50,24.07,23.69,23.69,23.95,23.30,13.21,14.15,13.23,11.28,12.86,13.76,13.44,11.18,11.33,13.82,12.97,12.61,12.31,12.80,13.56,10.98,11.45,11.75,22.35,22.54,23.61,23.57,22.24,23.07,21.33,21.76,22.83],
  [27.41,17.27,20.10,10.97,1.03,32.52,10.68,9.94,9.34,8.95,13.73,8.93,20.70,18.74,18.69,20.18,21.32,21.30,21.11,19.65,19.43,20.85,20.57,21.68,20.62,19.52,21.75,21.59,21.44,4.48,4.60,99.00,1.04,3.39,2.86,5.93,5.45,8.30,6.11,11.96,7.76,9.03,10.39,11.23,10.86,5.87,8.37,9.17,8.97,6.73,10.61,7.31,6.15,12.02,8.36,10.51,9.25,7.20,9.61,7.82,9.40,8.55,28.75,28.29,28.80,29.94,29.07,30.68,30.82,27.66,29.75,28.62,29.50,28.16,28.14,29.10,29.34,27.57,27.14,30.31,30.31,29.59,30.67,29.78,27.12,29.72,30.75,27.28,26.24,29.60,26.50,27.65,26.59,27.36,27.79,27.19,27.19,27.44,27.08,17.17,18.17,15.80,14.20,15.50,17.33,16.72,14.70,14.35,16.75,15.76,16.41,15.21,15.80,16.62,14.68,14.17,14.39,24.91,24.97,26.58,26.50,24.62,26.25,23.88,24.29,25.36],
  [27.83,17.89,20.23,10.69,1.11,32.74,11.29,9.99,9.85,9.24,13.62,9.29,20.88,19.04,19.00,20.54,21.75,21.56,21.30,19.94,19.76,21.22,20.93,21.95,20.95,19.72,22.08,21.87,21.84,4.29,4.33,1.04,99.00,3.77,3.65,4.98,4.55,7.26,5.13,11.29,7.68,9.06,10.20,10.80,10.69,5.38,8.00,8.84,8.76,6.68,10.16,7.19,5.88,11.31,8.04,10.23,9.03,7.04,9.34,7.52,9.39,8.53,29.27,28.73,29.21,30.45,29.50,31.20,31.34,28.17,30.20,29.05,29.98,28.66,28.60,29.58,29.83,28.00,27.67,30.84,30.81,30.11,31.15,30.30,27.64,30.22,31.25,27.74,26.79,30.07,26.69,27.90,26.83,27.54,28.02,27.49,27.49,27.75,27.29,17.29,18.27,16.31,14.61,15.99,17.59,17.06,14.96,14.74,17.18,16.21,16.59,15.64,16.20,17.02,14.89,14.63,14.87,25.45,25.54,27.03,26.96,25.20,26.64,24.42,24.83,25.91],
  [24.08,14.17,16.76,8.28,4.40,29.14,7.58,6.69,6.09,5.56,10.66,5.56,17.33,15.36,15.31,16.81,17.99,17.91,17.73,16.26,16.05,17.49,17.20,18.29,17.25,16.14,18.37,18.21,18.09,2.34,2.66,3.39,3.77,99.00,1.66,6.33,5.67,9.76,6.75,10.41,4.77,5.81,7.53,8.93,7.93,4.27,6.06,6.69,6.19,3.76,8.41,4.44,3.81,10.62,5.89,7.83,6.47,4.44,6.93,5.32,6.24,5.42,25.50,24.97,25.46,26.68,25.75,27.43,27.58,24.40,26.44,25.29,26.21,24.89,24.83,25.82,26.06,24.24,23.91,27.08,27.04,26.35,27.38,26.53,23.87,26.45,27.49,23.97,23.03,26.30,23.12,24.27,23.20,23.99,24.40,23.81,23.81,24.06,23.70,13.82,14.84,12.54,10.86,12.22,13.95,13.34,11.32,11.00,13.42,12.45,13.04,11.88,12.45,13.27,11.31,10.86,11.10,21.69,21.79,23.27,23.19,21.46,22.90,20.66,21.07,22.15],
  [24.73,14.44,17.92,9.90,3.85,30.13,7.87,8.08,6.63,6.61,12.14,6.48,18.41,16.26,16.19,17.59,18.65,18.86,18.78,17.17,16.88,18.27,17.99,19.22,18.09,17.19,19.20,19.12,18.79,3.93,4.22,2.86,3.65,1.66,99.00,7.41,6.79,10.51,7.76,12.03,6.35,7.24,9.12,10.58,9.49,5.83,7.72,8.35,7.80,5.35,10.06,6.05,5.46,12.22,7.55,9.46,8.08,6.07,8.56,6.97,7.71,6.92,25.98,25.59,26.14,27.18,26.38,27.91,28.06,24.90,27.03,25.93,26.76,25.41,25.43,26.36,26.60,24.88,24.37,27.54,27.57,26.82,27.93,27.01,24.36,26.97,27.99,24.57,23.45,26.87,24.15,25.22,24.16,25.04,25.38,24.68,24.68,24.93,24.70,15.00,16.03,13.07,11.57,12.78,14.93,14.19,12.32,11.76,14.09,13.08,14.15,12.57,13.18,14.01,12.40,11.49,11.69,22.13,22.17,23.88,23.79,21.81,23.62,21.10,21.50,22.57],
  [28.07,19.41,19.18,8.38,5.98,31.85,13.13,9.37,11.41,9.88,11.80,10.22,20.06,18.87,18.92,20.67,22.15,21.12,20.57,19.73,19.78,21.31,21.03,21.57,20.89,19.07,21.99,21.54,22.14,4.59,4.28,5.93,4.98,6.33,7.41,99.00,0.67,3.82,0.54,7.07,6.95,8.55,8.38,7.73,8.94,3.53,5.71,6.57,7.13,6.38,7.04,6.39,4.86,6.93,6.03,7.98,7.32,6.09,7.32,5.79,8.58,7.88,29.98,29.04,29.36,31.06,29.77,31.87,32.01,28.85,30.58,29.33,30.46,29.27,28.99,30.12,30.38,28.30,28.45,31.56,31.35,30.81,31.65,30.99,28.35,30.80,31.85,28.15,27.71,30.50,25.81,27.23,26.18,26.55,27.29,27.11,27.11,27.37,26.46,16.37,17.21,17.32,15.28,16.93,17.30,17.20,14.83,15.28,17.76,16.98,15.97,16.28,16.73,17.44,14.49,15.52,15.84,26.35,26.59,27.41,27.38,26.30,26.74,25.34,25.77,26.83],
  [27.53,18.77,18.74,8.03,5.59,31.42,12.47,8.83,10.75,9.26,11.42,9.58,19.60,18.35,18.39,20.13,21.58,20.63,20.10,19.21,19.24,20.77,20.48,21.07,20.36,18.59,21.46,21.04,21.58,3.92,3.61,5.45,4.55,5.67,6.79,0.67,99.00,4.44,1.17,7.12,6.39,8.00,7.96,7.50,8.52,2.96,5.30,6.18,6.67,5.77,6.81,5.83,4.27,7.03,5.59,7.61,6.87,5.53,6.91,5.30,8.05,7.32,29.40,28.49,28.82,30.49,29.23,31.30,31.43,28.28,30.02,28.78,29.90,28.70,28.43,29.55,29.81,27.75,27.86,30.98,30.79,30.23,31.09,30.42,27.77,30.23,31.28,27.59,27.12,29.95,25.36,26.77,25.71,26.12,26.83,26.62,26.62,26.88,26.01,15.91,16.76,16.70,14.68,16.32,16.78,16.64,14.28,14.69,17.18,16.38,15.48,15.69,16.14,16.86,13.97,14.91,15.22,25.76,25.98,26.85,26.82,25.70,26.21,24.74,25.17,26.23],
  [31.81,23.22,22.69,11.75,7.89,35.31,16.88,13.13,15.18,13.70,15.21,14.03,23.63,22.59,22.65,24.42,25.92,24.77,24.15,23.43,23.51,25.05,24.77,25.22,24.61,22.69,25.69,25.21,25.90,8.32,8.03,8.30,7.26,9.76,10.51,3.82,4.44,99.00,3.29,9.17,10.74,12.33,11.92,10.77,12.47,7.33,9.27,10.07,10.78,10.20,10.12,10.19,8.67,8.82,9.64,11.40,10.94,9.88,10.85,9.48,12.33,11.66,33.77,32.79,33.07,34.84,33.51,35.65,35.79,32.64,34.33,33.06,34.23,33.05,32.75,33.89,34.15,32.04,32.24,35.35,35.12,34.59,35.41,34.78,32.15,34.58,35.63,31.91,31.52,34.26,29.31,30.78,29.74,30.02,30.82,30.73,30.73,30.99,29.97,19.95,20.74,21.13,19.09,20.75,21.01,20.96,18.57,19.08,21.57,20.79,19.63,20.09,20.53,21.23,18.20,19.34,19.66,30.16,30.40,31.16,31.15,30.12,30.46,29.15,29.58,30.64],
  [28.60,19.93,19.69,8.86,6.08,32.36,13.63,9.91,11.92,10.41,12.30,10.74,20.58,19.41,19.46,21.21,22.68,21.65,21.09,20.27,20.31,21.84,21.56,22.10,21.43,19.60,22.52,22.07,22.68,5.08,4.78,6.11,5.13,6.75,7.76,0.54,1.17,3.29,99.00,7.34,7.49,9.09,8.89,8.16,9.45,4.06,6.21,7.07,7.66,6.91,7.48,6.93,5.40,7.16,6.54,8.47,7.84,6.62,7.83,6.32,9.12,8.41,30.51,29.58,29.89,31.60,30.31,32.41,32.54,29.39,31.11,29.86,31.00,29.81,29.53,30.65,30.91,28.83,28.98,32.10,31.89,31.34,32.19,31.53,28.89,31.34,32.39,28.69,28.25,31.04,26.32,27.75,26.69,27.06,27.80,27.63,27.63,27.89,26.97,16.89,17.72,17.85,15.81,17.46,17.83,17.73,15.36,15.81,18.30,17.51,16.50,16.82,17.26,17.98,15.02,16.05,16.37,26.89,27.12,27.94,27.92,26.84,27.28,25.88,26.31,27.37],
  [24.83,18.64,14.86,4.80,12.40,27.05,13.84,8.01,12.20,10.04,7.59,10.61,15.96,15.78,15.95,17.80,19.51,17.44,16.54,16.49,16.83,18.33,18.08,17.92,17.74,15.30,18.69,17.96,19.36,8.10,7.82,11.96,11.29,10.41,12.03,7.07,7.12,9.17,7.34,99.00,7.01,7.80,5.68,3.10,6.01,6.24,4.71,4.61,5.72,7.49,2.95,6.86,6.67,0.58,5.09,4.80,5.60,6.63,5.08,5.55,7.38,7.35,27.29,25.85,25.93,28.20,26.49,29.05,29.17,26.17,27.40,26.07,27.44,26.48,25.92,27.18,27.44,25.12,25.92,28.82,28.38,28.06,28.60,28.24,25.75,27.89,28.93,25.14,25.42,27.42,21.24,22.87,21.87,21.83,22.84,23.11,23.11,23.36,21.94,12.56,13.08,16.09,13.90,15.66,14.24,14.75,12.40,13.72,15.87,15.45,12.65,14.70,14.90,15.36,11.75,14.42,14.79,24.10,24.54,24.38,24.43,24.35,23.39,23.19,23.62,24.59],
  [21.14,12.74,12.68,3.60,8.64,25.31,7.05,2.48,5.33,3.30,5.97,3.80,13.43,11.98,12.02,13.74,15.20,14.33,13.90,12.86,12.86,14.38,14.10,14.76,13.99,12.35,15.10,14.72,15.20,3.41,3.46,7.76,7.68,4.77,6.35,6.95,6.39,10.74,7.49,7.01,99.00,1.61,2.77,4.64,3.16,3.43,2.36,2.46,1.55,1.03,4.31,0.57,2.15,7.41,1.93,3.19,1.80,0.86,2.35,1.60,1.76,0.94,23.03,22.11,22.44,24.12,22.84,24.92,25.06,21.90,23.64,22.40,23.51,22.32,22.05,23.17,23.43,21.36,21.51,24.61,24.40,23.86,24.70,24.05,21.41,23.85,24.90,21.21,20.78,23.56,19.25,20.57,19.50,20.06,20.66,20.33,20.33,20.59,19.87,9.77,10.70,10.49,8.38,10.08,10.43,10.26,7.90,8.36,10.83,10.08,9.21,9.37,9.79,10.50,7.63,8.69,9.02,19.42,19.68,20.46,20.44,19.41,19.83,18.42,18.85,19.91],
  [19.53,11.32,11.18,3.53,9.96,23.78,6.04,0.92,4.45,2.26,4.91,2.85,11.89,10.38,10.41,12.13,13.59,12.74,12.35,11.26,11.25,12.77,12.49,13.17,12.39,10.79,13.49,13.12,13.59,4.88,4.97,9.03,9.06,5.81,7.24,8.55,8.00,12.33,9.09,7.80,1.61,99.00,2.49,5.00,2.59,5.03,3.54,3.24,2.11,2.43,4.89,2.18,3.75,8.27,3.08,3.26,2.20,2.47,2.73,2.98,0.56,0.68,21.43,20.50,20.83,22.51,21.23,23.32,23.46,20.31,22.03,20.78,21.91,20.72,20.44,21.56,21.82,19.75,19.91,23.02,22.80,22.26,23.10,22.45,19.81,22.25,23.30,19.60,19.20,21.95,17.71,19.01,17.94,18.54,19.10,18.74,18.74,19.00,18.33,8.25,9.22,8.98,6.84,8.57,8.83,8.65,6.29,6.79,9.25,8.54,7.64,7.82,8.21,8.90,6.03,7.19,7.54,17.84,18.12,18.85,18.83,17.85,18.22,16.84,17.28,18.33],
  [20.04,12.98,10.81,1.05,11.21,23.47,8.37,2.39,6.87,4.69,3.50,5.29,11.71,10.81,10.91,12.74,14.36,12.87,12.24,11.62,11.79,13.33,13.06,13.33,12.83,10.78,13.88,13.33,14.27,5.93,5.87,10.39,10.20,7.53,9.12,8.38,7.96,11.92,8.89,5.68,2.77,2.49,99.00,2.66,0.56,5.20,2.67,1.85,1.44,3.78,2.75,3.12,4.33,6.21,2.38,0.88,1.17,3.19,1.06,2.76,1.95,2.39,22.23,21.04,21.26,23.23,21.74,24.07,24.19,21.10,22.59,21.30,22.55,21.47,21.04,22.24,22.50,20.29,20.78,23.79,23.47,23.03,23.73,23.22,20.64,22.95,23.99,20.23,20.18,22.56,17.43,18.88,17.83,18.17,18.92,18.82,18.82,19.08,18.09,8.04,8.84,10.46,8.27,10.03,9.22,9.44,7.01,8.11,10.38,9.87,7.76,9.12,9.38,9.92,6.49,8.75,9.12,18.83,19.20,19.47,19.48,18.98,18.66,17.88,18.31,19.32],
  [21.94,15.55,12.19,1.71,11.89,24.66,11.00,5.05,9.45,7.26,4.71,7.85,13.23,12.81,12.95,14.81,16.50,14.61,13.79,13.55,13.84,15.36,15.10,15.08,14.79,12.47,15.78,15.11,16.36,6.86,6.67,11.23,10.80,8.93,10.58,7.73,7.50,10.77,8.16,3.10,4.64,5.00,2.66,99.00,2.93,5.42,2.90,2.26,3.12,5.41,0.69,4.69,5.18,3.66,3.04,1.79,2.91,4.58,2.34,3.61,4.52,4.69,24.31,22.96,23.09,25.26,23.62,26.10,26.23,23.19,24.51,23.20,24.53,23.52,23.00,24.25,24.51,22.22,22.92,25.86,25.45,25.10,25.69,25.28,22.76,24.96,26.00,22.22,22.39,24.51,18.72,20.28,19.26,19.38,20.29,20.40,20.40,20.66,19.41,9.70,10.32,12.99,10.81,12.56,11.24,11.69,9.31,10.62,12.78,12.36,9.68,11.61,11.80,12.27,8.69,11.33,11.70,21.06,21.48,21.45,21.49,21.28,20.52,20.13,20.57,21.55],
  [19.52,12.63,10.25,1.22,11.69,22.91,8.26,2.29,6.83,4.69,2.97,5.28,11.16,10.29,10.40,12.23,13.87,12.33,11.68,11.10,11.28,12.82,12.55,12.79,12.31,10.23,13.35,12.79,13.77,6.41,6.37,10.86,10.69,7.93,9.49,8.94,8.52,12.47,9.45,6.01,3.16,2.59,0.56,2.93,99.00,5.75,3.23,2.40,1.95,4.18,3.12,3.55,4.84,6.55,2.93,1.25,1.70,3.66,1.62,3.30,2.04,2.63,21.73,20.52,20.73,22.72,21.21,23.56,23.69,20.60,22.07,20.78,22.04,20.96,20.53,21.73,21.99,19.77,20.29,23.29,22.95,22.53,23.21,22.72,20.15,22.44,23.48,19.72,19.70,22.04,16.87,18.32,17.27,17.62,18.37,18.27,18.27,18.53,17.53,7.48,8.28,10.09,7.90,9.66,8.70,8.96,6.55,7.72,9.95,9.47,7.23,8.72,8.95,9.47,6.00,8.41,8.78,18.36,18.74,18.96,18.97,18.53,18.13,17.41,17.85,18.85],
  [24.56,15.96,15.88,5.48,6.48,28.55,9.84,5.87,8.10,6.41,8.70,6.79,16.70,15.39,15.43,17.16,18.62,17.69,17.19,16.26,16.27,17.80,17.52,18.13,17.40,15.67,18.50,18.09,18.62,1.94,1.61,5.87,5.38,4.27,5.83,3.53,2.96,7.33,4.06,6.24,3.43,5.03,5.20,5.42,5.75,99.00,2.70,3.58,3.82,2.89,4.78,2.87,1.35,6.40,2.85,5.02,4.05,2.56,4.21,2.45,5.10,4.36,26.45,25.53,25.86,27.54,26.26,28.34,28.48,25.32,27.06,25.82,26.94,25.75,25.47,26.59,26.85,24.79,24.92,28.03,27.83,27.28,28.13,27.47,24.83,27.28,28.33,24.63,24.18,26.99,22.49,23.87,22.80,23.27,23.94,23.68,23.68,23.94,23.13,13.01,13.90,13.81,11.76,13.42,13.83,13.68,11.32,11.75,14.24,13.46,12.54,12.76,13.20,13.91,11.01,12.01,12.34,22.82,23.07,23.89,23.86,22.79,23.25,21.82,22.25,23.30],
  [22.59,14.85,13.48,2.79,9.08,26.14,9.39,4.11,7.69,5.60,6.12,6.13,14.38,13.35,13.43,15.24,16.80,15.50,14.90,14.19,14.31,15.85,15.57,15.95,15.38,13.42,16.45,15.94,16.75,3.96,3.79,8.37,8.00,6.06,7.72,5.71,5.30,9.27,6.21,4.71,2.36,3.54,2.67,2.90,3.23,2.70,99.00,0.89,1.57,2.78,2.35,2.15,2.29,5.08,0.47,2.35,1.68,1.92,1.62,0.84,3.32,2.94,24.68,23.58,23.83,25.71,24.29,26.54,26.67,23.55,25.13,23.85,25.06,23.93,23.56,24.74,25.00,22.83,23.19,26.25,25.97,25.49,26.24,25.68,23.07,25.43,26.48,22.74,22.54,25.08,20.10,21.54,20.49,20.85,21.59,21.46,21.46,21.72,20.76,10.69,11.51,12.48,10.31,12.06,11.77,11.84,9.42,10.23,12.63,11.99,10.36,11.25,11.60,12.22,8.98,10.70,11.05,21.18,21.50,21.98,21.98,21.26,21.23,20.20,20.64,21.67],
  [21.87,14.43,12.64,1.90,9.91,25.30,9.26,3.64,7.60,5.44,5.24,6.01,13.56,12.63,12.72,14.54,16.13,14.72,14.08,13.45,13.60,15.14,14.87,15.18,14.66,12.63,15.71,15.17,16.06,4.72,4.57,9.17,8.84,6.69,8.35,6.57,6.18,10.07,7.07,4.61,2.46,3.24,1.85,2.26,2.40,3.58,0.89,99.00,1.13,3.15,1.86,2.45,3.03,5.05,0.82,1.45,1.09,2.32,0.79,1.39,2.90,2.75,24.01,22.86,23.09,25.03,23.56,25.86,25.99,22.88,24.41,23.13,24.36,23.26,22.86,24.05,24.31,22.12,22.55,25.58,25.27,24.82,25.54,25.01,22.41,24.75,25.79,22.04,21.92,24.38,19.26,20.72,19.67,20.00,20.77,20.67,20.67,20.93,19.93,9.88,10.68,11.99,9.81,11.57,11.04,11.19,8.76,9.70,12.05,11.46,9.60,10.72,11.03,11.62,8.28,10.24,10.60,20.57,20.91,21.28,21.29,20.67,20.49,19.60,20.03,21.06],
  [21.04,13.35,12.08,2.10,9.78,24.75,8.13,2.56,6.49,4.32,4.92,4.89,12.93,11.81,11.89,13.68,15.24,14.00,13.44,12.66,12.76,14.30,14.02,14.45,13.84,11.94,14.91,14.43,15.19,4.49,4.43,8.97,8.76,6.19,7.80,7.13,6.67,10.78,7.66,5.72,1.55,2.11,1.44,3.12,1.95,3.82,1.57,1.13,99.00,2.46,2.87,1.75,2.89,6.17,1.14,1.66,0.28,1.78,0.80,1.37,1.80,1.64,23.11,22.03,22.30,24.15,22.74,24.97,25.11,21.98,23.58,22.30,23.50,22.37,22.01,23.18,23.44,21.29,21.63,24.69,24.41,23.93,24.69,24.11,21.50,23.87,24.92,21.18,20.97,23.53,18.70,20.10,19.05,19.46,20.17,19.98,19.98,20.24,19.35,9.24,10.10,10.94,8.77,10.52,10.23,10.28,7.86,8.67,11.06,10.43,8.85,9.70,10.03,10.66,7.44,9.17,9.53,19.62,19.94,20.43,20.42,19.69,19.69,18.64,19.07,20.10],
  [21.85,13.08,13.61,4.55,7.62,26.21,7.06,3.35,5.31,3.53,7.00,3.92,14.32,12.76,12.77,14.46,15.86,15.16,14.78,13.64,13.59,15.11,14.82,15.58,14.75,13.22,15.86,15.53,15.88,2.45,2.54,6.73,6.68,3.76,5.35,6.38,5.77,10.20,6.91,7.49,1.03,2.43,3.78,5.41,4.18,2.89,2.78,3.15,2.46,99.00,4.99,0.72,1.54,7.84,2.45,4.12,2.73,0.86,3.23,1.94,2.71,1.85,23.65,22.80,23.17,24.75,23.55,25.55,25.69,22.52,24.32,23.10,24.18,22.96,22.73,23.82,24.08,22.06,22.10,25.23,25.06,24.48,25.37,24.67,22.02,24.50,25.54,21.88,21.34,24.23,20.14,21.43,20.37,20.97,21.53,21.15,21.15,21.41,20.76,10.68,11.64,10.94,8.91,10.55,11.23,10.95,8.65,8.92,11.41,10.60,10.07,9.92,10.38,11.12,8.44,9.14,9.46,19.98,20.21,21.14,21.11,19.93,20.57,18.97,19.40,20.46],
  [22.41,15.73,12.75,1.97,11.26,25.26,10.93,5.07,9.33,7.15,5.24,7.73,13.77,13.24,13.37,15.22,16.89,15.10,14.32,14.00,14.26,15.78,15.52,15.58,15.24,12.97,16.24,15.60,16.77,6.28,6.08,10.61,10.16,8.41,10.06,7.04,6.81,10.12,7.48,2.95,4.31,4.89,2.75,0.69,3.12,4.78,2.35,1.86,2.87,4.99,99.00,4.30,4.62,3.46,2.56,1.88,2.71,4.15,2.16,3.12,4.45,4.50,24.73,23.42,23.58,25.69,24.09,26.54,26.66,23.61,24.98,23.67,24.97,23.95,23.45,24.69,24.95,22.68,23.32,26.28,25.90,25.52,26.15,25.70,23.16,25.40,26.44,22.66,22.76,24.97,19.30,20.85,19.82,19.98,20.86,20.94,20.94,21.20,19.99,10.20,10.86,13.20,11.01,12.77,11.66,12.04,9.64,10.84,13.06,12.59,10.12,11.84,12.07,12.58,9.04,11.50,11.88,21.43,21.83,21.90,21.93,21.62,21.00,20.49,20.92,21.92],
  [21.71,13.23,13.23,3.85,8.17,25.87,7.41,3.05,5.67,3.72,6.43,4.19,13.99,12.55,12.58,14.31,15.76,14.90,14.46,13.43,13.42,14.95,14.67,15.33,14.56,12.92,15.66,15.28,15.76,2.90,2.92,7.31,7.19,4.44,6.05,6.39,5.83,10.19,6.93,6.86,0.57,2.18,3.12,4.69,3.55,2.87,2.15,2.45,1.75,0.72,4.30,99.00,1.58,7.23,1.77,3.41,2.04,0.33,2.52,1.32,2.31,1.51,23.58,22.67,23.01,24.67,23.41,25.48,25.61,22.46,24.20,22.96,24.07,22.88,22.61,23.73,23.98,21.92,22.05,25.17,24.96,24.41,25.26,24.60,21.96,24.41,25.46,21.77,21.33,24.12,19.80,21.13,20.06,20.61,21.22,20.89,20.89,21.15,20.43,10.32,11.25,11.00,8.92,10.60,11.00,10.82,8.47,8.90,11.37,10.62,9.77,9.91,10.34,11.05,8.19,9.20,9.53,19.97,20.22,21.02,21.00,19.95,20.40,18.96,19.39,20.45],
  [23.28,14.62,14.77,4.82,6.92,27.42,8.55,4.63,6.79,5.07,7.79,5.46,15.55,14.13,14.16,15.88,17.32,16.47,16.03,15.01,15.00,16.52,16.24,16.91,16.14,14.49,17.24,16.86,17.32,1.69,1.56,6.15,5.88,3.81,5.46,4.86,4.27,8.67,5.40,6.67,2.15,3.75,4.33,5.18,4.84,1.35,2.29,3.03,2.89,1.54,4.62,1.58,99.00,6.93,2.21,4.36,3.16,1.31,3.47,1.66,3.88,3.09,25.13,24.24,24.59,26.23,24.98,27.03,27.17,24.00,25.77,24.53,25.64,24.43,24.18,25.29,25.54,23.50,23.59,26.71,26.52,25.96,26.83,26.15,23.50,25.97,27.01,23.33,22.85,25.69,21.36,22.70,21.63,22.15,22.78,22.47,22.47,22.73,21.99,11.87,12.79,12.47,10.42,12.08,12.58,12.38,10.05,10.42,12.91,12.12,11.34,11.42,11.87,12.59,9.77,10.67,10.99,21.49,21.73,22.59,22.56,21.45,21.98,20.48,20.91,21.97],
  [25.41,19.18,15.43,5.35,12.41,27.59,14.31,8.52,12.65,10.50,8.17,11.07,16.53,16.36,16.52,18.38,20.09,18.02,17.11,17.07,17.41,18.91,18.66,18.50,18.32,15.88,19.27,18.54,19.94,8.29,8.00,12.02,11.31,10.62,12.22,6.93,7.03,8.82,7.16,0.58,7.41,8.27,6.21,3.66,6.55,6.40,5.08,5.05,6.17,7.84,3.46,7.23,6.93,99.00,5.49,5.34,6.07,6.99,5.56,5.92,7.87,7.80,27.87,26.43,26.51,28.78,27.07,29.63,29.75,26.75,27.98,26.65,28.02,27.06,26.49,27.76,28.02,25.70,26.50,29.40,28.96,28.64,29.18,28.82,26.33,28.47,29.51,25.72,26.00,28.00,21.80,23.43,22.44,22.38,23.40,23.68,23.68,23.93,22.49,13.14,13.66,16.64,14.45,16.21,14.82,15.33,12.97,14.27,16.43,16.01,13.23,15.26,15.46,15.93,12.33,14.96,15.33,24.68,25.11,24.96,25.01,24.92,23.97,23.76,24.20,25.17],
  [22.19,14.39,13.16,2.66,9.10,25.83,8.94,3.66,7.24,5.14,5.87,5.68,14.03,12.95,13.03,14.83,16.38,15.13,14.55,13.80,13.90,15.44,15.16,15.58,14.98,13.06,16.05,15.56,16.33,3.90,3.76,8.36,8.04,5.89,7.55,6.03,5.59,9.64,6.54,5.09,1.93,3.08,2.38,3.04,2.93,2.85,0.47,0.82,1.14,2.45,2.56,1.77,2.21,5.49,99.00,2.20,1.29,1.59,1.36,0.57,2.87,2.47,24.25,23.17,23.44,25.29,23.89,26.12,26.25,23.12,24.72,23.45,24.64,23.51,23.15,24.32,24.58,22.43,22.76,25.83,25.55,25.07,25.83,25.25,22.64,25.02,26.07,22.33,22.10,24.67,19.78,21.21,20.15,20.54,21.26,21.10,21.10,21.36,20.44,10.35,11.18,12.02,9.86,11.60,11.37,11.42,9.00,9.77,12.18,11.53,9.98,10.80,11.15,11.78,8.58,10.24,10.59,20.75,21.06,21.57,21.57,20.81,20.83,19.76,20.20,21.23],
  [20.72,13.85,11.30,0.46,11.28,23.92,9.22,3.26,7.69,5.50,3.83,6.09,12.25,11.50,11.62,13.46,15.10,13.49,12.79,12.30,12.51,14.04,13.77,13.95,13.52,11.37,14.55,13.96,15.00,6.02,5.92,10.51,10.23,7.83,9.46,7.98,7.61,11.40,8.47,4.80,3.19,3.26,0.88,1.79,1.25,5.02,2.35,1.45,1.66,4.12,1.88,3.41,4.36,5.34,2.20,99.00,1.39,3.40,0.91,2.70,2.75,3.03,22.97,21.72,21.92,23.95,22.41,24.79,24.91,21.84,23.28,21.98,23.25,22.19,21.74,22.95,23.22,20.98,21.53,24.52,24.17,23.76,24.43,23.95,21.38,23.66,24.70,20.93,20.95,23.26,17.91,19.40,18.35,18.63,19.43,19.40,19.40,19.65,18.58,8.61,9.35,11.32,9.13,10.89,9.92,10.21,7.80,8.96,11.20,10.71,8.42,9.96,10.20,10.73,7.24,9.62,9.99,19.61,19.99,20.17,20.19,19.78,19.32,18.66,19.10,20.10],
  [20.91,13.35,11.87,1.82,10.05,24.55,8.24,2.55,6.62,4.44,4.66,5.02,12.74,11.68,11.76,13.56,15.13,13.84,13.25,12.51,12.63,14.17,13.89,14.29,13.70,11.77,14.77,14.27,15.07,4.77,4.70,9.25,9.03,6.47,8.08,7.32,6.87,10.94,7.84,5.60,1.80,2.20,1.17,2.91,1.70,4.05,1.68,1.09,0.28,2.73,2.71,2.04,3.16,6.07,1.29,1.39,99.00,2.06,0.57,1.60,1.82,1.79,23.01,21.90,22.16,24.04,22.61,24.86,24.99,21.88,23.45,22.17,23.38,22.26,21.88,23.06,23.32,21.16,21.53,24.58,24.29,23.82,24.57,24.01,21.40,23.76,24.81,21.06,20.89,23.40,18.50,19.91,18.86,19.26,19.97,19.81,19.81,20.07,19.15,9.05,9.90,10.91,8.73,10.49,10.09,10.18,7.75,8.62,10.99,10.39,8.69,9.65,9.97,10.58,7.31,9.15,9.52,19.53,19.86,20.31,20.31,19.62,19.55,18.56,18.99,20.02],
  [22.00,13.56,13.46,3.85,8.04,26.11,7.72,3.32,5.98,4.05,6.58,4.51,14.24,12.84,12.87,14.60,16.06,15.17,14.72,13.71,13.71,15.24,14.96,15.60,14.85,13.18,15.95,15.56,16.06,2.75,2.74,7.20,7.04,4.44,6.07,6.09,5.53,9.88,6.62,6.63,0.86,2.47,3.19,4.58,3.66,2.56,1.92,2.32,1.78,0.86,4.15,0.33,1.31,6.99,1.59,3.40,2.06,99.00,2.50,1.08,2.57,1.80,23.89,22.97,23.30,24.98,23.70,25.78,25.92,22.77,24.50,23.26,24.38,23.19,22.91,24.03,24.29,22.22,22.37,25.48,25.27,24.72,25.57,24.91,22.27,24.71,25.76,22.07,21.64,24.42,20.05,21.38,20.32,20.85,21.47,21.16,21.16,21.42,20.68,10.56,11.48,11.33,9.24,10.93,11.28,11.12,8.76,9.21,11.69,10.94,10.03,10.23,10.65,11.36,8.47,9.52,9.86,20.28,20.54,21.32,21.30,20.27,20.69,19.28,19.71,20.76],
  [21.08,13.75,11.87,1.37,10.39,24.53,8.77,2.98,7.17,4.98,4.52,5.57,12.78,11.84,11.93,13.76,15.35,13.93,13.30,12.66,12.81,14.35,14.08,14.39,13.86,11.84,14.92,14.38,15.28,5.13,5.03,9.61,9.34,6.93,8.56,7.32,6.91,10.85,7.83,5.08,2.35,2.73,1.06,2.34,1.62,4.21,1.62,0.79,0.80,3.23,2.16,2.52,3.47,5.56,1.36,0.91,0.57,2.50,99.00,1.82,2.31,2.36,23.23,22.07,22.30,24.24,22.77,25.07,25.20,22.10,23.62,22.34,23.57,22.47,22.07,23.26,23.52,21.33,21.77,24.80,24.49,24.04,24.75,24.22,21.63,23.96,25.01,21.25,21.15,23.59,18.49,19.94,18.89,19.23,19.99,19.88,19.88,20.14,19.15,9.10,9.90,11.29,9.10,10.86,10.25,10.42,7.99,8.97,11.30,10.73,8.81,9.99,10.28,10.86,7.50,9.54,9.91,19.80,20.15,20.49,20.50,19.92,19.70,18.83,19.27,20.29],
  [22.32,14.27,13.45,3.17,8.57,26.12,8.65,3.67,6.93,4.89,6.26,5.40,14.29,13.10,13.17,14.94,16.46,15.33,14.80,13.96,14.03,15.57,15.29,15.78,15.13,13.29,16.21,15.76,16.43,3.34,3.22,7.82,7.52,5.32,6.97,5.79,5.30,9.48,6.32,5.55,1.60,2.98,2.76,3.61,3.30,2.45,0.84,1.39,1.37,1.94,3.12,1.32,1.66,5.92,0.57,2.70,1.60,1.08,1.82,99.00,2.87,2.32,24.33,23.30,23.59,25.38,24.02,26.20,26.34,23.20,24.84,23.58,24.75,23.60,23.27,24.42,24.68,22.56,22.82,25.91,25.65,25.15,25.94,25.33,22.71,25.11,26.16,22.44,22.14,24.79,20.07,21.46,20.40,20.84,21.53,21.32,21.32,21.58,20.71,10.60,11.47,11.96,9.82,11.54,11.53,11.50,9.10,9.76,12.20,11.51,10.18,10.78,11.16,11.82,8.72,10.16,10.51,20.78,21.07,21.69,21.67,20.81,20.98,19.79,20.22,21.27],
  [19.49,11.55,10.93,3.00,10.31,23.56,6.49,0.80,4.94,2.75,4.43,3.34,11.68,10.29,10.34,12.09,13.60,12.60,12.15,11.16,11.19,12.73,12.45,13.03,12.31,10.61,13.41,13.00,13.57,5.15,5.21,9.40,9.39,6.24,7.71,8.58,8.05,12.33,9.12,7.38,1.76,0.56,1.95,4.52,2.04,5.10,3.32,2.90,1.80,2.71,4.45,2.31,3.88,7.87,2.87,2.75,1.82,2.57,2.31,2.87,99.00,0.86,21.46,20.46,20.77,22.52,21.19,23.34,23.47,20.33,22.00,20.74,21.90,20.73,20.42,21.56,21.82,19.71,19.95,23.04,22.79,22.28,23.08,22.47,19.84,22.25,23.30,19.58,19.27,21.93,17.49,18.82,17.75,18.30,18.90,18.60,18.60,18.85,18.12,8.01,8.95,9.15,6.99,8.74,8.73,8.64,6.25,6.91,9.33,8.67,7.46,7.93,8.30,8.95,5.91,7.38,7.73,17.91,18.21,18.83,18.82,17.96,18.16,16.92,17.36,18.40],
  [20.20,11.95,11.77,3.37,9.46,24.39,6.51,1.54,4.85,2.70,5.24,3.26,12.50,11.04,11.07,12.80,14.27,13.39,12.97,11.92,11.92,13.44,13.16,13.82,13.05,11.42,14.15,13.77,14.26,4.30,4.37,8.55,8.53,5.42,6.92,7.88,7.32,11.66,8.41,7.35,0.94,0.68,2.39,4.69,2.63,4.36,2.94,2.75,1.64,1.85,4.50,1.51,3.09,7.80,2.47,3.03,1.79,1.80,2.36,2.32,0.86,99.00,22.11,21.17,21.50,23.19,21.90,24.00,24.14,20.98,22.70,21.46,22.58,21.40,21.11,22.24,22.50,20.42,20.59,23.69,23.48,22.94,23.77,23.13,20.49,22.92,23.97,20.27,19.88,22.63,18.32,19.63,18.56,19.13,19.72,19.38,19.38,19.64,18.94,8.85,9.79,9.64,7.51,9.23,9.49,9.32,6.96,7.47,9.93,9.21,8.27,8.49,8.89,9.58,6.68,7.84,8.19,18.52,18.79,19.53,19.51,18.53,18.89,17.52,17.96,19.01],
  [3.22,11.71,13.12,22.77,29.77,10.29,18.11,20.66,19.42,20.28,19.70,20.09,11.90,11.51,11.36,9.51,7.88,10.13,11.32,10.80,10.47,8.96,9.21,9.66,9.56,12.18,8.67,9.56,7.96,25.85,26.06,28.75,29.27,25.50,25.98,29.98,29.40,33.77,30.51,27.29,23.03,21.43,22.23,24.31,21.73,26.45,24.68,24.01,23.11,23.65,24.73,23.58,25.13,27.87,24.25,22.97,23.01,23.89,23.23,24.33,21.46,22.11,99.00,2.48,3.39,1.28,2.66,1.93,2.08,1.13,2.20,2.63,1.49,0.88,2.05,1.10,1.11,2.86,1.61,1.59,1.79,0.85,2.22,1.03,1.63,1.20,2.06,2.41,2.67,1.80,9.55,8.16,8.30,9.99,8.51,6.67,6.67,6.59,9.13,14.79,14.47,12.96,14.78,13.28,13.07,12.83,15.26,14.73,12.24,13.11,14.64,13.75,13.27,12.54,15.74,14.67,14.41,3.87,4.04,3.09,2.96,4.46,4.55,4.89,4.52,3.48],
  [1.03,11.79,11.29,21.49,29.31,8.11,17.82,19.67,18.97,19.58,18.27,19.45,10.09,10.23,10.15,8.37,6.99,8.44,9.50,9.43,9.28,7.74,8.02,7.96,8.21,10.57,7.18,7.90,6.93,25.10,25.28,28.29,28.73,24.97,25.59,29.04,28.49,32.79,29.58,25.85,22.11,20.50,21.04,22.96,20.52,25.53,23.58,22.86,22.03,22.80,23.42,22.67,24.24,26.43,23.17,21.72,21.90,22.97,22.07,23.30,20.46,21.17,2.48,99.00,1.06,2.63,0.80,3.46,3.54,2.17,1.55,0.37,1.70,1.77,0.50,1.64,1.86,0.75,2.80,3.41,2.62,2.79,2.77,2.91,2.49,2.29,3.19,1.12,3.82,1.59,7.12,5.69,5.87,7.52,6.04,4.22,4.22,4.12,6.67,13.29,12.83,12.54,14.12,12.81,11.82,11.86,14.22,14.01,11.55,12.53,13.31,13.09,12.54,11.74,14.60,14.12,13.91,4.41,4.97,1.71,1.84,5.38,2.50,5.19,4.97,4.25],
  [1.44,12.55,11.22,21.66,29.83,7.06,18.43,19.99,19.51,20.02,18.38,19.92,10.04,10.49,10.43,8.72,7.49,8.49,9.45,9.65,9.59,8.07,8.35,8.01,8.46,10.63,7.39,7.98,7.37,25.51,25.67,28.80,29.21,25.46,26.14,29.36,28.82,33.07,29.89,25.93,22.44,20.83,21.26,23.09,20.73,25.86,23.83,23.09,22.30,23.17,23.58,23.01,24.59,26.51,23.44,21.92,22.16,23.30,22.30,23.59,20.77,21.50,3.39,1.06,99.00,3.22,0.81,3.96,4.00,3.22,1.76,0.77,2.26,2.78,1.55,2.39,2.54,1.42,3.86,4.02,3.03,3.52,3.04,3.60,3.55,2.90,3.59,2.06,4.87,2.02,6.49,4.93,5.27,6.78,5.26,3.59,3.59,3.44,5.97,13.39,12.86,13.14,14.61,13.38,12.07,12.23,14.54,14.47,12.06,13.07,13.50,13.59,13.01,12.19,14.87,14.65,14.46,5.38,5.99,2.46,2.66,6.39,2.61,6.10,5.92,5.26],
  [3.60,12.96,13.82,23.74,30.97,9.64,19.33,21.72,20.61,21.42,20.61,21.24,12.61,12.45,12.33,10.49,8.92,10.89,12.02,11.71,11.44,9.91,10.17,10.41,10.46,12.98,9.52,10.33,8.96,26.99,27.19,29.94,30.45,26.68,27.18,31.06,30.49,34.84,31.60,28.20,24.12,22.51,23.23,25.26,22.72,27.54,25.71,25.03,24.15,24.75,25.69,24.67,26.23,28.78,25.29,23.95,24.04,24.98,24.24,25.38,22.52,23.19,1.28,2.63,3.22,99.00,2.41,0.86,0.97,2.29,1.55,2.60,0.97,1.80,2.38,1.04,0.79,3.25,2.87,0.80,0.55,0.57,0.98,0.50,2.83,0.34,0.81,3.06,3.94,1.21,9.68,8.15,8.44,10.00,8.48,6.77,6.77,6.64,9.18,15.66,15.27,14.14,15.92,14.46,14.03,13.88,16.29,15.86,13.36,14.26,15.58,14.89,14.38,13.64,16.74,15.83,15.58,5.13,5.32,3.82,3.77,5.74,5.05,6.13,5.77,4.75],
  [1.70,12.58,11.85,22.17,30.09,7.66,18.62,20.40,19.75,20.34,18.92,20.22,10.66,10.94,10.86,9.10,7.76,9.06,10.07,10.12,10.00,8.46,8.74,8.57,8.91,11.19,7.86,8.53,7.68,25.86,26.03,29.07,29.50,25.75,26.38,29.77,29.23,33.51,30.31,26.49,22.84,21.23,21.74,23.62,21.21,26.26,24.29,23.56,22.74,23.55,24.09,23.41,24.98,27.07,23.89,22.41,22.61,23.70,22.77,24.02,21.19,21.90,2.66,0.80,0.81,2.41,99.00,3.16,3.20,2.68,0.99,0.45,1.45,2.16,1.13,1.61,1.75,1.50,3.36,3.21,2.23,2.72,2.27,2.80,3.09,2.09,2.80,1.90,4.45,1.21,7.29,5.74,6.06,7.59,6.07,4.39,4.39,4.25,6.78,13.94,13.44,13.33,14.89,13.60,12.52,12.60,14.94,14.77,12.33,13.31,13.99,13.87,13.31,12.50,15.31,14.90,14.69,5.14,5.66,2.51,2.64,6.08,3.10,5.96,5.73,4.95],
  [4.45,13.62,14.68,24.58,31.70,10.04,20.04,22.54,21.35,22.20,21.46,22.01,13.47,13.30,13.17,11.33,9.74,11.75,12.88,12.56,12.28,10.75,11.02,11.28,11.32,13.85,10.37,11.20,9.79,27.77,27.97,30.68,31.20,27.43,27.91,31.87,31.30,35.65,32.41,29.05,24.92,23.32,24.07,26.10,23.56,28.34,26.54,25.86,24.97,25.55,26.54,25.48,27.03,29.63,26.12,24.79,24.86,25.78,25.07,26.20,23.34,24.00,1.93,3.46,3.96,0.86,3.16,99.00,0.15,3.03,2.21,3.40,1.77,2.60,3.24,1.90,1.64,4.10,3.54,0.45,0.94,1.08,1.13,0.90,3.56,1.19,0.49,3.93,4.54,1.95,10.45,8.88,9.22,10.73,9.19,7.55,7.55,7.40,9.93,16.52,16.13,14.89,16.70,15.21,14.87,14.70,17.12,16.64,14.15,15.03,16.43,15.67,15.17,14.43,17.58,16.59,16.33,5.80,5.90,4.68,4.62,6.31,5.91,6.82,6.44,5.38],
  [4.53,13.77,14.78,24.71,31.85,9.99,20.19,22.67,21.50,22.34,21.58,22.16,13.57,13.42,13.29,11.45,9.87,11.86,12.98,12.68,12.41,10.88,11.14,11.38,11.44,13.96,10.49,11.30,9.92,27.91,28.11,30.82,31.34,27.58,28.06,32.01,31.43,35.79,32.54,29.17,25.06,23.46,24.19,26.23,23.69,28.48,26.67,25.99,25.11,25.69,26.66,25.61,27.17,29.75,26.25,24.91,24.99,25.92,25.20,26.34,23.47,24.14,2.08,3.54,4.00,0.97,3.20,0.15,99.00,3.18,2.25,3.46,1.84,2.74,3.33,2.01,1.75,4.19,3.69,0.60,0.97,1.23,1.10,1.05,3.70,1.29,0.45,4.04,4.69,2.00,10.49,8.91,9.27,10.76,9.22,7.59,7.59,7.44,9.97,16.63,16.24,15.04,16.84,15.36,15.00,14.84,17.25,16.78,14.29,15.17,16.55,15.81,15.31,14.57,17.71,16.74,16.48,5.95,6.05,4.79,4.74,6.46,6.00,6.97,6.59,5.53],
  [2.58,10.69,12.08,21.64,28.68,10.28,17.04,19.53,18.33,19.17,18.59,18.98,10.86,10.39,10.24,8.39,6.75,9.08,10.29,9.69,9.35,7.84,8.10,8.61,8.45,11.10,7.59,8.50,6.84,24.74,24.94,27.66,28.17,24.40,24.90,28.85,28.28,32.64,29.39,26.17,21.90,20.31,21.10,23.19,20.60,25.32,23.55,22.88,21.98,22.52,23.61,22.46,24.00,26.75,23.12,21.84,21.88,22.77,22.10,23.20,20.33,20.98,1.13,2.17,3.22,2.29,2.68,3.03,3.18,99.00,2.63,2.46,2.07,0.60,1.68,1.60,1.79,2.25,0.71,2.71,2.70,1.96,3.10,2.14,0.56,2.09,3.09,1.62,1.85,2.30,8.88,7.63,7.64,9.41,8.00,6.08,6.08,6.03,8.52,13.69,13.39,11.87,13.66,12.18,11.95,11.70,14.13,13.61,11.12,12.00,13.52,12.64,12.14,11.41,14.61,13.56,13.30,2.88,3.18,2.15,1.97,3.61,3.71,3.86,3.52,2.54],
  [2.57,13.06,12.81,23.04,30.77,8.16,19.23,21.21,20.41,21.07,19.83,20.94,11.61,11.78,11.69,9.90,8.48,9.98,11.02,10.98,10.82,9.28,9.56,9.50,9.76,12.11,8.74,9.45,8.45,26.61,26.80,29.75,30.20,26.44,27.03,30.58,30.02,34.33,31.11,27.40,23.64,22.03,22.59,24.51,22.07,27.06,25.13,24.41,23.58,24.32,24.98,24.20,25.77,27.98,24.72,23.28,23.45,24.50,23.62,24.84,22.00,22.70,2.20,1.55,1.76,1.55,0.99,2.21,2.25,2.63,99.00,1.34,0.72,2.04,1.61,1.12,1.10,2.30,3.34,2.33,1.28,1.99,1.29,2.01,3.15,1.28,1.83,2.47,4.48,0.41,8.25,6.66,7.03,8.52,6.98,5.36,5.36,5.20,7.72,14.84,14.37,13.97,15.60,14.25,13.37,13.38,15.75,15.50,13.03,13.99,14.86,14.57,14.03,13.24,16.14,15.58,15.36,5.40,5.80,3.18,3.25,6.23,4.02,6.31,6.02,5.12],
  [1.26,12.15,11.47,21.74,29.64,7.82,18.17,19.95,19.30,19.89,18.50,19.77,10.27,10.50,10.42,8.65,7.30,8.65,9.68,9.68,9.55,8.02,8.30,8.16,8.47,10.78,7.43,8.11,7.23,25.41,25.58,28.62,29.05,25.29,25.93,29.33,28.78,33.06,29.86,26.07,22.40,20.78,21.30,23.20,20.78,25.82,23.85,23.13,22.30,23.10,23.67,22.96,24.53,26.65,23.45,21.98,22.17,23.26,22.34,23.58,20.74,21.46,2.63,0.37,0.77,2.60,0.45,3.40,3.46,2.46,1.34,99.00,1.64,2.01,0.81,1.68,1.87,1.05,3.12,3.40,2.51,2.84,2.61,2.94,2.82,2.27,3.09,1.49,4.16,1.47,7.08,5.59,5.84,7.44,5.93,4.18,4.18,4.05,6.60,13.52,13.04,12.88,14.44,13.15,12.09,12.15,14.50,14.32,11.88,12.86,13.56,13.42,12.85,12.05,14.87,14.45,14.24,4.78,5.33,2.06,2.20,5.74,2.69,5.56,5.35,4.61],
  [2.70,12.68,12.97,23.03,30.52,8.87,18.93,21.10,20.16,20.89,19.86,20.73,11.76,11.75,11.64,9.82,8.32,10.08,11.17,10.97,10.76,9.22,9.49,9.60,9.74,12.19,8.75,9.53,8.32,26.44,26.63,29.50,29.98,26.21,26.76,30.46,29.90,34.23,31.00,27.44,23.51,21.91,22.55,24.53,22.04,26.94,25.06,24.36,23.50,24.18,24.97,24.07,25.64,28.02,24.64,23.25,23.38,24.38,23.57,24.75,21.90,22.58,1.49,1.70,2.26,0.97,1.45,1.77,1.84,2.07,0.72,1.64,99.00,1.47,1.53,0.47,0.38,2.37,2.76,1.77,0.94,1.30,1.19,1.36,2.61,0.64,1.51,2.32,3.90,0.31,8.71,7.18,7.48,9.04,7.51,5.81,5.81,5.67,8.22,14.89,14.47,13.70,15.40,14.00,13.33,13.26,15.66,15.31,12.83,13.76,14.86,14.37,13.84,13.07,16.08,15.35,15.11,4.91,5.25,3.08,3.08,5.68,4.17,5.87,5.55,4.60],
  [2.39,11.24,12.25,21.99,29.18,9.81,17.56,19.93,18.82,19.62,18.89,19.45,11.04,10.71,10.58,8.73,7.14,9.28,10.46,9.99,9.69,8.17,8.43,8.81,8.75,11.33,7.84,8.71,7.19,25.19,25.39,28.16,28.66,24.89,25.41,29.27,28.70,33.05,29.81,26.48,22.32,20.72,21.47,23.52,20.96,25.75,23.93,23.26,22.37,22.96,23.95,22.88,24.43,27.06,23.51,22.19,22.26,23.19,22.47,23.60,20.73,21.40,0.88,1.77,2.78,1.80,2.16,2.60,2.74,0.60,2.04,2.01,1.47,99.00,1.29,1.01,1.21,2.03,1.30,2.34,2.16,1.58,2.54,1.76,1.14,1.56,2.60,1.54,2.45,1.70,8.73,7.39,7.48,9.20,7.75,5.88,5.88,5.80,8.33,13.97,13.63,12.36,14.12,12.67,12.29,12.10,14.51,14.06,11.57,12.47,13.85,13.09,12.59,11.84,14.98,14.04,13.79,3.45,3.78,2.22,2.10,4.21,3.68,4.42,4.09,3.13],
  [1.23,11.52,11.45,21.51,29.16,8.61,17.63,19.62,18.81,19.47,18.33,19.33,10.24,10.23,10.13,8.33,6.88,8.55,9.65,9.45,9.26,7.71,7.99,8.07,8.22,10.66,7.23,8.00,6.85,25.01,25.20,28.14,28.60,24.83,25.43,28.99,28.43,32.75,29.53,25.92,22.05,20.44,21.04,23.00,20.53,25.47,23.56,22.86,22.01,22.73,23.45,22.61,24.18,26.49,23.15,21.74,21.88,22.91,22.07,23.27,20.42,21.11,2.05,0.50,1.55,2.38,1.13,3.24,3.33,1.68,1.61,0.81,1.53,1.29,99.00,1.34,1.59,0.87,2.31,3.13,2.47,2.45,2.69,2.59,2.01,2.05,3.03,0.86,3.35,1.52,7.51,6.12,6.26,7.94,6.47,4.63,4.63,4.54,7.08,13.36,12.94,12.37,13.99,12.64,11.82,11.79,14.17,13.89,11.43,12.38,13.34,12.97,12.42,11.64,14.58,13.97,13.75,4.01,4.54,1.58,1.64,4.95,2.67,4.84,4.60,3.82],
  [2.57,12.24,12.78,22.74,30.12,9.19,18.52,20.76,19.76,20.52,19.59,20.35,11.56,11.45,11.33,9.50,7.97,9.85,10.98,10.69,10.45,8.91,9.18,9.38,9.45,11.95,8.49,9.30,7.99,26.07,26.27,29.10,29.58,25.82,26.36,30.12,29.55,33.89,30.65,27.18,23.17,21.56,22.24,24.25,21.73,26.59,24.74,24.05,23.18,23.82,24.69,23.73,25.29,27.76,24.32,22.95,23.06,24.03,23.26,24.42,21.56,22.24,1.10,1.64,2.39,1.04,1.61,1.90,2.01,1.60,1.12,1.68,0.47,1.01,1.34,99.00,0.26,2.22,2.29,1.79,1.24,1.16,1.57,1.27,2.15,0.72,1.75,2.04,3.43,0.73,8.75,7.28,7.50,9.12,7.61,5.84,5.84,5.73,8.28,14.63,14.24,13.30,15.02,13.60,13.03,12.92,15.33,14.94,12.46,13.38,14.57,13.99,13.47,12.71,15.76,14.96,14.71,4.46,4.78,2.80,2.76,5.21,4.01,5.42,5.10,4.14],
  [2.81,12.45,13.03,23.00,30.36,9.24,18.75,21.02,20.00,20.77,19.85,20.60,11.82,11.71,11.60,9.77,8.23,10.12,11.24,10.96,10.71,9.18,9.44,9.64,9.72,12.21,8.76,9.56,8.25,26.33,26.52,29.34,29.83,26.06,26.60,30.38,29.81,34.15,30.91,27.44,23.43,21.82,22.50,24.51,21.99,26.85,25.00,24.31,23.44,24.08,24.95,23.98,25.54,28.02,24.58,23.22,23.32,24.29,23.52,24.68,21.82,22.50,1.11,1.86,2.54,0.79,1.75,1.64,1.75,1.79,1.10,1.87,0.38,1.21,1.59,0.26,99.00,2.46,2.46,1.55,0.98,0.98,1.33,1.07,2.34,0.46,1.49,2.30,3.59,0.69,8.95,7.45,7.71,9.30,7.79,6.04,6.04,5.92,8.47,14.90,14.50,13.54,15.27,13.84,13.30,13.18,15.59,15.20,12.71,13.63,14.83,14.24,13.72,12.96,16.02,15.20,14.96,4.66,4.95,3.06,3.02,5.38,4.27,5.63,5.30,4.32],
  [0.36,11.16,10.60,20.75,28.59,8.27,17.13,18.92,18.25,18.84,17.54,18.72,9.39,9.49,9.40,7.62,6.26,7.72,8.80,8.68,8.53,6.99,7.27,7.24,7.46,9.84,6.44,7.17,6.19,24.36,24.54,27.57,28.00,24.24,24.88,28.30,27.75,32.04,28.83,25.12,21.36,19.75,20.29,22.22,19.77,24.79,22.83,22.12,21.29,22.06,22.68,21.92,23.50,25.70,22.43,20.98,21.16,22.22,21.33,22.56,19.71,20.42,2.86,0.75,1.42,3.25,1.50,4.10,4.19,2.25,2.30,1.05,2.37,2.03,0.87,2.22,2.46,99.00,2.75,4.00,3.31,3.32,3.49,3.46,2.41,2.92,3.88,0.72,3.63,2.31,6.70,5.39,5.45,7.18,5.75,3.85,3.85,3.79,6.30,12.56,12.11,11.84,13.39,12.10,11.08,11.11,13.47,13.27,10.83,11.81,12.57,12.37,11.81,11.01,13.85,13.40,13.20,3.99,4.63,1.05,1.23,5.03,1.81,4.68,4.51,3.91],
  [3.04,10.10,12.02,21.35,28.17,10.91,16.50,19.15,17.82,18.72,18.35,18.52,10.81,10.14,9.97,8.12,6.43,9.00,10.25,9.49,9.09,7.61,7.85,8.54,8.25,10.96,7.45,8.42,6.56,24.29,24.50,27.14,27.67,23.91,24.37,28.45,27.86,32.24,28.98,25.92,21.51,19.91,20.78,22.92,20.29,24.92,23.19,22.55,21.63,22.10,23.32,22.05,23.59,26.50,22.76,21.53,21.53,22.37,21.77,22.82,19.95,20.59,1.61,2.80,3.86,2.87,3.36,3.54,3.69,0.71,3.34,3.12,2.76,1.30,2.31,2.29,2.46,2.75,99.00,3.17,3.33,2.46,3.74,2.64,0.35,2.72,3.67,2.05,1.14,3.00,9.22,8.06,7.99,9.80,8.43,6.49,6.49,6.46,8.90,13.50,13.25,11.37,13.22,11.70,11.68,11.35,13.78,13.18,10.69,11.54,13.27,12.19,11.72,11.01,14.29,13.09,12.82,2.26,2.49,2.39,2.15,2.92,3.97,3.28,2.91,1.88],
  [4.35,13.23,14.52,24.32,31.34,10.32,19.67,22.24,20.99,21.87,21.23,21.67,13.31,13.05,12.91,11.06,9.45,11.57,12.73,12.32,12.02,10.50,10.76,11.10,11.08,13.65,10.16,11.01,9.52,27.44,27.65,30.31,30.84,27.08,27.54,31.56,30.98,35.35,32.10,28.82,24.61,23.02,23.79,25.86,23.29,28.03,26.25,25.58,24.69,25.23,26.28,25.17,26.71,29.40,25.83,24.52,24.58,25.48,24.80,25.91,23.04,23.69,1.59,3.41,4.02,0.80,3.21,0.45,0.60,2.71,2.33,3.40,1.77,2.34,3.13,1.79,1.55,4.00,3.17,99.00,1.12,0.76,1.43,0.58,3.22,1.13,0.87,3.75,4.13,2.00,10.48,8.95,9.24,10.80,9.27,7.57,7.57,7.44,9.98,16.30,15.94,14.53,16.36,14.86,14.62,14.41,16.83,16.32,13.82,14.69,16.18,15.34,14.85,14.12,17.30,16.25,15.98,5.41,5.49,4.49,4.40,5.89,5.79,6.44,6.05,4.99],
  [3.63,13.40,13.90,23.95,31.34,9.20,19.72,22.00,20.98,21.75,20.79,21.58,12.69,12.67,12.56,10.73,9.21,11.01,12.11,11.90,11.67,10.14,10.40,10.53,10.67,13.13,9.69,10.46,9.22,27.31,27.50,30.31,30.81,27.04,27.57,31.35,30.79,35.12,31.89,28.38,24.40,22.80,23.47,25.45,22.95,27.83,25.97,25.27,24.41,25.06,25.90,24.96,26.52,28.96,25.55,24.17,24.29,25.27,24.49,25.65,22.79,23.48,1.79,2.62,3.03,0.55,2.23,0.94,0.97,2.70,1.28,2.51,0.94,2.16,2.47,1.24,0.98,3.31,3.33,1.12,99.00,1.12,0.43,1.04,3.26,0.61,0.58,3.24,4.43,1.04,9.52,7.94,8.30,9.79,8.25,6.62,6.62,6.47,9.00,15.83,15.40,14.51,16.25,14.82,14.25,14.16,16.56,16.18,13.69,14.61,15.78,15.22,14.70,13.94,16.99,16.18,15.94,5.57,5.81,4.00,3.99,6.23,5.10,6.57,6.22,5.21],
  [3.68,12.55,13.79,23.56,30.62,10.13,18.96,21.48,20.27,21.12,20.47,20.94,12.57,12.29,12.15,10.30,8.69,10.83,11.99,11.57,11.26,9.74,10.00,10.36,10.32,12.90,9.41,10.27,8.76,26.69,26.90,29.59,30.11,26.35,26.82,30.81,30.23,34.59,31.34,28.06,23.86,22.26,23.03,25.10,22.53,27.28,25.49,24.82,23.93,24.48,25.52,24.41,25.96,28.64,25.07,23.76,23.82,24.72,24.04,25.15,22.28,22.94,0.85,2.79,3.52,0.57,2.72,1.08,1.23,1.96,1.99,2.84,1.30,1.58,2.45,1.16,0.98,3.32,2.46,0.76,1.12,99.00,1.55,0.19,2.48,0.71,1.25,3.02,3.48,1.60,9.90,8.43,8.66,10.27,8.76,7.00,7.00,6.89,9.44,15.54,15.19,13.81,15.62,14.13,13.86,13.65,16.07,15.57,13.08,13.95,15.42,14.59,14.10,13.37,16.54,15.51,15.25,4.72,4.85,3.75,3.65,5.26,5.10,5.74,5.36,4.31],
  [3.80,13.79,14.06,24.20,31.69,8.91,20.08,22.29,21.33,22.07,21.02,21.92,12.86,12.92,12.82,11.01,9.51,11.21,12.27,12.14,11.94,10.40,10.67,10.73,10.91,13.33,9.92,10.66,9.51,27.63,27.82,30.67,31.15,27.38,27.93,31.65,31.09,35.41,32.19,28.60,24.70,23.10,23.73,25.69,23.21,28.13,26.24,25.54,24.69,25.37,26.15,25.26,26.83,29.18,25.83,24.43,24.57,25.57,24.75,25.94,23.08,23.77,2.22,2.77,3.04,0.98,2.27,1.13,1.10,3.10,1.29,2.61,1.19,2.54,2.69,1.57,1.33,3.49,3.74,1.43,0.43,1.55,99.00,1.45,3.66,1.03,0.65,3.50,4.85,1.18,9.50,7.88,8.29,9.73,8.18,6.62,6.62,6.46,8.96,16.04,15.60,14.87,16.58,15.17,14.51,14.45,16.84,16.50,14.02,14.94,16.03,15.55,15.03,14.26,17.26,16.52,16.28,5.98,6.23,4.26,4.27,6.65,5.27,6.96,6.62,5.62],
  [3.82,12.73,13.95,23.74,30.80,10.13,19.14,21.67,20.45,21.31,20.65,21.12,12.74,12.47,12.33,10.48,8.88,11.00,12.16,11.74,11.44,9.92,10.18,10.53,10.50,13.07,9.58,10.44,8.94,26.88,27.09,29.78,30.30,26.53,27.01,30.99,30.42,34.78,31.53,28.24,24.05,22.45,23.22,25.28,22.72,27.47,25.68,25.01,24.11,24.67,25.70,24.60,26.15,28.82,25.25,23.95,24.01,24.91,24.22,25.33,22.47,23.13,1.03,2.91,3.60,0.50,2.80,0.90,1.05,2.14,2.01,2.94,1.36,1.76,2.59,1.27,1.07,3.46,2.64,0.58,1.04,0.19,1.45,99.00,2.66,0.73,1.10,3.18,3.65,1.64,10.01,8.52,8.77,10.37,8.85,7.11,7.11,6.99,9.54,15.72,15.36,13.99,15.81,14.32,14.04,13.84,16.26,15.76,13.26,14.14,15.60,14.78,14.29,13.55,16.73,15.70,15.44,4.90,5.02,3.92,3.83,5.43,5.25,5.92,5.54,4.49],
  [2.70,10.14,11.77,21.20,28.15,10.60,16.50,19.04,17.79,18.65,18.17,18.46,10.55,9.96,9.80,7.95,6.28,8.75,9.99,9.29,8.92,7.43,7.67,8.29,8.05,10.74,7.23,8.17,6.39,24.22,24.43,27.12,27.64,23.87,24.36,28.35,27.77,32.15,28.89,25.75,21.41,19.81,20.64,22.76,20.15,24.83,23.07,22.41,21.50,22.02,23.16,21.96,23.50,26.33,22.64,21.38,21.40,22.27,21.63,22.71,19.84,20.49,1.63,2.49,3.55,2.83,3.09,3.56,3.70,0.56,3.15,2.82,2.61,1.14,2.01,2.15,2.34,2.41,0.35,3.22,3.26,2.48,3.66,2.66,99.00,2.65,3.64,1.70,1.36,2.83,8.88,7.72,7.64,9.45,8.08,6.14,6.14,6.12,8.55,13.30,13.02,11.33,13.15,11.65,11.51,11.23,13.65,13.10,10.61,11.48,13.10,12.12,11.64,10.91,14.15,13.03,12.77,2.32,2.65,2.05,1.82,3.08,3.64,3.31,2.96,1.99],
  [3.26,12.79,13.49,23.45,30.75,9.42,19.12,21.45,20.39,21.18,20.31,21.01,12.28,12.16,12.04,10.21,8.65,10.57,11.70,11.41,11.15,9.62,9.89,10.10,10.17,12.67,9.21,10.02,8.69,26.74,26.94,29.72,30.22,26.45,26.97,30.80,30.23,34.58,31.34,27.89,23.85,22.25,22.95,24.96,22.44,27.28,25.43,24.75,23.87,24.50,25.40,24.41,25.97,28.47,25.02,23.66,23.76,24.71,23.96,25.11,22.25,22.92,1.20,2.29,2.90,0.34,2.09,1.19,1.29,2.09,1.28,2.27,0.64,1.56,2.05,0.72,0.46,2.92,2.72,1.13,0.61,0.71,1.03,0.73,2.65,99.00,1.05,2.75,3.83,0.91,9.35,7.83,8.11,9.68,8.16,6.44,6.44,6.31,8.86,15.35,14.96,13.92,15.68,14.23,13.74,13.61,16.02,15.61,13.12,14.03,15.28,14.65,14.13,13.38,16.46,15.60,15.35,4.96,5.20,3.51,3.47,5.62,4.72,5.96,5.61,4.60],
  [4.21,13.76,14.47,24.49,31.77,9.55,20.13,22.50,21.41,22.22,21.34,22.05,13.27,13.20,13.08,11.25,9.71,11.58,12.68,12.44,12.20,10.66,10.93,11.10,11.21,13.69,10.24,11.03,9.74,27.78,27.98,30.75,31.25,27.49,27.99,31.85,31.28,35.63,32.39,28.93,24.90,23.30,23.99,26.00,23.48,28.33,26.48,25.79,24.92,25.54,26.44,25.46,27.01,29.51,26.07,24.70,24.81,25.76,25.01,26.16,23.30,23.97,2.06,3.19,3.59,0.81,2.80,0.49,0.45,3.09,1.83,3.09,1.51,2.60,3.03,1.75,1.49,3.88,3.67,0.87,0.58,1.25,0.65,1.10,3.64,1.05,99.00,3.78,4.72,1.62,10.08,8.48,8.86,10.33,8.79,7.18,7.18,7.03,9.55,16.38,15.97,14.95,16.72,15.26,14.79,14.66,17.07,16.65,14.16,15.06,16.32,15.69,15.18,14.43,17.51,16.63,16.38,5.93,6.10,4.54,4.51,6.51,5.68,6.94,6.57,5.54],
  [0.99,10.69,10.77,20.71,28.30,8.99,16.77,18.79,17.95,18.61,17.56,18.48,9.56,9.43,9.32,7.50,6.03,7.83,8.98,8.66,8.44,6.90,7.17,7.35,7.42,9.92,6.46,7.27,6.01,24.16,24.35,27.28,27.74,23.97,24.57,28.15,27.59,31.91,28.69,25.14,21.21,19.60,20.23,22.22,19.72,24.63,22.74,22.04,21.18,21.88,22.66,21.77,23.33,25.72,22.33,20.93,21.06,22.07,21.25,22.44,19.58,20.27,2.41,1.12,2.06,3.06,1.90,3.93,4.04,1.62,2.47,1.49,2.32,1.54,0.86,2.04,2.30,0.72,2.05,3.75,3.24,3.02,3.50,3.18,1.70,2.75,3.78,99.00,2.91,2.35,7.26,6.03,6.02,7.79,6.40,4.47,4.47,4.43,6.90,12.60,12.21,11.51,13.14,11.79,11.01,10.95,13.34,13.04,10.57,11.53,12.54,12.11,11.57,10.78,13.76,13.11,12.89,3.32,3.94,0.76,0.78,4.34,2.14,4.08,3.87,3.21],
  [3.86,9.10,11.88,20.79,27.26,11.89,15.57,18.47,16.94,17.92,17.88,17.70,10.68,9.70,9.51,7.67,5.92,8.85,10.15,9.12,8.64,7.23,7.44,8.42,7.92,10.70,7.24,8.27,6.12,23.49,23.71,26.24,26.79,23.03,23.45,27.71,27.12,31.52,28.25,25.42,20.78,19.20,20.18,22.39,19.70,24.18,22.54,21.92,20.97,21.34,22.76,21.33,22.85,26.00,22.10,20.95,20.89,21.64,21.15,22.14,19.27,19.88,2.67,3.82,4.87,3.94,4.45,4.54,4.69,1.85,4.48,4.16,3.90,2.45,3.35,3.43,3.59,3.63,1.14,4.13,4.43,3.48,4.85,3.65,1.36,3.83,4.72,2.91,99.00,4.15,9.73,8.73,8.53,10.38,9.10,7.14,7.14,7.15,9.48,13.12,12.96,10.52,12.44,10.86,11.20,10.74,13.16,12.43,9.95,10.75,12.81,11.43,10.99,10.32,13.72,12.27,11.98,1.36,1.37,3.00,2.72,1.80,4.50,2.38,1.96,0.89],
  [2.62,12.84,12.89,23.03,30.62,8.56,19.05,21.14,20.26,20.96,19.84,20.82,11.68,11.75,11.65,9.85,8.38,10.02,11.10,10.97,10.77,9.23,9.51,9.54,9.74,12.15,8.74,9.48,8.37,26.51,26.70,29.60,30.07,26.30,26.87,30.50,29.95,34.26,31.04,27.42,23.56,21.95,22.56,24.51,22.04,26.99,25.08,24.38,23.53,24.23,24.97,24.12,25.69,28.00,24.67,23.26,23.40,24.42,23.59,24.79,21.93,22.63,1.80,1.59,2.02,1.21,1.21,1.95,2.00,2.30,0.41,1.47,0.31,1.70,1.52,0.73,0.69,2.31,3.00,2.00,1.04,1.60,1.18,1.64,2.83,0.91,1.62,2.35,4.15,99.00,8.50,6.95,7.27,8.80,7.27,5.60,5.60,5.46,7.99,14.86,14.42,13.81,15.48,14.10,13.34,13.31,15.69,15.39,12.91,13.86,14.85,14.45,13.91,13.13,16.10,15.44,15.21,5.11,5.48,3.10,3.13,5.91,4.09,6.05,5.74,4.82],
  [6.34,13.15,6.62,17.56,27.49,6.07,17.24,16.79,17.78,17.58,14.10,17.67,5.82,8.02,8.17,7.39,7.55,5.39,5.39,7.17,7.71,6.84,7.04,5.13,6.62,6.98,5.72,5.29,7.12,22.59,22.68,26.50,26.69,23.12,24.15,25.81,25.36,29.31,26.32,21.24,19.25,17.71,17.43,18.72,16.87,22.49,20.10,19.26,18.70,20.14,19.30,19.80,21.36,21.80,19.78,17.91,18.50,20.05,18.49,20.07,17.49,18.32,9.55,7.12,6.49,9.68,7.29,10.45,10.49,8.88,8.25,7.08,8.71,8.73,7.51,8.75,8.95,6.70,9.22,10.48,9.52,9.90,9.50,10.01,8.88,9.35,10.08,7.26,9.73,8.50,99.00,1.78,1.25,0.98,1.64,2.91,2.91,3.05,0.70,9.48,8.60,12.41,12.95,12.45,9.23,10.17,11.83,12.66,10.86,11.92,10.10,12.12,11.47,10.66,11.81,13.30,13.27,9.31,10.13,6.83,7.08,10.36,5.26,9.33,9.47,9.53],
  [5.05,13.43,8.11,19.07,28.66,4.93,18.06,18.10,18.75,18.71,15.62,18.76,7.17,8.97,9.06,7.97,7.72,6.36,6.67,8.07,8.46,7.33,7.58,6.01,7.29,8.22,6.25,6.11,7.34,23.87,23.98,27.65,27.90,24.27,25.22,27.23,26.77,30.78,27.75,22.87,20.57,19.01,18.88,20.28,18.32,23.87,21.54,20.72,20.10,21.43,20.85,21.13,22.70,23.43,21.21,19.40,19.91,21.38,19.94,21.46,18.82,19.63,8.16,5.69,4.93,8.15,5.74,8.88,8.91,7.63,6.66,5.59,7.18,7.39,6.12,7.28,7.45,5.39,8.06,8.95,7.94,8.43,7.88,8.52,7.72,7.83,8.48,6.03,8.73,6.95,1.78,99.00,1.07,1.85,0.37,1.58,1.58,1.60,1.12,10.86,10.05,13.02,13.82,13.12,10.32,11.08,12.95,13.56,11.56,12.64,11.37,12.93,12.28,11.44,13.02,14.10,14.03,8.54,9.33,5.74,6.01,9.63,4.26,8.74,8.80,8.68],
  [5.09,12.55,7.08,18.03,27.59,5.97,17.04,17.03,17.70,17.64,14.59,17.70,6.12,7.91,8.02,6.98,6.86,5.30,5.61,7.02,7.44,6.37,6.60,4.95,6.28,7.15,5.26,5.07,6.46,22.80,22.91,26.59,26.83,23.20,24.16,26.18,25.71,29.74,26.69,21.87,19.50,17.94,17.83,19.26,17.27,22.80,20.49,19.67,19.05,20.37,19.82,20.06,21.63,22.44,20.15,18.35,18.86,20.32,18.89,20.40,17.75,18.56,8.30,5.87,5.27,8.44,6.06,9.22,9.27,7.64,7.03,5.84,7.48,7.48,6.26,7.50,7.71,5.45,7.99,9.24,8.30,8.66,8.29,8.77,7.64,8.11,8.86,6.02,8.53,7.27,1.25,1.07,99.00,1.89,1.23,1.68,1.68,1.84,0.99,9.80,9.00,12.04,12.79,12.13,9.26,10.03,11.88,12.52,10.56,11.63,10.30,11.90,11.25,10.42,11.95,13.08,13.01,8.17,8.98,5.60,5.86,9.24,4.04,8.26,8.37,8.37],
  [6.83,14.13,7.39,18.27,28.35,5.30,18.20,17.62,18.71,18.46,14.81,18.57,6.66,8.97,9.13,8.37,8.50,6.34,6.27,8.12,8.68,7.81,8.02,6.10,7.59,7.86,6.69,6.26,8.08,23.42,23.50,27.36,27.54,23.99,25.04,26.55,26.12,30.02,27.06,21.83,20.06,18.54,18.17,19.38,17.62,23.27,20.85,20.00,19.46,20.97,19.98,20.61,22.15,22.38,20.54,18.63,19.26,20.85,19.23,20.84,18.30,19.13,9.99,7.52,6.78,10.00,7.59,10.73,10.76,9.41,8.52,7.44,9.04,9.20,7.94,9.12,9.30,7.18,9.80,10.80,9.79,10.27,9.73,10.37,9.45,9.68,10.33,7.79,10.38,8.80,0.98,1.85,1.89,99.00,1.55,3.33,3.33,3.40,0.91,10.29,9.37,13.38,13.90,13.42,10.14,11.11,12.72,13.60,11.83,12.89,10.96,13.08,12.43,11.62,12.68,14.26,14.23,10.06,10.87,7.43,7.69,11.13,5.89,10.14,10.25,10.25],
  [5.42,13.72,8.13,19.10,28.79,4.75,18.27,18.19,18.92,18.85,15.64,18.91,7.24,9.13,9.24,8.20,8.01,6.51,6.75,8.24,8.67,7.58,7.82,6.18,7.50,8.31,6.48,6.29,7.63,23.97,24.07,27.79,28.02,24.40,25.38,27.29,26.83,30.82,27.80,22.84,20.66,19.10,18.92,20.29,18.37,23.94,21.59,20.77,20.17,21.53,20.86,21.22,22.78,23.40,21.26,19.43,19.97,21.47,19.99,21.53,18.90,19.72,8.51,6.04,5.26,8.48,6.07,9.19,9.22,8.00,6.98,5.93,7.51,7.75,6.47,7.61,7.79,5.75,8.43,9.27,8.25,8.76,8.18,8.85,8.08,8.16,8.79,6.40,9.10,7.27,1.64,0.37,1.23,1.55,99.00,1.95,1.95,1.97,0.94,10.92,10.09,13.26,14.01,13.35,10.46,11.26,13.09,13.75,11.78,12.86,11.46,13.13,12.48,11.64,13.14,14.30,14.24,8.91,9.70,6.11,6.38,10.00,4.63,9.10,9.17,9.05],
  [3.51,12.30,8.25,19.10,28.21,5.85,17.31,17.85,18.12,18.26,15.70,18.26,7.17,8.46,8.50,7.16,6.61,6.00,6.62,7.55,7.80,6.50,6.77,5.57,6.60,8.04,5.49,5.63,6.29,23.56,23.69,27.19,27.49,23.81,24.68,27.11,26.62,30.73,27.63,23.11,20.33,18.74,18.82,20.40,18.27,23.68,21.46,20.67,19.98,21.15,20.94,20.89,22.47,23.68,21.10,19.40,19.81,21.16,19.88,21.32,18.60,19.38,6.67,4.22,3.59,6.77,4.39,7.55,7.59,6.08,5.36,4.18,5.81,5.88,4.63,5.84,6.04,3.85,6.49,7.57,6.62,7.00,6.62,7.11,6.14,6.44,7.18,4.47,7.14,5.60,2.91,1.58,1.68,3.33,1.95,99.00,0.00,0.26,2.45,10.79,10.08,12.15,13.16,12.29,9.93,10.49,12.54,12.93,10.77,11.85,11.14,12.21,11.57,10.73,12.71,13.37,13.26,6.98,7.77,4.15,4.42,8.07,2.69,7.23,7.27,7.11],
  [3.51,12.30,8.25,19.10,28.21,5.85,17.31,17.85,18.12,18.26,15.70,18.26,7.17,8.46,8.50,7.16,6.61,6.00,6.62,7.55,7.80,6.50,6.77,5.57,6.60,8.04,5.49,5.63,6.29,23.56,23.69,27.19,27.49,23.81,24.68,27.11,26.62,30.73,27.63,23.11,20.33,18.74,18.82,20.40,18.27,23.68,21.46,20.67,19.98,21.15,20.94,20.89,22.47,23.68,21.10,19.40,19.81,21.16,19.88,21.32,18.60,19.38,6.67,4.22,3.59,6.77,4.39,7.55,7.59,6.08,5.36,4.18,5.81,5.88,4.63,5.84,6.04,3.85,6.49,7.57,6.62,7.00,6.62,7.11,6.14,6.44,7.18,4.47,7.14,5.60,2.91,1.58,1.68,3.33,1.95,0.00,99.00,0.26,2.45,10.79,10.08,12.15,13.16,12.29,9.93,10.49,12.54,12.93,10.77,11.85,11.14,12.21,11.57,10.73,12.71,13.37,13.26,6.98,7.77,4.15,4.42,8.07,2.69,7.23,7.27,7.11],
  [3.45,12.49,8.50,19.35,28.46,5.66,17.55,18.11,18.36,18.51,15.95,18.51,7.43,8.71,8.75,7.40,6.82,6.26,6.87,7.81,8.04,6.73,7.00,5.83,6.84,8.30,5.73,5.88,6.51,23.81,23.95,27.44,27.75,24.06,24.93,27.37,26.88,30.99,27.89,23.36,20.59,19.00,19.08,20.66,18.53,23.94,21.72,20.93,20.24,21.41,21.20,21.15,22.73,23.93,21.36,19.65,20.07,21.42,20.14,21.58,18.85,19.64,6.59,4.12,3.44,6.64,4.25,7.40,7.44,6.03,5.20,4.05,5.67,5.80,4.54,5.73,5.92,3.79,6.46,7.44,6.47,6.89,6.46,6.99,6.12,6.31,7.03,4.43,7.15,5.46,3.05,1.60,1.84,3.40,1.97,0.26,0.26,99.00,2.55,11.05,10.34,12.37,13.40,12.52,10.19,10.74,12.80,13.18,11.00,12.08,11.40,12.45,11.81,10.97,12.97,13.60,13.49,7.03,7.82,4.15,4.43,8.13,2.74,7.32,7.34,7.15],
  [5.95,13.42,7.28,18.24,28.07,5.45,17.71,17.41,18.30,18.15,14.78,18.23,6.44,8.52,8.65,7.75,7.76,5.88,5.99,7.64,8.14,7.16,7.39,5.58,7.01,7.57,6.05,5.72,7.35,23.21,23.30,27.08,27.29,23.70,24.70,26.46,26.01,29.97,26.97,21.94,19.87,18.33,18.09,19.41,17.53,23.13,20.76,19.93,19.35,20.76,19.99,20.43,21.99,22.49,20.44,18.58,19.15,20.68,19.15,20.71,18.12,18.94,9.13,6.67,5.97,9.18,6.78,9.93,9.97,8.52,7.72,6.60,8.22,8.33,7.08,8.28,8.47,6.30,8.90,9.98,9.00,9.44,8.96,9.54,8.55,8.86,9.55,6.90,9.48,7.99,0.70,1.12,0.99,0.91,0.94,2.45,2.45,2.55,99.00,10.12,9.25,12.80,13.43,12.86,9.78,10.66,12.39,13.15,11.28,12.35,10.71,12.58,11.93,11.10,12.40,13.76,13.71,9.16,9.97,6.53,6.79,10.23,4.98,9.25,9.36,9.35],
  [12.27,8.88,2.94,8.32,18.13,15.55,9.24,7.33,9.16,8.41,4.99,8.63,3.69,3.46,3.70,5.47,7.24,4.91,4.20,4.01,4.52,5.90,5.68,5.39,5.25,2.77,6.14,5.41,7.00,13.13,13.21,17.17,17.29,13.82,15.00,16.37,15.91,19.95,16.89,12.56,9.77,8.25,8.04,9.70,7.48,13.01,10.69,9.88,9.24,10.68,10.20,10.32,11.87,13.14,10.35,8.61,9.05,10.56,9.10,10.60,8.01,8.85,14.79,13.29,13.39,15.66,13.94,16.52,16.63,13.69,14.84,13.52,14.89,13.97,13.36,14.63,14.90,12.56,13.50,16.30,15.83,15.54,16.04,15.72,13.30,15.35,16.38,12.60,13.12,14.86,9.48,10.86,9.80,10.29,10.92,10.79,10.79,11.05,10.12,99.00,1.05,6.50,5.39,6.21,2.27,3.62,3.17,4.98,5.21,5.65,1.16,5.22,4.83,4.60,2.73,6.04,6.26,11.87,12.43,11.84,11.90,12.32,10.83,11.06,11.48,12.35],
  [11.81,9.48,1.98,9.03,19.13,14.66,10.26,8.29,10.21,9.44,5.61,9.67,2.91,3.55,3.84,5.42,7.18,4.39,3.47,3.87,4.54,5.75,5.57,4.88,5.04,2.29,5.80,4.94,6.88,14.09,14.15,18.17,18.27,14.84,16.03,17.21,16.76,20.74,17.72,13.08,10.70,9.22,8.84,10.32,8.28,13.90,11.51,10.68,10.10,11.64,10.86,11.25,12.79,13.66,11.18,9.35,9.90,11.48,9.90,11.47,8.95,9.79,14.47,12.83,12.86,15.27,13.44,16.13,16.24,13.39,14.37,13.04,14.47,13.63,12.94,14.24,14.50,12.11,13.25,15.94,15.40,15.19,15.60,15.36,13.02,14.96,15.97,12.21,12.96,14.42,8.60,10.05,9.00,9.37,10.09,10.08,10.08,10.34,9.25,1.05,99.00,7.24,6.31,6.98,2.77,4.26,4.19,5.91,5.83,6.39,2.14,6.05,5.59,5.24,3.78,6.94,7.13,11.76,12.36,11.46,11.54,12.29,10.35,11.01,11.41,12.23],
  [11.71,2.64,8.06,11.29,16.83,17.92,5.29,8.37,6.46,7.45,9.29,7.19,7.73,4.74,4.48,5.06,5.70,7.15,7.77,5.41,4.73,5.69,5.44,7.31,5.79,6.55,6.78,7.14,5.92,13.00,13.23,15.80,16.31,12.54,13.07,17.32,16.70,21.13,17.85,16.09,10.49,8.98,10.46,12.99,10.09,13.81,12.48,11.99,10.94,10.94,13.20,11.00,12.47,16.64,12.02,11.32,10.91,11.33,11.29,11.96,9.15,9.64,12.96,12.54,13.14,14.14,13.33,14.89,15.04,11.87,13.97,12.88,13.70,12.36,12.37,13.30,13.54,11.84,11.37,14.53,14.51,13.81,14.87,13.99,11.33,13.92,14.95,11.51,10.52,13.81,12.41,13.02,12.04,13.38,13.26,12.15,12.15,12.37,12.80,6.50,7.24,99.00,2.19,0.43,4.51,3.00,4.13,2.38,1.62,0.86,5.42,1.48,1.68,2.07,4.93,1.80,1.48,9.17,9.32,10.83,10.73,9.01,10.68,8.14,8.56,9.63],
  [13.22,4.76,7.61,9.10,15.22,18.76,4.31,6.20,4.97,5.50,7.26,5.34,7.63,4.93,4.78,6.03,7.14,7.56,7.83,5.79,5.37,6.70,6.42,7.85,6.57,6.35,7.67,7.72,7.24,11.07,11.28,14.20,14.61,10.86,11.57,15.28,14.68,19.09,15.81,13.90,8.38,6.84,8.27,10.81,7.90,11.76,10.31,9.81,8.77,8.91,11.01,8.92,10.42,14.45,9.86,9.13,8.73,9.24,9.10,9.82,6.99,7.51,14.78,14.12,14.61,15.92,14.89,16.70,16.84,13.66,15.60,14.44,15.40,14.12,13.99,15.02,15.27,13.39,13.22,16.36,16.25,15.62,16.58,15.81,13.15,15.68,16.72,13.14,12.44,15.48,12.95,13.82,12.79,13.90,14.01,13.16,13.16,13.40,13.43,5.39,6.31,2.19,99.00,1.76,3.99,2.79,2.40,0.40,2.57,1.70,4.22,1.03,1.60,2.44,3.17,0.69,1.02,11.08,11.31,12.42,12.36,11.03,12.06,10.07,10.50,11.56],
  [11.96,3.06,7.89,10.86,16.53,18.03,5.07,7.96,6.16,7.08,8.87,6.83,7.63,4.66,4.42,5.16,5.91,7.14,7.70,5.38,4.75,5.80,5.55,7.33,5.85,6.41,6.88,7.17,6.11,12.63,12.86,15.50,15.99,12.22,12.78,16.93,16.32,20.75,17.46,15.66,10.08,8.57,10.03,12.56,9.66,13.42,12.06,11.57,10.52,10.55,12.77,10.60,12.08,16.21,11.60,10.89,10.49,10.93,10.86,11.54,8.74,9.23,13.28,12.81,13.38,14.46,13.60,15.21,15.36,12.18,14.25,13.15,14.00,12.67,12.64,13.60,13.84,12.10,11.70,14.86,14.82,14.13,15.17,14.32,11.65,14.23,15.26,11.79,10.86,14.10,12.45,13.12,12.13,13.42,13.35,12.29,12.29,12.52,12.86,6.21,6.98,0.43,1.76,99.00,4.30,2.80,3.74,1.96,1.59,0.60,5.11,1.09,1.39,1.93,4.54,1.41,1.12,9.51,9.68,11.10,11.01,9.38,10.90,8.49,8.91,9.98],
  [10.83,6.71,3.65,9.71,18.34,15.21,8.24,7.96,8.59,8.39,6.69,8.45,3.66,1.59,1.71,3.56,5.28,3.97,3.92,2.43,2.60,4.12,3.86,4.36,3.61,2.38,4.69,4.30,5.12,13.63,13.76,17.33,17.59,13.95,14.93,17.30,16.78,21.01,17.83,14.24,10.43,8.83,9.22,11.24,8.70,13.83,11.77,11.04,10.23,11.23,11.66,11.00,12.58,14.82,11.37,9.92,10.09,11.28,10.25,11.53,8.73,9.49,13.07,11.82,12.07,14.03,12.52,14.87,15.00,11.95,13.37,12.09,13.33,12.29,11.82,13.03,13.30,11.08,11.68,14.62,14.25,13.86,14.51,14.04,11.51,13.74,14.79,11.01,11.20,13.34,9.23,10.32,9.26,10.14,10.46,9.93,9.93,10.19,9.78,2.27,2.77,4.51,3.99,4.30,99.00,1.51,2.63,3.63,3.06,3.70,1.62,3.47,2.93,2.48,2.81,4.52,4.64,9.90,10.39,10.25,10.27,10.25,9.46,9.03,9.46,10.39],
  [10.90,5.26,5.10,10.06,17.74,16.01,7.09,7.84,7.67,7.82,7.37,7.79,4.93,2.14,2.02,3.51,4.96,4.78,5.08,3.02,2.71,4.17,3.89,5.08,3.90,3.68,5.03,4.96,4.94,13.27,13.44,16.72,17.06,13.34,14.19,17.20,16.64,20.96,17.73,14.75,10.26,8.65,9.44,11.69,8.96,13.68,11.84,11.19,10.28,10.95,12.04,10.82,12.38,15.33,11.42,10.21,10.18,11.12,10.42,11.50,8.64,9.32,12.83,11.86,12.23,13.88,12.60,14.70,14.84,11.70,13.38,12.15,13.26,12.10,11.79,12.92,13.18,11.11,11.35,14.41,14.16,13.65,14.45,13.84,11.23,13.61,14.66,10.95,10.74,13.31,10.17,11.08,10.03,11.11,11.26,10.49,10.49,10.74,10.66,3.62,4.26,3.00,2.79,2.80,1.51,99.00,2.43,2.49,1.59,2.19,2.67,2.06,1.46,0.98,3.00,3.20,3.25,9.40,9.79,10.21,10.19,9.60,9.63,8.45,8.89,9.89],
  [13.24,6.76,5.79,7.66,15.71,17.83,6.07,5.45,6.12,5.76,5.21,5.85,6.12,4.11,4.12,5.85,7.38,6.60,6.46,5.00,4.95,6.48,6.20,6.99,6.10,4.88,7.21,6.92,7.33,11.03,11.18,14.70,14.96,11.32,12.32,14.83,14.28,18.57,15.36,12.40,7.90,6.29,7.01,9.31,6.55,11.32,9.42,8.76,7.86,8.65,9.64,8.47,10.05,12.97,9.00,7.80,7.75,8.76,7.99,9.10,6.25,6.96,15.26,14.22,14.54,16.29,14.94,17.12,17.25,14.13,15.75,14.50,15.66,14.51,14.17,15.33,15.59,13.47,13.78,16.83,16.56,16.07,16.84,16.26,13.65,16.02,17.07,13.34,13.16,15.69,11.83,12.95,11.88,12.72,13.09,12.54,12.54,12.80,12.39,3.17,4.19,4.13,2.40,3.74,2.63,2.43,99.00,2.01,3.50,3.33,2.05,2.66,2.61,2.97,0.80,3.09,3.39,11.82,12.19,12.59,12.58,11.98,11.93,10.86,11.30,12.31],
  [13.09,5.00,7.23,8.91,15.37,18.49,4.63,6.11,5.19,5.58,6.96,5.45,7.28,4.63,4.51,5.83,7.02,7.27,7.49,5.51,5.14,6.51,6.23,7.58,6.34,6.00,7.45,7.45,7.10,11.13,11.33,14.35,14.74,11.00,11.76,15.28,14.69,19.08,15.81,13.72,8.36,6.79,8.11,10.62,7.72,11.75,10.23,9.70,8.67,8.92,10.84,8.90,10.42,14.27,9.77,8.96,8.62,9.21,8.97,9.76,6.91,7.47,14.73,14.01,14.47,15.86,14.77,16.64,16.78,13.61,15.50,14.32,15.31,14.06,13.89,14.94,15.20,13.27,13.18,16.32,16.18,15.57,16.50,15.76,13.10,15.61,16.65,13.04,12.43,15.39,12.66,13.56,12.52,13.60,13.75,12.93,12.93,13.18,13.15,4.98,5.91,2.38,0.40,1.96,3.63,2.49,2.01,99.00,2.49,1.77,3.82,1.03,1.47,2.28,2.79,1.09,1.38,11.07,11.33,12.32,12.26,11.06,11.90,10.07,10.50,11.55],
  [10.66,3.67,6.49,11.10,17.77,16.48,6.54,8.53,7.46,8.06,8.68,7.91,6.12,3.12,2.86,3.61,4.57,5.55,6.15,3.80,3.16,4.27,4.01,5.74,4.28,4.95,5.32,5.58,4.70,13.62,13.82,16.75,17.18,13.42,14.09,17.76,17.18,21.57,18.30,15.87,10.83,9.25,10.38,12.78,9.95,14.24,12.63,12.05,11.06,11.41,13.06,11.37,12.91,16.43,12.18,11.20,10.99,11.69,11.30,12.20,9.33,9.93,12.24,11.55,12.06,13.36,12.33,14.15,14.29,11.12,13.03,11.88,12.83,11.57,11.43,12.46,12.71,10.83,10.69,13.82,13.69,13.08,14.02,13.26,10.61,13.12,14.16,10.57,9.95,12.91,10.86,11.56,10.56,11.83,11.78,10.77,10.77,11.00,11.28,5.21,5.83,1.62,2.57,1.59,3.06,1.59,3.50,2.49,99.00,1.08,4.23,1.54,1.04,0.62,4.23,2.62,2.49,8.59,8.88,9.86,9.79,8.63,9.52,7.59,8.03,9.08],
  [11.66,3.44,7.29,10.66,16.78,17.56,5.47,7.88,6.44,7.18,8.52,6.98,7.04,4.08,3.85,4.69,5.58,6.59,7.11,4.82,4.22,5.35,5.08,6.80,5.35,5.81,6.40,6.64,5.74,12.75,12.97,15.76,16.21,12.45,13.08,16.98,16.38,20.79,17.51,15.45,10.08,8.54,9.87,12.36,9.47,13.46,11.99,11.46,10.43,10.60,12.59,10.62,12.12,16.01,11.53,10.71,10.39,10.94,10.73,11.51,8.67,9.21,13.11,12.53,13.07,14.26,13.31,15.03,15.17,12.00,13.99,12.86,13.76,12.47,12.38,13.38,13.63,11.81,11.54,14.69,14.61,13.95,14.94,14.14,11.48,14.03,15.06,11.53,10.75,13.86,11.92,12.64,11.63,12.89,12.86,11.85,11.85,12.08,12.35,5.65,6.39,0.86,1.70,0.60,3.70,2.19,3.33,1.77,1.08,99.00,4.56,0.75,0.82,1.34,4.12,1.59,1.42,9.39,9.61,10.83,10.75,9.33,10.55,8.37,8.80,9.86],
  [12.30,7.87,3.80,8.18,17.39,16.16,8.12,6.73,8.13,7.54,5.08,7.71,4.29,3.14,3.30,5.16,6.89,5.15,4.72,3.88,4.19,5.68,5.43,5.60,5.12,3.15,6.13,5.58,6.72,12.51,12.61,16.41,16.59,13.04,14.15,15.97,15.48,19.63,16.50,12.65,9.21,7.64,7.76,9.68,7.23,12.54,10.36,9.60,8.85,10.07,10.12,9.77,11.34,13.23,9.98,8.42,8.69,10.03,8.81,10.18,7.46,8.27,14.64,13.31,13.50,15.58,13.99,16.43,16.55,13.52,14.86,13.56,14.86,13.85,13.34,14.57,14.83,12.57,13.27,16.18,15.78,15.42,16.03,15.60,13.10,15.28,16.32,12.54,12.81,14.85,10.10,11.37,10.30,10.96,11.46,11.14,11.14,11.40,10.71,1.16,2.14,5.42,4.22,5.11,1.62,2.67,2.05,3.82,4.23,4.56,99.00,4.09,3.74,3.61,1.75,4.88,5.10,11.51,12.01,11.78,11.81,11.86,10.91,10.64,11.07,12.00],
  [12.20,4.12,7.12,9.91,16.24,17.86,5.14,7.14,5.94,6.53,7.81,6.37,6.99,4.14,3.96,5.06,6.11,6.75,7.13,4.96,4.47,5.73,5.46,7.00,5.65,5.74,6.73,6.86,6.23,12.10,12.31,15.21,15.64,11.88,12.57,16.28,15.69,20.09,16.82,14.70,9.37,7.82,9.12,11.61,8.72,12.76,11.25,10.72,9.70,9.92,11.84,9.91,11.42,15.26,10.80,9.96,9.65,10.23,9.99,10.78,7.93,8.49,13.75,13.09,13.59,14.89,13.87,15.67,15.81,12.64,14.57,13.42,14.37,13.09,12.97,13.99,14.24,12.37,12.19,15.34,15.22,14.59,15.55,14.78,12.12,14.65,15.69,12.11,11.43,14.45,12.12,12.93,11.90,13.08,13.13,12.21,12.21,12.45,12.58,5.22,6.05,1.48,1.03,1.09,3.47,2.06,2.66,1.03,1.54,0.75,4.09,99.00,0.65,1.49,3.46,1.18,1.19,10.07,10.31,11.40,11.33,10.04,11.05,9.06,9.49,10.55],
  [11.63,4.21,6.55,10.12,16.82,17.21,5.79,7.50,6.56,7.05,7.83,6.92,6.38,3.50,3.31,4.43,5.55,6.10,6.50,4.31,3.81,5.10,4.82,6.35,5.00,5.13,6.09,6.20,5.64,12.60,12.80,15.80,16.20,12.45,13.18,16.73,16.14,20.53,17.26,14.90,9.79,8.21,9.38,11.80,8.95,13.20,11.60,11.03,10.03,10.38,12.07,10.34,11.87,15.46,11.15,10.20,9.97,10.65,10.28,11.16,8.30,8.89,13.27,12.54,13.01,14.38,13.31,15.17,15.31,12.14,14.03,12.85,13.84,12.59,12.42,13.47,13.72,11.81,11.72,14.85,14.70,14.10,15.03,14.29,11.64,14.13,15.18,11.57,10.99,13.91,11.47,12.28,11.25,12.43,12.48,11.57,11.57,11.81,11.93,4.83,5.59,1.68,1.60,1.39,2.93,1.46,2.61,1.47,1.04,0.82,3.74,0.65,99.00,0.85,3.39,1.83,1.82,9.63,9.91,10.85,10.79,9.66,10.46,8.63,9.07,10.11],
  [10.82,4.28,5.98,10.61,17.65,16.37,6.62,8.15,7.41,7.84,8.11,7.73,5.70,2.74,2.53,3.58,4.76,5.29,5.77,3.51,2.98,4.26,3.98,5.53,4.15,4.49,5.24,5.38,4.83,13.37,13.56,16.62,17.02,13.27,14.01,17.44,16.86,21.23,17.98,15.36,10.50,8.90,9.92,12.27,9.47,13.91,12.22,11.62,10.66,11.12,12.58,11.05,12.59,15.93,11.78,10.73,10.58,11.36,10.86,11.82,8.95,9.58,12.54,11.74,12.19,13.64,12.50,14.43,14.57,11.41,13.24,12.05,13.07,11.84,11.64,12.71,12.96,11.01,11.01,14.12,13.94,13.37,14.26,13.55,10.91,13.38,14.43,10.78,10.32,13.13,10.66,11.44,10.42,11.62,11.64,10.73,10.73,10.97,11.10,4.60,5.24,2.07,2.44,1.93,2.48,0.98,2.97,2.28,0.62,1.34,3.61,1.49,0.85,99.00,3.67,2.66,2.61,8.96,9.29,10.06,10.01,9.06,9.63,7.98,8.42,9.45],
  [13.61,7.56,5.54,7.07,15.67,17.85,6.57,5.15,6.43,5.79,4.46,5.96,6.02,4.38,4.45,6.26,7.87,6.72,6.42,5.25,5.32,6.86,6.59,7.14,6.41,4.84,7.50,7.09,7.78,10.86,10.98,14.68,14.89,11.31,12.40,14.49,13.97,18.20,15.02,11.75,7.63,6.03,6.49,8.69,6.00,11.01,8.98,8.28,7.44,8.44,9.04,8.19,9.77,12.33,8.58,7.24,7.31,8.47,7.50,8.72,5.91,6.68,15.74,14.60,14.87,16.74,15.31,17.58,17.71,14.61,16.14,14.87,16.08,14.98,14.58,15.76,16.02,13.85,14.29,17.30,16.99,16.54,17.26,16.73,14.15,16.46,17.51,13.76,13.72,16.10,11.81,13.02,11.95,12.68,13.14,12.71,12.71,12.97,12.40,2.73,3.78,4.93,3.17,4.54,2.81,3.00,0.80,2.79,4.23,4.12,1.75,3.46,3.39,3.67,99.00,3.86,4.17,12.38,12.79,13.00,13.00,12.60,12.26,11.45,11.88,12.88],
  [13.25,4.23,8.16,9.62,15.19,19.03,3.96,6.61,4.85,5.67,7.91,5.43,8.11,5.31,5.13,6.21,7.17,7.92,8.27,6.13,5.64,6.88,6.60,8.17,6.81,6.84,7.89,8.03,7.32,11.23,11.45,14.17,14.63,10.86,11.49,15.52,14.91,19.34,16.05,14.42,8.69,7.19,8.75,11.33,8.41,12.01,10.70,10.24,9.17,9.14,11.50,9.20,10.67,14.96,10.24,9.62,9.15,9.52,9.54,10.16,7.38,7.84,14.67,14.12,14.65,15.83,14.90,16.59,16.74,13.56,15.58,14.45,15.35,14.04,13.97,14.96,15.20,13.40,13.09,16.25,16.18,15.51,16.52,15.70,13.03,15.60,16.63,13.11,12.27,15.44,13.30,14.10,13.08,14.26,14.30,13.37,13.37,13.60,13.76,6.04,6.94,1.80,0.69,1.41,4.52,3.20,3.09,1.09,2.62,1.59,4.88,1.18,1.83,2.66,3.86,99.00,0.37,10.91,11.09,12.41,12.33,10.80,12.14,9.89,10.31,11.38],
  [13.05,3.85,8.29,9.99,15.42,18.95,4.06,6.97,5.06,5.97,8.27,5.72,8.18,5.32,5.12,6.10,6.98,7.90,8.32,6.12,5.58,6.76,6.49,8.14,6.74,6.92,7.80,7.99,7.15,11.52,11.75,14.39,14.87,11.10,11.69,15.84,15.22,19.66,16.37,14.79,9.02,7.54,9.12,11.70,8.78,12.34,11.05,10.60,9.53,9.46,11.88,9.53,10.99,15.33,10.59,9.99,9.52,9.86,9.91,10.51,7.73,8.19,14.41,13.91,14.46,15.58,14.69,16.33,16.48,13.30,15.36,14.24,15.11,13.79,13.75,14.71,14.96,13.20,12.82,15.98,15.94,15.25,16.28,15.44,12.77,15.35,16.38,12.89,11.98,15.21,13.27,14.03,13.01,14.23,14.24,13.26,13.26,13.49,13.71,6.26,7.13,1.48,1.02,1.12,4.64,3.25,3.39,1.38,2.49,1.42,5.10,1.19,1.82,2.61,4.17,0.37,99.00,10.63,10.79,12.20,12.11,10.49,11.96,9.60,10.03,11.10],
  [4.12,7.83,10.78,19.46,25.93,12.17,14.26,17.11,15.60,16.57,16.58,16.34,9.61,8.43,8.22,6.41,4.64,7.77,9.10,7.90,7.36,6.01,6.21,7.37,6.72,9.53,6.14,7.21,4.88,22.13,22.35,24.91,25.45,21.69,22.13,26.35,25.76,30.16,26.89,24.10,19.42,17.84,18.83,21.06,18.36,22.82,21.18,20.57,19.62,19.98,21.43,19.97,21.49,24.68,20.75,19.61,19.53,20.28,19.80,20.78,17.91,18.52,3.87,4.41,5.38,5.13,5.14,5.80,5.95,2.88,5.40,4.78,4.91,3.45,4.01,4.46,4.66,3.99,2.26,5.41,5.57,4.72,5.98,4.90,2.32,4.96,5.93,3.32,1.36,5.11,9.31,8.54,8.17,10.06,8.91,6.98,6.98,7.03,9.16,11.87,11.76,9.17,11.08,9.51,9.90,9.40,11.82,11.07,8.59,9.39,11.51,10.07,9.63,8.96,12.38,10.91,10.63,99.00,0.82,3.09,2.83,1.10,4.29,1.03,0.64,0.49],
  [4.80,7.77,11.46,19.85,25.99,12.88,14.29,17.41,15.70,16.76,17.06,16.51,10.30,8.97,8.74,6.96,5.19,8.47,9.80,8.49,7.90,6.62,6.79,8.08,7.34,10.16,6.83,7.91,5.48,22.32,22.54,24.97,25.54,21.79,22.17,26.59,25.98,30.40,27.12,24.54,19.68,18.12,19.20,21.48,18.74,23.07,21.50,20.91,19.94,20.21,21.83,20.22,21.73,25.11,21.06,19.99,19.86,20.54,20.15,21.07,18.21,18.79,4.04,4.97,5.99,5.32,5.66,5.90,6.05,3.18,5.80,5.33,5.25,3.78,4.54,4.78,4.95,4.63,2.49,5.49,5.81,4.85,6.23,5.02,2.65,5.20,6.10,3.94,1.37,5.48,10.13,9.33,8.98,10.87,9.70,7.77,7.77,7.82,9.97,12.43,12.36,9.32,11.31,9.68,10.39,9.79,12.19,11.33,8.88,9.61,12.01,10.31,9.91,9.29,12.79,11.09,10.79,0.82,99.00,3.80,3.53,0.43,5.08,1.37,0.95,0.73],
  [1.06,10.11,10.04,19.95,27.61,9.09,16.11,18.04,17.26,17.89,16.80,17.76,8.83,8.67,8.56,6.75,5.30,7.09,8.25,7.90,7.68,6.14,6.41,6.61,6.66,9.17,5.70,6.52,5.27,23.43,23.61,26.58,27.03,23.27,23.88,27.41,26.85,31.16,27.94,24.38,20.46,18.85,19.47,21.45,18.96,23.89,21.98,21.28,20.43,21.14,21.90,21.02,22.59,24.96,21.57,20.17,20.31,21.32,20.49,21.69,18.83,19.53,3.09,1.71,2.46,3.82,2.51,4.68,4.79,2.15,3.18,2.06,3.08,2.22,1.58,2.80,3.06,1.05,2.39,4.49,4.00,3.75,4.26,3.92,2.05,3.51,4.54,0.76,3.00,3.10,6.83,5.74,5.60,7.43,6.11,4.15,4.15,4.15,6.53,11.84,11.46,10.83,12.42,11.10,10.25,10.21,12.59,12.32,9.86,10.83,11.78,11.40,10.85,10.06,13.00,12.41,12.20,3.09,3.80,99.00,0.28,4.16,1.58,3.69,3.56,3.09],
  [1.30,9.95,10.16,19.98,27.53,9.35,16.00,18.02,17.17,17.84,16.84,17.70,8.94,8.69,8.57,6.75,5.25,7.18,8.37,7.94,7.69,6.15,6.42,6.71,6.70,9.25,5.76,6.61,5.25,23.38,23.57,26.50,26.96,23.19,23.79,27.38,26.82,31.15,27.92,24.43,20.44,18.83,19.48,21.49,18.97,23.86,21.98,21.29,20.42,21.11,21.93,21.00,22.56,25.01,21.57,20.19,20.31,21.30,20.50,21.67,18.82,19.51,2.96,1.84,2.66,3.77,2.64,4.62,4.74,1.97,3.25,2.20,3.08,2.10,1.64,2.76,3.02,1.23,2.15,4.40,3.99,3.65,4.27,3.83,1.82,3.47,4.51,0.78,2.72,3.13,7.08,6.01,5.86,7.69,6.38,4.42,4.42,4.43,6.79,11.90,11.54,10.73,12.36,11.01,10.27,10.19,12.58,12.26,9.79,10.75,11.81,11.33,10.79,10.01,13.00,12.33,12.11,2.83,3.53,0.28,99.00,3.90,1.83,3.46,3.31,2.81],
  [5.18,7.40,11.45,19.65,25.64,13.25,13.94,17.16,15.37,16.46,16.90,16.20,10.31,8.86,8.62,6.87,5.11,8.48,9.82,8.41,7.80,6.56,6.72,8.11,7.29,10.12,6.85,7.94,5.42,22.01,22.24,24.62,25.20,21.46,21.81,26.30,25.70,30.12,26.84,24.35,19.41,17.85,18.98,21.28,18.53,22.79,21.26,20.67,19.69,19.93,21.62,19.95,21.45,24.92,20.81,19.78,19.62,20.27,19.92,20.81,17.96,18.53,4.46,5.38,6.39,5.74,6.08,6.31,6.46,3.61,6.23,5.74,5.68,4.21,4.95,5.21,5.38,5.03,2.92,5.89,6.23,5.26,6.65,5.43,3.08,5.62,6.51,4.34,1.80,5.91,10.36,9.63,9.24,11.13,10.00,8.07,8.07,8.13,10.23,12.32,12.29,9.01,11.03,9.38,10.25,9.60,11.98,11.06,8.63,9.33,11.86,10.04,9.66,9.06,12.60,10.80,10.49,1.10,0.43,4.16,3.90,99.00,5.39,1.30,0.96,1.13],
  [1.47,10.35,8.80,19.07,27.27,8.10,15.97,17.38,16.98,17.43,15.82,17.35,7.60,7.88,7.82,6.12,4.99,5.96,7.01,7.04,6.98,5.46,5.75,5.48,5.85,8.09,4.78,5.43,4.82,22.91,23.07,26.25,26.64,22.90,23.62,26.74,26.21,30.46,27.28,23.39,19.83,18.22,18.66,20.52,18.13,23.25,21.23,20.49,19.69,20.57,21.00,20.40,21.98,23.97,20.83,19.32,19.55,20.69,19.70,20.98,18.16,18.89,4.55,2.50,2.61,5.05,3.10,5.91,6.00,3.71,4.02,2.69,4.17,3.68,2.67,4.01,4.27,1.81,3.97,5.79,5.10,5.10,5.27,5.25,3.64,4.72,5.68,2.14,4.50,4.09,5.26,4.26,4.04,5.89,4.63,2.69,2.69,2.74,4.98,10.83,10.35,10.68,12.06,10.90,9.46,9.63,11.93,11.90,9.52,10.55,10.91,11.05,10.46,9.63,12.26,12.14,11.96,4.29,5.08,1.58,1.83,5.39,99.00,4.62,4.62,4.42],
  [4.75,6.83,10.15,18.52,24.91,12.67,13.23,16.12,14.57,15.54,15.70,15.32,9.01,7.60,7.38,5.60,3.83,7.19,8.53,7.13,6.54,5.27,5.44,6.82,6.00,8.82,5.55,6.64,4.13,21.11,21.33,23.88,24.42,20.66,21.10,25.34,24.74,29.15,25.88,23.19,18.42,16.84,17.88,20.13,17.41,21.82,20.20,19.60,18.64,18.97,20.49,18.96,20.48,23.76,19.76,18.66,18.56,19.28,18.83,19.79,16.92,17.52,4.89,5.19,6.10,6.13,5.96,6.82,6.97,3.86,6.31,5.56,5.87,4.42,4.84,5.42,5.63,4.68,3.28,6.44,6.57,5.74,6.96,5.92,3.31,5.96,6.94,4.08,2.38,6.05,9.33,8.74,8.26,10.14,9.10,7.23,7.23,7.32,9.25,11.06,11.01,8.14,10.07,8.49,9.03,8.45,10.86,10.07,7.59,8.37,10.64,9.06,8.63,7.98,11.45,9.89,9.60,1.03,1.37,3.69,3.46,1.30,4.62,99.00,0.44,1.49],
  [4.61,7.19,10.52,18.95,25.31,12.61,13.63,16.56,14.98,15.97,16.13,15.74,9.37,8.02,7.80,6.01,4.24,7.54,8.88,7.54,6.96,5.67,5.84,7.16,6.39,9.21,5.90,6.99,4.53,21.54,21.76,24.29,24.83,21.07,21.50,25.77,25.17,29.58,26.31,23.62,18.85,17.28,18.31,20.57,17.85,22.25,20.64,20.03,19.07,19.40,20.92,19.39,20.91,24.20,20.20,19.10,18.99,19.71,19.27,20.22,17.36,17.96,4.52,4.97,5.92,5.77,5.73,6.44,6.59,3.52,6.02,5.35,5.55,4.09,4.60,5.10,5.30,4.51,2.91,6.05,6.22,5.36,6.62,5.54,2.96,5.61,6.57,3.87,1.96,5.74,9.47,8.80,8.37,10.25,9.17,7.27,7.27,7.34,9.36,11.48,11.41,8.56,10.50,8.91,9.46,8.89,11.30,10.50,8.03,8.80,11.07,9.49,9.07,8.42,11.88,10.31,10.03,0.64,0.95,3.56,3.31,0.96,4.62,0.44,99.00,1.07],
  [4.08,8.24,11.22,19.95,26.38,12.15,14.70,17.60,16.06,17.04,17.07,16.81,10.04,8.92,8.71,6.89,5.12,8.20,9.52,8.37,7.85,6.48,6.68,7.79,7.18,9.99,6.58,7.64,5.36,22.61,22.83,25.36,25.91,22.15,22.57,26.83,26.23,30.64,27.37,24.59,19.91,18.33,19.32,21.55,18.85,23.30,21.67,21.06,20.10,20.46,21.92,20.45,21.97,25.17,21.23,20.10,20.02,20.76,20.29,21.27,18.40,19.01,3.48,4.25,5.26,4.75,4.95,5.38,5.53,2.54,5.12,4.61,4.60,3.13,3.82,4.14,4.32,3.91,1.88,4.99,5.21,4.31,5.62,4.49,1.99,4.60,5.54,3.21,0.89,4.82,9.53,8.68,8.37,10.25,9.05,7.11,7.11,7.15,9.35,12.35,12.23,9.63,11.56,9.98,10.39,9.89,12.31,11.55,9.08,9.86,12.00,10.55,10.11,9.45,12.88,11.38,11.10,0.49,0.73,3.09,2.81,1.13,4.42,1.49,1.07,99.00]
];
