// Chosen Depots: [1, 2, 3, 4, 5, 6]
// Chosen Demand Points (Original DP No): [1, 2, 4, 5, 6, 9, 10, 11, 14, 15, 16, 17, 19, 20, 22, 23, 24, 26, 27, 28, 29, 30, 31, 32, 34, 35, 36, 38, 39, 40, 41, 44, 45, 46, 47, 48, 54, 55, 57, 58, 60, 61, 62, 63, 66, 67, 68, 69, 73, 74, 75, 76, 77, 78, 79, 82, 83, 85, 86, 87, 88, 90, 91, 93, 94, 95, 96, 97, 99, 101, 102, 103, 104, 105, 106, 107, 109, 111, 112, 113, 114, 116, 117, 118, 119, 120, 122, 124, 125, 127, 130, 131, 132, 133, 134, 135, 136, 137, 138, 139, 140, 141, 142, 144, 146, 147, 148, 151, 152, 153, 155, 156, 157, 160, 161, 164, 167, 169, 170, 171]
// Original Weights: [9, 9, 6, 6, 9, 8, 4, 5, 5, 7, 4, 5, 5, 6, 6, 6, 5, 4, 7, 5, 5, 5, 6, 6, 7, 10, 9, 8, 10, 9, 6, 7, 8, 6, 6, 6, 4, 5, 5, 6, 5, 7, 4, 5, 6, 6, 7, 4, 6, 2, 2, 5, 6, 5, 4, 6, 5, 6, 6, 7, 6, 6, 6, 7, 6, 7, 7, 7, 6, 7, 6, 7, 7, 6, 7, 8, 7, 7, 7, 7, 7, 7, 7, 7, 8, 7, 8, 3, 2, 3, 4, 2, 4, 4, 4, 4, 2, 3, 3, 4, 4, 4, 8, 8, 8, 5, 6, 8, 7, 8, 5, 7, 7, 6, 8, 9, 9, 8, 8, 8]

|W| = 6;
|D| = 120;
V = 54;
C = 3;
|K| = 1;
M = 100;
S = 0.25;
|TR| = 16;
δmax = 18.3;
Runtime = 60;

// Priority weights for selected demand points
pj = [
  9, 9, 6, 6, 9, 8, 4, 5, 5, 7, 4, 5, 5, 6, 6, 6, 5, 4, 7, 5, 5, 5, 6, 6, 7, 10, 9, 8, 10, 9, 6, 7, 8, 6, 6, 6, 4, 5, 5, 6, 5, 7, 4, 5, 6, 6, 7, 4, 6, 2, 2, 5, 6, 5, 4, 6, 5, 6, 6, 7, 6, 6, 6, 7, 6, 7, 7, 7, 6, 7, 6, 7, 7, 6, 7, 8, 7, 7, 7, 7, 7, 7, 7, 7, 8, 7, 8, 3, 2, 3, 4, 2, 4, 4, 4, 4, 2, 3, 3, 4, 4, 4, 8, 8, 8, 5, 6, 8, 7, 8, 5, 7, 7, 6, 8, 9, 9, 8, 8, 8
];

δij =
[
  [99.00,99.00,99.00,99.00,99.00,99.00,19.31,19.21,18.70,18.70,18.10,18.55,9.07,9.24,5.42,6.09,7.41,6.15,8.42,5.52,6.76,7.04,6.93,9.54,6.11,6.17,6.88,7.81,6.00,19.04,24.34,27.41,27.83,22.24,24.73,21.64,28.07,33.34,34.53,31.29,31.81,28.60,21.94,23.83,19.52,24.56,21.87,23.45,20.86,21.04,23.67,20.18,19.81,22.41,22.79,24.56,25.41,22.19,23.33,22.64,20.72,22.00,21.08,19.49,20.20,3.22,1.64,2.02,1.03,3.60,1.70,4.45,4.53,2.58,1.26,2.39,1.23,2.57,2.81,0.36,2.46,3.04,3.63,2.79,3.68,3.80,3.82,2.70,3.26,4.65,3.14,4.21,3.86,4.44,6.34,5.09,3.46,5.42,3.51,3.51,3.27,3.45,5.95,3.84,3.89,12.27,11.81,11.81,11.71,13.22,11.96,10.83,10.90,10.58,10.66,11.66,12.30,12.20,11.63,13.61,13.25,4.80,5.18,4.75,4.61,4.08],
  [99.00,99.00,99.00,99.00,99.00,99.00,9.07,8.93,10.80,10.80,8.14,9.19,9.37,6.43,7.73,5.71,8.33,8.33,6.83,7.11,6.36,6.19,8.35,8.34,5.12,7.46,8.14,7.88,6.09,11.43,15.21,17.27,17.89,12.71,14.44,11.84,19.41,24.20,25.19,22.83,23.22,19.93,15.55,15.99,12.63,15.96,14.43,14.85,14.68,13.35,15.61,12.54,10.80,15.73,14.84,18.71,19.18,14.39,15.04,15.19,13.85,13.56,13.75,11.55,11.95,11.71,11.70,12.16,11.79,12.96,12.58,13.62,13.77,10.69,12.15,11.24,11.52,12.24,12.45,11.16,12.14,10.10,13.40,12.72,12.55,13.79,12.73,10.14,12.79,13.75,9.42,13.76,9.10,12.99,13.15,12.55,13.26,13.72,12.30,12.30,13.57,12.49,13.42,13.33,13.59,8.88,9.48,9.48,2.64,4.76,3.06,6.71,5.26,3.07,3.67,3.44,7.87,4.12,4.21,7.56,4.23,7.77,7.40,6.83,7.19,8.24],
  [99.00,99.00,99.00,99.00,99.00,99.00,13.23,13.22,10.26,10.26,11.91,11.50,1.22,3.53,5.27,6.45,3.03,4.25,3.36,5.60,4.96,4.86,3.48,1.62,7.61,4.64,3.61,2.93,6.07,10.31,16.13,20.10,20.23,14.70,17.92,14.51,19.18,24.59,25.90,22.12,22.69,19.69,12.19,14.67,10.25,15.88,12.64,14.88,11.10,12.08,14.68,11.30,12.12,12.75,13.80,14.51,15.43,13.16,14.53,13.36,11.30,13.46,11.87,10.93,11.77,13.12,11.85,12.28,11.29,13.82,11.85,14.68,14.78,12.08,11.47,12.25,11.45,12.78,13.03,10.60,12.66,12.02,13.90,13.05,13.79,14.06,13.95,11.77,13.49,14.88,11.53,14.47,11.88,8.16,6.62,7.08,9.45,8.13,8.25,8.25,10.13,8.50,7.28,9.15,9.46,2.94,1.98,1.98,8.06,7.61,7.89,3.65,5.10,7.01,6.49,7.29,3.80,7.12,6.55,5.54,8.16,11.46,11.45,10.15,10.52,11.22],
  [99.00,99.00,99.00,99.00,99.00,99.00,8.44,8.59,3.42,3.42,7.92,6.34,11.94,11.29,15.06,14.92,13.21,14.42,12.06,15.01,13.83,13.57,13.68,11.09,15.61,14.31,13.69,12.74,14.81,2.69,6.38,10.97,10.69,6.55,9.90,7.18,8.38,13.76,15.11,11.16,11.75,8.86,1.71,3.82,1.22,5.48,1.90,4.79,1.08,2.10,4.01,2.11,5.15,1.97,3.24,4.89,5.35,2.66,4.14,2.47,0.46,3.85,1.37,3.00,3.37,22.77,21.87,22.35,21.49,23.74,22.17,24.58,24.71,21.64,21.74,21.99,21.51,22.74,23.00,20.75,22.62,21.35,23.95,23.11,23.56,24.20,23.74,21.20,23.45,24.77,20.72,24.49,20.79,19.09,17.56,18.03,20.31,19.10,19.10,19.10,20.98,19.35,18.24,20.06,20.36,8.32,9.03,9.03,11.29,9.10,10.86,9.71,10.06,11.56,11.10,10.66,8.18,9.91,10.12,7.07,9.62,19.85,19.65,18.52,18.95,19.95],
  [99.00,99.00,99.00,99.00,99.00,99.00,9.24,9.37,10.87,10.87,10.36,9.95,21.69,19.75,23.44,22.35,22.30,23.24,20.66,23.11,21.87,21.59,22.68,20.51,22.46,22.76,22.60,21.72,22.46,10.98,5.36,1.03,1.11,6.39,3.85,6.81,5.98,7.22,7.69,7.99,7.89,6.08,11.89,8.51,11.69,6.48,9.91,6.95,12.45,9.78,8.03,10.29,8.98,11.26,8.57,13.14,12.41,9.10,7.66,9.64,11.28,8.04,10.39,10.31,9.46,29.77,29.43,29.92,29.31,30.97,30.09,31.70,31.85,28.68,29.64,29.18,29.16,30.12,30.36,28.59,30.01,28.17,31.34,30.58,30.62,31.69,30.80,28.15,30.75,31.85,27.49,31.77,27.26,28.50,27.49,27.59,29.41,28.79,28.21,28.21,29.96,28.46,28.07,29.28,29.58,18.13,19.13,19.13,16.83,15.22,16.53,18.34,17.74,17.87,17.77,16.78,17.39,16.24,16.82,15.67,15.19,25.99,25.64,24.91,25.31,26.38],
  [99.00,99.00,99.00,99.00,99.00,99.00,24.98,24.93,22.86,22.86,23.67,23.66,11.89,13.89,10.64,12.46,11.27,10.49,12.99,11.18,12.23,12.49,10.93,13.02,13.08,11.16,11.04,11.86,12.13,22.96,28.75,32.52,32.74,27.13,30.13,26.78,31.85,37.25,38.57,34.73,35.31,32.36,24.66,27.32,22.91,28.55,25.30,27.54,23.59,24.75,27.35,23.97,24.54,25.26,26.47,26.58,27.59,25.83,27.20,25.99,23.92,26.11,24.53,23.56,24.39,10.29,8.79,8.70,8.11,9.64,7.66,10.04,9.99,10.28,7.82,9.81,8.61,9.19,9.24,8.27,9.17,10.91,9.20,8.93,10.13,8.91,10.13,10.60,9.42,10.18,11.17,9.55,11.89,5.23,6.07,5.97,4.97,4.75,5.85,5.85,4.86,5.66,5.45,4.83,4.60,15.55,14.66,14.66,17.92,18.76,18.03,15.21,16.01,16.65,16.48,17.56,16.16,17.86,17.21,17.85,19.03,12.88,13.25,12.67,12.61,12.15],
  [19.31,9.07,13.23,8.44,9.24,24.98,99.00,0.19,5.23,5.23,1.32,2.26,13.53,11.10,14.54,13.24,13.74,14.51,11.99,14.14,12.94,12.66,14.06,12.26,13.27,13.92,13.94,13.14,13.40,5.90,6.57,8.22,8.81,3.94,5.45,2.91,10.84,15.25,16.18,14.24,14.55,11.34,9.85,8.54,7.46,7.72,7.83,6.76,9.52,6.77,7.98,6.37,3.35,9.64,7.50,12.81,12.83,7.35,7.26,8.36,8.15,5.92,7.52,5.45,5.16,20.53,20.24,20.73,20.16,21.74,20.95,22.46,22.61,19.45,20.50,19.96,19.99,20.91,21.15,19.45,20.80,18.93,22.12,21.37,21.38,22.48,21.56,18.91,21.52,22.61,18.24,22.54,18.02,19.81,19.10,19.01,20.57,20.23,19.41,19.41,21.07,19.65,19.62,20.49,20.79,10.45,11.50,11.50,7.62,6.25,7.35,9.91,8.98,8.73,8.71,7.67,9.44,7.21,7.84,7.73,6.09,16.75,16.40,15.66,16.06,17.14],
  [19.21,8.93,13.22,8.59,9.37,24.93,0.19,99.00,5.36,5.36,1.31,2.38,13.51,11.06,14.47,13.15,13.70,14.45,11.94,14.06,12.87,12.59,14.01,12.24,13.17,13.86,13.89,13.10,13.32,6.04,6.75,8.35,8.96,4.12,5.56,3.09,11.02,15.41,16.34,14.42,14.72,11.52,10.02,8.72,7.60,7.91,8.00,6.95,9.67,6.94,8.16,6.53,3.51,9.81,7.68,12.98,13.01,7.52,7.45,8.53,8.31,6.10,7.68,5.60,5.33,20.41,20.14,20.62,20.06,21.62,20.85,22.34,22.49,19.34,20.40,19.85,19.88,20.80,21.03,19.35,20.69,18.81,22.01,21.26,21.26,22.37,21.45,18.79,21.41,22.49,18.13,22.43,17.89,19.76,19.07,18.96,20.50,20.18,19.34,19.34,21.00,19.58,19.58,20.43,20.72,10.47,11.52,11.52,7.52,6.19,7.25,9.88,8.93,8.64,8.63,7.58,9.44,7.14,7.77,7.74,6.01,16.62,16.27,15.54,15.94,17.01],
  [18.70,10.80,10.26,3.42,10.87,22.86,5.23,5.36,99.00,0.00,4.54,3.01,10.98,9.52,13.36,12.80,11.85,12.93,10.39,13.18,11.94,11.66,12.28,9.88,13.29,12.63,12.24,11.30,12.78,0.74,5.89,9.94,9.99,4.64,8.08,4.80,9.37,14.67,15.90,12.63,13.13,9.91,5.05,5.31,2.29,5.87,3.64,4.78,4.46,2.56,5.05,1.74,2.30,5.07,4.19,8.21,8.52,3.66,4.64,4.40,3.26,3.32,2.98,0.80,1.54,20.66,19.95,20.44,19.67,21.72,20.40,22.54,22.67,19.53,19.95,19.93,19.62,20.76,21.02,18.92,20.65,19.15,22.00,21.17,21.48,22.29,21.67,19.04,21.45,22.71,18.49,22.50,18.47,18.01,16.79,17.03,19.07,18.19,17.85,17.85,19.68,18.11,17.41,18.88,19.19,7.33,8.29,8.29,8.37,6.20,7.96,7.96,7.84,8.89,8.53,7.88,6.73,7.14,7.50,5.15,6.61,17.41,17.16,16.12,16.56,17.60],
  [18.70,10.80,10.26,3.42,10.87,22.86,5.23,5.36,0.00,99.00,4.54,3.01,10.98,9.52,13.36,12.80,11.85,12.93,10.39,13.18,11.94,11.66,12.28,9.88,13.29,12.63,12.24,11.30,12.78,0.74,5.89,9.94,9.99,4.64,8.08,4.80,9.37,14.67,15.90,12.63,13.13,9.91,5.05,5.31,2.29,5.87,3.64,4.78,4.46,2.56,5.05,1.74,2.30,5.07,4.19,8.21,8.52,3.66,4.64,4.40,3.26,3.32,2.98,0.80,1.54,20.66,19.95,20.44,19.67,21.72,20.40,22.54,22.67,19.53,19.95,19.93,19.62,20.76,21.02,18.92,20.65,19.15,22.00,21.17,21.48,22.29,21.67,19.04,21.45,22.71,18.49,22.50,18.47,18.01,16.79,17.03,19.07,18.19,17.85,17.85,19.68,18.11,17.41,18.88,19.19,7.33,8.29,8.29,8.37,6.20,7.96,7.96,7.84,8.89,8.53,7.88,6.73,7.14,7.50,5.15,6.61,17.41,17.16,16.12,16.56,17.60],
  [18.10,8.14,11.91,7.92,10.36,23.67,1.32,1.31,4.54,4.54,99.00,1.60,12.21,9.79,13.26,12.02,12.42,13.20,10.68,12.87,11.67,11.39,12.75,10.94,12.10,12.63,12.63,11.83,12.16,5.26,7.15,9.34,9.85,4.58,6.63,3.71,11.41,16.06,17.06,14.83,15.18,11.92,9.45,8.61,6.83,8.10,7.60,7.05,8.98,6.49,8.10,5.94,3.16,9.33,7.50,12.52,12.65,7.24,7.42,8.22,7.69,5.98,7.17,4.94,4.85,19.42,19.07,19.56,18.97,20.61,19.75,21.35,21.50,18.33,19.30,18.82,18.81,19.76,20.00,18.25,19.65,17.82,20.98,20.22,20.27,21.33,20.45,17.79,20.39,21.50,17.14,21.41,16.94,18.51,17.78,17.70,19.29,18.92,18.12,18.12,19.79,18.36,18.30,19.20,19.50,9.16,10.21,10.21,6.46,4.97,6.16,8.59,7.67,7.52,7.46,6.44,8.13,5.94,6.56,6.43,4.85,15.70,15.37,14.57,14.98,16.06],
  [18.55,9.19,11.50,6.34,9.95,23.66,2.26,2.38,3.01,3.01,1.60,99.00,11.95,9.82,13.49,12.47,12.40,13.30,10.72,13.17,11.93,11.64,12.77,10.72,12.70,12.81,12.67,11.81,12.55,3.71,6.05,8.93,9.29,3.71,6.48,3.14,10.22,15.11,16.18,13.64,14.03,10.74,7.85,7.11,5.28,6.79,6.01,5.70,7.40,4.89,6.63,4.34,1.66,7.73,5.98,10.92,11.07,5.68,5.99,6.64,6.09,4.51,5.57,3.34,3.26,20.09,19.62,20.11,19.45,21.24,20.22,22.01,22.16,18.98,19.77,19.45,19.33,20.35,20.60,18.72,20.24,18.52,21.58,20.80,20.94,21.92,21.12,18.46,21.01,22.17,17.84,22.05,17.70,18.58,17.67,17.70,19.46,18.91,18.26,18.26,20.01,18.51,18.23,19.34,19.64,8.63,9.67,9.67,7.19,5.34,6.83,8.45,7.79,8.08,7.91,6.98,7.71,6.37,6.92,5.96,5.43,16.51,16.20,15.32,15.74,16.81],
  [9.07,9.37,1.22,11.94,21.69,11.89,13.53,13.51,10.98,10.98,12.21,11.95,99.00,3.01,4.07,5.38,1.84,3.03,2.56,4.43,3.90,3.85,2.27,1.28,6.57,3.47,2.41,1.83,4.98,11.09,16.86,20.70,20.88,15.29,18.41,15.02,20.06,25.46,26.75,23.06,23.63,20.58,13.23,15.58,11.16,16.70,13.56,15.67,12.13,12.93,15.56,12.12,12.70,13.77,14.67,15.63,16.53,14.03,15.36,14.29,12.25,14.24,12.78,11.68,12.50,11.90,10.64,11.07,10.09,12.61,10.66,13.47,13.57,10.86,10.27,11.04,10.24,11.56,11.82,9.39,11.45,10.81,12.69,11.85,12.57,12.86,12.74,10.55,12.28,13.67,10.33,13.27,10.68,7.16,5.82,6.12,8.39,7.24,7.17,7.17,9.06,7.43,6.44,8.12,8.43,3.69,2.91,2.91,7.73,7.63,7.63,3.66,4.93,6.59,6.12,7.04,4.29,6.99,6.38,6.02,8.11,10.30,10.31,9.01,9.37,10.04],
  [9.24,6.43,3.53,11.29,19.75,13.89,11.10,11.06,9.52,9.52,9.79,9.82,3.01,99.00,3.85,3.79,2.64,3.49,0.90,3.73,2.55,2.29,2.96,1.92,4.75,3.11,2.86,2.05,3.59,9.82,15.28,18.74,19.04,13.39,16.26,12.96,18.87,24.19,25.41,22.07,22.59,19.41,12.81,14.59,10.29,15.39,12.63,14.29,11.74,11.81,14.45,10.95,10.85,13.24,13.56,15.59,16.36,12.95,14.13,13.41,11.50,12.84,11.84,10.29,11.04,11.51,10.59,11.07,10.23,12.45,10.94,13.30,13.42,10.39,10.50,10.71,10.23,11.45,11.71,9.49,11.33,10.14,12.67,11.83,12.29,12.92,12.47,9.96,12.16,13.48,9.54,13.20,9.70,8.76,8.02,7.91,9.66,9.13,8.46,8.46,10.24,8.71,8.52,9.52,9.83,3.46,3.55,3.55,4.74,4.93,4.66,1.59,2.14,3.58,3.12,4.08,3.14,4.14,3.50,4.38,5.31,8.97,8.86,7.60,8.02,8.92],
  [5.42,7.73,5.27,15.06,23.44,10.64,14.54,14.47,13.36,13.36,13.26,13.49,4.07,3.85,99.00,2.14,2.23,1.11,3.01,0.66,1.61,1.88,1.80,4.22,3.22,0.75,1.66,2.47,1.69,13.67,19.10,22.42,22.77,17.13,19.86,16.63,22.72,28.03,29.25,25.91,26.43,23.26,16.53,18.43,14.10,19.23,16.46,18.14,15.45,15.66,18.30,14.80,14.62,16.99,17.41,19.19,20.02,16.80,17.98,17.23,15.30,16.68,15.67,14.14,14.88,7.95,6.85,7.32,6.43,8.78,7.11,9.64,9.75,6.88,6.68,7.11,6.48,7.75,8.01,5.69,7.63,6.77,8.94,8.09,8.68,9.17,8.85,6.53,8.47,9.83,6.27,9.49,6.62,5.41,5.44,4.84,6.03,6.03,4.89,4.89,6.53,5.12,5.69,5.97,6.26,6.88,6.52,6.52,7.28,8.30,7.41,5.43,5.71,6.01,5.88,6.96,6.88,7.34,6.70,8.23,8.48,6.30,6.35,5.07,5.39,6.00],
  [6.09,5.71,6.45,14.92,22.35,12.46,13.24,13.15,12.80,12.80,12.02,12.47,5.38,3.79,2.14,99.00,3.67,3.03,3.30,1.48,1.49,1.62,3.42,5.03,1.20,2.17,3.21,3.55,0.46,13.20,18.32,21.32,21.75,16.17,18.65,15.55,22.15,27.35,28.52,25.43,25.92,22.68,16.50,18.03,13.87,18.62,16.13,17.50,15.45,15.24,17.83,14.37,13.76,16.89,16.96,19.35,20.09,16.38,17.43,16.92,15.10,16.06,15.35,13.60,14.27,7.88,7.19,7.68,6.99,8.92,7.76,9.74,9.87,6.75,7.30,7.14,6.88,7.97,8.23,6.26,7.85,6.43,9.21,8.39,8.69,9.51,8.88,6.28,8.65,9.91,5.80,9.71,5.92,7.28,7.55,6.86,7.63,8.01,6.61,6.61,8.02,6.82,7.76,7.67,7.94,7.24,7.18,7.18,5.70,7.14,5.91,5.28,4.96,4.51,4.57,5.58,6.89,6.11,5.55,7.87,7.17,5.19,5.11,3.83,4.24,5.12],
  [7.41,8.33,3.03,13.21,22.30,11.27,13.74,13.70,11.85,11.85,12.42,12.40,1.84,2.64,2.23,3.67,99.00,1.26,1.79,2.60,2.25,2.29,0.48,2.14,4.87,1.64,0.58,0.60,3.23,12.07,17.70,21.30,21.56,15.92,18.86,15.53,21.12,26.49,27.74,24.23,24.77,21.65,14.61,16.73,12.33,17.69,14.72,16.62,13.51,14.00,16.64,13.16,13.35,15.10,15.75,17.16,18.02,15.13,16.38,15.48,13.49,15.17,13.93,12.60,13.39,10.13,8.94,9.39,8.44,10.89,9.06,11.75,11.86,9.08,8.65,9.28,8.55,9.85,10.12,7.72,9.73,9.00,11.01,10.16,10.83,11.21,11.00,8.75,10.57,11.95,8.50,11.58,8.85,6.20,5.39,5.30,7.22,6.51,6.00,6.00,7.84,6.26,5.88,7.03,7.34,4.91,4.39,4.39,7.15,7.56,7.14,3.97,4.78,5.89,5.55,6.59,5.15,6.75,6.10,6.72,7.92,8.47,8.48,7.19,7.54,8.20],
  [6.15,8.33,4.25,14.42,23.24,10.49,14.51,14.45,12.93,12.93,13.20,13.30,3.03,3.49,1.11,3.03,1.26,99.00,2.58,1.66,1.97,2.15,0.79,3.39,4.19,0.88,0.73,1.68,2.56,13.18,18.74,22.23,22.52,16.88,19.73,16.44,22.25,27.59,28.84,25.38,25.92,22.78,15.84,17.89,13.51,18.79,15.89,17.71,14.74,15.14,17.79,14.29,14.34,16.32,16.90,18.41,19.27,16.28,17.50,16.66,14.68,16.25,15.10,13.69,14.47,8.88,7.67,8.12,7.18,9.63,7.80,10.49,10.60,7.83,7.39,8.02,7.28,8.59,8.85,6.46,8.47,7.78,9.75,8.90,9.57,9.94,9.74,7.52,9.31,10.69,7.30,10.31,7.68,5.31,4.90,4.54,6.18,5.77,4.97,4.97,6.76,5.22,5.27,6.04,6.34,6.14,5.66,5.66,7.53,8.27,7.60,4.98,5.54,6.25,6.02,7.09,6.30,7.37,6.72,7.78,8.54,7.40,7.46,6.18,6.50,7.09],
  [8.42,6.83,3.36,12.06,20.66,12.99,11.99,11.94,10.39,10.39,10.68,10.72,2.56,0.90,3.01,3.30,1.79,2.58,99.00,2.97,1.89,1.69,2.07,1.80,4.38,2.26,1.96,1.20,3.02,10.67,16.17,19.65,19.94,14.30,17.17,13.86,19.73,25.06,26.29,22.91,23.43,20.27,13.55,15.42,11.10,16.26,13.45,15.17,12.48,12.66,15.30,11.80,11.75,14.00,14.41,16.28,17.07,13.80,14.99,14.23,12.30,13.71,12.66,11.16,11.92,10.80,9.82,10.29,9.43,11.71,10.12,12.56,12.68,9.69,9.68,9.99,9.45,10.69,10.96,8.68,10.57,9.49,11.90,11.05,11.57,12.14,11.74,9.29,11.41,12.75,8.91,12.44,9.12,7.86,7.17,7.02,8.76,8.24,7.55,7.55,9.34,7.81,7.64,8.62,8.93,4.01,3.87,3.87,5.41,5.79,5.38,2.43,3.02,4.18,3.80,4.82,3.88,4.96,4.31,5.25,6.13,8.49,8.41,7.13,7.54,8.37],
  [5.52,7.11,5.60,15.01,23.11,11.18,14.14,14.06,13.18,13.18,12.87,13.17,4.43,3.73,0.66,1.48,2.60,1.66,2.97,99.00,1.25,1.53,2.23,4.41,2.56,0.96,2.05,2.70,1.04,13.51,18.86,22.09,22.46,16.83,19.49,16.29,22.55,27.83,29.03,25.77,26.28,23.08,16.52,18.31,14.02,19.05,16.36,17.94,15.44,15.52,18.15,14.66,14.35,16.96,17.27,19.24,20.04,16.67,17.81,17.14,15.23,16.49,15.57,13.97,14.69,7.84,6.86,7.34,6.51,8.74,7.22,9.59,9.71,6.74,6.78,7.02,6.50,7.73,7.99,5.76,7.61,6.57,8.94,8.10,8.60,9.19,8.78,6.35,8.44,9.78,6.02,9.48,6.31,5.96,6.08,5.45,6.48,6.62,5.38,5.38,6.94,5.60,6.32,6.45,6.74,6.95,6.68,6.68,6.77,7.92,6.93,5.32,5.42,5.52,5.44,6.51,6.84,6.93,6.31,8.09,8.06,5.87,5.89,4.60,4.95,5.63],
  [6.76,6.36,4.96,13.83,21.87,12.23,12.94,12.87,11.94,11.94,11.67,11.93,3.90,2.55,1.61,1.49,2.25,1.97,1.89,1.25,99.00,0.29,2.10,3.55,2.67,1.12,1.89,2.07,1.14,12.28,17.61,20.85,21.22,15.59,18.27,15.06,21.31,26.59,27.78,24.54,25.05,21.84,15.36,17.08,12.82,17.80,15.14,16.70,14.29,14.30,16.92,13.43,13.11,15.78,16.04,18.13,18.91,15.44,16.57,15.92,14.04,15.24,14.35,12.73,13.44,8.96,8.06,8.55,7.74,9.91,8.46,10.75,10.88,7.84,8.02,8.17,7.71,8.91,9.18,6.99,8.79,7.61,10.14,9.29,9.74,10.40,9.92,7.43,9.62,10.94,7.03,10.66,7.23,7.00,6.84,6.37,7.64,7.58,6.50,6.50,8.13,6.73,7.16,7.58,7.87,5.90,5.75,5.75,5.69,6.70,5.80,4.12,4.17,4.42,4.27,5.35,5.68,5.73,5.10,6.86,6.88,6.62,6.56,5.27,5.67,6.48],
  [7.04,6.19,4.86,13.57,21.59,12.49,12.66,12.59,11.66,11.66,11.39,11.64,3.85,2.29,1.88,1.62,2.29,2.15,1.69,1.53,0.29,99.00,2.19,3.41,2.76,1.34,1.98,2.03,1.33,12.00,17.33,20.57,20.93,15.30,17.99,14.77,21.03,26.30,27.50,24.26,24.77,21.56,15.10,16.81,12.55,17.52,14.87,16.41,14.03,14.02,16.64,13.15,12.82,15.52,15.76,17.88,18.66,15.16,16.29,15.65,13.77,14.96,14.08,12.45,13.16,9.21,8.33,8.82,8.02,10.17,8.74,11.02,11.14,8.10,8.30,8.43,7.99,9.18,9.44,7.27,9.06,7.85,10.40,9.57,10.00,10.67,10.18,7.67,9.89,11.20,7.26,10.93,7.44,7.25,7.04,6.60,7.91,7.82,6.77,6.77,8.41,7.00,7.39,7.85,8.14,5.68,5.57,5.57,5.44,6.42,5.55,3.86,3.89,4.16,4.01,5.08,5.43,5.46,4.82,6.59,6.60,6.79,6.72,5.44,5.84,6.68],
  [6.93,8.35,3.48,13.68,22.68,10.93,14.06,14.01,12.28,12.28,12.75,12.77,2.27,2.96,1.80,3.42,0.48,0.79,2.07,2.23,2.10,2.19,99.00,2.62,4.62,1.29,0.22,0.98,2.97,12.51,18.12,21.68,21.95,16.31,19.22,15.90,21.57,26.93,28.18,24.68,25.22,22.10,15.08,17.18,12.79,18.13,15.18,17.05,13.99,14.45,17.10,13.61,13.75,15.58,16.20,17.64,18.50,15.58,16.83,15.94,13.95,15.60,14.39,13.03,13.82,9.66,8.46,8.91,7.96,10.41,8.57,11.28,11.38,8.61,8.16,8.81,8.07,9.38,9.64,7.24,9.26,8.54,10.53,9.68,10.36,10.73,10.53,8.29,10.10,11.47,8.06,11.10,8.42,5.82,5.13,4.95,6.79,6.18,5.57,5.57,7.41,5.83,5.58,6.62,6.93,5.39,4.88,4.88,7.31,7.85,7.33,4.36,5.08,6.04,5.74,6.80,5.60,7.00,6.35,7.14,8.17,8.08,8.11,6.82,7.16,7.79],
  [9.54,8.34,1.62,11.09,20.51,13.02,12.26,12.24,9.88,9.88,10.94,10.72,1.28,1.92,4.22,5.03,2.14,3.39,1.80,4.41,3.55,3.41,2.62,99.00,6.15,3.51,2.67,1.75,4.69,10.05,15.76,19.52,19.72,14.12,17.19,13.81,19.07,24.45,25.73,22.14,22.69,19.60,12.47,14.64,10.23,15.67,12.63,14.62,11.37,11.94,14.58,11.11,11.53,12.97,13.69,15.02,15.88,13.06,14.35,13.38,11.37,13.18,11.84,10.61,11.42,12.18,11.04,11.50,10.57,12.98,11.19,13.85,13.96,11.10,10.78,11.33,10.66,11.95,12.21,9.84,11.83,10.96,13.13,12.27,12.90,13.33,13.07,10.74,12.67,14.04,10.43,13.69,10.70,8.14,6.98,7.15,9.27,8.31,8.04,8.04,9.91,8.30,7.57,9.04,9.35,2.77,2.29,2.29,6.55,6.35,6.41,2.38,3.68,5.45,4.95,5.81,3.15,5.74,5.13,4.84,6.84,10.16,10.12,8.82,9.21,9.99],
  [6.11,5.12,7.61,15.61,22.46,13.08,13.27,13.17,13.29,13.29,12.10,12.70,6.57,4.75,3.22,1.20,4.87,4.19,4.38,2.56,2.67,2.76,4.62,6.15,99.00,3.36,4.41,4.74,1.65,13.75,18.65,21.44,21.92,16.40,18.72,15.72,22.58,27.72,28.84,25.90,26.38,23.11,17.22,18.58,14.51,19.05,16.73,17.92,16.19,15.78,18.34,14.91,14.08,17.58,17.48,20.14,20.85,16.92,17.91,17.52,15.76,16.50,15.96,14.09,14.72,7.41,6.97,7.46,6.90,8.55,7.70,9.33,9.47,6.29,7.25,6.75,6.71,7.67,7.91,6.22,7.56,5.87,8.89,8.12,8.25,9.23,8.44,5.78,8.31,9.49,5.20,9.35,5.19,8.00,8.50,7.70,8.16,8.80,7.24,7.24,8.45,7.42,8.64,8.25,8.49,8.20,8.23,8.23,5.65,7.37,5.94,6.12,5.55,4.62,4.83,5.71,7.74,6.34,5.86,8.54,7.29,4.28,4.13,2.92,3.35,4.34],
  [6.17,7.46,4.64,14.31,22.76,11.16,13.92,13.86,12.63,12.63,12.63,12.81,3.47,3.11,0.75,2.17,1.64,0.88,2.26,0.96,1.12,1.34,1.29,3.51,3.36,99.00,1.10,1.77,1.71,12.93,18.38,21.75,22.08,16.44,19.20,15.95,21.99,27.30,28.52,25.17,25.69,22.52,15.78,17.68,13.35,18.50,15.71,17.41,14.70,14.91,17.55,14.06,13.92,16.24,16.67,18.45,19.27,16.05,17.24,16.49,14.55,15.95,14.92,13.41,14.15,8.67,7.60,8.07,7.18,9.52,7.86,10.37,10.49,7.59,7.43,7.84,7.23,8.49,8.76,6.44,8.37,7.45,9.69,8.84,9.41,9.92,9.58,7.23,9.21,10.57,6.93,10.24,7.24,5.93,5.72,5.26,6.66,6.48,5.49,5.49,7.19,5.73,6.05,6.57,6.87,6.14,5.80,5.80,6.78,7.67,6.88,4.69,5.03,5.50,5.32,6.40,6.13,6.73,6.09,7.50,7.89,6.83,6.85,5.55,5.90,6.58],
  [6.88,8.14,3.61,13.69,22.60,11.04,13.94,13.89,12.24,12.24,12.63,12.67,2.41,2.86,1.66,3.21,0.58,0.73,1.96,2.05,1.89,1.98,0.22,2.67,4.41,1.10,99.00,0.96,2.76,12.48,18.06,21.59,21.87,16.23,19.12,15.81,21.54,26.89,28.14,24.67,25.21,22.07,15.11,17.17,12.79,18.09,15.17,17.01,14.02,14.43,17.07,13.58,13.68,15.60,16.18,17.69,18.54,15.56,16.80,15.94,13.96,15.56,14.38,13.00,13.77,9.56,8.39,8.84,7.90,10.33,8.53,11.20,11.30,8.50,8.11,8.71,8.00,9.30,9.56,7.17,9.18,8.42,10.46,9.61,10.27,10.66,10.44,8.17,10.02,11.39,7.92,11.03,8.27,5.90,5.29,5.07,6.85,6.29,5.63,5.63,7.45,5.88,5.72,6.68,6.99,5.41,4.94,4.94,7.14,7.72,7.17,4.30,4.96,5.86,5.58,6.64,5.58,6.86,6.20,7.09,8.03,7.91,7.94,6.64,6.99,7.64],
  [7.81,7.88,2.93,12.74,21.72,11.86,13.14,13.10,11.30,11.30,11.83,11.81,1.83,2.05,2.47,3.55,0.60,1.68,1.20,2.70,2.07,2.03,0.98,1.75,4.74,1.77,0.96,99.00,3.15,11.53,17.14,20.71,20.98,15.34,18.27,14.95,20.59,25.95,27.20,23.72,24.25,21.12,14.16,16.22,11.83,17.15,14.22,16.07,13.07,13.48,16.12,12.63,12.78,14.64,15.23,16.76,17.60,14.61,15.85,14.98,13.00,14.62,13.43,12.05,12.84,10.42,9.29,9.75,8.83,11.23,9.47,12.09,12.20,9.35,9.05,9.58,8.91,10.20,10.46,8.10,10.08,9.23,11.38,10.52,11.14,11.59,11.32,8.99,10.92,12.29,8.70,11.94,9.00,6.78,5.98,5.89,7.77,7.11,6.55,6.55,8.38,6.81,6.47,7.60,7.90,4.47,4.05,4.05,6.60,6.97,6.58,3.39,4.19,5.35,4.99,6.02,4.63,6.16,5.51,6.16,7.33,8.54,8.53,7.23,7.60,8.32],
  [6.00,6.09,6.07,14.81,22.46,12.13,13.40,13.32,12.78,12.78,12.16,12.55,4.98,3.59,1.69,0.46,3.23,2.56,3.02,1.04,1.14,1.33,2.97,4.69,1.65,1.71,2.76,3.15,99.00,13.16,18.35,21.44,21.84,16.25,18.79,15.66,22.14,27.37,28.55,25.40,25.90,22.68,16.36,17.98,13.77,18.62,16.06,17.50,15.31,15.19,17.79,14.32,13.81,16.77,16.92,19.18,19.94,16.33,17.41,16.85,15.00,16.06,15.28,13.57,14.26,7.96,7.18,7.67,6.93,8.96,7.68,9.79,9.92,6.84,7.23,7.19,6.85,7.99,8.25,6.19,7.87,6.56,9.22,8.40,8.76,9.51,8.94,6.39,8.69,9.97,5.95,9.74,6.12,6.93,7.12,6.46,7.35,7.63,6.29,6.29,7.76,6.51,7.35,7.36,7.63,7.00,6.88,6.88,5.92,7.24,6.11,5.12,4.94,4.70,4.70,5.74,6.72,6.23,5.64,7.78,7.32,5.48,5.42,4.13,4.53,5.36],
  [19.04,11.43,10.31,2.69,10.98,22.96,5.90,6.04,0.74,0.74,5.26,3.71,11.09,9.82,13.67,13.20,12.07,13.18,10.67,13.51,12.28,12.00,12.51,10.05,13.75,12.93,12.48,11.53,13.16,99.00,5.84,10.08,10.05,4.92,8.39,5.22,9.07,14.42,15.68,12.26,12.77,9.60,4.32,4.83,1.57,5.62,3.03,4.58,3.73,2.04,4.64,1.17,2.81,4.36,3.76,7.49,7.82,3.18,4.32,3.81,2.53,3.15,2.32,0.69,1.53,21.08,20.33,20.81,20.02,22.12,20.74,22.94,23.07,19.95,20.30,20.34,19.99,21.15,21.41,19.27,21.03,19.59,22.38,21.55,21.89,22.66,22.08,19.47,21.84,23.12,18.94,22.89,18.93,18.19,16.90,17.19,19.29,18.33,18.06,18.06,19.91,18.32,17.53,19.08,19.39,7.41,8.33,8.33,8.97,6.78,8.54,8.24,8.24,9.42,9.03,8.43,6.92,7.69,8.01,5.43,7.22,17.90,17.66,16.60,17.04,18.07],
  [24.34,15.21,16.13,6.38,5.36,28.75,6.57,6.75,5.89,5.89,7.15,6.05,16.86,15.28,19.10,18.32,17.70,18.74,16.17,18.86,17.61,17.33,18.12,15.76,18.65,18.38,18.06,17.14,18.35,5.84,99.00,4.60,4.33,2.63,4.22,3.69,4.28,9.07,10.20,7.69,8.03,4.78,6.67,3.51,6.37,1.61,4.57,1.62,7.13,4.43,2.92,5.00,4.57,6.08,3.28,8.47,8.00,3.76,2.39,4.40,5.92,2.74,5.03,5.21,4.37,26.06,25.50,25.99,25.28,27.19,26.03,27.97,28.11,24.94,25.58,25.39,25.20,26.27,26.52,24.54,26.15,24.50,27.50,26.70,26.90,27.82,27.09,24.43,26.94,28.14,23.83,27.98,23.71,23.88,22.68,22.91,24.91,24.07,23.69,23.69,25.51,23.95,23.30,24.73,25.04,13.21,14.15,14.15,13.23,11.28,12.86,13.76,13.44,14.06,13.82,12.97,12.61,12.31,12.80,10.98,11.45,22.54,22.24,21.33,21.76,22.83],
  [27.41,17.27,20.10,10.97,1.03,32.52,8.22,8.35,9.94,9.94,9.34,8.93,20.70,18.74,22.42,21.32,21.30,22.23,19.65,22.09,20.85,20.57,21.68,19.52,21.44,21.75,21.59,20.71,21.44,10.08,4.60,99.00,1.04,5.41,2.86,5.79,5.93,7.91,8.50,8.32,8.30,6.11,11.23,7.91,10.86,5.87,9.17,6.21,11.73,8.97,7.39,9.43,8.00,10.61,7.87,12.68,12.02,8.36,6.96,8.97,10.51,7.20,9.61,9.40,8.55,28.75,28.41,28.89,28.29,29.94,29.07,30.68,30.82,27.66,28.62,28.16,28.14,29.10,29.34,27.57,28.99,27.14,30.31,29.55,29.59,30.67,29.78,27.12,29.72,30.82,26.46,30.75,26.24,27.49,26.50,26.59,28.39,27.79,27.19,27.19,28.94,27.44,27.08,28.26,28.57,17.17,18.17,18.17,15.80,14.20,15.50,17.33,16.72,16.85,16.75,15.76,16.41,15.21,15.80,14.68,14.17,24.97,24.62,23.88,24.29,25.36],
  [27.83,17.89,20.23,10.69,1.11,32.74,8.81,8.96,9.99,9.99,9.85,9.29,20.88,19.04,22.77,21.75,21.56,22.52,19.94,22.46,21.22,20.93,21.95,19.72,21.92,22.08,21.87,20.98,21.84,10.05,4.33,1.04,99.00,5.64,3.65,6.20,4.98,6.94,7.60,7.27,7.26,5.13,10.80,7.41,10.69,5.38,8.84,5.90,11.38,8.76,6.93,9.30,8.20,10.16,7.50,12.02,11.31,8.04,6.59,8.55,10.23,7.04,9.34,9.39,8.53,29.27,28.88,29.36,28.73,30.45,29.50,31.20,31.34,28.17,29.05,28.66,28.60,29.58,29.83,28.00,29.47,27.67,30.81,30.04,30.11,31.15,30.30,27.64,30.22,31.35,26.99,31.25,26.79,27.76,26.69,26.83,28.70,28.02,27.49,27.49,29.26,27.75,27.29,28.56,28.86,17.29,18.27,18.27,16.31,14.61,15.99,17.59,17.06,17.31,17.18,16.21,16.59,15.64,16.20,14.89,14.63,25.54,25.20,24.42,24.83,25.91],
  [22.24,12.71,14.70,6.55,6.39,27.13,3.94,4.12,4.64,4.64,4.58,3.71,15.29,13.39,17.13,16.17,15.92,16.88,14.30,16.83,15.59,15.30,16.31,14.12,16.40,16.44,16.23,15.34,16.25,4.92,2.63,5.41,5.64,99.00,3.48,1.09,6.91,11.49,12.52,10.31,10.63,7.40,7.45,5.13,6.04,3.89,5.19,3.10,7.53,4.47,4.51,4.59,2.59,7.02,4.33,9.93,9.70,4.46,3.78,5.42,6.12,2.87,5.26,4.24,3.45,23.79,23.33,23.82,23.15,24.95,23.92,25.72,25.86,22.68,23.47,23.15,23.04,24.06,24.31,22.42,23.95,22.21,25.29,24.50,24.64,25.62,24.82,22.16,24.71,25.87,21.53,25.75,21.38,22.12,21.09,21.20,23.06,22.40,21.85,21.85,23.62,22.10,21.68,22.92,23.22,11.77,12.77,12.77,10.86,9.04,10.52,11.95,11.42,11.79,11.61,10.69,11.00,10.07,10.62,9.28,9.13,20.17,19.86,19.00,19.42,20.49],
  [24.73,14.44,17.92,9.90,3.85,30.13,5.45,5.56,8.08,8.08,6.63,6.48,18.41,16.26,19.86,18.65,18.86,19.73,17.17,19.49,18.27,17.99,19.22,17.19,18.72,19.20,19.12,18.27,18.79,8.39,4.22,2.86,3.65,3.48,99.00,3.41,7.41,10.54,11.25,10.39,10.51,7.76,10.58,7.69,9.49,5.83,8.35,5.63,10.82,7.80,7.07,8.03,5.89,10.06,7.23,12.66,12.22,7.55,6.44,8.39,9.46,6.07,8.56,7.71,6.92,25.98,25.69,26.17,25.59,27.18,26.38,27.91,28.06,24.90,25.93,25.41,25.43,26.36,26.60,24.88,26.25,24.37,27.57,26.82,26.82,27.93,27.01,24.36,26.97,28.05,23.69,27.99,23.45,25.03,24.15,24.16,25.86,25.38,24.68,24.68,26.39,24.93,24.70,25.76,26.06,15.00,16.03,16.03,13.07,11.57,12.78,14.93,14.19,14.15,14.09,13.08,14.15,12.57,13.18,12.40,11.49,22.17,21.81,21.10,21.50,22.57],
  [21.64,11.84,14.51,7.18,6.81,26.78,2.91,3.09,4.80,4.80,3.71,3.14,15.02,12.96,16.63,15.55,15.53,16.44,13.86,16.29,15.06,14.77,15.90,13.81,15.72,15.95,15.81,14.95,15.66,5.22,3.69,5.79,6.20,1.09,3.41,99.00,7.95,12.38,13.35,11.33,11.63,8.43,8.24,6.15,6.51,4.98,6.00,4.16,8.20,5.16,5.54,5.12,2.53,7.86,5.28,10.86,10.69,5.33,4.80,6.33,6.78,3.75,5.96,4.56,3.88,23.08,22.68,23.17,22.53,24.26,23.31,25.01,25.16,21.98,22.86,22.47,22.40,23.39,23.63,21.81,23.28,21.49,24.61,23.84,23.93,24.95,24.11,21.45,24.03,25.16,20.81,25.06,20.63,21.72,20.78,20.83,22.60,22.04,21.41,21.41,23.15,21.65,21.35,22.48,22.78,11.59,12.62,12.62,10.12,8.42,9.80,11.58,10.93,11.11,10.98,10.01,10.75,9.44,10.02,9.00,8.43,19.40,19.07,18.26,18.67,19.74],
  [28.07,19.41,19.18,8.38,5.98,31.85,10.84,11.02,9.37,9.37,11.41,10.22,20.06,18.87,22.72,22.15,21.12,22.25,19.73,22.55,21.31,21.03,21.57,19.07,22.58,21.99,21.54,20.59,22.14,9.07,4.28,5.93,4.98,6.91,7.41,7.95,99.00,5.40,6.74,3.42,3.82,0.54,7.73,4.56,8.94,3.53,6.57,4.65,8.64,7.13,4.50,7.96,8.63,7.04,5.39,7.84,6.93,6.03,4.75,5.91,7.98,6.09,7.32,8.58,7.88,29.98,29.32,29.81,29.04,31.06,29.77,31.87,32.01,28.85,29.33,29.27,28.99,30.12,30.38,28.30,30.00,28.45,31.35,30.53,30.81,31.65,30.99,28.35,30.80,32.04,27.78,31.85,27.71,27.20,25.81,26.18,28.33,27.29,27.11,27.11,28.97,27.37,26.46,28.12,28.43,16.37,17.21,17.21,17.32,15.28,16.93,17.30,17.20,18.05,17.76,16.98,15.97,16.28,16.73,14.49,15.52,26.59,26.30,25.34,25.77,26.83],
  [33.34,24.20,24.59,13.76,7.22,37.25,15.25,15.41,14.67,14.67,16.06,15.11,25.46,24.19,28.03,27.35,26.49,27.59,25.06,27.83,26.59,26.30,26.93,24.45,27.72,27.30,26.89,25.95,27.37,14.42,9.07,7.91,6.94,11.49,10.54,12.38,5.40,99.00,1.41,3.25,2.63,4.90,12.97,9.95,14.34,8.80,11.97,9.89,13.94,12.52,9.91,13.34,13.64,12.30,10.79,12.40,11.34,11.43,10.11,11.30,13.37,11.35,12.73,13.90,13.15,35.13,34.54,35.03,34.30,36.25,35.04,37.04,37.18,34.01,34.59,34.45,34.22,35.32,35.57,33.55,35.20,33.57,36.55,35.74,35.97,36.86,36.15,33.50,35.99,37.20,32.90,37.04,32.79,32.59,31.21,31.57,33.71,32.69,32.48,32.48,34.33,32.74,31.86,33.50,33.80,21.77,22.61,22.61,22.30,20.36,21.93,22.63,22.44,23.13,22.89,22.04,21.34,21.38,21.86,19.82,20.52,31.61,31.31,30.41,30.83,31.90],
  [34.53,25.19,25.90,15.11,7.69,38.57,16.18,16.34,15.90,15.90,17.06,16.18,26.75,25.41,29.25,28.52,27.74,28.84,26.29,29.03,27.78,27.50,28.18,25.73,28.84,28.52,28.14,27.20,28.55,15.68,10.20,8.50,7.60,12.52,11.25,13.35,6.74,1.41,99.00,4.63,3.99,6.25,14.36,11.29,15.66,10.06,13.30,11.13,15.32,13.82,11.22,14.62,14.76,13.68,12.10,13.81,12.75,12.74,11.38,12.65,14.72,12.58,14.05,15.14,14.37,36.25,35.70,36.19,35.48,37.38,36.22,38.17,38.31,35.14,35.77,35.59,35.39,36.47,36.72,34.73,36.35,34.69,37.70,36.90,37.09,38.02,37.28,34.62,37.14,38.33,34.01,38.18,33.88,33.87,32.52,32.86,34.96,33.98,33.74,33.74,35.58,34.00,33.17,34.76,35.07,23.06,23.92,23.92,23.37,21.47,23.01,23.86,23.63,24.24,24.02,23.15,22.60,22.50,23.00,21.05,21.61,32.69,32.37,31.50,31.92,32.99],
  [31.29,22.83,22.12,11.16,7.99,34.73,14.24,14.42,12.63,12.63,14.83,13.64,23.06,22.07,25.91,25.43,24.23,25.38,22.91,25.77,24.54,24.26,24.68,22.14,25.90,25.17,24.67,23.72,25.40,12.26,7.69,8.32,7.27,10.31,10.39,11.33,3.42,3.25,4.63,99.00,0.65,2.91,10.15,7.50,11.91,6.89,9.51,8.02,11.19,10.25,7.62,11.11,12.04,9.51,8.50,9.24,8.17,9.11,8.00,8.77,10.82,9.42,10.30,11.84,11.18,33.29,32.58,33.07,32.28,34.35,32.99,35.17,35.30,32.16,32.55,32.57,32.24,33.39,33.65,31.53,33.28,31.77,34.63,33.80,34.11,34.92,34.30,31.67,34.08,35.34,31.11,35.13,31.06,30.22,28.73,29.17,31.40,30.25,30.18,30.18,32.05,30.44,29.40,31.17,31.47,19.39,20.17,20.17,20.71,18.65,20.32,20.48,20.47,21.41,21.10,20.35,19.09,19.64,20.07,17.68,18.91,29.95,29.68,28.69,29.13,30.18],
  [31.81,23.22,22.69,11.75,7.89,35.31,14.55,14.72,13.13,13.13,15.18,14.03,23.63,22.59,26.43,25.92,24.77,25.92,23.43,26.28,25.05,24.77,25.22,22.69,26.38,25.69,25.21,24.25,25.90,12.77,8.03,8.30,7.26,10.63,10.51,11.63,3.82,2.63,3.99,0.65,99.00,3.29,10.77,8.05,12.47,7.33,10.07,8.46,11.80,10.78,8.14,11.64,12.45,10.12,9.03,9.89,8.82,9.64,8.49,9.34,11.40,9.88,10.85,12.33,11.66,33.77,33.08,33.57,32.79,34.84,33.51,35.65,35.79,32.64,33.06,33.05,32.75,33.89,34.15,32.04,33.77,32.24,35.12,34.30,34.59,35.41,34.78,32.15,34.58,35.83,31.58,35.63,31.52,30.78,29.31,29.74,31.96,30.82,30.73,30.73,32.60,30.99,29.97,31.72,32.03,19.95,20.74,20.74,21.13,19.09,20.75,21.01,20.96,21.86,21.57,20.79,19.63,20.09,20.53,18.20,19.34,30.40,30.12,29.15,29.58,30.64],
  [28.60,19.93,19.69,8.86,6.08,32.36,11.34,11.52,9.91,9.91,11.92,10.74,20.58,19.41,23.26,22.68,21.65,22.78,20.27,23.08,21.84,21.56,22.10,19.60,23.11,22.52,22.07,21.12,22.68,9.60,4.78,6.11,5.13,7.40,7.76,8.43,0.54,4.90,6.25,2.91,3.29,99.00,8.16,5.05,9.45,4.06,7.07,5.19,9.09,7.66,5.02,8.49,9.16,7.48,5.91,8.11,7.16,6.54,5.28,6.40,8.47,6.62,7.83,9.12,8.41,30.51,29.85,30.34,29.58,31.60,30.31,32.41,32.54,29.39,29.86,29.81,29.53,30.65,30.91,28.83,30.54,28.98,31.89,31.07,31.34,32.19,31.53,28.89,31.34,32.58,28.32,32.39,28.25,27.72,26.32,26.69,28.86,27.80,27.63,27.63,29.49,27.89,26.97,28.64,28.95,16.89,17.72,17.72,17.85,15.81,17.46,17.83,17.73,18.59,18.30,17.51,16.50,16.82,17.26,15.02,16.05,27.12,26.84,25.88,26.31,27.37],
  [21.94,15.55,12.19,1.71,11.89,24.66,9.85,10.02,5.05,5.05,9.45,7.85,13.23,12.81,16.53,16.50,14.61,15.84,13.55,16.52,15.36,15.10,15.08,12.47,17.22,15.78,15.11,14.16,16.36,4.32,6.67,11.23,10.80,7.45,10.58,8.24,7.73,12.97,14.36,10.15,10.77,8.16,99.00,3.44,2.93,5.42,2.26,5.07,1.10,3.12,3.86,3.51,6.51,0.69,3.40,3.18,3.66,3.04,4.29,2.27,1.79,4.58,2.34,4.52,4.69,24.31,23.37,23.84,22.96,25.26,23.62,26.10,26.23,23.19,23.20,23.52,23.00,24.25,24.51,22.22,24.13,22.92,25.45,24.61,25.10,25.69,25.28,22.76,24.96,26.29,22.30,26.00,22.39,20.34,18.72,19.26,21.61,20.29,20.40,20.40,22.29,20.66,19.41,21.34,21.64,9.70,10.32,10.32,12.99,10.81,12.56,11.24,11.69,13.25,12.78,12.36,9.68,11.61,11.80,8.69,11.33,21.48,21.28,20.13,20.57,21.55],
  [23.83,15.99,14.67,3.82,8.51,27.32,8.54,8.72,5.31,5.31,8.61,7.11,15.58,14.59,18.43,18.03,16.73,17.89,15.42,18.31,17.08,16.81,17.18,14.64,18.58,17.68,17.17,16.22,17.98,4.83,3.51,7.91,7.41,5.13,7.69,6.15,4.56,9.95,11.29,7.50,8.05,5.05,3.44,99.00,4.42,2.05,2.03,2.11,4.19,2.80,0.63,3.67,5.46,2.77,1.15,4.97,4.60,1.66,1.36,1.36,3.42,2.63,2.81,4.52,4.04,25.91,25.14,25.63,24.82,26.95,25.52,27.77,27.90,24.78,25.09,25.17,24.80,25.97,26.23,24.07,25.85,24.42,27.20,26.37,26.72,27.48,26.91,24.30,26.67,27.95,23.77,27.72,23.76,22.74,21.29,21.70,23.91,22.79,22.68,22.68,24.55,22.94,21.95,23.67,23.98,11.91,12.71,12.71,13.65,11.50,13.24,13.00,13.07,14.21,13.84,13.18,11.59,12.45,12.81,10.22,11.86,22.72,22.47,21.42,21.86,22.89],
  [19.52,12.63,10.25,1.22,11.69,22.91,7.46,7.60,2.29,2.29,6.83,5.28,11.16,10.29,14.10,13.87,12.33,13.51,11.10,14.02,12.82,12.55,12.79,10.23,14.51,13.35,12.79,11.83,13.77,1.57,6.37,10.86,10.69,6.04,9.49,6.51,8.94,14.34,15.66,11.91,12.47,9.45,2.93,4.42,99.00,5.75,2.40,4.87,2.19,1.95,4.44,1.46,4.27,3.12,3.58,6.10,6.55,2.93,4.37,3.15,1.25,3.66,1.62,2.04,2.63,21.73,20.88,21.36,20.52,22.72,21.21,23.56,23.69,20.60,20.78,20.96,20.53,21.73,21.99,19.77,21.61,20.29,22.95,22.11,22.53,23.21,22.72,20.15,22.44,23.74,19.65,23.48,19.70,18.31,16.87,17.27,19.49,18.37,18.27,18.27,20.15,18.53,17.53,19.26,19.56,7.48,8.28,8.28,10.09,7.90,9.66,8.70,8.96,10.40,9.95,9.47,7.23,8.72,8.95,6.00,8.41,18.74,18.53,17.41,17.85,18.85],
  [24.56,15.96,15.88,5.48,6.48,28.55,7.72,7.91,5.87,5.87,8.10,6.79,16.70,15.39,19.23,18.62,17.69,18.79,16.26,19.05,17.80,17.52,18.13,15.67,19.05,18.50,18.09,17.15,18.62,5.62,1.61,5.87,5.38,3.89,5.83,4.98,3.53,8.80,10.06,6.89,7.33,4.06,5.42,2.05,5.75,99.00,3.58,1.13,6.05,3.82,1.56,4.58,5.16,4.78,2.23,6.92,6.40,2.85,1.37,3.19,5.02,2.56,4.21,5.10,4.36,26.45,25.80,26.29,25.53,27.54,26.26,28.34,28.48,25.32,25.82,25.75,25.47,26.59,26.85,24.79,26.48,24.92,27.83,27.01,27.28,28.13,27.47,24.83,27.28,28.51,24.25,28.33,24.18,23.81,22.49,22.80,24.91,23.94,23.68,23.68,25.53,23.94,23.13,24.70,25.01,13.01,13.90,13.90,13.81,11.76,13.42,13.83,13.68,14.53,14.24,13.46,12.54,12.76,13.20,11.01,12.01,23.07,22.79,21.82,22.25,23.30],
  [21.87,14.43,12.64,1.90,9.91,25.30,7.83,8.00,3.64,3.64,7.60,6.01,13.56,12.63,16.46,16.13,14.72,15.89,13.45,16.36,15.14,14.87,15.18,12.63,16.73,15.71,15.17,14.22,16.06,3.03,4.57,9.17,8.84,5.19,8.35,6.00,6.57,11.97,13.30,9.51,10.07,7.07,2.26,2.03,2.40,3.58,99.00,2.96,2.55,1.13,2.12,1.90,4.50,1.86,1.35,4.98,5.05,0.82,2.26,0.79,1.45,2.32,0.79,2.90,2.75,24.01,23.20,23.69,22.86,25.03,23.56,25.86,25.99,22.88,23.13,23.26,22.86,24.05,24.31,22.12,23.93,22.55,25.27,24.43,24.82,25.54,25.01,22.41,24.75,26.04,21.90,25.79,21.92,20.72,19.26,19.67,21.89,20.77,20.67,20.67,22.54,20.93,19.93,21.66,21.96,9.88,10.68,10.68,11.99,9.81,11.57,11.04,11.19,12.45,12.05,11.46,9.60,10.72,11.03,8.28,10.24,20.91,20.67,19.60,20.03,21.06],
  [23.45,14.85,14.88,4.79,6.95,27.54,6.76,6.95,4.78,4.78,7.05,5.70,15.67,14.29,18.14,17.50,16.62,17.71,15.17,17.94,16.70,16.41,17.05,14.62,17.92,17.41,17.01,16.07,17.50,4.58,1.62,6.21,5.90,3.10,5.63,4.16,4.65,9.89,11.13,8.02,8.46,5.19,5.07,2.11,4.87,1.13,2.96,99.00,5.51,2.92,1.47,3.60,4.06,4.49,1.67,7.06,6.71,2.15,0.81,2.81,4.33,1.46,3.45,4.02,3.25,25.32,24.68,25.17,24.42,26.42,25.15,27.22,27.36,24.20,24.71,24.62,24.36,25.47,25.73,23.67,25.36,23.79,26.71,25.89,26.16,27.01,26.34,23.70,26.15,27.39,23.13,27.20,23.06,22.76,21.47,21.76,23.84,22.90,22.62,22.62,24.46,22.87,22.11,23.64,23.95,11.99,12.89,12.89,12.69,10.63,12.30,12.74,12.56,13.40,13.11,12.33,11.48,11.63,12.07,9.93,10.89,21.94,21.66,20.69,21.12,22.18],
  [20.86,14.68,11.10,1.08,12.45,23.59,9.52,9.67,4.46,4.46,8.98,7.40,12.13,11.74,15.45,15.45,13.51,14.74,12.48,15.44,14.29,14.03,13.99,11.37,16.19,14.70,14.02,13.07,15.31,3.73,7.13,11.73,11.38,7.53,10.82,8.20,8.64,13.94,15.32,11.19,11.80,9.09,1.10,4.19,2.19,6.05,2.55,5.51,99.00,3.06,4.51,3.18,6.22,1.68,3.88,4.04,4.66,3.37,4.79,2.87,1.42,4.75,2.27,4.07,4.43,23.25,22.29,22.76,21.88,24.18,22.53,25.03,25.15,22.13,22.11,22.45,21.92,23.17,23.43,21.14,23.05,21.86,24.38,23.53,24.03,24.61,24.21,21.70,23.88,25.22,21.25,24.92,21.35,19.25,17.64,18.17,20.52,19.20,19.31,19.31,21.20,19.56,18.32,20.24,20.55,8.60,9.22,9.22,12.09,9.92,11.66,10.18,10.67,12.29,11.80,11.43,8.61,10.68,10.85,7.67,10.47,20.45,20.27,19.11,19.54,20.52],
  [21.04,13.35,12.08,2.10,9.78,24.75,6.77,6.94,2.56,2.56,6.49,4.89,12.93,11.81,15.66,15.24,14.00,15.14,12.66,15.52,14.30,14.02,14.45,11.94,15.78,14.91,14.43,13.48,15.19,2.04,4.43,8.97,8.76,4.47,7.80,5.16,7.13,12.52,13.82,10.25,10.78,7.66,3.12,2.80,1.95,3.82,1.13,2.92,3.06,99.00,2.64,0.87,3.43,2.87,1.75,6.05,6.17,1.14,2.45,1.85,1.66,1.78,0.80,1.80,1.64,23.11,22.35,22.84,22.03,24.15,22.74,24.97,25.11,21.98,22.30,22.37,22.01,23.18,23.44,21.29,23.06,21.63,24.41,23.58,23.93,24.69,24.11,21.50,23.87,25.15,20.97,24.92,20.97,20.07,18.70,19.05,21.21,20.17,19.98,19.98,21.84,20.24,19.35,20.99,21.29,9.24,10.10,10.10,10.94,8.77,10.52,10.23,10.28,11.44,11.06,10.43,8.85,9.70,10.03,7.44,9.17,19.94,19.69,18.64,19.07,20.10],
  [23.67,15.61,14.68,4.01,8.03,27.35,7.98,8.16,5.05,5.05,8.10,6.63,15.56,14.45,18.30,17.83,16.64,17.79,15.30,18.15,16.92,16.64,17.10,14.58,18.34,17.55,17.07,16.12,17.79,4.64,2.92,7.39,6.93,4.51,7.07,5.54,4.50,9.91,11.22,7.62,8.14,5.02,3.86,0.63,4.44,1.56,2.12,1.47,4.51,2.64,99.00,3.50,4.97,3.23,0.89,5.59,5.23,1.52,0.74,1.64,3.57,2.12,2.83,4.24,3.68,25.70,24.96,25.45,24.66,26.75,25.37,27.57,27.70,24.57,24.93,24.97,24.63,25.78,26.04,23.91,25.67,24.20,27.02,26.19,26.52,27.30,26.70,24.08,26.48,27.74,23.54,27.53,23.51,22.70,21.30,21.67,23.85,22.78,22.62,22.62,24.49,22.88,21.96,23.62,23.93,11.87,12.70,12.70,13.32,11.18,12.91,12.87,12.87,13.92,13.57,12.88,11.50,12.15,12.53,10.07,11.52,22.45,22.19,21.16,21.60,22.64],
  [20.18,12.54,11.30,2.11,10.29,23.97,6.37,6.53,1.74,1.74,5.94,4.34,12.12,10.95,14.80,14.37,13.16,14.29,11.80,14.66,13.43,13.15,13.61,11.11,14.91,14.06,13.58,12.63,14.32,1.17,5.00,9.43,9.30,4.59,8.03,5.12,7.96,13.34,14.62,11.11,11.64,8.49,3.51,3.67,1.46,4.58,1.90,3.60,3.18,0.87,3.50,99.00,3.05,3.42,2.61,6.60,6.83,2.01,3.24,2.67,1.79,2.27,1.27,1.04,1.27,22.24,21.48,21.97,21.17,23.28,21.88,24.10,24.24,21.11,21.44,21.50,21.14,22.31,22.57,20.42,22.19,20.76,23.54,22.71,23.06,23.82,23.24,20.63,23.00,24.28,20.10,24.05,20.10,19.25,17.91,18.23,20.37,19.36,19.15,19.15,21.00,19.40,18.55,20.16,20.47,8.44,9.31,9.31,10.10,7.92,9.68,9.37,9.41,10.58,10.20,9.58,8.01,8.84,9.17,6.57,8.34,19.07,18.83,17.77,18.20,19.24],
  [19.81,10.80,12.12,5.15,8.98,24.54,3.35,3.51,2.30,2.30,3.16,1.66,12.70,10.85,14.62,13.76,13.35,14.34,11.75,14.35,13.11,12.82,13.75,11.53,14.08,13.92,13.68,12.78,13.81,2.81,4.57,8.00,8.20,2.59,5.89,2.53,8.63,13.64,14.76,12.04,12.45,9.16,6.51,5.46,4.27,5.16,4.50,4.06,6.22,3.43,4.97,3.05,99.00,6.30,4.34,9.48,9.54,4.09,4.32,5.08,4.83,2.85,4.17,2.23,1.82,21.49,20.95,21.44,20.74,22.62,21.50,23.40,23.55,20.37,21.05,20.82,20.64,21.71,21.96,20.00,21.59,19.93,22.94,22.14,22.33,23.26,22.52,19.86,22.37,23.57,19.26,23.42,19.15,19.55,18.50,18.63,20.51,19.82,19.30,19.30,21.09,19.56,19.09,20.36,20.67,9.18,10.20,10.20,8.69,6.72,8.31,9.39,8.93,9.49,9.26,8.40,8.41,7.74,8.24,6.69,6.90,17.99,17.70,16.77,17.20,18.27],
  [22.41,15.73,12.75,1.97,11.26,25.26,9.64,9.81,5.07,5.07,9.33,7.73,13.77,13.24,16.99,16.89,15.10,16.32,14.00,16.96,15.78,15.52,15.58,12.97,17.58,16.24,15.60,14.64,16.77,4.36,6.08,10.61,10.16,7.02,10.06,7.86,7.04,12.30,13.68,9.51,10.12,7.48,0.69,2.77,3.12,4.78,1.86,4.49,1.68,2.87,3.23,3.42,6.30,99.00,2.84,3.19,3.46,2.56,3.69,1.68,1.88,4.15,2.16,4.45,4.50,24.73,23.82,24.29,23.42,25.69,24.09,26.54,26.66,23.61,23.67,23.95,23.45,24.69,24.95,22.68,24.57,23.32,25.90,25.05,25.52,26.15,25.70,23.16,25.40,26.72,22.69,26.44,22.76,20.90,19.30,19.82,22.15,20.86,20.94,20.94,22.83,21.20,19.99,21.88,22.19,10.20,10.86,10.86,13.20,11.01,12.77,11.66,12.04,13.52,13.06,12.59,10.12,11.84,12.07,9.04,11.50,21.83,21.62,20.49,20.92,21.92],
  [22.79,14.84,13.80,3.24,8.57,26.47,7.50,7.68,4.19,4.19,7.50,5.98,14.67,13.56,17.41,16.96,15.75,16.90,14.41,17.27,16.04,15.76,16.20,13.69,17.48,16.67,16.18,15.23,16.92,3.76,3.28,7.87,7.50,4.33,7.23,5.28,5.39,10.79,12.10,8.50,9.03,5.91,3.40,1.15,3.58,2.23,1.35,1.67,3.88,1.75,0.89,2.61,4.34,2.84,99.00,5.61,5.42,0.64,0.91,1.16,2.79,1.58,1.99,3.39,2.89,24.83,24.08,24.57,23.77,25.88,24.49,26.70,26.83,23.70,24.05,24.09,23.75,24.91,25.17,23.03,24.79,23.33,26.14,25.31,25.65,26.42,25.83,23.22,25.60,26.87,22.68,26.65,22.66,21.81,20.42,20.79,22.96,21.90,21.73,21.73,23.60,21.99,21.08,22.74,23.04,10.98,11.82,11.82,12.51,10.36,12.10,11.98,11.99,13.08,12.72,12.05,10.61,11.32,11.69,9.18,10.72,21.60,21.35,20.31,20.75,21.79],
  [24.56,18.71,14.51,4.89,13.14,26.58,12.81,12.98,8.21,8.21,12.52,10.92,15.63,15.59,19.19,19.35,17.16,18.41,16.28,19.24,18.13,17.88,17.64,15.02,20.14,18.45,17.69,16.76,19.18,7.49,8.47,12.68,12.02,9.93,12.66,10.86,7.84,12.40,13.81,9.24,9.89,8.11,3.18,4.97,6.10,6.92,4.98,7.06,4.04,6.05,5.59,6.60,9.48,3.19,5.61,99.00,1.10,5.55,6.26,4.54,4.96,7.12,5.36,7.64,7.68,27.08,26.04,26.51,25.59,27.96,26.21,28.82,28.94,25.97,25.80,26.26,25.66,26.94,27.20,24.86,26.82,25.73,28.13,27.28,27.84,28.34,28.02,25.55,27.66,29.01,25.13,28.68,25.27,22.59,20.82,21.48,23.93,22.43,22.75,22.75,24.63,23.00,21.52,23.62,23.92,12.31,12.78,12.78,16.13,13.95,15.70,14.07,14.66,16.32,15.83,15.46,12.47,14.72,14.88,11.67,14.49,24.42,24.24,23.06,23.49,24.45],
  [25.41,19.18,15.43,5.35,12.41,27.59,12.83,13.01,8.52,8.52,12.65,11.07,16.53,16.36,20.02,20.09,18.02,19.27,17.07,20.04,18.91,18.66,18.50,15.88,20.85,19.27,18.54,17.60,19.94,7.82,8.00,12.02,11.31,9.70,12.22,10.69,6.93,11.34,12.75,8.17,8.82,7.16,3.66,4.60,6.55,6.40,5.05,6.71,4.66,6.17,5.23,6.83,9.54,3.46,5.42,1.10,99.00,5.49,5.95,4.47,5.34,6.99,5.56,7.87,7.80,27.87,26.87,27.34,26.43,28.78,27.07,29.63,29.75,26.75,26.65,27.06,26.49,27.76,28.02,25.70,27.64,26.50,28.96,28.11,28.64,29.18,28.82,26.33,28.47,29.82,25.89,29.51,26.00,23.54,21.80,22.44,24.87,23.40,23.68,23.68,25.56,23.93,22.49,24.56,24.86,13.14,13.66,13.66,16.64,14.45,16.21,14.82,15.33,16.91,16.43,16.01,13.23,15.26,15.46,12.33,14.96,25.11,24.92,23.76,24.20,25.17],
  [22.19,14.39,13.16,2.66,9.10,25.83,7.35,7.52,3.66,3.66,7.24,5.68,14.03,12.95,16.80,16.38,15.13,16.28,13.80,16.67,15.44,15.16,15.58,13.06,16.92,16.05,15.56,14.61,16.33,3.18,3.76,8.36,8.04,4.46,7.55,5.33,6.03,11.43,12.74,9.11,9.64,6.54,3.04,1.66,2.93,2.85,0.82,2.15,3.37,1.14,1.52,2.01,4.09,2.56,0.64,5.55,5.49,99.00,1.49,1.02,2.20,1.59,1.36,2.87,2.47,24.25,23.49,23.98,23.17,25.29,23.89,26.12,26.25,23.12,23.45,23.51,23.15,24.32,24.58,22.43,24.20,22.76,25.55,24.72,25.07,25.83,25.25,22.64,25.02,26.29,22.11,26.07,22.10,21.18,19.78,20.15,22.33,21.26,21.10,21.10,22.97,21.36,20.44,22.10,22.41,10.35,11.18,11.18,12.02,9.86,11.60,11.37,11.42,12.55,12.18,11.53,9.98,10.80,11.15,8.58,10.24,21.06,20.81,19.76,20.20,21.23],
  [23.33,15.04,14.53,4.14,7.66,27.20,7.26,7.45,4.64,4.64,7.42,5.99,15.36,14.13,17.98,17.43,16.38,17.50,14.99,17.81,16.57,16.29,16.83,14.35,17.91,17.24,16.80,15.85,17.41,4.32,2.39,6.96,6.59,3.78,6.44,4.80,4.75,10.11,11.38,8.00,8.49,5.28,4.29,1.36,4.37,1.37,2.26,0.81,4.79,2.45,0.74,3.24,4.32,3.69,0.91,6.26,5.95,1.49,99.00,2.02,3.68,1.49,2.85,3.84,3.18,25.29,24.59,25.08,24.30,26.36,25.03,27.17,27.30,24.16,24.59,24.57,24.26,25.40,25.66,23.56,25.28,23.77,26.64,25.81,26.11,26.93,26.30,23.67,26.09,27.34,23.11,27.14,23.07,22.49,21.14,21.47,23.60,22.60,22.38,22.38,24.23,22.63,21.79,23.39,23.70,11.67,12.54,12.54,12.79,10.69,12.39,12.55,12.48,13.44,13.11,12.38,11.23,11.67,12.08,9.74,10.99,21.98,21.71,20.71,21.14,22.19],
  [22.64,15.19,13.36,2.47,9.64,25.99,8.36,8.53,4.40,4.40,8.22,6.64,14.29,13.41,17.23,16.92,15.48,16.66,14.23,17.14,15.92,15.65,15.94,13.38,17.52,16.49,15.94,14.98,16.85,3.81,4.40,8.97,8.55,5.42,8.39,6.33,5.91,11.30,12.65,8.77,9.34,6.40,2.27,1.36,3.15,3.19,0.79,2.81,2.87,1.85,1.64,2.67,5.08,1.68,1.16,4.54,4.47,1.02,2.02,99.00,2.07,2.58,1.57,3.65,3.40,24.80,23.99,24.47,23.64,25.81,24.34,26.65,26.78,23.67,23.90,24.05,23.64,24.83,25.09,22.90,24.71,23.34,26.06,25.22,25.61,26.32,25.79,23.20,25.53,26.83,22.69,26.58,22.71,21.45,19.97,20.40,22.64,21.49,21.42,21.42,23.29,21.68,20.64,22.40,22.71,10.63,11.40,11.40,12.77,10.59,12.35,11.82,11.98,13.24,12.84,12.25,10.37,11.50,11.82,9.07,11.01,21.70,21.46,20.39,20.82,21.85],
  [20.72,13.85,11.30,0.46,11.28,23.92,8.15,8.31,3.26,3.26,7.69,6.09,12.25,11.50,15.30,15.10,13.49,14.68,12.30,15.23,14.04,13.77,13.95,11.37,15.76,14.55,13.96,13.00,15.00,2.53,5.92,10.51,10.23,6.12,9.46,6.78,7.98,13.37,14.72,10.82,11.40,8.47,1.79,3.42,1.25,5.02,1.45,4.33,1.42,1.66,3.57,1.79,4.83,1.88,2.79,4.96,5.34,2.20,3.68,2.07,99.00,3.40,0.91,2.75,3.03,22.97,22.10,22.58,21.72,23.95,22.41,24.79,24.91,21.84,21.98,22.19,21.74,22.95,23.22,20.98,22.83,21.53,24.17,23.33,23.76,24.43,23.95,21.38,23.66,24.97,20.90,24.70,20.95,19.41,17.91,18.35,20.62,19.43,19.40,19.40,21.28,19.65,18.58,20.37,20.67,8.61,9.35,9.35,11.32,9.13,10.89,9.92,10.21,11.65,11.20,10.71,8.42,9.96,10.20,7.24,9.62,19.99,19.78,18.66,19.10,20.10],
  [22.00,13.56,13.46,3.85,8.04,26.11,5.92,6.10,3.32,3.32,5.98,4.51,14.24,12.84,16.68,16.06,15.17,16.25,13.71,16.49,15.24,14.96,15.60,13.18,16.50,15.95,15.56,14.62,16.06,3.15,2.74,7.20,7.04,2.87,6.07,3.75,6.09,11.35,12.58,9.42,9.88,6.62,4.58,2.63,3.66,2.56,2.32,1.46,4.75,1.78,2.12,2.27,2.85,4.15,1.58,7.12,6.99,1.59,1.49,2.58,3.40,99.00,2.50,2.57,1.80,23.89,23.23,23.72,22.97,24.98,23.70,25.78,25.92,22.77,23.26,23.19,22.91,24.03,24.29,22.22,23.92,22.37,25.27,24.45,24.72,25.57,24.91,22.27,24.71,25.95,21.70,25.76,21.64,21.31,20.05,20.32,22.39,21.47,21.16,21.16,23.00,21.42,20.68,22.19,22.50,10.56,11.48,11.48,11.33,9.24,10.93,11.28,11.12,12.00,11.69,10.94,10.03,10.23,10.65,8.47,9.52,20.54,20.27,19.28,19.71,20.76],
  [21.08,13.75,11.87,1.37,10.39,24.53,7.52,7.68,2.98,2.98,7.17,5.57,12.78,11.84,15.67,15.35,13.93,15.10,12.66,15.57,14.35,14.08,14.39,11.84,15.96,14.92,14.38,13.43,15.28,2.32,5.03,9.61,9.34,5.26,8.56,5.96,7.32,12.73,14.05,10.30,10.85,7.83,2.34,2.81,1.62,4.21,0.79,3.45,2.27,0.80,2.83,1.27,4.17,2.16,1.99,5.36,5.56,1.36,2.85,1.57,0.91,2.50,99.00,2.31,2.36,23.23,22.42,22.90,22.07,24.24,22.77,25.07,25.20,22.10,22.34,22.47,22.07,23.26,23.52,21.33,23.14,21.77,24.49,23.65,24.04,24.75,24.22,21.63,23.96,25.25,21.12,25.01,21.15,19.93,18.49,18.89,21.11,19.99,19.88,19.88,21.75,20.14,19.15,20.87,21.18,9.10,9.90,9.90,11.29,9.10,10.86,10.25,10.42,11.71,11.30,10.73,8.81,9.99,10.28,7.50,9.54,20.15,19.92,18.83,19.27,20.29],
  [19.49,11.55,10.93,3.00,10.31,23.56,5.45,5.60,0.80,0.80,4.94,3.34,11.68,10.29,14.14,13.60,12.60,13.69,11.16,13.97,12.73,12.45,13.03,10.61,14.09,13.41,13.00,12.05,13.57,0.69,5.21,9.40,9.39,4.24,7.71,4.56,8.58,13.90,15.14,11.84,12.33,9.12,4.52,4.52,2.04,5.10,2.90,4.02,4.07,1.80,4.24,1.04,2.23,4.45,3.39,7.64,7.87,2.87,3.84,3.65,2.75,2.57,2.31,99.00,0.86,21.46,20.75,21.24,20.46,22.52,21.19,23.34,23.47,20.33,20.74,20.73,20.42,21.56,21.82,19.71,21.44,19.95,22.79,21.97,22.28,23.08,22.47,19.84,22.25,23.51,19.30,23.30,19.27,18.74,17.49,17.75,19.82,18.90,18.60,18.60,20.44,18.85,18.12,19.62,19.93,8.01,8.95,8.95,9.15,6.99,8.74,8.73,8.64,9.69,9.33,8.67,7.46,7.93,8.30,5.91,7.38,18.21,17.96,16.92,17.36,18.40],
  [20.20,11.95,11.77,3.37,9.46,24.39,5.16,5.33,1.54,1.54,4.85,3.26,12.50,11.04,14.88,14.27,13.39,14.47,11.92,14.69,13.44,13.16,13.82,11.42,14.72,14.15,13.77,12.84,14.26,1.53,4.37,8.55,8.53,3.45,6.92,3.88,7.88,13.15,14.37,11.18,11.66,8.41,4.69,4.04,2.63,4.36,2.75,3.25,4.43,1.64,3.68,1.27,1.82,4.50,2.89,7.68,7.80,2.47,3.18,3.40,3.03,1.80,2.36,0.86,99.00,22.11,21.44,21.93,21.17,23.19,21.90,24.00,24.14,20.98,21.46,21.40,21.11,22.24,22.50,20.42,22.12,20.59,23.48,22.65,22.94,23.77,23.13,20.49,22.92,24.17,19.93,23.97,19.88,19.55,18.32,18.56,20.61,19.72,19.38,19.38,21.22,19.64,18.94,20.42,20.73,8.85,9.79,9.79,9.64,7.51,9.23,9.49,9.32,10.26,9.93,9.21,8.27,8.49,8.89,6.68,7.84,18.79,18.53,17.52,17.96,19.01],
  [3.22,11.71,13.12,22.77,29.77,10.29,20.53,20.41,20.66,20.66,19.42,20.09,11.90,11.51,7.95,7.88,10.13,8.88,10.80,7.84,8.96,9.21,9.66,12.18,7.41,8.67,9.56,10.42,7.96,21.08,26.06,28.75,29.27,23.79,25.98,23.08,29.98,35.13,36.25,33.29,33.77,30.51,24.31,25.91,21.73,26.45,24.01,25.32,23.25,23.11,25.70,22.24,21.49,24.73,24.83,27.08,27.87,24.25,25.29,24.80,22.97,23.89,23.23,21.46,22.11,99.00,1.69,1.61,2.48,1.28,2.66,1.93,2.08,1.13,2.63,0.88,2.05,1.10,1.11,2.86,1.11,1.61,1.79,1.46,0.85,2.22,1.03,1.63,1.20,2.08,2.29,2.06,2.67,7.56,9.55,8.30,6.38,8.51,6.67,6.67,5.97,6.59,9.13,6.82,6.79,14.79,14.47,14.47,12.96,14.78,13.28,13.07,12.83,12.01,12.24,13.11,14.64,13.75,13.27,15.74,14.67,4.04,4.46,4.89,4.52,3.48],
  [1.64,11.70,11.85,21.87,29.43,8.79,20.24,20.14,19.95,19.95,19.07,19.62,10.64,10.59,6.85,7.19,8.94,7.67,9.82,6.86,8.06,8.33,8.46,11.04,6.97,7.60,8.39,9.29,7.18,20.33,25.50,28.41,28.88,23.33,25.69,22.68,29.32,34.54,35.70,32.58,33.08,29.85,23.37,25.14,20.88,25.80,23.20,24.68,22.29,22.35,24.96,21.48,20.95,23.82,24.08,26.04,26.87,23.49,24.59,23.99,22.10,23.23,22.42,20.75,21.44,1.69,99.00,0.49,0.79,1.97,1.17,2.83,2.93,1.51,0.99,1.02,0.41,0.93,1.19,1.28,0.82,2.20,2.09,1.24,2.05,2.34,2.18,1.93,1.64,3.03,2.64,2.64,3.30,5.88,7.89,6.64,4.69,6.83,5.00,5.00,4.31,4.91,7.45,5.13,5.11,13.74,13.33,13.33,12.62,14.28,12.91,12.18,12.12,11.57,11.72,12.66,13.70,13.25,12.72,14.92,14.25,4.54,4.97,4.96,4.69,3.85],
  [2.02,12.16,12.28,22.35,29.92,8.70,20.73,20.62,20.44,20.44,19.56,20.11,11.07,11.07,7.32,7.68,9.39,8.12,10.29,7.34,8.55,8.82,8.91,11.50,7.46,8.07,8.84,9.75,7.67,20.81,25.99,28.89,29.36,23.82,26.17,23.17,29.81,35.03,36.19,33.07,33.57,30.34,23.84,25.63,21.36,26.29,23.69,25.17,22.76,22.84,25.45,21.97,21.44,24.29,24.57,26.51,27.34,23.98,25.08,24.47,22.58,23.72,22.90,21.24,21.93,1.61,0.49,99.00,1.05,1.58,1.05,2.42,2.51,1.76,1.08,1.19,0.84,0.61,0.81,1.69,0.53,2.47,1.63,0.77,1.76,1.85,1.87,2.25,1.25,2.63,2.98,2.19,3.61,6.09,8.14,6.90,4.82,7.01,5.24,5.24,4.38,5.12,7.67,5.27,5.22,14.21,13.78,13.78,13.11,14.77,13.40,12.66,12.61,12.06,12.21,13.15,14.18,13.74,13.21,15.41,14.74,4.90,5.33,5.39,5.10,4.22],
  [1.03,11.79,11.29,21.49,29.31,8.11,20.16,20.06,19.67,19.67,18.97,19.45,10.09,10.23,6.43,6.99,8.44,7.18,9.43,6.51,7.74,8.02,7.96,10.57,6.90,7.18,7.90,8.83,6.93,20.02,25.28,28.29,28.73,23.15,25.59,22.53,29.04,34.30,35.48,32.28,32.79,29.58,22.96,24.82,20.52,25.53,22.86,24.42,21.88,22.03,24.66,21.17,20.74,23.42,23.77,25.59,26.43,23.17,24.30,23.64,21.72,22.97,22.07,20.46,21.17,2.48,0.79,1.05,99.00,2.63,0.80,3.46,3.54,2.17,0.37,1.77,0.50,1.64,1.86,0.75,1.54,2.80,2.62,1.79,2.79,2.77,2.91,2.49,2.29,3.67,3.12,3.19,3.82,5.09,7.12,5.87,3.91,6.04,4.22,4.22,3.54,4.12,6.67,4.34,4.32,13.29,12.83,12.83,12.54,14.12,12.81,11.82,11.86,11.44,11.55,12.53,13.31,13.09,12.54,14.60,14.12,4.97,5.38,5.19,4.97,4.25],
  [3.60,12.96,13.82,23.74,30.97,9.64,21.74,21.62,21.72,21.72,20.61,21.24,12.61,12.45,8.78,8.92,10.89,9.63,11.71,8.74,9.91,10.17,10.41,12.98,8.55,9.52,10.33,11.23,8.96,22.12,27.19,29.94,30.45,24.95,27.18,24.26,31.06,36.25,37.38,34.35,34.84,31.60,25.26,26.95,22.72,27.54,25.03,26.42,24.18,24.15,26.75,23.28,22.62,25.69,25.88,27.96,28.78,25.29,26.36,25.81,23.95,24.98,24.24,22.52,23.19,1.28,1.97,1.58,2.63,99.00,2.41,0.86,0.97,2.29,2.60,1.80,2.38,1.04,0.79,3.25,1.16,2.87,0.55,0.88,0.57,0.98,0.50,2.83,0.34,1.06,3.54,0.81,3.94,7.58,9.68,8.44,6.25,8.48,6.77,6.77,5.73,6.64,9.18,6.71,6.62,15.66,15.27,15.27,14.14,15.92,14.46,14.03,13.88,13.16,13.36,14.26,15.58,14.89,14.38,16.74,15.83,5.32,5.74,6.13,5.77,4.75],
  [1.70,12.58,11.85,22.17,30.09,7.66,20.95,20.85,20.40,20.40,19.75,20.22,10.66,10.94,7.11,7.76,9.06,7.80,10.12,7.22,8.46,8.74,8.57,11.19,7.70,7.86,8.53,9.47,7.68,20.74,26.03,29.07,29.50,23.92,26.38,23.31,29.77,35.04,36.22,32.99,33.51,30.31,23.62,25.52,21.21,26.26,23.56,25.15,22.53,22.74,25.37,21.88,21.50,24.09,24.49,26.21,27.07,23.89,25.03,24.34,22.41,23.70,22.77,21.19,21.90,2.66,1.17,1.05,0.80,2.41,99.00,3.16,3.20,2.68,0.45,2.16,1.13,1.61,1.75,1.50,1.56,3.36,2.23,1.53,2.72,2.27,2.80,3.09,2.09,3.36,3.77,2.80,4.45,5.18,7.29,6.06,3.85,6.07,4.39,4.39,3.36,4.25,6.78,4.31,4.23,13.94,13.44,13.44,13.33,14.89,13.60,12.52,12.60,12.23,12.33,13.31,13.99,13.87,13.31,15.31,14.90,5.66,6.08,5.96,5.73,4.95],
  [4.45,13.62,14.68,24.58,31.70,10.04,22.46,22.34,22.54,22.54,21.35,22.01,13.47,13.30,9.64,9.74,11.75,10.49,12.56,9.59,10.75,11.02,11.28,13.85,9.33,10.37,11.20,12.09,9.79,22.94,27.97,30.68,31.20,25.72,27.91,25.01,31.87,37.04,38.17,35.17,35.65,32.41,26.10,27.77,23.56,28.34,25.86,27.22,25.03,24.97,27.57,24.10,23.40,26.54,26.70,28.82,29.63,26.12,27.17,26.65,24.79,25.78,25.07,23.34,24.00,1.93,2.83,2.42,3.46,0.86,3.16,99.00,0.15,3.03,3.40,2.60,3.24,1.90,1.64,4.10,2.02,3.54,0.94,1.68,1.08,1.13,0.90,3.56,1.19,0.20,4.22,0.49,4.54,8.33,10.45,9.22,6.95,9.19,7.55,7.55,6.39,7.40,9.93,7.41,7.30,16.52,16.13,16.13,14.89,16.70,15.21,14.87,14.70,13.93,14.15,15.03,16.43,15.67,15.17,17.58,16.59,5.90,6.31,6.82,6.44,5.38],
  [4.53,13.77,14.78,24.71,31.85,9.99,22.61,22.49,22.67,22.67,21.50,22.16,13.57,13.42,9.75,9.87,11.86,10.60,12.68,9.71,10.88,11.14,11.38,13.96,9.47,10.49,11.30,12.20,9.92,23.07,28.11,30.82,31.34,25.86,28.06,25.16,32.01,37.18,38.31,35.30,35.79,32.54,26.23,27.90,23.69,28.48,25.99,27.36,25.15,25.11,27.70,24.24,23.55,26.66,26.83,28.94,29.75,26.25,27.30,26.78,24.91,25.92,25.20,23.47,24.14,2.08,2.93,2.51,3.54,0.97,3.20,0.15,99.00,3.18,3.46,2.74,3.33,2.01,1.75,4.19,2.13,3.69,0.97,1.75,1.23,1.10,1.05,3.70,1.29,0.19,4.37,0.45,4.69,8.36,10.49,9.27,6.98,9.22,7.59,7.59,6.40,7.44,9.97,7.44,7.33,16.63,16.24,16.24,15.04,16.84,15.36,15.00,14.84,14.08,14.29,15.17,16.55,15.81,15.31,17.71,16.74,6.05,6.46,6.97,6.59,5.53],
  [2.58,10.69,12.08,21.64,28.68,10.28,19.45,19.34,19.53,19.53,18.33,18.98,10.86,10.39,6.88,6.75,9.08,7.83,9.69,6.74,7.84,8.10,8.61,11.10,6.29,7.59,8.50,9.35,6.84,19.95,24.94,27.66,28.17,22.68,24.90,21.98,28.85,34.01,35.14,32.16,32.64,29.39,23.19,24.78,20.60,25.32,22.88,24.20,22.13,21.98,24.57,21.11,20.37,23.61,23.70,25.97,26.75,23.12,24.16,23.67,21.84,22.77,22.10,20.33,20.98,1.13,1.51,1.76,2.17,2.29,2.68,3.03,3.18,99.00,2.46,0.60,1.68,1.60,1.79,2.25,1.53,0.71,2.70,2.09,1.96,3.10,2.14,0.56,2.09,3.19,1.29,3.09,1.85,7.02,8.88,7.64,5.98,8.00,6.08,6.08,5.68,6.03,8.52,6.39,6.41,13.69,13.39,13.39,11.87,13.66,12.18,11.95,11.70,10.90,11.12,12.00,13.52,12.64,12.14,14.61,13.56,3.18,3.61,3.86,3.52,2.54],
  [1.26,12.15,11.47,21.74,29.64,7.82,20.50,20.40,19.95,19.95,19.30,19.77,10.27,10.50,6.68,7.30,8.65,7.39,9.68,6.78,8.02,8.30,8.16,10.78,7.25,7.43,8.11,9.05,7.23,20.30,25.58,28.62,29.05,23.47,25.93,22.86,29.33,34.59,35.77,32.55,33.06,29.86,23.20,25.09,20.78,25.82,23.13,24.71,22.11,22.30,24.93,21.44,21.05,23.67,24.05,25.80,26.65,23.45,24.59,23.90,21.98,23.26,22.34,20.74,21.46,2.63,0.99,1.08,0.37,2.60,0.45,3.40,3.46,2.46,99.00,2.01,0.81,1.68,1.87,1.05,1.60,3.12,2.51,1.73,2.84,2.61,2.94,2.82,2.27,3.60,3.47,3.09,4.16,5.01,7.08,5.84,3.76,5.93,4.18,4.18,3.33,4.05,6.60,4.20,4.16,13.52,13.04,13.04,12.88,14.44,13.15,12.09,12.15,11.78,11.88,12.86,13.56,13.42,12.85,14.87,14.45,5.33,5.74,5.56,5.35,4.61],
  [2.39,11.24,12.25,21.99,29.18,9.81,19.96,19.85,19.93,19.93,18.82,19.45,11.04,10.71,7.11,7.14,9.28,8.02,9.99,7.02,8.17,8.43,8.81,11.33,6.75,7.84,8.71,9.58,7.19,20.34,25.39,28.16,28.66,23.15,25.41,22.47,29.27,34.45,35.59,32.57,33.05,29.81,23.52,25.17,20.96,25.75,23.26,24.62,22.45,22.37,24.97,21.50,20.82,23.95,24.09,26.26,27.06,23.51,24.57,24.05,22.19,23.19,22.47,20.73,21.40,0.88,1.02,1.19,1.77,1.80,2.16,2.60,2.74,0.60,2.01,99.00,1.29,1.01,1.21,2.03,0.93,1.30,2.16,1.50,1.58,2.54,1.76,1.14,1.56,2.78,1.88,2.60,2.45,6.78,8.73,7.48,5.67,7.75,5.88,5.88,5.31,5.80,8.33,6.09,6.08,13.97,13.63,13.63,12.36,14.12,12.67,12.29,12.10,11.37,11.57,12.47,13.85,13.09,12.59,14.98,14.04,3.78,4.21,4.42,4.09,3.13],
  [1.23,11.52,11.45,21.51,29.16,8.61,19.99,19.88,19.62,19.62,18.81,19.33,10.24,10.23,6.48,6.88,8.55,7.28,9.45,6.50,7.71,7.99,8.07,10.66,6.71,7.23,8.00,8.91,6.85,19.99,25.20,28.14,28.60,23.04,25.43,22.40,28.99,34.22,35.39,32.24,32.75,29.53,23.00,24.80,20.53,25.47,22.86,24.36,21.92,22.01,24.63,21.14,20.64,23.45,23.75,25.66,26.49,23.15,24.26,23.64,21.74,22.91,22.07,20.42,21.11,2.05,0.41,0.84,0.50,2.38,1.13,3.24,3.33,1.68,0.81,1.29,99.00,1.34,1.59,0.87,1.23,2.31,2.47,1.62,2.45,2.69,2.59,2.01,2.05,3.44,2.66,3.03,3.35,5.52,7.51,6.26,4.37,6.47,4.63,4.63,4.03,4.54,7.08,4.80,4.79,13.36,12.94,12.94,12.37,13.99,12.64,11.82,11.79,11.29,11.43,12.38,13.34,12.97,12.42,14.58,13.97,4.54,4.95,4.84,4.60,3.82],
  [2.57,12.24,12.78,22.74,30.12,9.19,20.91,20.80,20.76,20.76,19.76,20.35,11.56,11.45,7.75,7.97,9.85,8.59,10.69,7.73,8.91,9.18,9.38,11.95,7.67,8.49,9.30,10.20,7.99,21.15,26.27,29.10,29.58,24.06,26.36,23.39,30.12,35.32,36.47,33.39,33.89,30.65,24.25,25.97,21.73,26.59,24.05,25.47,23.17,23.18,25.78,22.31,21.71,24.69,24.91,26.94,27.76,24.32,25.40,24.83,22.95,24.03,23.26,21.56,22.24,1.10,0.93,0.61,1.64,1.04,1.61,1.90,2.01,1.60,1.68,1.01,1.34,99.00,0.26,2.22,0.12,2.29,1.24,0.49,1.16,1.57,1.27,2.15,0.72,2.10,2.89,1.75,3.43,6.69,8.75,7.50,5.43,7.61,5.84,5.84,4.96,5.73,8.28,5.88,5.82,14.63,14.24,14.24,13.30,15.02,13.60,13.03,12.92,12.28,12.46,13.38,14.57,13.99,13.47,15.76,14.96,4.78,5.21,5.42,5.10,4.14],
  [2.81,12.45,13.03,23.00,30.36,9.24,21.15,21.03,21.02,21.02,20.00,20.60,11.82,11.71,8.01,8.23,10.12,8.85,10.96,7.99,9.18,9.44,9.64,12.21,7.91,8.76,9.56,10.46,8.25,21.41,26.52,29.34,29.83,24.31,26.60,23.63,30.38,35.57,36.72,33.65,34.15,30.91,24.51,26.23,21.99,26.85,24.31,25.73,23.43,23.44,26.04,22.57,21.96,24.95,25.17,27.20,28.02,24.58,25.66,25.09,23.22,24.29,23.52,21.82,22.50,1.11,1.19,0.81,1.86,0.79,1.75,1.64,1.75,1.79,1.87,1.21,1.59,0.26,99.00,2.46,0.38,2.46,0.98,0.35,0.98,1.33,1.07,2.34,0.46,1.85,3.08,1.49,3.59,6.88,8.95,7.71,5.59,7.79,6.04,6.04,5.10,5.92,8.47,6.04,5.97,14.90,14.50,14.50,13.54,15.27,13.84,13.30,13.18,12.53,12.71,13.63,14.83,14.24,13.72,16.02,15.20,4.95,5.38,5.63,5.30,4.32],
  [0.36,11.16,10.60,20.75,28.59,8.27,19.45,19.35,18.92,18.92,18.25,18.72,9.39,9.49,5.69,6.26,7.72,6.46,8.68,5.76,6.99,7.27,7.24,9.84,6.22,6.44,7.17,8.10,6.19,19.27,24.54,27.57,28.00,22.42,24.88,21.81,28.30,33.55,34.73,31.53,32.04,28.83,22.22,24.07,19.77,24.79,22.12,23.67,21.14,21.29,23.91,20.42,20.00,22.68,23.03,24.86,25.70,22.43,23.56,22.90,20.98,22.22,21.33,19.71,20.42,2.86,1.28,1.69,0.75,3.25,1.50,4.10,4.19,2.25,1.05,2.03,0.87,2.22,2.46,99.00,2.10,2.75,3.31,2.46,3.32,3.49,3.46,2.41,2.92,4.31,2.91,3.88,3.63,4.77,6.70,5.45,3.75,5.75,3.85,3.85,3.51,3.79,6.30,4.15,4.18,12.56,12.11,12.11,11.84,13.39,12.10,11.08,11.11,10.73,10.83,11.81,12.57,12.37,11.81,13.85,13.40,4.63,5.03,4.68,4.51,3.91],
  [2.46,12.14,12.66,22.62,30.01,9.17,20.80,20.69,20.65,20.65,19.65,20.24,11.45,11.33,7.63,7.85,9.73,8.47,10.57,7.61,8.79,9.06,9.26,11.83,7.56,8.37,9.18,10.08,7.87,21.03,26.15,28.99,29.47,23.95,26.25,23.28,30.00,35.20,36.35,33.28,33.77,30.54,24.13,25.85,21.61,26.48,23.93,25.36,23.05,23.06,25.67,22.19,21.59,24.57,24.79,26.82,27.64,24.20,25.28,24.71,22.83,23.92,23.14,21.44,22.12,1.11,0.82,0.53,1.54,1.16,1.56,2.02,2.13,1.53,1.60,0.93,1.23,0.12,0.38,2.10,99.00,2.23,1.35,0.58,1.25,1.68,1.37,2.07,0.84,2.22,2.81,1.87,3.37,6.61,8.65,7.41,5.35,7.53,5.75,5.75,4.90,5.64,8.19,5.80,5.75,14.51,14.12,14.12,13.19,14.91,13.49,12.91,12.81,12.17,12.34,13.27,14.45,13.88,13.36,15.64,14.84,4.71,5.14,5.33,5.01,4.06],
  [3.04,10.10,12.02,21.35,28.17,10.91,18.93,18.81,19.15,19.15,17.82,18.52,10.81,10.14,6.77,6.43,9.00,7.78,9.49,6.57,7.61,7.85,8.54,10.96,5.87,7.45,8.42,9.23,6.56,19.59,24.50,27.14,27.67,22.21,24.37,21.49,28.45,33.57,34.69,31.77,32.24,28.98,22.92,24.42,20.29,24.92,22.55,23.79,21.86,21.63,24.20,20.76,19.93,23.32,23.33,25.73,26.50,22.76,23.77,23.34,21.53,22.37,21.77,19.95,20.59,1.61,2.20,2.47,2.80,2.87,3.36,3.54,3.69,0.71,3.12,1.30,2.31,2.29,2.46,2.75,2.23,99.00,3.33,2.77,2.46,3.74,2.64,0.35,2.72,3.68,0.68,3.67,1.14,7.44,9.22,7.99,6.50,8.43,6.49,6.49,6.25,6.46,8.90,6.89,6.93,13.50,13.25,13.25,11.37,13.22,11.70,11.68,11.35,10.44,10.69,11.54,13.27,12.19,11.72,14.29,13.09,2.49,2.92,3.28,2.91,1.88],
  [3.63,13.40,13.90,23.95,31.34,9.20,22.12,22.01,22.00,22.00,20.98,21.58,12.69,12.67,8.94,9.21,11.01,9.75,11.90,8.94,10.14,10.40,10.53,13.13,8.89,9.69,10.46,11.38,9.22,22.38,27.50,30.31,30.81,25.29,27.57,24.61,31.35,36.55,37.70,34.63,35.12,31.89,25.45,27.20,22.95,27.83,25.27,26.71,24.38,24.41,27.02,23.54,22.94,25.90,26.14,28.13,28.96,25.55,26.64,26.06,24.17,25.27,24.49,22.79,23.48,1.79,2.09,1.63,2.62,0.55,2.23,0.94,0.97,2.70,2.51,2.16,2.47,1.24,0.98,3.31,1.35,3.33,99.00,0.85,1.12,0.43,1.04,3.26,0.61,1.13,3.98,0.58,4.43,7.39,9.52,8.30,6.01,8.25,6.62,6.62,5.45,6.47,9.00,6.47,6.36,15.83,15.40,15.40,14.51,16.25,14.82,14.25,14.16,13.51,13.69,14.61,15.78,15.22,14.70,16.99,16.18,5.81,6.23,6.57,6.22,5.21],
  [2.79,12.72,13.05,23.11,30.58,8.93,21.37,21.26,21.17,21.17,20.22,20.80,11.85,11.83,8.09,8.39,10.16,8.90,11.05,8.10,9.29,9.57,9.68,12.27,8.12,8.84,9.61,10.52,8.40,21.55,26.70,29.55,30.04,24.50,26.82,23.84,30.53,35.74,36.90,33.80,34.30,31.07,24.61,26.37,22.11,27.01,24.43,25.89,23.53,23.58,26.19,22.71,22.14,25.05,25.31,27.28,28.11,24.72,25.81,25.22,23.33,24.45,23.65,21.97,22.65,1.46,1.24,0.77,1.79,0.88,1.53,1.68,1.75,2.09,1.73,1.50,1.62,0.49,0.35,2.46,0.58,2.77,0.85,99.00,1.23,1.12,1.28,2.63,0.56,1.88,3.38,1.42,3.91,6.71,8.80,7.57,5.38,7.60,5.90,5.90,4.87,5.76,8.31,5.84,5.76,14.97,14.55,14.55,13.76,15.46,14.05,13.41,13.33,12.73,12.90,13.83,14.94,14.43,13.90,16.15,15.41,5.27,5.69,5.90,5.58,4.62],
  [3.68,12.55,13.79,23.56,30.62,10.13,21.38,21.26,21.48,21.48,20.27,20.94,12.57,12.29,8.68,8.69,10.83,9.57,11.57,8.60,9.74,10.00,10.36,12.90,8.25,9.41,10.27,11.14,8.76,21.89,26.90,29.59,30.11,24.64,26.82,23.93,30.81,35.97,37.09,34.11,34.59,31.34,25.10,26.72,22.53,27.28,24.82,26.16,24.03,23.93,26.52,23.06,22.33,25.52,25.65,27.84,28.64,25.07,26.11,25.61,23.76,24.72,24.04,22.28,22.94,0.85,2.05,1.76,2.79,0.57,2.72,1.08,1.23,1.96,2.84,1.58,2.45,1.16,0.98,3.32,1.25,2.46,1.12,1.23,99.00,1.55,0.19,2.48,0.71,1.24,3.14,1.25,3.48,7.85,9.90,8.66,6.56,8.76,7.00,7.00,6.08,6.89,9.44,7.02,6.95,15.54,15.19,15.19,13.81,15.62,14.13,13.86,13.65,12.85,13.08,13.95,15.42,14.59,14.10,16.54,15.51,4.85,5.26,5.74,5.36,4.31],
  [3.80,13.79,14.06,24.20,31.69,8.91,22.48,22.37,22.29,22.29,21.33,21.92,12.86,12.92,9.17,9.51,11.21,9.94,12.14,9.19,10.40,10.67,10.73,13.33,9.23,9.92,10.66,11.59,9.51,22.66,27.82,30.67,31.15,25.62,27.93,24.95,31.65,36.86,38.02,34.92,35.41,32.19,25.69,27.48,23.21,28.13,25.54,27.01,24.61,24.69,27.30,23.82,23.26,26.15,26.42,28.34,29.18,25.83,26.93,26.32,24.43,25.57,24.75,23.08,23.77,2.22,2.34,1.85,2.77,0.98,2.27,1.13,1.10,3.10,2.61,2.54,2.69,1.57,1.33,3.49,1.68,3.74,0.43,1.12,1.55,99.00,1.45,3.66,1.03,1.28,4.39,0.65,4.85,7.35,9.50,8.29,5.94,8.18,6.62,6.62,5.34,6.46,8.96,6.40,6.27,16.04,15.60,15.60,14.87,16.58,15.17,14.51,14.45,13.84,14.02,14.94,16.03,15.55,15.03,17.26,16.52,6.23,6.65,6.96,6.62,5.62],
  [3.82,12.73,13.95,23.74,30.80,10.13,21.56,21.45,21.67,21.67,20.45,21.12,12.74,12.47,8.85,8.88,11.00,9.74,11.74,8.78,9.92,10.18,10.53,13.07,8.44,9.58,10.44,11.32,8.94,22.08,27.09,29.78,30.30,24.82,27.01,24.11,30.99,36.15,37.28,34.30,34.78,31.53,25.28,26.91,22.72,27.47,25.01,26.34,24.21,24.11,26.70,23.24,22.52,25.70,25.83,28.02,28.82,25.25,26.30,25.79,23.95,24.91,24.22,22.47,23.13,1.03,2.18,1.87,2.91,0.50,2.80,0.90,1.05,2.14,2.94,1.76,2.59,1.27,1.07,3.46,1.37,2.64,1.04,1.28,0.19,1.45,99.00,2.66,0.73,1.05,3.32,1.10,3.65,7.94,10.01,8.77,6.64,8.85,7.11,7.11,6.14,6.99,9.54,7.10,7.03,15.72,15.36,15.36,13.99,15.81,14.32,14.04,13.84,13.04,13.26,14.14,15.60,14.78,14.29,16.73,15.70,5.02,5.43,5.92,5.54,4.49],
  [2.70,10.14,11.77,21.20,28.15,10.60,18.91,18.79,19.04,19.04,17.79,18.46,10.55,9.96,6.53,6.28,8.75,7.52,9.29,6.35,7.43,7.67,8.29,10.74,5.78,7.23,8.17,8.99,6.39,19.47,24.43,27.12,27.64,22.16,24.36,21.45,28.35,33.50,34.62,31.67,32.15,28.89,22.76,24.30,20.15,24.83,22.41,23.70,21.70,21.50,24.08,20.63,19.86,23.16,23.22,25.55,26.33,22.64,23.67,23.20,21.38,22.27,21.63,19.84,20.49,1.63,1.93,2.25,2.49,2.83,3.09,3.56,3.70,0.56,2.82,1.14,2.01,2.15,2.34,2.41,2.07,0.35,3.26,2.63,2.48,3.66,2.66,99.00,2.65,3.71,0.74,3.64,1.36,7.09,8.88,7.64,6.15,8.08,6.14,6.14,5.91,6.12,8.55,6.54,6.58,13.30,13.02,13.02,11.33,13.15,11.65,11.51,11.23,10.38,10.61,11.48,13.10,12.12,11.64,14.15,13.03,2.65,3.08,3.31,2.96,1.99],
  [3.26,12.79,13.49,23.45,30.75,9.42,21.52,21.41,21.45,21.45,20.39,21.01,12.28,12.16,8.47,8.65,10.57,9.31,11.41,8.44,9.62,9.89,10.10,12.67,8.31,9.21,10.02,10.92,8.69,21.84,26.94,29.72,30.22,24.71,26.97,24.03,30.80,35.99,37.14,34.08,34.58,31.34,24.96,26.67,22.44,27.28,24.75,26.15,23.88,23.87,26.48,23.00,22.37,25.40,25.60,27.66,28.47,25.02,26.09,25.53,23.66,24.71,23.96,22.25,22.92,1.20,1.64,1.25,2.29,0.34,2.09,1.19,1.29,2.09,2.27,1.56,2.05,0.72,0.46,2.92,0.84,2.72,0.61,0.56,0.71,1.03,0.73,2.65,99.00,1.39,3.37,1.05,3.83,7.26,9.35,8.11,5.94,8.16,6.44,6.44,5.43,6.31,8.86,6.40,6.31,15.35,14.96,14.96,13.92,15.68,14.23,13.74,13.61,12.93,13.12,14.03,15.28,14.65,14.13,16.46,15.60,5.20,5.62,5.96,5.61,4.60],
  [4.65,13.75,14.88,24.77,31.85,10.18,22.61,22.49,22.71,22.71,21.50,22.17,13.67,13.48,9.83,9.91,11.95,10.69,12.75,9.78,10.94,11.20,11.47,14.04,9.49,10.57,11.39,12.29,9.97,23.12,28.14,30.82,31.35,25.87,28.05,25.16,32.04,37.20,38.33,35.34,35.83,32.58,26.29,27.95,23.74,28.51,26.04,27.39,25.22,25.15,27.74,24.28,23.57,26.72,26.87,29.01,29.82,26.29,27.34,26.83,24.97,25.95,25.25,23.51,24.17,2.08,3.03,2.63,3.67,1.06,3.36,0.20,0.19,3.19,3.60,2.78,3.44,2.10,1.85,4.31,2.22,3.68,1.13,1.88,1.24,1.28,1.05,3.71,1.39,99.00,4.36,0.64,4.66,8.52,10.65,9.42,7.14,9.39,7.75,7.75,6.58,7.60,10.13,7.61,7.49,16.71,16.33,16.33,15.04,16.86,15.36,15.06,14.88,14.09,14.31,15.19,16.61,15.83,15.34,17.76,16.75,6.01,6.41,6.95,6.57,5.51],
  [3.14,9.42,11.53,20.72,27.49,11.17,18.24,18.13,18.49,18.49,17.14,17.84,10.33,9.54,6.27,5.80,8.50,7.30,8.91,6.02,7.03,7.26,8.06,10.43,5.20,6.93,7.92,8.70,5.95,18.94,23.83,26.46,26.99,21.53,23.69,20.81,27.78,32.90,34.01,31.11,31.58,28.32,22.30,23.77,19.65,24.25,21.90,23.13,21.25,20.97,23.54,20.10,19.26,22.69,22.68,25.13,25.89,22.11,23.11,22.69,20.90,21.70,21.12,19.30,19.93,2.29,2.64,2.98,3.12,3.54,3.77,4.22,4.37,1.29,3.47,1.88,2.66,2.89,3.08,2.91,2.81,0.68,3.98,3.38,3.14,4.39,3.32,0.74,3.37,4.36,99.00,4.34,0.72,7.41,9.08,7.87,6.59,8.41,6.45,6.45,6.41,6.46,8.81,6.95,7.02,12.92,12.70,12.70,10.69,12.54,11.02,11.07,10.71,9.77,10.02,10.86,12.67,11.52,11.05,13.66,12.41,1.92,2.34,2.60,2.24,1.25],
  [4.21,13.76,14.47,24.49,31.77,9.55,22.54,22.43,22.50,22.50,21.41,22.05,13.27,13.20,9.49,9.71,11.58,10.31,12.44,9.48,10.66,10.93,11.10,13.69,9.35,10.24,11.03,11.94,9.74,22.89,27.98,30.75,31.25,25.75,27.99,25.06,31.85,37.04,38.18,35.13,35.63,32.39,26.00,27.72,23.48,28.33,25.79,27.20,24.92,24.92,27.53,24.05,23.42,26.44,26.65,28.68,29.51,26.07,27.14,26.58,24.70,25.76,25.01,23.30,23.97,2.06,2.64,2.19,3.19,0.81,2.80,0.49,0.45,3.09,3.09,2.60,3.03,1.75,1.49,3.88,1.87,3.67,0.58,1.42,1.25,0.65,1.10,3.64,1.05,0.64,4.34,99.00,4.72,7.94,10.08,8.86,6.54,8.79,7.18,7.18,5.96,7.03,9.55,7.01,6.89,16.38,15.97,15.97,14.95,16.72,15.26,14.79,14.66,13.96,14.16,15.06,16.32,15.69,15.18,17.51,16.63,6.10,6.51,6.94,6.57,5.54],
  [3.86,9.10,11.88,20.79,27.26,11.89,18.02,17.89,18.47,18.47,16.94,17.70,10.68,9.70,6.62,5.92,8.85,7.68,9.12,6.31,7.23,7.44,8.42,10.70,5.19,7.24,8.27,9.00,6.12,18.93,23.71,26.24,26.79,21.38,23.45,20.63,27.71,32.79,33.88,31.06,31.52,28.25,22.39,23.76,19.70,24.18,21.92,23.06,21.35,20.97,23.51,20.10,19.15,22.76,22.66,25.27,26.00,22.10,23.07,22.71,20.95,21.64,21.15,19.27,19.88,2.67,3.30,3.61,3.82,3.94,4.45,4.54,4.69,1.85,4.16,2.45,3.35,3.43,3.59,3.63,3.37,1.14,4.43,3.91,3.48,4.85,3.65,1.36,3.83,4.66,0.72,4.72,99.00,8.10,9.73,8.53,7.30,9.10,7.14,7.14,7.13,7.15,9.48,7.66,7.74,13.12,12.96,12.96,10.52,12.44,10.86,11.20,10.74,9.66,9.95,10.75,12.81,11.43,10.99,13.72,12.27,1.37,1.80,2.38,1.96,0.89],
  [4.44,12.99,8.16,19.09,28.50,5.23,19.81,19.76,18.01,18.01,18.51,18.58,7.16,8.76,5.41,7.28,6.20,5.31,7.86,5.96,7.00,7.25,5.82,8.14,8.00,5.93,5.90,6.78,6.93,18.19,23.88,27.49,27.76,22.12,25.03,21.72,27.20,32.59,33.87,30.22,30.78,27.72,20.34,22.74,18.31,23.81,20.72,22.76,19.25,20.07,22.70,19.25,19.55,20.90,21.81,22.59,23.54,21.18,22.49,21.45,19.41,21.31,19.93,18.74,19.55,7.56,5.88,6.09,5.09,7.58,5.18,8.33,8.36,7.02,5.01,6.78,5.52,6.69,6.88,4.77,6.61,7.44,7.39,6.71,7.85,7.35,7.94,7.09,7.26,8.52,7.41,7.94,8.10,99.00,2.18,1.12,1.50,1.00,0.96,0.96,2.21,0.98,1.61,1.08,1.35,10.83,10.06,10.06,12.69,13.57,12.80,10.17,10.85,11.41,11.25,12.33,11.28,12.65,12.01,12.91,13.82,8.72,9.02,8.15,8.20,8.06],
  [6.34,13.15,6.62,17.56,27.49,6.07,19.10,19.07,16.79,16.79,17.78,17.67,5.82,8.02,5.44,7.55,5.39,4.90,7.17,6.08,6.84,7.04,5.13,6.98,8.50,5.72,5.29,5.98,7.12,16.90,22.68,26.50,26.69,21.09,24.15,20.78,25.81,31.21,32.52,28.73,29.31,26.32,18.72,21.29,16.87,22.49,19.26,21.47,17.64,18.70,21.30,17.91,18.50,19.30,20.42,20.82,21.80,19.78,21.14,19.97,17.91,20.05,18.49,17.49,18.32,9.55,7.89,8.14,7.12,9.68,7.29,10.45,10.49,8.88,7.08,8.73,7.51,8.75,8.95,6.70,8.65,9.22,9.52,8.80,9.90,9.50,10.01,8.88,9.35,10.65,9.08,10.08,9.73,2.18,99.00,1.25,3.67,1.64,2.91,2.91,4.36,3.05,0.70,3.23,3.46,9.48,8.60,8.60,12.41,12.95,12.45,9.23,10.17,11.13,10.86,11.92,10.10,12.12,11.47,11.81,13.30,10.13,10.36,9.33,9.47,9.53],
  [5.09,12.55,7.08,18.03,27.59,5.97,19.01,18.96,17.03,17.03,17.70,17.70,6.12,7.91,4.84,6.86,5.30,4.54,7.02,5.45,6.37,6.60,4.95,7.15,7.70,5.26,5.07,5.89,6.46,17.19,22.91,26.59,26.83,21.20,24.16,20.83,26.18,31.57,32.86,29.17,29.74,26.69,19.26,21.70,17.27,22.80,19.67,21.76,18.17,19.05,21.67,18.23,18.63,19.82,20.79,21.48,22.44,20.15,21.47,20.40,18.35,20.32,18.89,17.75,18.56,8.30,6.64,6.90,5.87,8.44,6.06,9.22,9.27,7.64,5.84,7.48,6.26,7.50,7.71,5.45,7.41,7.99,8.30,7.57,8.66,8.29,8.77,7.64,8.11,9.42,7.87,8.86,8.53,1.12,1.25,99.00,2.58,1.23,1.68,1.68,3.30,1.84,0.99,2.19,2.47,9.80,9.00,9.00,12.04,12.79,12.13,9.26,10.03,10.76,10.56,11.63,10.30,11.90,11.25,11.95,13.08,8.98,9.24,8.26,8.37,8.37],
  [3.46,13.26,9.45,20.31,29.41,4.97,20.57,20.50,19.07,19.07,19.29,19.46,8.39,9.66,6.03,7.63,7.22,6.18,8.76,6.48,7.64,7.91,6.79,9.27,8.16,6.66,6.85,7.77,7.35,19.29,24.91,28.39,28.70,23.06,25.86,22.60,28.33,33.71,34.96,31.40,31.96,28.86,21.61,23.91,19.49,24.91,21.89,23.84,20.52,21.21,23.85,20.37,20.51,22.15,22.96,23.93,24.87,22.33,23.60,22.64,20.62,22.39,21.11,19.82,20.61,6.38,4.69,4.82,3.91,6.25,3.85,6.95,6.98,5.98,3.76,5.67,4.37,5.43,5.59,3.75,5.35,6.50,6.01,5.38,6.56,5.94,6.64,6.15,5.94,7.14,6.59,6.54,7.30,1.50,3.67,2.58,99.00,2.25,1.23,1.23,0.72,0.97,3.06,0.46,0.43,12.01,11.30,11.30,13.24,14.32,13.40,11.15,11.68,11.99,11.90,12.98,12.37,13.37,12.73,13.93,14.51,8.11,8.46,7.77,7.74,7.41],
  [5.42,13.72,8.13,19.10,28.79,4.75,20.23,20.18,18.19,18.19,18.92,18.91,7.24,9.13,6.03,8.01,6.51,5.77,8.24,6.62,7.58,7.82,6.18,8.31,8.80,6.48,6.29,7.11,7.63,18.33,24.07,27.79,28.02,22.40,25.38,22.04,27.29,32.69,33.98,30.25,30.82,27.80,20.29,22.79,18.37,23.94,20.77,22.90,19.20,20.17,22.78,19.36,19.82,20.86,21.90,22.43,23.40,21.26,22.60,21.49,19.43,21.47,19.99,18.90,19.72,8.51,6.83,7.01,6.04,8.48,6.07,9.19,9.22,8.00,5.93,7.75,6.47,7.61,7.79,5.75,7.53,8.43,8.25,7.60,8.76,8.18,8.85,8.08,8.16,9.39,8.41,8.79,9.10,1.00,1.64,1.23,2.25,99.00,1.95,1.95,2.89,1.97,0.94,1.78,1.94,10.92,10.09,10.09,13.26,14.01,13.35,10.46,11.26,11.98,11.78,12.86,11.46,13.13,12.48,13.14,14.30,9.70,10.00,9.10,9.17,9.05],
  [3.51,12.30,8.25,19.10,28.21,5.85,19.41,19.34,17.85,17.85,18.12,18.26,7.17,8.46,4.89,6.61,6.00,4.97,7.55,5.38,6.50,6.77,5.57,8.04,7.24,5.49,5.63,6.55,6.29,18.06,23.69,27.19,27.49,21.85,24.68,21.41,27.11,32.48,33.74,30.18,30.73,27.63,20.40,22.68,18.27,23.68,20.67,22.62,19.31,19.98,22.62,19.15,19.30,20.94,21.73,22.75,23.68,21.10,22.38,21.42,19.40,21.16,19.88,18.60,19.38,6.67,5.00,5.24,4.22,6.77,4.39,7.55,7.59,6.08,4.18,5.88,4.63,5.84,6.04,3.85,5.75,6.49,6.62,5.90,7.00,6.62,7.11,6.14,6.44,7.75,6.45,7.18,7.14,0.96,2.91,1.68,1.23,1.95,99.00,0.00,1.89,0.26,2.45,1.08,1.38,10.79,10.08,10.08,12.15,13.16,12.29,9.93,10.49,10.89,10.77,11.85,11.14,12.21,11.57,12.71,13.37,7.77,8.07,7.23,7.27,7.11],
  [3.51,12.30,8.25,19.10,28.21,5.85,19.41,19.34,17.85,17.85,18.12,18.26,7.17,8.46,4.89,6.61,6.00,4.97,7.55,5.38,6.50,6.77,5.57,8.04,7.24,5.49,5.63,6.55,6.29,18.06,23.69,27.19,27.49,21.85,24.68,21.41,27.11,32.48,33.74,30.18,30.73,27.63,20.40,22.68,18.27,23.68,20.67,22.62,19.31,19.98,22.62,19.15,19.30,20.94,21.73,22.75,23.68,21.10,22.38,21.42,19.40,21.16,19.88,18.60,19.38,6.67,5.00,5.24,4.22,6.77,4.39,7.55,7.59,6.08,4.18,5.88,4.63,5.84,6.04,3.85,5.75,6.49,6.62,5.90,7.00,6.62,7.11,6.14,6.44,7.75,6.45,7.18,7.14,0.96,2.91,1.68,1.23,1.95,0.00,99.00,1.89,0.26,2.45,1.08,1.38,10.79,10.08,10.08,12.15,13.16,12.29,9.93,10.49,10.89,10.77,11.85,11.14,12.21,11.57,12.71,13.37,7.77,8.07,7.23,7.27,7.11],
  [3.27,13.57,10.13,20.98,29.96,4.86,21.07,21.00,19.68,19.68,19.79,20.01,9.06,10.24,6.53,8.02,7.84,6.76,9.34,6.94,8.13,8.41,7.41,9.91,8.45,7.19,7.45,8.38,7.76,19.91,25.51,28.94,29.26,23.62,26.39,23.15,28.97,34.33,35.58,32.05,32.60,29.49,22.29,24.55,20.15,25.53,22.54,24.46,21.20,21.84,24.49,21.00,21.09,22.83,23.60,24.63,25.56,22.97,24.23,23.29,21.28,23.00,21.75,20.44,21.22,5.97,4.31,4.38,3.54,5.73,3.36,6.39,6.40,5.68,3.33,5.31,4.03,4.96,5.10,3.51,4.90,6.25,5.45,4.87,6.08,5.34,6.14,5.91,5.43,6.58,6.41,5.96,7.13,2.21,4.36,3.30,0.72,2.89,1.89,1.89,99.00,1.63,3.74,1.14,0.94,12.67,11.97,11.97,13.68,14.83,13.85,11.74,12.22,12.44,12.38,13.44,13.00,13.86,13.23,14.54,15.00,8.04,8.41,7.82,7.75,7.33],
  [3.45,12.49,8.50,19.35,28.46,5.66,19.65,19.58,18.11,18.11,18.36,18.51,7.43,8.71,5.12,6.82,6.26,5.22,7.81,5.60,6.73,7.00,5.83,8.30,7.42,5.73,5.88,6.81,6.51,18.32,23.95,27.44,27.75,22.10,24.93,21.65,27.37,32.74,34.00,30.44,30.99,27.89,20.66,22.94,18.53,23.94,20.93,22.87,19.56,20.24,22.88,19.40,19.56,21.20,21.99,23.00,23.93,21.36,22.63,21.68,19.65,21.42,20.14,18.85,19.64,6.59,4.91,5.12,4.12,6.64,4.25,7.40,7.44,6.03,4.05,5.80,4.54,5.73,5.92,3.79,5.64,6.46,6.47,5.76,6.89,6.46,6.99,6.12,6.31,7.60,6.46,7.03,7.15,0.98,3.05,1.84,0.97,1.97,0.26,0.26,1.63,99.00,2.55,0.86,1.14,11.05,10.34,10.34,12.37,13.40,12.52,10.19,10.74,11.11,11.00,12.08,11.40,12.45,11.81,12.97,13.60,7.82,8.13,7.32,7.34,7.15],
  [5.95,13.42,7.28,18.24,28.07,5.45,19.62,19.58,17.41,17.41,18.30,18.23,6.44,8.52,5.69,7.76,5.88,5.27,7.64,6.32,7.16,7.39,5.58,7.57,8.64,6.05,5.72,6.47,7.35,17.53,23.30,27.08,27.29,21.68,24.70,21.35,26.46,31.86,33.17,29.40,29.97,26.97,19.41,21.95,17.53,23.13,19.93,22.11,18.32,19.35,21.96,18.55,19.09,19.99,21.08,21.52,22.49,20.44,21.79,20.64,18.58,20.68,19.15,18.12,18.94,9.13,7.45,7.67,6.67,9.18,6.78,9.93,9.97,8.52,6.60,8.33,7.08,8.28,8.47,6.30,8.19,8.90,9.00,8.31,9.44,8.96,9.54,8.55,8.86,10.13,8.81,9.55,9.48,1.61,0.70,0.99,3.06,0.94,2.45,2.45,3.74,2.55,99.00,2.60,2.81,10.12,9.25,9.25,12.80,13.43,12.86,9.78,10.66,11.52,11.28,12.35,10.71,12.58,11.93,12.40,13.76,9.97,10.23,9.25,9.36,9.35],
  [3.84,13.33,9.15,20.06,29.28,4.83,20.49,20.43,18.88,18.88,19.20,19.34,8.12,9.52,5.97,7.67,7.03,6.04,8.62,6.45,7.58,7.85,6.62,9.04,8.25,6.57,6.68,7.60,7.36,19.08,24.73,28.26,28.56,22.92,25.76,22.48,28.12,33.50,34.76,31.17,31.72,28.64,21.34,23.67,19.26,24.70,21.66,23.64,20.24,20.99,23.62,20.16,20.36,21.88,22.74,23.62,24.56,22.10,23.39,22.40,20.37,22.19,20.87,19.62,20.42,6.82,5.13,5.27,4.34,6.71,4.31,7.41,7.44,6.39,4.20,6.09,4.80,5.88,6.04,4.15,5.80,6.89,6.47,5.84,7.02,6.40,7.10,6.54,6.40,7.61,6.95,7.01,7.66,1.08,3.23,2.19,0.46,1.78,1.08,1.08,1.14,0.86,2.60,99.00,0.31,11.77,11.03,11.03,13.23,14.24,13.37,10.98,11.57,11.97,11.86,12.93,12.16,13.30,12.66,13.75,14.45,8.43,8.76,8.02,8.01,7.73],
  [3.89,13.59,9.46,20.36,29.58,4.60,20.79,20.72,19.19,19.19,19.50,19.64,8.43,9.83,6.26,7.94,7.34,6.34,8.93,6.74,7.87,8.14,6.93,9.35,8.49,6.87,6.99,7.90,7.63,19.39,25.04,28.57,28.86,23.22,26.06,22.78,28.43,33.80,35.07,31.47,32.03,28.95,21.64,23.98,19.56,25.01,21.96,23.95,20.55,21.29,23.93,20.47,20.67,22.19,23.04,23.92,24.86,22.41,23.70,22.71,20.67,22.50,21.18,19.93,20.73,6.79,5.11,5.22,4.32,6.62,4.23,7.30,7.33,6.41,4.16,6.08,4.79,5.82,5.97,4.18,5.75,6.93,6.36,5.76,6.95,6.27,7.03,6.58,6.31,7.49,7.02,6.89,7.74,1.35,3.46,2.47,0.43,1.94,1.38,1.38,0.94,1.14,2.81,0.31,99.00,12.08,11.34,11.34,13.51,14.54,13.66,11.29,11.87,12.25,12.14,13.22,12.47,13.59,12.95,14.06,14.74,8.54,8.88,8.18,8.16,7.84],
  [12.27,8.88,2.94,8.32,18.13,15.55,10.45,10.47,7.33,7.33,9.16,8.63,3.69,3.46,6.88,7.24,4.91,6.14,4.01,6.95,5.90,5.68,5.39,2.77,8.20,6.14,5.41,4.47,7.00,7.41,13.21,17.17,17.29,11.77,15.00,11.59,16.37,21.77,23.06,19.39,19.95,16.89,9.70,11.91,7.48,13.01,9.88,11.99,8.60,9.24,11.87,8.44,9.18,10.20,10.98,12.31,13.14,10.35,11.67,10.63,8.61,10.56,9.10,8.01,8.85,14.79,13.74,14.21,13.29,15.66,13.94,16.52,16.63,13.69,13.52,13.97,13.36,14.63,14.90,12.56,14.51,13.50,15.83,14.97,15.54,16.04,15.72,13.30,15.35,16.71,12.92,16.38,13.12,10.83,9.48,9.80,12.01,10.92,10.79,10.79,12.67,11.05,10.12,11.77,12.08,99.00,1.05,1.05,6.50,5.39,6.21,2.27,3.62,5.81,5.21,5.65,1.16,5.22,4.83,2.73,6.04,12.43,12.32,11.06,11.48,12.35],
  [11.81,9.48,1.98,9.03,19.13,14.66,11.50,11.52,8.29,8.29,10.21,9.67,2.91,3.55,6.52,7.18,4.39,5.66,3.87,6.68,5.75,5.57,4.88,2.29,8.23,5.80,4.94,4.05,6.88,8.33,14.15,18.17,18.27,12.77,16.03,12.62,17.21,22.61,23.92,20.17,20.74,17.72,10.32,12.71,8.28,13.90,10.68,12.89,9.22,10.10,12.70,9.31,10.20,10.86,11.82,12.78,13.66,11.18,12.54,11.40,9.35,11.48,9.90,8.95,9.79,14.47,13.33,13.78,12.83,15.27,13.44,16.13,16.24,13.39,13.04,13.63,12.94,14.24,14.50,12.11,14.12,13.25,15.40,14.55,15.19,15.60,15.36,13.02,14.96,16.33,12.70,15.97,12.96,10.06,8.60,9.00,11.30,10.09,10.08,10.08,11.97,10.34,9.25,11.03,11.34,1.05,99.00,0.00,7.24,6.31,6.98,2.77,4.26,6.42,5.83,6.39,2.14,6.05,5.59,3.78,6.94,12.36,12.29,11.01,11.41,12.23],
  [11.81,9.48,1.98,9.03,19.13,14.66,11.50,11.52,8.29,8.29,10.21,9.67,2.91,3.55,6.52,7.18,4.39,5.66,3.87,6.68,5.75,5.57,4.88,2.29,8.23,5.80,4.94,4.05,6.88,8.33,14.15,18.17,18.27,12.77,16.03,12.62,17.21,22.61,23.92,20.17,20.74,17.72,10.32,12.71,8.28,13.90,10.68,12.89,9.22,10.10,12.70,9.31,10.20,10.86,11.82,12.78,13.66,11.18,12.54,11.40,9.35,11.48,9.90,8.95,9.79,14.47,13.33,13.78,12.83,15.27,13.44,16.13,16.24,13.39,13.04,13.63,12.94,14.24,14.50,12.11,14.12,13.25,15.40,14.55,15.19,15.60,15.36,13.02,14.96,16.33,12.70,15.97,12.96,10.06,8.60,9.00,11.30,10.09,10.08,10.08,11.97,10.34,9.25,11.03,11.34,1.05,0.00,99.00,7.24,6.31,6.98,2.77,4.26,6.42,5.83,6.39,2.14,6.05,5.59,3.78,6.94,12.36,12.29,11.01,11.41,12.23],
  [11.71,2.64,8.06,11.29,16.83,17.92,7.62,7.52,8.37,8.37,6.46,7.19,7.73,4.74,7.28,5.70,7.15,7.53,5.41,6.77,5.69,5.44,7.31,6.55,5.65,6.78,7.14,6.60,5.92,8.97,13.23,15.80,16.31,10.86,13.07,10.12,17.32,22.30,23.37,20.71,21.13,17.85,12.99,13.65,10.09,13.81,11.99,12.69,12.09,10.94,13.32,10.10,8.69,13.20,12.51,16.13,16.64,12.02,12.79,12.77,11.32,11.33,11.29,9.15,9.64,12.96,12.62,13.11,12.54,14.14,13.33,14.89,15.04,11.87,12.88,12.36,12.37,13.30,13.54,11.84,13.19,11.37,14.51,13.76,13.81,14.87,13.99,11.33,13.92,15.04,10.69,14.95,10.52,12.69,12.41,12.04,13.24,13.26,12.15,12.15,13.68,12.37,12.80,13.23,13.51,6.50,7.24,7.24,99.00,2.19,0.43,4.51,3.00,1.28,1.62,0.86,5.42,1.48,1.68,4.93,1.80,9.32,9.01,8.14,8.56,9.63],
  [13.22,4.76,7.61,9.10,15.22,18.76,6.25,6.19,6.20,6.20,4.97,5.34,7.63,4.93,8.30,7.14,7.56,8.27,5.79,7.92,6.70,6.42,7.85,6.35,7.37,7.67,7.72,6.97,7.24,6.78,11.28,14.20,14.61,9.04,11.57,8.42,15.28,20.36,21.47,18.65,19.09,15.81,10.81,11.50,7.90,11.76,9.81,10.63,9.92,8.77,11.18,7.92,6.72,11.01,10.36,13.95,14.45,9.86,10.69,10.59,9.13,9.24,9.10,6.99,7.51,14.78,14.28,14.77,14.12,15.92,14.89,16.70,16.84,13.66,14.44,14.12,13.99,15.02,15.27,13.39,14.91,13.22,16.25,15.46,15.62,16.58,15.81,13.15,15.68,16.86,12.54,16.72,12.44,13.57,12.95,12.79,14.32,14.01,13.16,13.16,14.83,13.40,13.43,14.24,14.54,5.39,6.31,6.31,2.19,99.00,1.76,3.99,2.79,2.78,2.57,1.70,4.22,1.03,1.60,3.17,0.69,11.31,11.03,10.07,10.50,11.56],
  [11.96,3.06,7.89,10.86,16.53,18.03,7.35,7.25,7.96,7.96,6.16,6.83,7.63,4.66,7.41,5.91,7.14,7.60,5.38,6.93,5.80,5.55,7.33,6.41,5.94,6.88,7.17,6.58,6.11,8.54,12.86,15.50,15.99,10.52,12.78,9.80,16.93,21.93,23.01,20.32,20.75,17.46,12.56,13.24,9.66,13.42,11.57,12.30,11.66,10.52,12.91,9.68,8.31,12.77,12.10,15.70,16.21,11.60,12.39,12.35,10.89,10.93,10.86,8.74,9.23,13.28,12.91,13.40,12.81,14.46,13.60,15.21,15.36,12.18,13.15,12.67,12.64,13.60,13.84,12.10,13.49,11.70,14.82,14.05,14.13,15.17,14.32,11.65,14.23,15.36,11.02,15.26,10.86,12.80,12.45,12.13,13.40,13.35,12.29,12.29,13.85,12.52,12.86,13.37,13.66,6.21,6.98,6.98,0.43,1.76,99.00,4.30,2.80,1.41,1.59,0.60,5.11,1.09,1.39,4.54,1.41,9.68,9.38,8.49,8.91,9.98],
  [10.83,6.71,3.65,9.71,18.34,15.21,9.91,9.88,7.96,7.96,8.59,8.45,3.66,1.59,5.43,5.28,3.97,4.98,2.43,5.32,4.12,3.86,4.36,2.38,6.12,4.69,4.30,3.39,5.12,8.24,13.76,17.33,17.59,11.95,14.93,11.58,17.30,22.63,23.86,20.48,21.01,17.83,11.24,13.00,8.70,13.83,11.04,12.74,10.18,10.23,12.87,9.37,9.39,11.66,11.98,14.07,14.82,11.37,12.55,11.82,9.92,11.28,10.25,8.73,9.49,13.07,12.18,12.66,11.82,14.03,12.52,14.87,15.00,11.95,12.09,12.29,11.82,13.03,13.30,11.08,12.91,11.68,14.25,13.41,13.86,14.51,14.04,11.51,13.74,15.06,11.07,14.79,11.20,10.17,9.23,9.26,11.15,10.46,9.93,9.93,11.74,10.19,9.78,10.98,11.29,2.27,2.77,2.77,4.51,3.99,4.30,99.00,1.51,3.65,3.06,3.70,1.62,3.47,2.93,2.81,4.52,10.39,10.25,9.03,9.46,10.39],
  [10.90,5.26,5.10,10.06,17.74,16.01,8.98,8.93,7.84,7.84,7.67,7.79,4.93,2.14,5.71,4.96,4.78,5.54,3.02,5.42,4.17,3.89,5.08,3.68,5.55,5.03,4.96,4.19,4.94,8.24,13.44,16.72,17.06,11.42,14.19,10.93,17.20,22.44,23.63,20.47,20.96,17.73,11.69,13.07,8.96,13.68,11.19,12.56,10.67,10.28,12.87,9.41,8.93,12.04,11.99,14.66,15.33,11.42,12.48,11.98,10.21,11.12,10.42,8.64,9.32,12.83,12.12,12.61,11.86,13.88,12.60,14.70,14.84,11.70,12.15,12.10,11.79,12.92,13.18,11.11,12.81,11.35,14.16,13.33,13.65,14.45,13.84,11.23,13.61,14.88,10.71,14.66,10.74,10.85,10.17,10.03,11.68,11.26,10.49,10.49,12.22,10.74,10.66,11.57,11.87,3.62,4.26,4.26,3.00,2.79,2.80,1.51,99.00,2.19,1.59,2.19,2.67,2.06,1.46,3.00,3.20,9.79,9.60,8.45,8.89,9.89],
  [10.58,3.07,7.01,11.56,17.87,16.65,8.73,8.64,8.89,8.89,7.52,8.08,6.59,3.58,6.01,4.51,5.89,6.25,4.18,5.52,4.42,4.16,6.04,5.45,4.62,5.50,5.86,5.35,4.70,9.42,14.06,16.85,17.31,11.79,14.15,11.11,18.05,23.13,24.24,21.41,21.86,18.59,13.25,14.21,10.40,14.53,12.45,13.40,12.29,11.44,13.92,10.58,9.49,13.52,13.08,16.32,16.91,12.55,13.44,13.24,11.65,12.00,11.71,9.69,10.26,12.01,11.57,12.06,11.44,13.16,12.23,13.93,14.08,10.90,11.78,11.37,11.29,12.28,12.53,10.73,12.17,10.44,13.51,12.73,12.85,13.84,13.04,10.38,12.93,14.09,9.77,13.96,9.66,11.41,11.13,10.76,11.99,11.98,10.89,10.89,12.44,11.11,11.52,11.97,12.25,5.81,6.42,6.42,1.28,2.78,1.41,3.65,2.19,99.00,0.60,1.10,4.83,1.77,1.45,4.77,2.68,8.54,8.27,7.29,7.72,8.78],
  [10.66,3.67,6.49,11.10,17.77,16.48,8.71,8.63,8.53,8.53,7.46,7.91,6.12,3.12,5.88,4.57,5.55,6.02,3.80,5.44,4.27,4.01,5.74,4.95,4.83,5.32,5.58,4.99,4.70,9.03,13.82,16.75,17.18,11.61,14.09,10.98,17.76,22.89,24.02,21.10,21.57,18.30,12.78,13.84,9.95,14.24,12.05,13.11,11.80,11.06,13.57,10.20,9.26,13.06,12.72,15.83,16.43,12.18,13.11,12.84,11.20,11.69,11.30,9.33,9.93,12.24,11.72,12.21,11.55,13.36,12.33,14.15,14.29,11.12,11.88,11.57,11.43,12.46,12.71,10.83,12.34,10.69,13.69,12.90,13.08,14.02,13.26,10.61,13.12,14.31,10.02,14.16,9.95,11.25,10.86,10.56,11.90,11.78,10.77,10.77,12.38,11.00,11.28,11.86,12.14,5.21,5.83,5.83,1.62,2.57,1.59,3.06,1.59,0.60,99.00,1.08,4.23,1.54,1.04,4.23,2.62,8.88,8.63,7.59,8.03,9.08],
  [11.66,3.44,7.29,10.66,16.78,17.56,7.67,7.58,7.88,7.88,6.44,6.98,7.04,4.08,6.96,5.58,6.59,7.09,4.82,6.51,5.35,5.08,6.80,5.81,5.71,6.40,6.64,6.02,5.74,8.43,12.97,15.76,16.21,10.69,13.08,10.01,16.98,22.04,23.15,20.35,20.79,17.51,12.36,13.18,9.47,13.46,11.46,12.33,11.43,10.43,12.88,9.58,8.40,12.59,12.05,15.46,16.01,11.53,12.38,12.25,10.71,10.94,10.73,8.67,9.21,13.11,12.66,13.15,12.53,14.26,13.31,15.03,15.17,12.00,12.86,12.47,12.38,13.38,13.63,11.81,13.27,11.54,14.61,13.83,13.95,14.94,14.14,11.48,14.03,15.19,10.86,15.06,10.75,12.33,11.92,11.63,12.98,12.86,11.85,11.85,13.44,12.08,12.35,12.93,13.22,5.65,6.39,6.39,0.86,1.70,0.60,3.70,2.19,1.10,1.08,99.00,4.56,0.75,0.82,4.12,1.59,9.61,9.33,8.37,8.80,9.86],
  [12.30,7.87,3.80,8.18,17.39,16.16,9.44,9.44,6.73,6.73,8.13,7.71,4.29,3.14,6.88,6.89,5.15,6.30,3.88,6.84,5.68,5.43,5.60,3.15,7.74,6.13,5.58,4.63,6.72,6.92,12.61,16.41,16.59,11.00,14.15,10.75,15.97,21.34,22.60,19.09,19.63,16.50,9.68,11.59,7.23,12.54,9.60,11.48,8.61,8.85,11.50,8.01,8.41,10.12,10.61,12.47,13.23,9.98,11.23,10.37,8.42,10.03,8.81,7.46,8.27,14.64,13.70,14.18,13.31,15.58,13.99,16.43,16.55,13.52,13.56,13.85,13.34,14.57,14.83,12.57,14.45,13.27,15.78,14.94,15.42,16.03,15.60,13.10,15.28,16.61,12.67,16.32,12.81,11.28,10.10,10.30,12.37,11.46,11.14,11.14,13.00,11.40,10.71,12.16,12.47,1.16,2.14,2.14,5.42,4.22,5.11,1.62,2.67,4.83,4.23,4.56,99.00,4.09,3.74,1.75,4.88,12.01,11.86,10.64,11.07,12.00],
  [12.20,4.12,7.12,9.91,16.24,17.86,7.21,7.14,7.14,7.14,5.94,6.37,6.99,4.14,7.34,6.11,6.75,7.37,4.96,6.93,5.73,5.46,7.00,5.74,6.34,6.73,6.86,6.16,6.23,7.69,12.31,15.21,15.64,10.07,12.57,9.44,16.28,21.38,22.50,19.64,20.09,16.82,11.61,12.45,8.72,12.76,10.72,11.63,10.68,9.70,12.15,8.84,7.74,11.84,11.32,14.72,15.26,10.80,11.67,11.50,9.96,10.23,9.99,7.93,8.49,13.75,13.25,13.74,13.09,14.89,13.87,15.67,15.81,12.64,13.42,13.09,12.97,13.99,14.24,12.37,13.88,12.19,15.22,14.43,14.59,15.55,14.78,12.12,14.65,15.83,11.52,15.69,11.43,12.65,12.12,11.90,13.37,13.13,12.21,12.21,13.86,12.45,12.58,13.30,13.59,5.22,6.05,6.05,1.48,1.03,1.09,3.47,2.06,1.77,1.54,0.75,4.09,99.00,0.65,3.46,1.18,10.31,10.04,9.06,9.49,10.55],
  [11.63,4.21,6.55,10.12,16.82,17.21,7.84,7.77,7.50,7.50,6.56,6.92,6.38,3.50,6.70,5.55,6.10,6.72,4.31,6.31,5.10,4.82,6.35,5.13,5.86,6.09,6.20,5.51,5.64,8.01,12.80,15.80,16.20,10.62,13.18,10.02,16.73,21.86,23.00,20.07,20.53,17.26,11.80,12.81,8.95,13.20,11.03,12.07,10.85,10.03,12.53,9.17,8.24,12.07,11.69,14.88,15.46,11.15,12.08,11.82,10.20,10.65,10.28,8.30,8.89,13.27,12.72,13.21,12.54,14.38,13.31,15.17,15.31,12.14,12.85,12.59,12.42,13.47,13.72,11.81,13.36,11.72,14.70,13.90,14.10,15.03,14.29,11.64,14.13,15.34,11.05,15.18,10.99,12.01,11.47,11.25,12.73,12.48,11.57,11.57,13.23,11.81,11.93,12.66,12.95,4.83,5.59,5.59,1.68,1.60,1.39,2.93,1.46,1.45,1.04,0.82,3.74,0.65,99.00,3.39,1.83,9.91,9.66,8.63,9.07,10.11],
  [13.61,7.56,5.54,7.07,15.67,17.85,7.73,7.74,5.15,5.15,6.43,5.96,6.02,4.38,8.23,7.87,6.72,7.78,5.25,8.09,6.86,6.59,7.14,4.84,8.54,7.50,7.09,6.16,7.78,5.43,10.98,14.68,14.89,9.28,12.40,9.00,14.49,19.82,21.05,17.68,18.20,15.02,8.69,10.22,6.00,11.01,8.28,9.93,7.67,7.44,10.07,6.57,6.69,9.04,9.18,11.67,12.33,8.58,9.74,9.07,7.24,8.47,7.50,5.91,6.68,15.74,14.92,15.41,14.60,16.74,15.31,17.58,17.71,14.61,14.87,14.98,14.58,15.76,16.02,13.85,15.64,14.29,16.99,16.15,16.54,17.26,16.73,14.15,16.46,17.76,13.66,17.51,13.72,12.91,11.81,11.95,13.93,13.14,12.71,12.71,14.54,12.97,12.40,13.75,14.06,2.73,3.78,3.78,4.93,3.17,4.54,2.81,3.00,4.77,4.23,4.12,1.75,3.46,3.39,99.00,3.86,12.79,12.60,11.45,11.88,12.88],
  [13.25,4.23,8.16,9.62,15.19,19.03,6.09,6.01,6.61,6.61,4.85,5.43,8.11,5.31,8.48,7.17,7.92,8.54,6.13,8.06,6.88,6.60,8.17,6.84,7.29,7.89,8.03,7.33,7.32,7.22,11.45,14.17,14.63,9.13,11.49,8.43,15.52,20.52,21.61,18.91,19.34,16.05,11.33,11.86,8.41,12.01,10.24,10.89,10.47,9.17,11.52,8.34,6.90,11.50,10.72,14.49,14.96,10.24,10.99,11.01,9.62,9.52,9.54,7.38,7.84,14.67,14.25,14.74,14.12,15.83,14.90,16.59,16.74,13.56,14.45,14.04,13.97,14.96,15.20,13.40,14.84,13.09,16.18,15.41,15.51,16.52,15.70,13.03,15.60,16.75,12.41,16.63,12.27,13.82,13.30,13.08,14.51,14.30,13.37,13.37,15.00,13.60,13.76,14.45,14.74,6.04,6.94,6.94,1.80,0.69,1.41,4.52,3.20,2.68,2.62,1.59,4.88,1.18,1.83,3.86,99.00,11.09,10.80,9.89,10.31,11.38],
  [4.80,7.77,11.46,19.85,25.99,12.88,16.75,16.62,17.41,17.41,15.70,16.51,10.30,8.97,6.30,5.19,8.47,7.40,8.49,5.87,6.62,6.79,8.08,10.16,4.28,6.83,7.91,8.54,5.48,17.90,22.54,24.97,25.54,20.17,22.17,19.40,26.59,31.61,32.69,29.95,30.40,27.12,21.48,22.72,18.74,23.07,20.91,21.94,20.45,19.94,22.45,19.07,17.99,21.83,21.60,24.42,25.11,21.06,21.98,21.70,19.99,20.54,20.15,18.21,18.79,4.04,4.54,4.90,4.97,5.32,5.66,5.90,6.05,3.18,5.33,3.78,4.54,4.78,4.95,4.63,4.71,2.49,5.81,5.27,4.85,6.23,5.02,2.65,5.20,6.01,1.92,6.10,1.37,8.72,10.13,8.98,8.11,9.70,7.77,7.77,8.04,7.82,9.97,8.43,8.54,12.43,12.36,12.36,9.32,11.31,9.68,10.39,9.79,8.54,8.88,9.61,12.01,10.31,9.91,12.79,11.09,99.00,0.43,1.37,0.95,0.73],
  [5.18,7.40,11.45,19.65,25.64,13.25,16.40,16.27,17.16,17.16,15.37,16.20,10.31,8.86,6.35,5.11,8.48,7.46,8.41,5.89,6.56,6.72,8.11,10.12,4.13,6.85,7.94,8.53,5.42,17.66,22.24,24.62,25.20,19.86,21.81,19.07,26.30,31.31,32.37,29.68,30.12,26.84,21.28,22.47,18.53,22.79,20.67,21.66,20.27,19.69,22.19,18.83,17.70,21.62,21.35,24.24,24.92,20.81,21.71,21.46,19.78,20.27,19.92,17.96,18.53,4.46,4.97,5.33,5.38,5.74,6.08,6.31,6.46,3.61,5.74,4.21,4.95,5.21,5.38,5.03,5.14,2.92,6.23,5.69,5.26,6.65,5.43,3.08,5.62,6.41,2.34,6.51,1.80,9.02,10.36,9.24,8.46,10.00,8.07,8.07,8.41,8.13,10.23,8.76,8.88,12.32,12.29,12.29,9.01,11.03,9.38,10.25,9.60,8.27,8.63,9.33,11.86,10.04,9.66,12.60,10.80,0.43,99.00,1.30,0.96,1.13],
  [4.75,6.83,10.15,18.52,24.91,12.67,15.66,15.54,16.12,16.12,14.57,15.32,9.01,7.60,5.07,3.83,7.19,6.18,7.13,4.60,5.27,5.44,6.82,8.82,2.92,5.55,6.64,7.23,4.13,16.60,21.33,23.88,24.42,19.00,21.10,18.26,25.34,30.41,31.50,28.69,29.15,25.88,20.13,21.42,17.41,21.82,19.60,20.69,19.11,18.64,21.16,17.77,16.77,20.49,20.31,23.06,23.76,19.76,20.71,20.39,18.66,19.28,18.83,16.92,17.52,4.89,4.96,5.39,5.19,6.13,5.96,6.82,6.97,3.86,5.56,4.42,4.84,5.42,5.63,4.68,5.33,3.28,6.57,5.90,5.74,6.96,5.92,3.31,5.96,6.95,2.60,6.94,2.38,8.15,9.33,8.26,7.77,9.10,7.23,7.23,7.82,7.32,9.25,8.02,8.18,11.06,11.01,11.01,8.14,10.07,8.49,9.03,8.45,7.29,7.59,8.37,10.64,9.06,8.63,11.45,9.89,1.37,1.30,99.00,0.44,1.49],
  [4.61,7.19,10.52,18.95,25.31,12.61,16.06,15.94,16.56,16.56,14.98,15.74,9.37,8.02,5.39,4.24,7.54,6.50,7.54,4.95,5.67,5.84,7.16,9.21,3.35,5.90,6.99,7.60,4.53,17.04,21.76,24.29,24.83,19.42,21.50,18.67,25.77,30.83,31.92,29.13,29.58,26.31,20.57,21.86,17.85,22.25,20.03,21.12,19.54,19.07,21.60,18.20,17.20,20.92,20.75,23.49,24.20,20.20,21.14,20.82,19.10,19.71,19.27,17.36,17.96,4.52,4.69,5.10,4.97,5.77,5.73,6.44,6.59,3.52,5.35,4.09,4.60,5.10,5.30,4.51,5.01,2.91,6.22,5.58,5.36,6.62,5.54,2.96,5.61,6.57,2.24,6.57,1.96,8.20,9.47,8.37,7.74,9.17,7.27,7.27,7.75,7.34,9.36,8.01,8.16,11.48,11.41,11.41,8.56,10.50,8.91,9.46,8.89,7.72,8.03,8.80,11.07,9.49,9.07,11.88,10.31,0.95,0.96,0.44,99.00,1.07],
  [4.08,8.24,11.22,19.95,26.38,12.15,17.14,17.01,17.60,17.60,16.06,16.81,10.04,8.92,6.00,5.12,8.20,7.09,8.37,5.63,6.48,6.68,7.79,9.99,4.34,6.58,7.64,8.32,5.36,18.07,22.83,25.36,25.91,20.49,22.57,19.74,26.83,31.90,32.99,30.18,30.64,27.37,21.55,22.89,18.85,23.30,21.06,22.18,20.52,20.10,22.64,19.24,18.27,21.92,21.79,24.45,25.17,21.23,22.19,21.85,20.10,20.76,20.29,18.40,19.01,3.48,3.85,4.22,4.25,4.75,4.95,5.38,5.53,2.54,4.61,3.13,3.82,4.14,4.32,3.91,4.06,1.88,5.21,4.62,4.31,5.62,4.49,1.99,4.60,5.51,1.25,5.54,0.89,8.06,9.53,8.37,7.41,9.05,7.11,7.11,7.33,7.15,9.35,7.73,7.84,12.35,12.23,12.23,9.63,11.56,9.98,10.39,9.89,8.78,9.08,9.86,12.00,10.55,10.11,12.88,11.38,0.73,1.13,1.49,1.07,99.00]
];
