// Chosen Depots: [1, 2, 3, 4, 5, 6]
// Chosen Demand Points (Original DP No): [1, 2, 4, 5, 6, 7, 8, 10, 11, 13, 14, 16, 17, 18, 20, 21, 23, 27, 28, 29, 30, 31, 32, 37, 40, 41, 42, 43, 46, 47, 48, 49, 51, 52, 53, 54, 55, 56, 57, 58, 59, 62, 63, 64, 65, 67, 70, 71, 73, 74, 75, 77, 78, 79, 81, 82, 83, 85, 88, 89, 91, 92, 94, 95, 96, 98, 99, 100, 101, 103, 104, 105, 108, 109, 110, 111, 112, 113, 114, 116, 117, 118, 119, 121, 122, 123, 124, 125, 126, 128, 129, 130, 132, 133, 134, 136, 137, 138, 139, 141, 142, 145, 147, 149, 150, 151, 152, 153, 154, 155, 156, 159, 160, 163, 165, 166, 167, 168, 169, 171]
// Original Weights: [9, 9, 6, 6, 9, 8, 4, 4, 5, 6, 5, 4, 5, 4, 6, 6, 6, 7, 5, 5, 5, 6, 6, 9, 9, 6, 7, 7, 6, 6, 6, 8, 6, 6, 5, 4, 5, 5, 5, 6, 5, 4, 5, 6, 7, 6, 6, 7, 6, 2, 2, 6, 5, 4, 7, 6, 5, 6, 6, 7, 6, 5, 6, 7, 7, 6, 6, 7, 7, 7, 7, 6, 7, 7, 7, 7, 7, 7, 7, 7, 7, 7, 8, 6, 8, 6, 3, 2, 3, 2, 2, 4, 4, 4, 4, 2, 3, 3, 4, 4, 8, 7, 5, 6, 7, 8, 7, 8, 4, 5, 7, 7, 6, 8, 6, 6, 9, 5, 8, 8]

|W| = 6;
|D| = 120;
V = 54;
C = 3;
|K| = 3;
M = 100;
S = 0.25;
|TR| = 16;
δmax = 18.3;
Runtime = 60;

// Priority weights for selected demand points
pj = [
  9, 9, 6, 6, 9, 8, 4, 4, 5, 6, 5, 4, 5, 4, 6, 6, 6, 7, 5, 5, 5, 6, 6, 9, 9, 6, 7, 7, 6, 6, 6, 8, 6, 6, 5, 4, 5, 5, 5, 6, 5, 4, 5, 6, 7, 6, 6, 7, 6, 2, 2, 6, 5, 4, 7, 6, 5, 6, 6, 7, 6, 5, 6, 7, 7, 6, 6, 7, 7, 7, 7, 6, 7, 7, 7, 7, 7, 7, 7, 7, 7, 7, 8, 6, 8, 6, 3, 2, 3, 2, 2, 4, 4, 4, 4, 2, 3, 3, 4, 4, 8, 7, 5, 6, 7, 8, 7, 8, 4, 5, 7, 7, 6, 8, 6, 6, 9, 5, 8, 8
];

δij =
[
  [99.00,99.00,99.00,99.00,99.00,99.00,19.31,19.21,18.70,18.70,18.10,18.65,17.26,9.07,9.24,7.40,5.42,7.41,6.15,8.48,5.52,8.30,7.04,6.11,6.17,6.88,7.81,6.00,19.04,24.08,21.64,28.07,27.47,27.53,31.29,31.81,28.60,33.29,21.14,19.53,20.04,21.94,23.83,21.43,19.52,24.56,22.59,20.86,21.04,24.33,21.85,20.18,21.71,19.47,22.79,24.56,25.41,23.33,22.64,20.72,20.18,22.00,21.08,19.49,1.64,4.43,1.03,1.44,1.70,4.45,4.53,2.57,1.26,2.70,2.39,2.57,2.81,0.36,4.35,3.63,4.20,2.79,3.68,3.80,3.82,2.70,3.26,4.65,3.14,0.99,3.86,2.62,4.44,6.34,5.05,7.10,6.83,3.46,3.51,3.51,3.27,5.95,3.84,3.89,12.27,11.81,11.71,11.87,10.83,13.24,13.09,10.58,10.66,11.66,10.88,12.30,12.20,10.82,13.61,4.12,1.06,1.30,5.18,1.47,4.75,4.08],
  [99.00,99.00,99.00,99.00,99.00,99.00,9.07,8.93,10.80,10.80,8.14,9.55,11.93,9.37,6.43,5.89,7.73,8.33,8.33,9.26,7.11,5.99,6.19,5.12,7.46,8.14,7.88,6.09,11.43,14.17,11.84,19.41,18.64,18.77,22.83,23.22,19.93,23.93,12.74,11.32,12.98,15.55,15.99,13.93,12.63,15.96,14.85,14.68,13.35,16.01,13.08,12.54,13.23,10.51,14.84,18.71,19.18,15.04,15.19,13.85,11.14,13.56,13.75,11.55,11.70,13.73,11.79,12.55,12.58,13.62,13.77,13.06,12.15,12.68,11.24,12.24,12.45,11.16,13.23,13.40,13.45,12.72,12.55,13.79,12.73,10.14,12.79,13.75,9.42,10.69,9.10,12.84,12.99,13.15,13.43,13.25,14.13,13.26,12.30,12.30,13.57,13.42,13.33,13.59,8.88,9.48,2.64,4.28,6.71,6.76,5.00,3.07,3.67,3.44,9.26,7.87,4.12,4.28,7.56,7.83,10.11,9.95,7.40,10.35,6.83,8.24],
  [99.00,99.00,99.00,99.00,99.00,99.00,13.23,13.22,10.26,10.26,11.91,11.31,7.52,1.22,3.53,4.86,5.27,3.03,4.25,1.80,5.60,4.22,4.86,7.61,4.64,3.61,2.93,6.07,10.31,16.76,14.51,19.18,18.75,18.74,22.12,22.69,19.69,24.73,12.68,11.18,10.81,12.19,14.67,12.30,10.25,15.88,13.48,11.10,12.08,15.46,13.61,11.30,13.23,11.81,13.80,14.51,15.43,14.53,13.36,11.30,12.46,13.46,11.87,10.93,11.85,14.68,11.29,11.22,11.85,14.68,14.78,12.81,11.47,12.97,12.25,12.78,13.03,10.60,14.52,13.90,14.44,13.05,13.79,14.06,13.95,11.77,13.49,14.88,11.53,10.77,11.88,12.89,8.16,6.62,8.11,6.09,7.39,9.45,8.25,8.25,10.13,7.28,9.15,9.46,2.94,1.98,8.06,6.68,3.65,5.79,7.23,7.01,6.49,7.29,1.17,3.80,7.12,5.98,5.54,10.78,10.04,10.16,11.45,8.80,10.15,11.22],
  [99.00,99.00,99.00,99.00,99.00,99.00,8.44,8.59,3.42,3.42,7.92,5.74,3.46,11.94,11.29,13.26,15.06,13.21,14.42,12.48,15.01,12.30,13.57,15.61,14.31,13.69,12.74,14.81,2.69,8.28,7.18,8.38,8.10,8.03,11.16,11.75,8.86,14.02,3.60,3.53,1.05,1.71,3.82,1.80,1.22,5.48,2.79,1.08,2.10,4.86,4.55,2.11,3.85,5.14,3.24,4.89,5.35,4.14,2.47,0.46,5.17,3.85,1.37,3.00,21.87,24.62,21.49,21.66,22.17,24.58,24.71,23.04,21.74,23.03,21.99,22.74,23.00,20.75,24.32,23.95,24.35,23.11,23.56,24.20,23.74,21.20,23.45,24.77,20.72,20.71,20.79,23.03,19.09,17.56,19.07,16.97,18.27,20.31,19.10,19.10,20.98,18.24,20.06,20.36,8.32,9.03,11.29,9.94,9.71,7.66,8.91,11.56,11.10,10.66,9.98,8.18,9.91,10.61,7.07,19.46,19.95,19.98,19.65,19.07,18.52,19.95],
  [99.00,99.00,99.00,99.00,99.00,99.00,9.24,9.37,10.87,10.87,10.36,9.95,14.60,21.69,19.75,21.20,23.44,22.30,23.24,22.10,23.11,20.44,21.59,22.46,22.76,22.60,21.72,22.46,10.98,4.40,6.81,5.98,5.32,5.59,7.99,7.89,6.08,6.52,8.64,9.96,11.21,11.89,8.51,9.94,11.69,6.48,9.08,12.45,9.78,7.23,7.62,10.29,8.17,9.30,8.57,13.14,12.41,7.66,9.64,11.28,8.63,8.04,10.39,10.31,29.43,31.79,29.31,29.83,30.09,31.70,31.85,30.77,29.64,30.52,29.18,30.12,30.36,28.59,31.34,31.34,31.51,30.58,30.62,31.69,30.80,28.15,30.75,31.85,27.49,28.30,27.26,30.62,28.50,27.49,28.66,27.08,28.35,29.41,28.21,28.21,29.96,28.07,29.28,29.58,18.13,19.13,16.83,16.58,18.34,15.71,15.37,17.87,17.77,16.78,19.92,17.39,16.24,17.65,15.67,25.93,27.61,27.53,25.64,27.27,24.91,26.38],
  [99.00,99.00,99.00,99.00,99.00,99.00,24.98,24.93,22.86,22.86,23.67,23.59,20.10,11.89,13.89,12.87,10.64,11.27,10.49,11.44,11.18,13.40,12.49,13.08,11.16,11.04,11.86,12.13,22.96,29.14,26.78,31.85,31.43,31.42,34.73,35.31,32.36,37.41,25.31,23.78,23.47,24.66,27.32,24.96,22.91,28.55,26.14,23.59,24.75,28.13,26.21,23.97,25.87,24.22,26.47,26.58,27.59,27.20,25.99,23.92,24.91,26.11,24.53,23.56,8.79,9.89,8.11,7.06,7.66,10.04,9.99,8.16,7.82,8.87,9.81,9.19,9.24,8.27,10.32,9.20,9.89,8.93,10.13,8.91,10.13,10.60,9.42,10.18,11.17,8.99,11.89,8.56,5.23,6.07,4.93,6.60,5.30,4.97,5.85,5.85,4.86,5.45,4.83,4.60,15.55,14.66,17.92,17.44,15.21,17.83,18.49,16.65,16.48,17.56,13.77,16.16,17.86,16.37,17.85,12.17,9.09,9.35,13.25,8.10,12.67,12.15],
  [19.31,9.07,13.23,8.44,9.24,24.98,99.00,0.19,5.23,5.23,1.32,2.81,9.10,13.53,11.10,12.27,14.54,13.74,14.51,13.83,14.14,11.62,12.66,13.27,13.92,13.94,13.14,13.40,5.90,5.11,2.91,10.84,9.99,10.18,14.24,14.55,11.34,14.91,5.42,4.91,7.40,9.85,8.54,7.40,7.46,7.72,7.76,9.52,6.77,8.04,5.14,6.37,5.64,3.30,7.50,12.81,12.83,7.26,8.36,8.15,3.44,5.92,7.52,5.45,20.24,22.56,20.16,20.72,20.95,22.46,22.61,21.59,20.50,21.31,19.96,20.91,21.15,19.45,22.09,22.12,22.27,21.37,21.38,22.48,21.56,18.91,21.52,22.61,18.24,19.13,18.02,21.43,19.81,19.10,20.05,18.83,20.03,20.57,19.41,19.41,21.07,19.62,20.49,20.79,10.45,11.50,7.62,7.60,9.91,7.44,6.49,8.73,8.71,7.67,12.07,9.44,7.21,8.68,7.73,16.69,18.45,18.35,16.40,18.22,15.66,17.14],
  [19.21,8.93,13.22,8.59,9.37,24.93,0.19,99.00,5.36,5.36,1.31,2.94,9.20,13.51,11.06,12.20,14.47,13.70,14.45,13.80,14.06,11.56,12.59,13.17,13.86,13.89,13.10,13.32,6.04,5.27,3.09,11.02,10.17,10.36,14.42,14.72,11.52,15.07,5.60,5.06,7.55,10.02,8.72,7.57,7.60,7.91,7.94,9.67,6.94,8.22,5.32,6.53,5.82,3.46,7.68,12.98,13.01,7.45,8.53,8.31,3.62,6.10,7.68,5.60,20.14,22.44,20.06,20.63,20.85,22.34,22.49,21.48,20.40,21.20,19.85,20.80,21.03,19.35,21.97,22.01,22.16,21.26,21.26,22.37,21.45,18.79,21.41,22.49,18.13,19.02,17.89,21.32,19.76,19.07,20.00,18.80,20.00,20.50,19.34,19.34,21.00,19.58,20.43,20.72,10.47,11.52,7.52,7.53,9.88,7.43,6.44,8.64,8.63,7.58,12.07,9.44,7.14,8.62,7.74,16.57,18.35,18.25,16.27,18.13,15.54,17.01],
  [18.70,10.80,10.26,3.42,10.87,22.86,5.23,5.36,99.00,0.00,4.54,2.43,4.14,10.98,9.52,11.30,13.36,11.85,12.93,11.44,13.18,10.40,11.66,13.29,12.63,12.24,11.30,12.78,0.74,6.69,4.80,9.37,8.79,8.83,12.63,13.13,9.91,14.69,2.48,0.92,2.39,5.05,5.31,3.13,2.29,5.87,4.11,4.46,2.56,5.64,3.35,1.74,3.05,2.13,4.19,8.21,8.52,4.64,4.40,3.26,2.53,3.32,2.98,0.80,19.95,22.59,19.67,19.99,20.40,22.54,22.67,21.21,19.95,21.10,19.93,20.76,21.02,18.92,22.24,22.00,22.32,21.17,21.48,22.29,21.67,19.04,21.45,22.71,18.49,18.79,18.47,21.14,18.01,16.79,18.10,16.33,17.62,19.07,17.85,17.85,19.68,17.41,18.88,19.19,7.33,8.29,8.37,7.29,7.96,5.45,6.11,8.89,8.53,7.88,9.12,6.73,7.14,8.15,5.15,17.11,18.04,18.02,17.16,17.38,16.12,17.60],
  [18.70,10.80,10.26,3.42,10.87,22.86,5.23,5.36,0.00,99.00,4.54,2.43,4.14,10.98,9.52,11.30,13.36,11.85,12.93,11.44,13.18,10.40,11.66,13.29,12.63,12.24,11.30,12.78,0.74,6.69,4.80,9.37,8.79,8.83,12.63,13.13,9.91,14.69,2.48,0.92,2.39,5.05,5.31,3.13,2.29,5.87,4.11,4.46,2.56,5.64,3.35,1.74,3.05,2.13,4.19,8.21,8.52,4.64,4.40,3.26,2.53,3.32,2.98,0.80,19.95,22.59,19.67,19.99,20.40,22.54,22.67,21.21,19.95,21.10,19.93,20.76,21.02,18.92,22.24,22.00,22.32,21.17,21.48,22.29,21.67,19.04,21.45,22.71,18.49,18.79,18.47,21.14,18.01,16.79,18.10,16.33,17.62,19.07,17.85,17.85,19.68,17.41,18.88,19.19,7.33,8.29,8.37,7.29,7.96,5.45,6.11,8.89,8.53,7.88,9.12,6.73,7.14,8.15,5.15,17.11,18.04,18.02,17.16,17.38,16.12,17.60],
  [18.10,8.14,11.91,7.92,10.36,23.67,1.32,1.31,4.54,4.54,99.00,2.19,8.14,12.21,9.79,10.99,13.26,12.42,13.20,12.50,12.87,10.32,11.39,12.10,12.63,12.63,11.83,12.16,5.26,6.09,3.71,11.41,10.59,10.75,14.83,15.18,11.92,15.79,5.33,4.45,6.87,9.45,8.61,7.13,6.83,8.10,7.69,8.98,6.49,8.30,5.31,5.94,5.67,2.99,7.50,12.52,12.65,7.42,8.22,7.69,3.39,5.98,7.17,4.94,19.07,21.44,18.97,19.51,19.75,21.35,21.50,20.41,19.30,20.16,18.82,19.76,20.00,18.25,20.99,20.98,21.16,20.22,20.27,21.33,20.45,17.79,20.39,21.50,17.14,17.95,16.94,20.26,18.51,17.78,18.75,17.51,18.71,19.29,18.12,18.12,19.79,18.30,19.20,19.50,9.16,10.21,6.46,6.32,8.59,6.12,5.19,7.52,7.46,6.44,10.76,8.13,5.94,7.41,6.43,15.60,17.26,17.17,15.37,16.98,14.57,16.06],
  [18.65,9.55,11.31,5.74,9.95,23.59,2.81,2.94,2.43,2.43,2.19,99.00,6.34,11.81,9.80,11.32,13.53,12.35,13.29,12.19,13.23,10.52,11.70,12.87,12.84,12.65,11.77,12.66,3.12,5.56,3.21,9.88,9.14,9.26,13.29,13.70,10.41,14.71,3.30,2.26,4.69,7.26,6.61,4.97,4.69,6.41,5.60,6.81,4.32,6.48,3.53,3.75,3.72,0.96,5.47,10.34,10.50,5.53,6.09,5.50,1.60,4.05,4.98,2.75,19.77,22.27,19.58,20.02,20.34,22.20,22.34,21.07,19.89,20.89,19.62,20.52,20.77,18.84,21.87,21.75,21.99,20.95,21.12,22.07,21.31,18.65,21.18,22.36,18.04,18.61,17.92,20.96,18.54,17.58,18.71,17.21,18.46,19.46,18.26,18.26,20.02,18.15,19.33,19.63,8.41,9.44,7.45,6.81,8.39,5.76,5.58,8.28,8.06,7.18,10.14,7.54,6.53,7.84,5.79,16.57,17.89,17.84,16.46,17.43,15.54,17.04],
  [17.26,11.93,7.52,3.46,14.60,20.10,9.10,9.20,4.14,4.14,8.14,6.34,99.00,8.53,8.21,10.23,11.85,9.90,11.13,9.08,11.87,9.26,10.50,12.78,11.10,10.40,9.46,11.79,3.75,10.66,8.93,11.80,11.47,11.42,14.62,15.21,12.30,17.42,5.97,4.91,3.50,4.71,7.25,4.97,2.97,8.70,6.12,3.62,4.92,8.17,7.00,4.31,6.43,6.26,6.51,7.39,8.17,7.33,5.91,3.83,6.66,6.58,4.52,4.43,18.70,21.49,18.27,18.38,18.92,21.46,21.58,19.83,18.50,19.86,18.89,19.59,19.85,17.54,21.23,20.79,21.23,19.94,20.47,21.02,20.65,18.17,20.31,21.65,17.75,17.56,17.88,19.84,15.66,14.10,15.62,13.51,14.81,16.91,15.70,15.70,17.58,14.78,16.64,16.95,4.99,5.61,9.29,7.71,6.69,5.21,6.96,9.23,8.68,8.52,6.57,5.08,7.81,8.11,4.46,16.58,16.80,16.84,16.90,15.82,15.70,17.07],
  [9.07,9.37,1.22,11.94,21.69,11.89,13.53,13.51,10.98,10.98,12.21,11.81,8.53,99.00,3.01,3.91,4.07,1.84,3.03,0.59,4.43,3.43,3.85,6.57,3.47,2.41,1.83,4.98,11.09,17.33,15.02,20.06,19.60,19.60,23.06,23.63,20.58,25.57,13.43,11.89,11.71,13.23,15.58,13.19,11.16,16.70,14.38,12.13,12.93,16.31,14.32,12.12,13.99,12.39,14.67,15.63,16.53,15.36,14.29,12.25,13.06,14.24,12.78,11.68,10.64,13.47,10.09,10.04,10.66,13.47,13.57,11.61,10.27,11.76,11.04,11.56,11.82,9.39,13.31,12.69,13.22,11.85,12.57,12.86,12.74,10.55,12.28,13.67,10.33,9.56,10.68,11.68,7.16,5.82,7.17,5.40,6.66,8.39,7.17,7.17,9.06,6.44,8.12,8.43,3.69,2.91,7.73,6.55,3.66,6.12,7.28,6.59,6.12,7.04,1.96,4.29,6.99,5.70,6.02,9.61,8.83,8.94,10.31,7.60,9.01,10.04],
  [9.24,6.43,3.53,11.29,19.75,13.89,11.10,11.06,9.52,9.52,9.79,9.80,8.21,3.01,99.00,2.03,3.85,2.64,3.49,3.04,3.73,1.07,2.29,4.75,3.11,2.86,2.05,3.59,9.82,15.36,12.96,18.87,18.30,18.35,22.07,22.59,19.41,24.19,11.98,10.38,10.81,12.81,14.59,12.20,10.29,15.39,13.35,11.74,11.81,15.12,12.76,10.95,12.55,10.52,13.56,15.59,16.36,14.13,13.41,11.50,11.23,12.84,11.84,10.29,10.59,13.33,10.23,10.49,10.94,13.30,13.42,11.78,10.50,11.75,10.71,11.45,11.71,9.49,13.05,12.67,13.07,11.83,12.29,12.92,12.47,9.96,12.16,13.48,9.54,9.43,9.70,11.75,8.76,8.02,8.97,7.82,8.97,9.66,8.46,8.46,10.24,8.52,9.52,9.83,3.46,3.55,4.74,3.70,1.59,4.11,4.63,3.58,3.12,4.08,3.01,3.14,4.14,2.74,4.38,8.43,8.67,8.69,8.86,7.88,7.60,8.92],
  [7.40,5.89,4.86,13.26,21.20,12.87,12.27,12.20,11.30,11.30,10.99,11.32,10.23,3.91,2.03,99.00,2.28,2.48,2.50,3.62,1.91,0.97,0.40,2.82,1.72,2.25,2.14,1.56,11.66,16.81,14.38,20.67,20.07,20.13,23.92,24.42,21.21,25.90,13.74,12.13,12.74,14.81,16.47,14.10,12.23,17.16,15.24,13.75,13.68,16.94,14.46,12.81,14.31,12.11,15.42,17.62,18.38,15.94,15.33,13.46,12.82,14.60,13.76,12.09,8.67,11.37,8.37,8.72,9.10,11.33,11.45,9.90,8.65,9.82,8.73,9.50,9.77,7.62,11.06,10.73,11.10,9.90,10.30,11.01,10.48,7.95,10.21,11.51,7.51,7.50,7.67,9.85,7.64,7.39,7.97,7.41,8.37,8.31,7.16,7.16,8.80,7.75,8.25,8.54,5.47,5.42,5.06,4.67,3.56,5.85,5.83,3.78,3.61,4.69,4.72,5.16,5.06,3.58,6.26,6.41,6.75,6.75,6.87,6.12,5.60,6.89],
  [5.42,7.73,5.27,15.06,23.44,10.64,14.54,14.47,13.36,13.36,13.26,13.53,11.85,4.07,3.85,2.28,99.00,2.23,1.11,3.53,0.66,3.01,1.88,3.22,0.75,1.66,2.47,1.69,13.67,19.05,16.63,22.72,22.15,22.19,25.91,26.43,23.26,28.02,15.83,14.22,14.63,16.53,18.43,16.03,14.10,19.23,17.19,15.45,15.66,18.97,16.58,14.80,16.39,14.29,17.41,19.19,20.02,17.98,17.23,15.30,15.00,16.68,15.67,14.14,6.85,9.66,6.43,6.64,7.11,9.64,9.75,7.99,6.68,8.01,7.11,7.75,8.01,5.69,9.43,8.94,9.40,8.09,8.68,9.17,8.85,6.53,8.47,9.83,6.27,5.72,6.62,7.99,5.41,5.44,5.77,5.62,6.40,6.03,4.89,4.89,6.53,5.69,5.97,6.26,6.88,6.52,7.28,6.94,5.43,7.93,8.09,6.01,5.88,6.96,5.63,6.88,7.34,5.86,8.23,5.58,4.96,5.03,6.35,4.03,5.07,6.00],
  [7.41,8.33,3.03,13.21,22.30,11.27,13.74,13.70,11.85,11.85,12.42,12.35,9.90,1.84,2.64,2.48,2.23,99.00,1.26,1.34,2.60,2.43,2.29,4.87,1.64,0.58,0.60,3.23,12.07,17.91,15.53,21.12,20.60,20.63,24.23,24.77,21.65,26.54,14.33,12.74,12.87,14.61,16.73,14.32,12.33,17.69,15.50,13.51,14.00,17.36,15.16,13.16,14.90,13.03,15.75,17.16,18.02,16.38,15.48,13.49,13.72,15.17,13.93,12.60,8.94,11.76,8.44,8.49,9.06,11.75,11.86,9.98,8.65,10.08,9.28,9.85,10.12,7.72,11.57,11.01,11.51,10.16,10.83,11.21,11.00,8.75,10.57,11.95,8.50,7.83,8.85,10.02,6.20,5.39,6.36,5.22,6.34,7.22,6.00,6.00,7.84,5.88,7.03,7.34,4.91,4.39,7.15,6.30,3.97,6.60,7.27,5.89,5.55,6.59,3.47,5.15,6.75,5.29,6.72,7.77,7.09,7.18,8.48,5.96,7.19,8.20],
  [6.15,8.33,4.25,14.42,23.24,10.49,14.51,14.45,12.93,12.93,13.20,13.29,11.13,3.03,3.49,2.50,1.11,1.26,99.00,2.47,1.66,2.90,2.15,4.19,0.88,0.73,1.68,2.56,13.18,18.84,16.44,22.25,21.71,21.74,25.38,25.92,22.78,27.62,15.41,13.81,14.05,15.84,17.89,15.48,13.51,18.79,16.66,14.74,15.14,18.49,16.21,14.29,15.98,14.01,16.90,18.41,19.27,17.50,16.66,14.68,14.71,16.25,15.10,13.69,7.67,10.50,7.18,7.25,7.80,10.49,10.60,8.72,7.39,8.81,8.02,8.59,8.85,6.46,10.31,9.75,10.25,8.90,9.57,9.94,9.74,7.52,9.31,10.69,7.30,6.57,7.68,8.76,5.31,4.90,5.56,4.93,5.87,6.18,4.97,4.97,6.76,5.27,6.04,6.34,6.14,5.66,7.53,6.94,4.98,7.58,8.02,6.25,6.02,7.09,4.73,6.30,7.37,5.88,7.78,6.67,5.82,5.93,7.46,4.70,6.18,7.09],
  [8.48,9.26,1.80,12.48,22.10,11.44,13.83,13.80,11.44,11.44,12.50,12.19,9.08,0.59,3.04,3.62,3.53,1.34,2.47,99.00,3.93,3.27,3.50,6.17,2.98,1.89,1.47,4.55,11.58,17.73,15.40,20.57,20.10,20.10,23.59,24.15,21.09,26.06,13.90,12.35,12.24,13.79,16.11,13.71,11.68,17.19,14.90,12.70,13.44,16.82,14.78,12.62,14.46,12.79,15.18,16.21,17.11,15.86,14.82,12.79,13.48,14.72,13.30,12.15,10.05,12.88,9.50,9.45,10.07,12.88,12.98,11.02,9.68,11.17,10.46,10.98,11.24,8.80,12.73,12.11,12.64,11.26,11.99,12.27,12.16,9.99,11.70,13.08,9.78,8.98,10.15,11.10,6.63,5.39,6.67,5.02,6.27,7.83,6.62,6.62,8.50,5.99,7.58,7.88,4.20,3.47,7.77,6.68,3.92,6.46,7.49,6.58,6.15,7.11,2.52,4.72,7.13,5.77,6.42,9.10,8.25,8.37,9.82,7.01,8.53,9.52],
  [5.52,7.11,5.60,15.01,23.11,11.18,14.14,14.06,13.18,13.18,12.87,13.23,11.87,4.43,3.73,1.91,0.66,2.60,1.66,3.93,99.00,2.77,1.53,2.56,0.96,2.05,2.70,1.04,13.51,18.72,16.29,22.55,21.96,22.01,25.77,26.28,23.08,27.80,15.63,14.02,14.54,16.52,18.31,15.92,14.02,19.05,17.07,15.44,15.52,18.81,16.36,14.66,16.19,14.02,17.27,19.24,20.04,17.81,17.14,15.23,14.73,16.49,15.57,13.97,6.86,9.62,6.51,6.82,7.22,9.59,9.71,8.06,6.78,8.02,7.02,7.73,7.99,5.76,9.36,8.94,9.36,8.10,8.60,9.19,8.78,6.35,8.44,9.78,6.02,5.70,6.31,8.02,5.96,6.08,6.35,6.28,7.05,6.48,5.38,5.38,6.94,6.32,6.45,6.74,6.95,6.68,6.77,6.55,5.32,7.73,7.74,5.52,5.44,6.51,5.83,6.84,6.93,5.47,8.09,5.19,4.94,4.97,5.89,4.21,4.60,5.63],
  [8.30,5.99,4.22,12.30,20.44,13.40,11.62,11.56,10.40,10.40,10.32,10.52,9.26,3.43,1.07,0.97,3.01,2.43,2.90,3.27,2.77,99.00,1.27,3.70,2.32,2.42,1.91,2.53,10.74,16.05,13.63,19.78,19.18,19.24,23.00,23.51,20.31,25.04,12.86,11.25,11.79,13.84,15.54,13.16,11.28,16.27,14.31,12.78,12.76,16.03,13.59,11.89,13.42,11.29,14.50,16.65,17.41,15.03,14.39,12.51,12.00,13.71,12.81,11.19,9.60,12.32,9.28,9.59,10.00,12.28,12.41,10.82,9.55,10.76,9.69,10.45,10.71,8.53,12.02,11.67,12.05,10.83,11.26,11.94,11.44,8.92,11.15,12.46,8.48,8.44,8.64,10.77,8.20,7.71,8.46,7.62,8.68,8.98,7.80,7.80,9.51,8.14,8.88,9.18,4.52,4.54,4.73,4.04,2.60,4.95,5.14,3.46,3.16,4.22,3.91,4.19,4.47,2.98,5.32,7.36,7.68,7.69,7.80,6.98,6.54,7.85],
  [7.04,6.19,4.86,13.57,21.59,12.49,12.66,12.59,11.66,11.66,11.39,11.70,10.50,3.85,2.29,0.40,1.88,2.29,2.15,3.50,1.53,1.27,99.00,2.76,1.34,1.98,2.03,1.33,12.00,17.20,14.77,21.03,20.43,20.48,24.26,24.77,21.56,26.27,14.10,12.49,13.06,15.10,16.81,14.43,12.55,17.52,15.57,14.03,14.02,17.29,14.82,13.15,14.67,12.49,15.76,17.88,18.66,16.29,15.65,13.77,13.20,14.96,14.08,12.45,8.33,11.06,8.02,8.35,8.74,11.02,11.14,9.56,8.30,9.49,8.43,9.18,9.44,7.27,10.76,10.40,10.79,9.57,10.00,10.67,10.18,7.67,9.89,11.20,7.26,7.17,7.44,9.51,7.25,7.04,7.58,7.08,8.02,7.91,6.77,6.77,8.41,7.39,7.85,8.14,5.68,5.57,5.44,5.06,3.86,6.20,6.23,4.16,4.01,5.08,4.82,5.43,5.46,3.98,6.59,6.21,6.41,6.42,6.72,5.75,5.44,6.68],
  [6.11,5.12,7.61,15.61,22.46,13.08,13.27,13.17,13.29,13.29,12.10,12.87,12.78,6.57,4.75,2.82,3.22,4.87,4.19,6.17,2.56,3.70,2.76,99.00,3.36,4.41,4.74,1.65,13.75,18.15,15.72,22.58,21.91,22.00,25.90,26.38,23.11,27.59,15.64,14.05,14.99,17.22,18.58,16.26,14.51,19.05,17.35,16.19,15.78,18.91,16.24,14.91,16.19,13.75,17.48,20.14,20.85,17.91,17.52,15.76,14.45,16.50,15.96,14.09,6.97,9.40,6.90,7.55,7.70,9.33,9.47,8.32,7.25,8.06,6.75,7.67,7.91,6.22,9.00,8.89,9.12,8.12,8.25,9.23,8.44,5.78,8.31,9.49,5.20,5.86,5.19,8.16,8.00,8.50,8.48,8.77,9.43,8.16,7.24,7.24,8.45,8.64,8.25,8.49,8.20,8.23,5.65,6.09,6.12,7.97,7.32,4.62,4.83,5.71,7.54,7.74,6.34,5.15,8.54,3.85,5.19,5.08,4.13,5.25,2.92,4.34],
  [6.17,7.46,4.64,14.31,22.76,11.16,13.92,13.86,12.63,12.63,12.63,12.84,11.10,3.47,3.11,1.72,0.75,1.64,0.88,2.98,0.96,2.32,1.34,3.36,99.00,1.10,1.77,1.71,12.93,18.37,15.95,21.99,21.42,21.46,25.17,25.69,22.52,27.30,15.10,13.49,13.88,15.78,17.68,15.29,13.35,18.50,16.45,14.70,14.91,18.23,15.86,14.06,15.66,13.59,16.67,18.45,19.27,17.24,16.49,14.55,14.30,15.95,14.92,13.41,7.60,10.40,7.18,7.39,7.86,10.37,10.49,8.74,7.43,8.75,7.84,8.49,8.76,6.44,10.16,9.69,10.14,8.84,9.41,9.92,9.58,7.23,9.21,10.57,6.93,6.46,7.24,8.74,5.93,5.72,6.25,5.79,6.69,6.66,5.49,5.49,7.19,6.05,6.57,6.87,6.14,5.80,6.78,6.32,4.69,7.21,7.45,5.50,5.32,6.40,4.93,6.13,6.73,5.24,7.50,6.14,5.70,5.76,6.85,4.78,5.55,6.58],
  [6.88,8.14,3.61,13.69,22.60,11.04,13.94,13.89,12.24,12.24,12.63,12.65,10.40,2.41,2.86,2.25,1.66,0.58,0.73,1.89,2.05,2.42,1.98,4.41,1.10,99.00,0.96,2.76,12.48,18.21,15.81,21.54,21.01,21.04,24.67,25.21,22.07,26.93,14.72,13.12,13.33,15.11,17.17,14.77,12.79,18.09,15.94,14.02,14.43,17.78,15.53,13.58,15.28,13.35,16.18,17.69,18.54,16.80,15.94,13.96,14.05,15.56,14.38,13.00,8.39,11.21,7.90,7.98,8.53,11.20,11.30,9.45,8.11,9.53,8.71,9.30,9.56,7.17,11.01,10.46,10.96,9.61,10.27,10.66,10.44,8.17,10.02,11.39,7.92,7.27,8.27,9.48,5.90,5.29,6.11,5.21,6.26,6.85,5.63,5.63,7.45,5.72,6.68,6.99,5.41,4.94,7.14,6.42,4.30,6.92,7.45,5.86,5.58,6.64,4.02,5.58,6.86,5.38,7.09,7.21,6.52,6.61,7.94,5.43,6.64,7.64],
  [7.81,7.88,2.93,12.74,21.72,11.86,13.14,13.10,11.30,11.30,11.83,11.77,9.46,1.83,2.05,2.14,2.47,0.60,1.68,1.47,2.70,1.91,2.03,4.74,1.77,0.96,99.00,3.15,11.53,17.33,14.95,20.59,20.06,20.09,23.72,24.25,21.12,25.99,13.78,12.19,12.37,14.16,16.22,13.81,11.83,17.15,14.99,13.07,13.48,16.83,14.60,12.63,14.35,12.45,15.23,16.76,17.60,15.85,14.98,13.00,13.15,14.62,13.43,12.05,9.29,12.11,8.83,8.93,9.47,12.09,12.20,10.38,9.05,10.44,9.58,10.20,10.46,8.10,11.89,11.38,11.85,10.52,11.14,11.59,11.32,8.99,10.92,12.29,8.70,8.17,9.00,10.40,6.78,5.98,6.95,5.80,6.93,7.77,6.55,6.55,8.38,6.47,7.60,7.90,4.47,4.05,6.60,5.72,3.39,6.02,6.68,5.35,4.99,6.02,3.16,4.63,6.16,4.72,6.16,7.88,7.41,7.49,8.53,6.36,7.23,8.32],
  [6.00,6.09,6.07,14.81,22.46,12.13,13.40,13.32,12.78,12.78,12.16,12.66,11.79,4.98,3.59,1.56,1.69,3.23,2.56,4.55,1.04,2.53,1.33,1.65,1.71,2.76,3.15,99.00,13.16,18.09,15.66,22.14,21.52,21.58,25.40,25.90,22.68,27.31,15.20,13.59,14.27,16.36,17.98,15.61,13.77,18.62,16.75,15.31,15.19,18.42,15.88,14.32,15.76,13.48,16.92,19.18,19.94,17.41,16.85,15.00,14.19,16.06,15.28,13.57,7.18,9.84,6.93,7.37,7.68,9.79,9.92,8.45,7.23,8.32,7.19,7.99,8.25,6.19,9.52,9.22,9.57,8.40,8.76,9.51,8.94,6.39,8.69,9.97,5.95,6.01,6.12,8.37,6.93,7.12,7.34,7.31,8.08,7.35,6.29,6.29,7.76,7.35,7.36,7.63,7.00,6.88,5.92,5.88,5.12,7.33,7.10,4.70,4.70,5.74,6.12,6.72,6.23,4.83,7.78,4.88,5.27,5.25,5.42,4.82,4.13,5.36],
  [19.04,11.43,10.31,2.69,10.98,22.96,5.90,6.04,0.74,0.74,5.26,3.12,3.75,11.09,9.82,11.66,13.67,12.07,13.18,11.58,13.51,10.74,12.00,13.75,12.93,12.48,11.53,13.16,99.00,6.93,5.22,9.07,8.54,8.56,12.26,12.77,9.60,14.49,2.38,1.18,1.66,4.32,4.83,2.54,1.57,5.62,3.61,3.73,2.04,5.31,3.37,1.17,2.92,2.70,3.76,7.49,7.82,4.32,3.81,2.53,2.97,3.15,2.32,0.69,20.33,23.00,20.02,20.30,20.74,22.94,23.07,21.56,20.30,21.48,20.34,21.15,21.41,19.27,22.65,22.38,22.72,21.55,21.89,22.66,22.08,19.47,21.84,23.12,18.94,19.16,18.93,21.51,18.19,16.90,18.25,16.40,17.70,19.29,18.06,18.06,19.91,17.53,19.08,19.39,7.41,8.33,8.97,7.80,8.24,5.83,6.66,9.42,9.03,8.43,9.20,6.92,7.69,8.62,5.43,17.58,18.41,18.40,17.66,17.69,16.60,18.07],
  [24.08,14.17,16.76,8.28,4.40,29.14,5.11,5.27,6.69,6.69,6.09,5.56,10.66,17.33,15.36,16.81,19.05,17.91,18.84,17.73,18.72,16.05,17.20,18.15,18.37,18.21,17.33,18.09,6.93,99.00,2.44,6.33,5.43,5.67,9.55,9.76,6.75,9.81,4.77,5.81,7.53,8.93,6.06,6.55,7.93,4.27,6.06,9.18,6.19,4.95,3.76,6.47,4.44,4.95,5.57,11.03,10.62,4.79,6.73,7.83,4.30,4.44,6.93,6.24,25.11,27.52,24.97,25.46,25.75,27.43,27.58,26.44,25.29,26.21,24.89,25.82,26.06,24.24,27.08,27.04,27.24,26.27,26.35,27.38,26.53,23.87,26.45,27.58,23.23,23.97,23.03,26.30,24.10,23.12,24.27,22.73,23.99,25.01,23.81,23.81,25.56,23.70,24.88,25.18,13.82,14.84,12.54,12.21,13.95,11.32,11.00,13.54,13.42,12.45,15.59,13.04,11.88,13.27,11.31,21.69,23.27,23.19,21.46,22.90,20.66,22.15],
  [21.64,11.84,14.51,7.18,6.81,26.78,2.91,3.09,4.80,4.80,3.71,3.21,8.93,15.02,12.96,14.38,16.63,15.53,16.44,15.40,16.29,13.63,14.77,15.72,15.95,15.81,14.95,15.66,5.22,2.44,99.00,7.95,7.09,7.28,11.33,11.63,8.43,12.08,3.61,4.04,6.25,8.24,6.15,5.69,6.51,4.98,5.66,8.20,5.16,5.41,2.89,5.12,3.57,2.78,5.28,10.86,10.69,4.80,6.33,6.78,2.27,3.75,5.96,4.56,22.68,25.10,22.53,23.03,23.31,25.01,25.16,24.01,22.86,23.78,22.47,23.39,23.63,21.81,24.66,24.61,24.81,23.84,23.93,24.95,24.11,21.45,24.03,25.16,20.81,21.54,20.63,23.87,21.72,20.78,21.89,20.42,21.67,22.60,21.41,21.41,23.15,21.35,22.48,22.78,11.59,12.62,10.12,9.77,11.58,8.96,8.56,11.11,10.98,10.01,13.34,10.75,9.44,10.84,9.00,19.29,20.83,20.76,19.07,20.47,18.26,19.74],
  [28.07,19.41,19.18,8.38,5.98,31.85,10.84,11.02,9.37,9.37,11.41,9.88,11.80,20.06,18.87,20.67,22.72,21.12,22.25,20.57,22.55,19.78,21.03,22.58,21.99,21.54,20.59,22.14,9.07,6.33,7.95,99.00,0.90,0.67,3.42,3.82,0.54,5.64,6.95,8.55,8.38,7.73,4.56,6.89,8.94,3.53,5.71,8.64,7.13,3.76,6.38,7.96,6.39,8.94,5.39,7.84,6.93,4.75,5.91,7.98,8.28,6.09,7.32,8.58,29.32,31.93,29.04,29.36,29.77,31.87,32.01,30.58,29.33,30.46,29.27,30.12,30.38,28.30,31.56,31.35,31.66,30.53,30.81,31.65,30.99,28.35,30.80,32.04,27.78,28.15,27.71,30.50,27.20,25.81,27.23,25.25,26.55,28.33,27.11,27.11,28.97,26.46,28.12,28.43,16.37,17.21,17.32,16.50,17.30,14.83,15.28,18.05,17.76,16.98,18.12,15.97,16.28,17.44,14.49,26.35,27.41,27.38,26.30,26.74,25.34,26.83],
  [27.47,18.64,18.75,8.10,5.32,31.43,9.99,10.17,8.79,8.79,10.59,9.14,11.47,19.60,18.30,20.07,22.15,20.60,21.71,20.10,21.96,19.18,20.43,21.91,21.42,21.01,20.06,21.52,8.54,5.43,7.09,0.90,99.00,0.29,4.25,4.59,1.35,5.98,6.33,7.94,7.99,7.63,4.29,6.50,8.55,2.92,5.35,8.46,6.67,3.30,5.68,7.47,5.76,8.21,4.97,8.10,7.26,4.23,5.65,7.68,7.54,5.47,6.95,8.02,28.69,31.29,28.43,28.77,29.17,31.22,31.36,29.96,28.72,29.83,28.63,29.48,29.74,27.69,30.90,30.72,31.01,29.90,30.15,31.02,30.34,27.69,30.16,31.39,27.11,27.53,27.02,29.88,26.72,25.37,26.77,24.84,26.14,27.82,26.60,26.60,28.45,26.02,27.62,27.93,15.91,16.77,16.59,15.83,16.74,14.23,14.60,17.36,17.09,16.28,17.67,15.46,15.60,16.79,13.93,25.66,26.79,26.76,25.59,26.16,24.65,26.14],
  [27.53,18.77,18.74,8.03,5.59,31.42,10.18,10.36,8.83,8.83,10.75,9.26,11.42,19.60,18.35,20.13,22.19,20.63,21.74,20.10,22.01,19.24,20.48,22.00,21.46,21.04,20.09,21.58,8.56,5.67,7.28,0.67,0.29,99.00,4.08,4.44,1.17,6.01,6.39,8.00,7.96,7.50,4.21,6.47,8.52,2.96,5.30,8.36,6.67,3.29,5.77,7.48,5.83,8.32,4.94,7.89,7.03,4.24,5.57,7.61,7.66,5.53,6.91,8.05,28.76,31.36,28.49,28.82,29.23,31.30,31.43,30.02,28.78,29.90,28.70,29.55,29.81,27.75,30.98,30.79,31.08,29.97,30.23,31.09,30.42,27.77,30.23,31.47,27.20,27.59,27.12,29.95,26.73,25.36,26.77,24.82,26.12,27.84,26.62,26.62,28.47,26.01,27.63,27.94,15.91,16.76,16.70,15.91,16.78,14.28,14.69,17.46,17.18,16.38,17.67,15.48,15.69,16.86,13.97,25.76,26.85,26.82,25.70,26.21,24.74,26.23],
  [31.29,22.83,22.12,11.16,7.99,34.73,14.24,14.42,12.63,12.63,14.83,13.29,14.62,23.06,22.07,23.92,25.91,24.23,25.38,23.59,25.77,23.00,24.26,25.90,25.17,24.67,23.72,25.40,12.26,9.55,11.33,3.42,4.25,4.08,99.00,0.65,2.91,4.05,10.27,11.86,11.36,10.15,7.50,9.90,11.91,6.89,8.73,11.19,10.25,6.99,9.77,11.11,9.73,12.34,8.50,9.24,8.17,8.00,8.77,10.82,11.69,9.42,10.30,11.84,32.58,35.23,32.28,32.55,32.99,35.17,35.30,33.82,32.55,33.73,32.57,33.39,33.65,31.53,34.87,34.63,34.95,33.80,34.11,34.92,34.30,31.67,34.08,35.34,31.11,31.41,31.06,33.76,30.22,28.73,30.21,28.13,29.43,31.40,30.18,30.18,32.05,29.40,31.17,31.47,19.39,20.17,20.71,19.84,20.48,18.07,18.63,21.41,21.10,20.35,21.11,19.09,19.64,20.76,17.68,29.70,30.66,30.65,29.68,29.94,28.69,30.18],
  [31.81,23.22,22.69,11.75,7.89,35.31,14.55,14.72,13.13,13.13,15.18,13.70,15.21,23.63,22.59,24.42,26.43,24.77,25.92,24.15,26.28,23.51,24.77,26.38,25.69,25.21,24.25,25.90,12.77,9.76,11.63,3.82,4.59,4.44,0.65,99.00,3.29,3.47,10.74,12.33,11.92,10.77,8.05,10.45,12.47,7.33,9.27,11.80,10.78,7.48,10.20,11.64,10.19,12.76,9.03,9.89,8.82,8.49,9.34,11.40,12.10,9.88,10.85,12.33,33.08,35.71,32.79,33.07,33.51,35.65,35.79,34.33,33.06,34.23,33.05,33.89,34.15,32.04,35.35,35.12,35.44,34.30,34.59,35.41,34.78,32.15,34.58,35.83,31.58,31.91,31.52,34.26,30.78,29.31,30.78,28.72,30.02,31.96,30.73,30.73,32.60,29.97,31.72,32.03,19.95,20.74,21.13,20.30,21.01,18.57,19.08,21.86,21.57,20.79,21.67,19.63,20.09,21.23,18.20,30.16,31.16,31.15,30.12,30.46,29.15,30.64],
  [28.60,19.93,19.69,8.86,6.08,32.36,11.34,11.52,9.91,9.91,11.92,10.41,12.30,20.58,19.41,21.21,23.26,21.65,22.78,21.09,23.08,20.31,21.56,23.11,22.52,22.07,21.12,22.68,9.60,6.75,8.43,0.54,1.35,1.17,2.91,3.29,99.00,5.18,7.49,9.09,8.89,8.16,5.05,7.40,9.45,4.06,6.21,9.09,7.66,4.29,6.91,8.49,6.93,9.47,5.91,8.11,7.16,5.28,6.40,8.47,8.81,6.62,7.83,9.12,29.85,32.47,29.58,29.89,30.31,32.41,32.54,31.11,29.86,31.00,29.81,30.65,30.91,28.83,32.10,31.89,32.19,31.07,31.34,32.19,31.53,28.89,31.34,32.58,28.32,28.69,28.25,31.04,27.72,26.32,27.75,25.76,27.06,28.86,27.63,27.63,29.49,26.97,28.64,28.95,16.89,17.72,17.85,17.04,17.83,15.36,15.81,18.59,18.30,17.51,18.64,16.50,16.82,17.98,15.02,26.89,27.94,27.92,26.84,27.28,25.88,27.37],
  [33.29,23.93,24.73,14.02,6.52,37.41,14.91,15.07,14.69,14.69,15.79,14.71,17.42,25.57,24.19,25.90,28.02,26.54,27.62,26.06,27.80,25.04,26.27,27.59,27.30,26.93,25.99,27.31,14.49,9.81,12.08,5.64,5.98,6.01,4.05,3.47,5.18,99.00,12.21,13.81,13.97,13.34,10.19,12.47,14.52,8.87,11.31,14.27,12.66,9.28,11.44,13.45,11.65,13.84,10.95,12.99,11.95,10.21,11.55,13.61,13.14,11.37,12.92,13.94,34.46,36.99,34.23,34.62,34.99,36.91,37.06,35.75,34.54,35.59,34.34,35.22,35.47,33.49,36.58,36.45,36.71,35.65,35.84,36.77,36.02,33.36,35.88,37.07,32.75,33.30,32.62,35.65,32.68,31.35,32.73,30.82,32.12,33.76,32.54,32.54,34.38,32.00,33.56,33.87,21.88,22.75,22.11,21.51,22.65,20.09,20.28,22.99,22.77,21.89,23.65,21.40,21.25,22.52,19.84,31.26,32.57,32.52,31.11,32.01,30.24,31.73],
  [21.14,12.74,12.68,3.60,8.64,25.31,5.42,5.60,2.48,2.48,5.33,3.30,5.97,13.43,11.98,13.74,15.83,14.33,15.41,13.90,15.63,12.86,14.10,15.64,15.10,14.72,13.78,15.20,2.38,4.77,3.61,6.95,6.33,6.39,10.27,10.74,7.49,12.21,99.00,1.61,2.77,4.64,3.31,2.09,3.16,3.43,2.36,4.60,1.55,3.30,1.03,1.70,0.57,2.37,2.18,7.42,7.41,2.31,2.94,3.19,1.98,0.86,2.35,1.76,22.37,24.98,22.11,22.44,22.84,24.92,25.06,23.64,22.40,23.51,22.32,23.17,23.43,21.36,24.61,24.40,24.71,23.59,23.86,24.70,24.05,21.41,23.85,25.09,20.84,21.21,20.78,23.56,20.49,19.25,20.57,18.76,20.06,21.55,20.33,20.33,22.16,19.87,21.36,21.67,9.77,10.70,10.49,9.57,10.43,7.90,8.36,11.14,10.83,10.08,11.56,9.21,9.37,10.50,7.63,19.42,20.46,20.44,19.41,19.83,18.42,19.91],
  [19.53,11.32,11.18,3.53,9.96,23.78,4.91,5.06,0.92,0.92,4.45,2.26,4.91,11.89,10.38,12.13,14.22,12.74,13.81,12.35,14.02,11.25,12.49,14.05,13.49,13.12,12.19,13.59,1.18,5.81,4.04,8.55,7.94,8.00,11.86,12.33,9.09,13.81,1.61,99.00,2.49,5.00,4.68,2.75,2.59,5.03,3.54,4.61,2.11,4.87,2.43,1.49,2.18,1.62,3.53,8.08,8.27,3.86,3.94,3.26,1.80,2.47,2.73,0.56,20.76,23.38,20.50,20.83,21.23,23.32,23.46,22.03,20.78,21.91,20.72,21.56,21.82,19.75,23.02,22.80,23.10,21.98,22.26,23.10,22.45,19.81,22.25,23.49,19.25,19.60,19.20,21.95,18.91,17.71,19.01,17.25,18.54,19.96,18.74,18.74,20.57,18.33,19.78,20.09,8.25,9.22,8.98,7.99,8.83,6.29,6.79,9.58,9.25,8.54,10.04,7.64,7.82,8.90,6.03,17.84,18.85,18.83,17.85,18.22,16.84,18.33],
  [20.04,12.98,10.81,1.05,11.21,23.47,7.40,7.55,2.39,2.39,6.87,4.69,3.50,11.71,10.81,12.74,14.63,12.87,14.05,12.24,14.54,11.79,13.06,14.99,13.88,13.33,12.37,14.27,1.66,7.53,6.25,8.38,7.99,7.96,11.36,11.92,8.89,13.97,2.77,2.49,99.00,2.66,3.87,1.49,0.56,5.20,2.67,2.12,1.44,4.69,3.78,1.13,3.12,4.11,3.02,5.84,6.21,3.83,2.61,0.88,4.17,3.19,1.06,1.95,21.39,24.11,21.04,21.26,21.74,24.07,24.19,22.59,21.30,22.55,21.47,22.24,22.50,20.29,23.79,23.47,23.84,22.63,23.03,23.73,23.22,20.64,22.95,24.25,20.14,20.23,20.18,22.56,18.87,17.43,18.88,16.87,18.17,20.04,18.82,18.82,20.69,18.09,19.81,20.11,8.04,8.84,10.46,9.19,9.22,7.01,8.11,10.81,10.38,9.87,9.76,7.76,9.12,9.92,6.49,18.83,19.47,19.48,18.98,18.66,17.88,19.32],
  [21.94,15.55,12.19,1.71,11.89,24.66,9.85,10.02,5.05,5.05,9.45,7.26,4.71,13.23,12.81,14.81,16.53,14.61,15.84,13.79,16.52,13.84,15.10,17.22,15.78,15.11,14.16,16.36,4.32,8.93,8.24,7.73,7.63,7.50,10.15,10.77,8.16,13.34,4.64,5.00,2.66,99.00,3.44,2.55,2.93,5.42,2.90,1.10,3.12,4.69,5.41,3.51,4.69,6.56,3.40,3.18,3.66,4.29,2.27,1.79,6.46,4.58,2.34,4.52,23.37,26.14,22.96,23.09,23.62,26.10,26.23,24.51,23.20,24.53,23.52,24.25,24.51,22.22,25.86,25.45,25.87,24.61,25.10,25.69,25.28,22.76,24.96,26.29,22.30,22.22,22.39,24.51,20.34,18.72,20.28,18.09,19.38,21.61,20.40,20.40,22.29,19.41,21.34,21.64,9.70,10.32,12.99,11.63,11.24,9.31,10.62,13.25,12.78,12.36,11.28,9.68,11.61,12.27,8.69,21.06,21.45,21.49,21.28,20.52,20.13,21.55],
  [23.83,15.99,14.67,3.82,8.51,27.32,8.54,8.72,5.31,5.31,8.61,6.61,7.25,15.58,14.59,16.47,18.43,16.73,17.89,16.11,18.31,15.54,16.81,18.58,17.68,17.17,16.22,17.98,4.83,6.06,6.15,4.56,4.29,4.21,7.50,8.05,5.05,10.19,3.31,4.68,3.87,3.44,99.00,2.40,4.42,2.05,1.24,4.19,2.80,1.28,3.40,3.67,2.94,5.67,1.15,4.97,4.60,1.36,1.36,3.42,5.22,2.63,2.81,4.52,25.14,27.82,24.82,25.07,25.52,27.77,27.90,26.36,25.09,26.29,25.17,25.97,26.23,24.07,27.48,27.20,27.55,26.37,26.72,27.48,26.91,24.30,26.67,27.95,23.77,23.97,23.76,26.32,22.74,21.29,22.75,20.72,22.02,23.91,22.68,22.68,24.55,21.95,23.67,23.98,11.91,12.71,13.65,12.60,13.00,10.65,11.42,14.21,13.84,13.18,13.63,11.59,12.45,13.44,10.22,22.41,23.22,23.22,22.47,22.46,21.42,22.89],
  [21.43,13.93,12.30,1.80,9.94,24.96,7.40,7.57,3.13,3.13,7.13,4.97,4.97,13.19,12.20,14.10,16.03,14.32,15.48,13.71,15.92,13.16,14.43,16.26,15.29,14.77,13.81,15.61,2.54,6.55,5.69,6.89,6.50,6.47,9.90,10.45,7.40,12.47,2.09,2.75,1.49,2.55,2.40,99.00,2.05,3.75,1.18,2.64,0.64,3.20,2.89,1.39,2.18,4.16,1.53,5.41,5.53,2.38,1.28,1.34,3.97,2.11,0.47,2.40,22.76,25.46,22.43,22.67,23.13,25.41,25.54,23.98,22.69,23.91,22.81,23.60,23.86,21.68,25.13,24.83,25.18,23.99,24.37,25.10,24.55,21.95,24.30,25.58,21.44,21.59,21.45,23.93,20.34,18.92,20.36,18.37,19.67,21.51,20.28,20.28,22.15,19.58,21.28,21.58,9.51,10.33,11.50,10.34,10.61,8.30,9.20,11.96,11.57,10.97,11.25,9.19,10.23,11.14,7.84,20.09,20.84,20.84,20.19,20.06,19.12,20.58],
  [19.52,12.63,10.25,1.22,11.69,22.91,7.46,7.60,2.29,2.29,6.83,4.69,2.97,11.16,10.29,12.23,14.10,12.33,13.51,11.68,14.02,11.28,12.55,14.51,13.35,12.79,11.83,13.77,1.57,7.93,6.51,8.94,8.55,8.52,11.91,12.47,9.45,14.52,3.16,2.59,0.56,2.93,4.42,2.05,99.00,5.75,3.23,2.19,1.95,5.24,4.18,1.46,3.55,4.20,3.58,6.10,6.55,4.37,3.15,1.25,4.36,3.66,1.62,2.04,20.88,23.60,20.52,20.73,21.21,23.56,23.69,22.07,20.78,22.04,20.96,21.73,21.99,19.77,23.29,22.95,23.33,22.11,22.53,23.21,22.72,20.15,22.44,23.74,19.65,19.72,19.70,22.04,18.31,16.87,18.32,16.31,17.62,19.49,18.27,18.27,20.15,17.53,19.26,19.56,7.48,8.28,10.09,8.77,8.70,6.55,7.72,10.40,9.95,9.47,9.21,7.23,8.72,9.47,6.00,18.36,18.96,18.97,18.53,18.13,17.41,18.85],
  [24.56,15.96,15.88,5.48,6.48,28.55,7.72,7.91,5.87,5.87,8.10,6.41,8.70,16.70,15.39,17.16,19.23,17.69,18.79,17.19,19.05,16.27,17.52,19.05,18.50,18.09,17.15,18.62,5.62,4.27,4.98,3.53,2.92,2.96,6.89,7.33,4.06,8.87,3.43,5.03,5.20,5.42,2.05,3.75,5.75,99.00,2.70,6.05,3.82,0.77,2.89,4.58,2.87,5.46,2.23,6.92,6.40,1.37,3.19,5.02,4.83,2.56,4.21,5.10,25.80,28.41,25.53,25.86,26.26,28.34,28.48,27.06,25.82,26.94,25.75,26.59,26.85,24.79,28.03,27.83,28.13,27.01,27.28,28.13,27.47,24.83,27.28,28.51,24.25,24.63,24.18,26.99,23.81,22.49,23.87,21.97,23.27,24.91,23.68,23.68,25.53,23.13,24.70,25.01,13.01,13.90,13.81,12.97,13.83,11.32,11.75,14.53,14.24,13.46,14.79,12.54,12.76,13.91,11.01,22.82,23.89,23.86,22.79,23.25,21.82,23.30],
  [22.59,14.85,13.48,2.79,9.08,26.14,7.76,7.94,4.11,4.11,7.69,5.60,6.12,14.38,13.35,15.24,17.19,15.50,16.66,14.90,17.07,14.31,15.57,17.35,16.45,15.94,14.99,16.75,3.61,6.06,5.66,5.71,5.35,5.30,8.73,9.27,6.21,11.31,2.36,3.54,2.67,2.90,1.24,1.18,3.23,2.70,99.00,3.38,1.57,2.07,2.78,2.44,2.15,4.70,0.51,5.20,5.08,1.42,0.68,2.35,4.34,1.92,1.62,3.32,23.90,26.59,23.58,23.83,24.29,26.54,26.67,25.13,23.85,25.06,23.93,24.74,25.00,22.83,26.25,25.97,26.31,25.13,25.49,26.24,25.68,23.07,25.43,26.71,22.54,22.74,22.54,25.08,21.53,20.10,21.54,19.55,20.85,22.69,21.46,21.46,23.33,20.76,22.46,22.77,10.69,11.51,12.48,11.39,11.77,9.42,10.23,13.00,12.63,11.99,12.43,10.36,11.25,12.22,8.98,21.18,21.98,21.98,21.26,21.23,20.20,21.67],
  [20.86,14.68,11.10,1.08,12.45,23.59,9.52,9.67,4.46,4.46,8.98,6.81,3.62,12.13,11.74,13.75,15.45,13.51,14.74,12.70,15.44,12.78,14.03,16.19,14.70,14.02,13.07,15.31,3.73,9.18,8.20,8.64,8.46,8.36,11.19,11.80,9.09,14.27,4.60,4.61,2.12,1.10,4.19,2.64,2.19,6.05,3.38,99.00,3.06,5.36,5.50,3.18,4.79,6.22,3.88,4.04,4.66,4.79,2.87,1.42,6.24,4.75,2.27,4.07,22.29,25.06,21.88,22.00,22.53,25.03,25.15,23.43,22.11,23.45,22.45,23.17,23.43,21.14,24.79,24.38,24.80,23.53,24.03,24.61,24.21,21.70,23.88,25.22,21.25,21.14,21.35,23.43,19.25,17.64,19.19,17.01,18.30,20.52,19.31,19.31,21.20,18.32,20.24,20.55,8.60,9.22,12.09,10.68,10.18,8.32,9.71,12.29,11.80,11.43,10.18,8.61,10.68,11.29,7.67,20.03,20.38,20.41,20.27,19.43,19.11,20.52],
  [21.04,13.35,12.08,2.10,9.78,24.75,6.77,6.94,2.56,2.56,6.49,4.32,4.92,12.93,11.81,13.68,15.66,14.00,15.14,13.44,15.52,12.76,14.02,15.78,14.91,14.43,13.48,15.19,2.04,6.19,5.16,7.13,6.67,6.67,10.25,10.78,7.66,12.66,1.55,2.11,1.44,3.12,2.80,0.64,1.95,3.82,1.57,3.06,99.00,3.38,2.46,0.87,1.75,3.52,1.75,6.05,6.17,2.45,1.85,1.66,3.35,1.78,0.80,1.80,22.35,25.03,22.03,22.30,22.74,24.97,25.11,23.58,22.30,23.50,22.37,23.18,23.44,21.29,24.69,24.41,24.75,23.58,23.93,24.69,24.11,21.50,23.87,25.15,20.97,21.18,20.97,23.53,20.07,18.70,20.10,18.16,19.46,21.21,19.98,19.98,21.84,19.35,20.99,21.29,9.24,10.10,10.94,9.83,10.23,7.86,8.67,11.44,11.06,10.43,11.00,8.85,9.70,10.66,7.44,19.62,20.43,20.42,19.69,19.69,18.64,20.10],
  [24.33,16.01,15.46,4.86,7.23,28.13,8.04,8.22,5.64,5.64,8.30,6.48,8.17,16.31,15.12,16.94,18.97,17.36,18.49,16.82,18.81,16.03,17.29,18.91,18.23,17.78,16.83,18.42,5.31,4.95,5.41,3.76,3.30,3.29,6.99,7.48,4.29,9.28,3.30,4.87,4.69,4.69,1.28,3.20,5.24,0.77,2.07,5.36,3.38,99.00,2.99,4.20,2.78,5.52,1.67,6.16,5.68,1.01,2.49,4.42,4.94,2.46,3.66,4.85,25.60,28.23,25.31,25.61,26.03,28.18,28.31,26.84,25.59,26.74,25.58,26.41,26.67,24.56,27.87,27.64,27.96,26.82,27.12,27.93,27.30,24.67,27.09,28.35,24.12,24.43,24.07,26.78,23.45,22.08,23.49,21.54,22.84,24.57,23.35,23.35,25.21,22.73,24.36,24.67,12.63,13.48,13.78,12.86,13.55,11.09,11.65,14.44,14.12,13.38,14.38,12.21,12.67,13.77,10.74,22.71,23.68,23.66,22.71,22.99,21.71,23.19],
  [21.85,13.08,13.61,4.55,7.62,26.21,5.14,5.32,3.35,3.35,5.31,3.53,7.00,14.32,12.76,14.46,16.58,15.16,16.21,14.78,16.36,13.59,14.82,16.24,15.86,15.53,14.60,15.88,3.37,3.76,2.89,6.38,5.68,5.77,9.77,10.20,6.91,11.44,1.03,2.43,3.78,5.41,3.40,2.89,4.18,2.89,2.78,5.50,2.46,2.99,99.00,2.73,0.72,2.57,2.42,7.98,7.84,2.13,3.44,4.12,1.96,0.86,3.23,2.71,23.04,25.62,22.80,23.17,23.55,25.55,25.69,24.32,23.10,24.18,22.96,23.82,24.08,22.06,25.23,25.06,25.34,24.25,24.48,25.37,24.67,22.02,24.50,25.71,21.43,21.88,21.34,24.23,21.34,20.14,21.43,19.68,20.97,22.37,21.15,21.15,22.97,20.76,22.19,22.50,10.68,11.64,10.94,10.15,11.23,8.65,8.92,11.68,11.41,10.60,12.47,10.07,9.92,11.12,8.44,19.98,21.14,21.11,19.93,20.57,18.97,20.46],
  [20.18,12.54,11.30,2.11,10.29,23.97,6.37,6.53,1.74,1.74,5.94,3.75,4.31,12.12,10.95,12.81,14.80,13.16,14.29,12.62,14.66,11.89,13.15,14.91,14.06,13.58,12.63,14.32,1.17,6.47,5.12,7.96,7.47,7.48,11.11,11.64,8.49,13.45,1.70,1.49,1.13,3.51,3.67,1.39,1.46,4.58,2.44,3.18,0.87,4.20,2.73,99.00,2.12,3.07,2.61,6.60,6.83,3.24,2.67,1.79,3.06,2.27,1.27,1.04,21.48,24.16,21.17,21.44,21.88,24.10,24.24,22.71,21.44,22.63,21.50,22.31,22.57,20.42,23.82,23.54,23.88,22.71,23.06,23.82,23.24,20.63,23.00,24.28,20.10,20.31,20.10,22.66,19.25,17.91,19.29,17.39,18.69,20.37,19.15,19.15,21.00,18.55,20.16,20.47,8.44,9.31,10.10,8.96,9.37,6.99,7.82,10.58,10.20,9.58,10.21,8.01,8.84,9.79,6.57,18.75,19.56,19.56,18.83,18.83,17.77,19.24],
  [21.71,13.23,13.23,3.85,8.17,25.87,5.64,5.82,3.05,3.05,5.67,3.72,6.43,13.99,12.55,14.31,16.39,14.90,15.98,14.46,16.19,13.42,14.67,16.19,15.66,15.28,14.35,15.76,2.92,4.44,3.57,6.39,5.76,5.83,9.73,10.19,6.93,11.65,0.57,2.18,3.12,4.69,2.94,2.18,3.55,2.87,2.15,4.79,1.75,2.78,0.72,2.12,99.00,2.77,1.86,7.32,7.23,1.81,2.79,3.41,2.28,0.33,2.52,2.31,22.93,25.54,22.67,23.01,23.41,25.48,25.61,24.20,22.96,24.07,22.88,23.73,23.98,21.92,25.17,24.96,25.26,24.14,24.41,25.26,24.60,21.96,24.41,25.65,21.39,21.77,21.33,24.12,21.05,19.80,21.13,19.32,20.61,22.12,20.89,20.89,22.73,20.43,21.93,22.23,10.32,11.25,11.00,10.11,11.00,8.47,8.90,11.68,11.37,10.62,12.11,9.77,9.91,11.05,8.19,19.97,21.02,21.00,19.95,20.40,18.96,20.45],
  [19.47,10.51,11.81,5.14,9.30,24.22,3.30,3.46,2.13,2.13,2.99,0.96,6.26,12.39,10.52,12.11,14.29,13.03,14.01,12.79,14.02,11.29,12.49,13.75,13.59,13.35,12.45,13.48,2.70,4.95,2.78,8.94,8.21,8.32,12.34,12.76,9.47,13.84,2.37,1.62,4.11,6.56,5.67,4.16,4.20,5.46,4.70,6.22,3.52,5.52,2.57,3.07,2.77,99.00,4.54,9.57,9.67,4.58,5.23,4.85,0.71,3.09,4.24,2.17,20.62,23.15,20.41,20.82,21.17,23.08,23.22,21.92,20.71,21.74,20.50,21.38,21.63,19.67,22.75,22.61,22.87,21.81,22.00,22.93,22.19,19.53,22.04,23.24,18.93,19.46,18.83,21.81,19.23,18.18,19.37,17.78,19.05,20.18,18.97,18.97,20.76,18.77,20.03,20.34,8.88,9.90,8.38,7.67,9.06,6.43,6.44,9.17,8.93,8.08,10.64,8.09,7.41,8.68,6.37,17.47,18.73,18.68,17.38,18.23,16.45,17.94],
  [22.79,14.84,13.80,3.24,8.57,26.47,7.50,7.68,4.19,4.19,7.50,5.47,6.51,14.67,13.56,15.42,17.41,15.75,16.90,15.18,17.27,14.50,15.76,17.48,16.67,16.18,15.23,16.92,3.76,5.57,5.28,5.39,4.97,4.94,8.50,9.03,5.91,10.95,2.18,3.53,3.02,3.40,1.15,1.53,3.58,2.23,0.51,3.88,1.75,1.67,2.42,2.61,1.86,4.54,99.00,5.61,5.42,0.91,1.16,2.79,4.12,1.58,1.99,3.39,24.08,26.75,23.77,24.05,24.49,26.70,26.83,25.32,24.05,25.24,24.09,24.91,25.17,23.03,26.40,26.14,26.48,25.31,25.65,26.42,25.83,23.22,25.60,26.87,22.68,22.92,22.66,25.26,21.81,20.42,21.84,19.88,21.18,22.96,21.73,21.73,23.60,21.08,22.74,23.04,10.98,11.82,12.51,11.47,11.98,9.58,10.29,13.08,12.72,12.05,12.74,10.61,11.32,12.34,9.18,21.30,22.16,22.16,21.35,21.44,20.31,21.79],
  [24.56,18.71,14.51,4.89,13.14,26.58,12.81,12.98,8.21,8.21,12.52,10.34,7.39,15.63,15.59,17.62,19.19,17.16,18.41,16.21,19.24,16.65,17.88,20.14,18.45,17.69,16.76,19.18,7.49,11.03,10.86,7.84,8.10,7.89,9.24,9.89,8.11,12.99,7.42,8.08,5.84,3.18,4.97,5.41,6.10,6.92,5.20,4.04,6.05,6.16,7.98,6.60,7.32,9.57,5.61,99.00,1.10,6.26,4.54,4.96,9.37,7.12,5.36,7.64,26.04,28.84,25.59,25.64,26.21,28.82,28.94,27.13,25.80,27.19,26.26,26.94,27.20,24.86,28.60,28.13,28.58,27.28,27.84,28.34,28.02,25.55,27.66,29.01,25.13,24.91,25.27,27.16,22.59,20.82,22.47,20.12,21.38,23.93,22.75,22.75,24.63,21.52,23.62,23.92,12.31,12.78,16.13,14.72,14.07,12.34,13.74,16.32,15.83,15.46,13.72,12.47,14.72,15.30,11.67,23.96,24.15,24.20,24.24,23.11,23.06,24.45],
  [25.41,19.18,15.43,5.35,12.41,27.59,12.83,13.01,8.52,8.52,12.65,10.50,8.17,16.53,16.36,18.38,20.02,18.02,19.27,17.11,20.04,17.41,18.66,20.85,19.27,18.54,17.60,19.94,7.82,10.62,10.69,6.93,7.26,7.03,8.17,8.82,7.16,11.95,7.41,8.27,6.21,3.66,4.60,5.53,6.55,6.40,5.08,4.66,6.17,5.68,7.84,6.83,7.23,9.67,5.42,1.10,99.00,5.95,4.47,5.34,9.39,6.99,5.56,7.87,26.87,29.66,26.43,26.51,27.07,29.63,29.75,27.98,26.65,28.02,27.06,27.76,28.02,25.70,29.40,28.96,29.40,28.11,28.64,29.18,28.82,26.33,28.47,29.82,25.89,25.72,26.00,28.00,23.54,21.80,23.43,21.11,22.38,24.87,23.68,23.68,25.56,22.49,24.56,24.86,13.14,13.66,16.64,15.29,14.82,12.97,14.27,16.91,16.43,16.01,14.61,13.23,15.26,15.93,12.33,24.68,24.96,25.01,24.92,23.97,23.76,25.17],
  [23.33,15.04,14.53,4.14,7.66,27.20,7.26,7.45,4.64,4.64,7.42,5.53,7.33,15.36,14.13,15.94,17.98,16.38,17.50,15.86,17.81,15.03,16.29,17.91,17.24,16.80,15.85,17.41,4.32,4.79,4.80,4.75,4.23,4.24,8.00,8.49,5.28,10.21,2.31,3.86,3.83,4.29,1.36,2.38,4.37,1.37,1.42,4.79,2.45,1.01,2.13,3.24,1.81,4.58,0.91,6.26,5.95,99.00,2.02,3.68,4.04,1.49,2.85,3.84,24.59,27.23,24.30,24.61,25.03,27.17,27.30,25.84,24.59,25.74,24.57,25.40,25.66,23.56,26.87,26.64,26.95,25.81,26.11,26.93,26.30,23.67,26.09,27.34,23.11,23.43,23.07,25.78,22.49,21.14,22.53,20.61,21.91,23.60,22.38,22.38,24.23,21.79,23.39,23.70,11.67,12.54,12.79,11.86,12.55,10.09,10.65,13.44,13.11,12.38,13.44,11.23,11.67,12.76,9.74,21.71,22.68,22.66,21.71,22.00,20.71,22.19],
  [22.64,15.19,13.36,2.47,9.64,25.99,8.36,8.53,4.40,4.40,8.22,6.09,5.91,14.29,13.41,15.33,17.23,15.48,16.66,14.82,17.14,14.39,15.65,17.52,16.49,15.94,14.98,16.85,3.81,6.73,6.33,5.91,5.65,5.57,8.77,9.34,6.40,11.55,2.94,3.94,2.61,2.27,1.36,1.28,3.15,3.19,0.68,2.87,1.85,2.49,3.44,2.67,2.79,5.23,1.16,4.54,4.47,2.02,99.00,2.07,4.92,2.58,1.57,3.65,23.99,26.69,23.64,23.87,24.34,26.65,26.78,25.19,23.90,25.14,24.05,24.83,25.09,22.90,26.37,26.06,26.42,25.22,25.61,26.32,25.79,23.20,25.53,26.83,22.69,22.82,22.71,25.16,21.45,19.97,21.45,19.39,20.70,22.64,21.42,21.42,23.29,20.64,22.40,22.71,10.63,11.40,12.77,11.61,11.82,9.55,10.48,13.24,12.84,12.25,12.34,10.37,11.50,12.41,9.07,21.36,22.06,22.07,21.46,21.26,20.39,21.85],
  [20.72,13.85,11.30,0.46,11.28,23.92,8.15,8.31,3.26,3.26,7.69,5.50,3.83,12.25,11.50,13.46,15.30,13.49,14.68,12.79,15.23,12.51,13.77,15.76,14.55,13.96,13.00,15.00,2.53,7.83,6.78,7.98,7.68,7.61,10.82,11.40,8.47,13.61,3.19,3.26,0.88,1.79,3.42,1.34,1.25,5.02,2.35,1.42,1.66,4.42,4.12,1.79,3.41,4.85,2.79,4.96,5.34,3.68,2.07,99.00,4.83,3.40,0.91,2.75,22.10,24.83,21.72,21.92,22.41,24.79,24.91,23.28,21.98,23.25,22.19,22.95,23.22,20.98,24.52,24.17,24.56,23.33,23.76,24.43,23.95,21.38,23.66,24.97,20.90,20.93,20.95,23.26,19.41,17.91,19.40,17.33,18.63,20.62,19.40,19.40,21.28,18.58,20.37,20.67,8.61,9.35,11.32,10.02,9.92,7.80,8.96,11.65,11.20,10.71,10.29,8.42,9.96,10.73,7.24,19.61,20.17,20.19,19.78,19.32,18.66,20.10],
  [20.18,11.14,12.46,5.17,8.63,24.91,3.44,3.62,2.53,2.53,3.39,1.60,6.66,13.06,11.23,12.82,15.00,13.72,14.71,13.48,14.73,12.00,13.20,14.45,14.30,14.05,13.15,14.19,2.97,4.30,2.27,8.28,7.54,7.66,11.69,12.10,8.81,13.14,1.98,1.80,4.17,6.46,5.22,3.97,4.36,4.83,4.34,6.24,3.35,4.94,1.96,3.06,2.28,0.71,4.12,9.37,9.39,4.04,4.92,4.83,99.00,2.59,4.12,2.34,21.32,23.85,21.12,21.53,21.87,23.78,23.92,22.62,21.42,22.45,21.20,22.08,22.33,20.38,23.45,23.32,23.57,22.52,22.70,23.64,22.89,20.23,22.75,23.94,19.63,20.17,19.52,22.52,19.93,18.86,20.06,18.46,19.73,20.89,19.68,19.68,21.47,19.46,20.74,21.04,9.53,10.54,9.06,8.38,9.76,7.13,7.14,9.86,9.63,8.77,11.30,8.77,8.11,9.38,7.05,18.16,19.44,19.39,18.06,18.94,17.14,18.63],
  [22.00,13.56,13.46,3.85,8.04,26.11,5.92,6.10,3.32,3.32,5.98,4.05,6.58,14.24,12.84,14.60,16.68,15.17,16.25,14.72,16.49,13.71,14.96,16.50,15.95,15.56,14.62,16.06,3.15,4.44,3.75,6.09,5.47,5.53,9.42,9.88,6.62,11.37,0.86,2.47,3.19,4.58,2.63,2.11,3.66,2.56,1.92,4.75,1.78,2.46,0.86,2.27,0.33,3.09,1.58,7.12,6.99,1.49,2.58,3.40,2.59,99.00,2.50,2.57,23.23,25.85,22.97,23.30,23.70,25.78,25.92,24.50,23.26,24.38,23.19,24.03,24.29,22.22,25.48,25.27,25.57,24.45,24.72,25.57,24.91,22.27,24.71,25.95,21.70,22.07,21.64,24.42,21.31,20.05,21.38,19.55,20.85,22.39,21.16,21.16,23.00,20.68,22.19,22.50,10.56,11.48,11.33,10.43,11.28,8.76,9.21,12.00,11.69,10.94,12.35,10.03,10.23,11.36,8.47,20.28,21.32,21.30,20.27,20.69,19.28,20.76],
  [21.08,13.75,11.87,1.37,10.39,24.53,7.52,7.68,2.98,2.98,7.17,4.98,4.52,12.78,11.84,13.76,15.67,13.93,15.10,13.30,15.57,12.81,14.08,15.96,14.92,14.38,13.43,15.28,2.32,6.93,5.96,7.32,6.95,6.91,10.30,10.85,7.83,12.92,2.35,2.73,1.06,2.34,2.81,0.47,1.62,4.21,1.62,2.27,0.80,3.66,3.23,1.27,2.52,4.24,1.99,5.36,5.56,2.85,1.57,0.91,4.12,2.50,99.00,2.31,22.42,25.12,22.07,22.30,22.77,25.07,25.20,23.62,22.34,23.57,22.47,23.26,23.52,21.33,24.80,24.49,24.85,23.65,24.04,24.75,24.22,21.63,23.96,25.25,21.12,21.25,21.15,23.59,19.93,18.49,19.94,17.93,19.23,21.11,19.88,19.88,21.75,19.15,20.87,21.18,9.10,9.90,11.29,10.08,10.25,7.99,8.97,11.71,11.30,10.73,10.83,8.81,9.99,10.86,7.50,19.80,20.49,20.50,19.92,19.70,18.83,20.29],
  [19.49,11.55,10.93,3.00,10.31,23.56,5.45,5.60,0.80,0.80,4.94,2.75,4.43,11.68,10.29,12.09,14.14,12.60,13.69,12.15,13.97,11.19,12.45,14.09,13.41,13.00,12.05,13.57,0.69,6.24,4.56,8.58,8.02,8.05,11.84,12.33,9.12,13.94,1.76,0.56,1.95,4.52,4.52,2.40,2.04,5.10,3.32,4.07,1.80,4.85,2.71,1.04,2.31,2.17,3.39,7.64,7.87,3.84,3.65,2.75,2.34,2.57,2.31,99.00,20.75,23.39,20.46,20.77,21.19,23.34,23.47,22.00,20.74,21.90,20.73,21.56,21.82,19.71,23.04,22.79,23.12,21.97,22.28,23.08,22.47,19.84,22.25,23.51,19.30,19.58,19.27,21.93,18.74,17.49,18.82,17.01,18.30,19.82,18.60,18.60,20.44,18.12,19.62,19.93,8.01,8.95,9.15,8.08,8.73,6.25,6.91,9.69,9.33,8.67,9.80,7.46,7.93,8.95,5.91,17.91,18.83,18.82,17.96,18.16,16.92,18.40],
  [1.64,11.70,11.85,21.87,29.43,8.79,20.24,20.14,19.95,19.95,19.07,19.77,18.70,10.64,10.59,8.67,6.85,8.94,7.67,10.05,6.86,9.60,8.33,6.97,7.60,8.39,9.29,7.18,20.33,25.11,22.68,29.32,28.69,28.76,32.58,33.08,29.85,34.46,22.37,20.76,21.39,23.37,25.14,22.76,20.88,25.80,23.90,22.29,22.35,25.60,23.04,21.48,22.93,20.62,24.08,26.04,26.87,24.59,23.99,22.10,21.32,23.23,22.42,20.75,99.00,2.83,0.79,1.76,1.17,2.83,2.93,1.36,0.99,1.16,1.02,0.93,1.19,1.28,2.72,2.09,2.59,1.24,2.05,2.34,2.18,1.93,1.64,3.03,2.64,1.17,3.30,1.19,5.88,7.89,6.48,8.67,8.31,4.69,5.00,5.00,4.31,7.45,5.13,5.11,13.74,13.33,12.62,12.96,12.18,14.51,14.19,11.57,11.72,12.66,12.40,13.70,13.25,11.94,14.92,4.08,1.92,1.94,4.97,3.08,4.96,3.85],
  [4.43,13.73,14.68,24.62,31.79,9.89,22.56,22.44,22.59,22.59,21.44,22.27,21.49,13.47,13.33,11.37,9.66,11.76,10.50,12.88,9.62,12.32,11.06,9.40,10.40,11.21,12.11,9.84,23.00,27.52,25.10,31.93,31.29,31.36,35.23,35.71,32.47,36.99,24.98,23.38,24.11,26.14,27.82,25.46,23.60,28.41,26.59,25.06,25.03,28.23,25.62,24.16,25.54,23.15,26.75,28.84,29.66,27.23,26.69,24.83,23.85,25.85,25.12,23.39,2.83,99.00,3.43,3.89,3.09,0.17,0.12,2.13,3.35,1.73,2.66,1.91,1.65,4.09,0.61,0.86,0.28,1.64,1.18,0.99,1.00,3.65,1.19,0.29,4.32,3.94,4.66,1.89,8.25,10.38,8.79,11.19,10.65,6.86,7.48,7.48,6.29,9.85,7.33,7.21,16.54,16.14,14.98,15.48,14.91,17.17,16.71,14.01,14.22,15.11,15.23,16.46,15.74,14.50,17.62,5.90,4.70,4.65,6.43,5.89,6.92,5.49],
  [1.03,11.79,11.29,21.49,29.31,8.11,20.16,20.06,19.67,19.67,18.97,19.58,18.27,10.09,10.23,8.37,6.43,8.44,7.18,9.50,6.51,9.28,8.02,6.90,7.18,7.90,8.83,6.93,20.02,24.97,22.53,29.04,28.43,28.49,32.28,32.79,29.58,34.23,22.11,20.50,21.04,22.96,24.82,22.43,20.52,25.53,23.58,21.88,22.03,25.31,22.80,21.17,22.67,20.41,23.77,25.59,26.43,24.30,23.64,21.72,21.12,22.97,22.07,20.46,0.79,3.43,99.00,1.06,0.80,3.46,3.54,1.55,0.37,1.70,1.77,1.64,1.86,0.75,3.41,2.62,3.22,1.79,2.79,2.77,2.91,2.49,2.29,3.67,3.12,1.12,3.82,1.59,5.09,7.12,5.69,7.90,7.52,3.91,4.22,4.22,3.54,6.67,4.34,4.32,13.29,12.83,12.54,12.78,11.82,14.22,14.01,11.44,11.55,12.53,11.90,13.31,13.09,11.74,14.60,4.41,1.71,1.84,5.38,2.50,5.19,4.25],
  [1.44,12.55,11.22,21.66,29.83,7.06,20.72,20.63,19.99,19.99,19.51,20.02,18.38,10.04,10.49,8.72,6.64,8.49,7.25,9.45,6.82,9.59,8.35,7.55,7.39,7.98,8.93,7.37,20.30,25.46,23.03,29.36,28.77,28.82,32.55,33.07,29.89,34.62,22.44,20.83,21.26,23.09,25.07,22.67,20.73,25.86,23.83,22.00,22.30,25.61,23.17,21.44,23.01,20.82,24.05,25.64,26.51,24.61,23.87,21.92,21.53,23.30,22.30,20.77,1.76,3.89,1.06,99.00,0.81,3.96,4.00,1.76,0.77,2.26,2.78,2.39,2.54,1.42,4.02,3.03,3.73,2.35,3.52,3.04,3.60,3.55,2.90,4.16,4.16,2.06,4.87,2.02,4.37,6.49,4.93,7.30,6.78,3.04,3.59,3.59,2.58,5.97,3.50,3.43,13.39,12.86,13.14,13.25,12.07,14.54,14.47,11.99,12.06,13.07,11.91,13.50,13.59,12.19,14.87,5.38,2.46,2.66,6.39,2.61,6.10,5.26],
  [1.70,12.58,11.85,22.17,30.09,7.66,20.95,20.85,20.40,20.40,19.75,20.34,18.92,10.66,10.94,9.10,7.11,9.06,7.80,10.07,7.22,10.00,8.74,7.70,7.86,8.53,9.47,7.68,20.74,25.75,23.31,29.77,29.17,29.23,32.99,33.51,30.31,34.99,22.84,21.23,21.74,23.62,25.52,23.13,21.21,26.26,24.29,22.53,22.74,26.03,23.55,21.88,23.41,21.17,24.49,26.21,27.07,25.03,24.34,22.41,21.87,23.70,22.77,21.19,1.17,3.09,0.80,0.81,99.00,3.16,3.20,0.99,0.45,1.45,2.16,1.61,1.75,1.50,3.21,2.23,2.93,1.53,2.72,2.27,2.80,3.09,2.09,3.36,3.77,1.90,4.45,1.21,5.18,7.29,5.74,8.10,7.59,3.85,4.39,4.39,3.36,6.78,4.31,4.23,13.94,13.44,13.33,13.55,12.52,14.94,14.77,12.23,12.33,13.31,12.50,13.99,13.87,12.50,15.31,5.14,2.51,2.64,6.08,3.10,5.96,4.95],
  [4.45,13.62,14.68,24.58,31.70,10.04,22.46,22.34,22.54,22.54,21.35,22.20,21.46,13.47,13.30,11.33,9.64,11.75,10.49,12.88,9.59,12.28,11.02,9.33,10.37,11.20,12.09,9.79,22.94,27.43,25.01,31.87,31.22,31.30,35.17,35.65,32.41,36.91,24.92,23.32,24.07,26.10,27.77,25.41,23.56,28.34,26.54,25.03,24.97,28.18,25.55,24.10,25.48,23.08,26.70,28.82,29.63,27.17,26.65,24.79,23.78,25.78,25.07,23.34,2.83,0.17,3.46,3.96,3.16,99.00,0.15,2.21,3.40,1.77,2.60,1.90,1.64,4.10,0.45,0.94,0.24,1.68,1.08,1.13,0.90,3.56,1.19,0.20,4.22,3.93,4.54,1.95,8.33,10.45,8.88,11.26,10.73,6.95,7.55,7.55,6.39,9.93,7.41,7.30,16.52,16.13,14.89,15.41,14.87,17.12,16.64,13.93,14.15,15.03,15.22,16.43,15.67,14.43,17.58,5.80,4.68,4.62,6.31,5.91,6.82,5.38],
  [4.53,13.77,14.78,24.71,31.85,9.99,22.61,22.49,22.67,22.67,21.50,22.34,21.58,13.57,13.42,11.45,9.75,11.86,10.60,12.98,9.71,12.41,11.14,9.47,10.49,11.30,12.20,9.92,23.07,27.58,25.16,32.01,31.36,31.43,35.30,35.79,32.54,37.06,25.06,23.46,24.19,26.23,27.90,25.54,23.69,28.48,26.67,25.15,25.11,28.31,25.69,24.24,25.61,23.22,26.83,28.94,29.75,27.30,26.78,24.91,23.92,25.92,25.20,23.47,2.93,0.12,3.54,4.00,3.20,0.15,99.00,2.25,3.46,1.84,2.74,2.01,1.75,4.19,0.60,0.97,0.36,1.75,1.23,1.10,1.05,3.70,1.29,0.19,4.37,4.04,4.69,2.00,8.36,10.49,8.91,11.30,10.76,6.98,7.59,7.59,6.40,9.97,7.44,7.33,16.63,16.24,15.04,15.55,15.00,17.25,16.78,14.08,14.29,15.17,15.33,16.55,15.81,14.57,17.71,5.95,4.79,4.74,6.46,6.00,6.97,5.53],
  [2.57,13.06,12.81,23.04,30.77,8.16,21.59,21.48,21.21,21.21,20.41,21.07,19.83,11.61,11.78,9.90,7.99,9.98,8.72,11.02,8.06,10.82,9.56,8.32,8.74,9.45,10.38,8.45,21.56,26.44,24.01,30.58,29.96,30.02,33.82,34.33,31.11,35.75,23.64,22.03,22.59,24.51,26.36,23.98,22.07,27.06,25.13,23.43,23.58,26.84,24.32,22.71,24.20,21.92,25.32,27.13,27.98,25.84,25.19,23.28,22.62,24.50,23.62,22.00,1.36,2.13,1.55,1.76,0.99,2.21,2.25,99.00,1.34,0.72,2.04,1.12,1.10,2.30,2.33,1.28,2.00,0.77,1.99,1.29,2.01,3.15,1.28,2.41,3.88,2.47,4.48,0.41,6.12,8.25,6.66,9.06,8.52,4.74,5.36,5.36,4.19,7.72,5.20,5.09,14.84,14.37,13.97,14.27,13.37,15.75,15.50,12.90,13.03,13.99,13.44,14.86,14.57,13.24,16.14,5.40,3.18,3.25,6.23,4.02,6.31,5.12],
  [1.26,12.15,11.47,21.74,29.64,7.82,20.50,20.40,19.95,19.95,19.30,19.89,18.50,10.27,10.50,8.65,6.68,8.65,7.39,9.68,6.78,9.55,8.30,7.25,7.43,8.11,9.05,7.23,20.30,25.29,22.86,29.33,28.72,28.78,32.55,33.06,29.86,34.54,22.40,20.78,21.30,23.20,25.09,22.69,20.78,25.82,23.85,22.11,22.30,25.59,23.10,21.44,22.96,20.71,24.05,25.80,26.65,24.59,23.90,21.98,21.42,23.26,22.34,20.74,0.99,3.35,0.37,0.77,0.45,3.40,3.46,1.34,99.00,1.64,2.01,1.68,1.87,1.05,3.40,2.51,3.16,1.73,2.84,2.61,2.94,2.82,2.27,3.60,3.47,1.49,4.16,1.47,5.01,7.08,5.59,7.88,7.44,3.76,4.18,4.18,3.33,6.60,4.20,4.16,13.52,13.04,12.88,13.09,12.09,14.50,14.32,11.78,11.88,12.86,12.10,13.56,13.42,12.05,14.87,4.78,2.06,2.20,5.74,2.69,5.56,4.61],
  [2.70,12.68,12.97,23.03,30.52,8.87,21.31,21.20,21.10,21.10,20.16,20.89,19.86,11.76,11.75,9.82,8.01,10.08,8.81,11.17,8.02,10.76,9.49,8.06,8.75,9.53,10.44,8.32,21.48,26.21,23.78,30.46,29.83,29.90,33.73,34.23,31.00,35.59,23.51,21.91,22.55,24.53,26.29,23.91,22.04,26.94,25.06,23.45,23.50,26.74,24.18,22.63,24.07,21.74,25.24,27.19,28.02,25.74,25.14,23.25,22.45,24.38,23.57,21.90,1.16,1.73,1.70,2.26,1.45,1.77,1.84,0.72,1.64,99.00,1.47,0.47,0.38,2.37,1.77,0.94,1.53,0.09,1.30,1.19,1.36,2.61,0.64,1.97,3.35,2.32,3.90,0.31,6.62,8.71,7.18,9.51,9.04,5.29,5.81,5.81,4.79,8.22,5.75,5.67,14.89,14.47,13.70,14.08,13.33,15.66,15.31,12.67,12.83,13.76,13.54,14.86,14.37,13.07,16.08,4.91,3.08,3.08,5.68,4.17,5.87,4.60],
  [2.39,11.24,12.25,21.99,29.18,9.81,19.96,19.85,19.93,19.93,18.82,19.62,18.89,11.04,10.71,8.73,7.11,9.28,8.02,10.46,7.02,9.69,8.43,6.75,7.84,8.71,9.58,7.19,20.34,24.89,22.47,29.27,28.63,28.70,32.57,33.05,29.81,34.34,22.32,20.72,21.47,23.52,25.17,22.81,20.96,25.75,23.93,22.45,22.37,25.58,22.96,21.50,22.88,20.50,24.09,26.26,27.06,24.57,24.05,22.19,21.20,23.19,22.47,20.73,1.02,2.66,1.77,2.78,2.16,2.60,2.74,2.04,2.01,1.47,99.00,1.01,1.21,2.03,2.34,2.16,2.38,1.50,1.58,2.54,1.76,1.14,1.56,2.78,1.88,1.54,2.45,1.70,6.78,8.73,7.39,9.48,9.20,5.67,5.88,5.88,5.31,8.33,6.09,6.08,13.97,13.63,12.36,12.82,12.29,14.51,14.06,11.37,11.57,12.47,12.73,13.85,13.09,11.84,14.98,3.45,2.22,2.10,4.21,3.68,4.42,3.13],
  [2.57,12.24,12.78,22.74,30.12,9.19,20.91,20.80,20.76,20.76,19.76,20.52,19.59,11.56,11.45,9.50,7.75,9.85,8.59,10.98,7.73,10.45,9.18,7.67,8.49,9.30,10.20,7.99,21.15,25.82,23.39,30.12,29.48,29.55,33.39,33.89,30.65,35.22,23.17,21.56,22.24,24.25,25.97,23.60,21.73,26.59,24.74,23.17,23.18,26.41,23.82,22.31,23.73,21.38,24.91,26.94,27.76,25.40,24.83,22.95,22.08,24.03,23.26,21.56,0.93,1.91,1.64,2.39,1.61,1.90,2.01,1.12,1.68,0.47,1.01,99.00,0.26,2.22,1.79,1.24,1.66,0.49,1.16,1.57,1.27,2.15,0.72,2.10,2.89,2.04,3.43,0.73,6.69,8.75,7.28,9.53,9.12,5.43,5.84,5.84,4.96,8.28,5.88,5.82,14.63,14.24,13.30,13.71,13.03,15.33,14.94,12.28,12.46,13.38,13.32,14.57,13.99,12.71,15.76,4.46,2.80,2.76,5.21,4.01,5.42,4.14],
  [2.81,12.45,13.03,23.00,30.36,9.24,21.15,21.03,21.02,21.02,20.00,20.77,19.85,11.82,11.71,9.77,8.01,10.12,8.85,11.24,7.99,10.71,9.44,7.91,8.76,9.56,10.46,8.25,21.41,26.06,23.63,30.38,29.74,29.81,33.65,34.15,30.91,35.47,23.43,21.82,22.50,24.51,26.23,23.86,21.99,26.85,25.00,23.43,23.44,26.67,24.08,22.57,23.98,21.63,25.17,27.20,28.02,25.66,25.09,23.22,22.33,24.29,23.52,21.82,1.19,1.65,1.86,2.54,1.75,1.64,1.75,1.10,1.87,0.38,1.21,0.26,99.00,2.46,1.55,0.98,1.40,0.35,0.98,1.33,1.07,2.34,0.46,1.85,3.08,2.30,3.59,0.69,6.88,8.95,7.45,9.74,9.30,5.59,6.04,6.04,5.10,8.47,6.04,5.97,14.90,14.50,13.54,13.96,13.30,15.59,15.20,12.53,12.71,13.63,13.58,14.83,14.24,12.96,16.02,4.66,3.06,3.02,5.38,4.27,5.63,4.32],
  [0.36,11.16,10.60,20.75,28.59,8.27,19.45,19.35,18.92,18.92,18.25,18.84,17.54,9.39,9.49,7.62,5.69,7.72,6.46,8.80,5.76,8.53,7.27,6.22,6.44,7.17,8.10,6.19,19.27,24.24,21.81,28.30,27.69,27.75,31.53,32.04,28.83,33.49,21.36,19.75,20.29,22.22,24.07,21.68,19.77,24.79,22.83,21.14,21.29,24.56,22.06,20.42,21.92,19.67,23.03,24.86,25.70,23.56,22.90,20.98,20.38,22.22,21.33,19.71,1.28,4.09,0.75,1.42,1.50,4.10,4.19,2.30,1.05,2.37,2.03,2.22,2.46,99.00,4.00,3.31,3.86,2.46,3.32,3.49,3.46,2.41,2.92,4.31,2.91,0.72,3.63,2.31,4.77,6.70,5.39,7.45,7.18,3.75,3.85,3.85,3.51,6.30,4.15,4.18,12.56,12.11,11.84,12.05,11.08,13.47,13.27,10.73,10.83,11.81,11.18,12.57,12.37,11.01,13.85,3.99,1.05,1.23,5.03,1.81,4.68,3.91],
  [4.35,13.23,14.52,24.32,31.34,10.32,22.09,21.97,22.24,22.24,20.99,21.87,21.23,13.31,13.05,11.06,9.43,11.57,10.31,12.73,9.36,12.02,10.76,9.00,10.16,11.01,11.89,9.52,22.65,27.08,24.66,31.56,30.90,30.98,34.87,35.35,32.10,36.58,24.61,23.02,23.79,25.86,27.48,25.13,23.29,28.03,26.25,24.79,24.69,27.87,25.23,23.82,25.17,22.75,26.40,28.60,29.40,26.87,26.37,24.52,23.45,25.48,24.80,23.04,2.72,0.61,3.41,4.02,3.21,0.45,0.60,2.33,3.40,1.77,2.34,1.79,1.55,4.00,99.00,1.12,0.45,1.67,0.76,1.43,0.58,3.22,1.13,0.52,3.85,3.75,4.13,2.00,8.38,10.48,8.95,11.28,10.80,7.04,7.57,7.57,6.51,9.98,7.50,7.41,16.30,15.94,14.53,15.08,14.62,16.83,16.32,13.59,13.82,14.69,15.03,16.18,15.34,14.12,17.30,5.41,4.49,4.40,5.89,5.79,6.44,4.99],
  [3.63,13.40,13.90,23.95,31.34,9.20,22.12,22.01,22.00,22.00,20.98,21.75,20.79,12.69,12.67,10.73,8.94,11.01,9.75,12.11,8.94,11.67,10.40,8.89,9.69,10.46,11.38,9.22,22.38,27.04,24.61,31.35,30.72,30.79,34.63,35.12,31.89,36.45,24.40,22.80,23.47,25.45,27.20,24.83,22.95,27.83,25.97,24.38,24.41,27.64,25.06,23.54,24.96,22.61,26.14,28.13,28.96,26.64,26.06,24.17,23.32,25.27,24.49,22.79,2.09,0.86,2.62,3.03,2.23,0.94,0.97,1.28,2.51,0.94,2.16,1.24,0.98,3.31,1.12,99.00,0.73,0.85,1.12,0.43,1.04,3.26,0.61,1.13,3.98,3.24,4.43,1.04,7.39,9.52,7.94,10.33,9.79,6.01,6.62,6.62,5.45,9.00,6.47,6.36,15.83,15.40,14.51,14.94,14.25,16.56,16.18,13.51,13.69,14.61,14.48,15.78,15.22,13.94,16.99,5.57,4.00,3.99,6.23,5.10,6.57,5.21],
  [4.20,13.45,14.44,24.35,31.51,9.89,22.27,22.16,22.32,22.32,21.16,21.99,21.23,13.22,13.07,11.10,9.40,11.51,10.25,12.64,9.36,12.05,10.79,9.12,10.14,10.96,11.85,9.57,22.72,27.24,24.81,31.66,31.01,31.08,34.95,35.44,32.19,36.71,24.71,23.10,23.84,25.87,27.55,25.18,23.33,28.13,26.31,24.80,24.75,27.96,25.34,23.88,25.26,22.87,26.48,28.58,29.40,26.95,26.42,24.56,23.57,25.57,24.85,23.12,2.59,0.28,3.22,3.73,2.93,0.24,0.36,2.00,3.16,1.53,2.38,1.66,1.40,3.86,0.45,0.73,99.00,1.43,0.91,0.99,0.73,3.37,0.94,0.45,4.04,3.69,4.38,1.71,8.10,10.22,8.65,11.02,10.51,6.73,7.31,7.31,6.18,9.70,7.20,7.09,16.28,15.89,14.69,15.20,14.64,16.90,16.43,13.73,13.94,14.83,14.98,16.19,15.46,14.22,17.35,5.62,4.44,4.39,6.16,5.66,6.64,5.22],
  [2.79,12.72,13.05,23.11,30.58,8.93,21.37,21.26,21.17,21.17,20.22,20.95,19.94,11.85,11.83,9.90,8.09,10.16,8.90,11.26,8.10,10.83,9.57,8.12,8.84,9.61,10.52,8.40,21.55,26.27,23.84,30.53,29.90,29.97,33.80,34.30,31.07,35.65,23.59,21.98,22.63,24.61,26.37,23.99,22.11,27.01,25.13,23.53,23.58,26.82,24.25,22.71,24.14,21.81,25.31,27.28,28.11,25.81,25.22,23.33,22.52,24.45,23.65,21.97,1.24,1.64,1.79,2.35,1.53,1.68,1.75,0.77,1.73,0.09,1.50,0.49,0.35,2.46,1.67,0.85,1.43,99.00,1.23,1.12,1.28,2.63,0.56,1.88,3.38,2.40,3.91,0.37,6.71,8.80,7.27,9.61,9.13,5.38,5.90,5.90,4.87,8.31,5.84,5.76,14.97,14.55,13.76,14.14,13.41,15.73,15.38,12.73,12.90,13.83,13.63,14.94,14.43,13.14,16.15,4.94,3.16,3.15,5.69,4.26,5.90,4.62],
  [3.68,12.55,13.79,23.56,30.62,10.13,21.38,21.26,21.48,21.48,20.27,21.12,20.47,12.57,12.29,10.30,8.68,10.83,9.57,11.99,8.60,11.26,10.00,8.25,9.41,10.27,11.14,8.76,21.89,26.35,23.93,30.81,30.15,30.23,34.11,34.59,31.34,35.84,23.86,22.26,23.03,25.10,26.72,24.37,22.53,27.28,25.49,24.03,23.93,27.12,24.48,23.06,24.41,22.00,25.65,27.84,28.64,26.11,25.61,23.76,22.70,24.72,24.04,22.28,2.05,1.18,2.79,3.52,2.72,1.08,1.23,1.99,2.84,1.30,1.58,1.16,0.98,3.32,0.76,1.12,0.91,1.23,99.00,1.55,0.19,2.48,0.71,1.24,3.14,3.02,3.48,1.60,7.85,9.90,8.43,10.69,10.27,6.56,7.00,7.00,6.08,9.44,7.02,6.95,15.54,15.19,13.81,14.34,13.86,16.07,15.57,12.85,13.08,13.95,14.29,15.42,14.59,13.37,16.54,4.72,3.75,3.65,5.26,5.10,5.74,4.31],
  [3.80,13.79,14.06,24.20,31.69,8.91,22.48,22.37,22.29,22.29,21.33,22.07,21.02,12.86,12.92,11.01,9.17,11.21,9.94,12.27,9.19,11.94,10.67,9.23,9.92,10.66,11.59,9.51,22.66,27.38,24.95,31.65,31.02,31.09,34.92,35.41,32.19,36.77,24.70,23.10,23.73,25.69,27.48,25.10,23.21,28.13,26.24,24.61,24.69,27.93,25.37,23.82,25.26,22.93,26.42,28.34,29.18,26.93,26.32,24.43,23.64,25.57,24.75,23.08,2.34,0.99,2.77,3.04,2.27,1.13,1.10,1.29,2.61,1.19,2.54,1.57,1.33,3.49,1.43,0.43,0.99,1.12,1.55,99.00,1.45,3.66,1.03,1.28,4.39,3.50,4.85,1.18,7.35,9.50,7.88,10.32,9.73,5.94,6.62,6.62,5.34,8.96,6.40,6.27,16.04,15.60,14.87,15.26,14.51,16.84,16.50,13.84,14.02,14.94,14.67,16.03,15.55,14.26,17.26,5.98,4.26,4.27,6.65,5.27,6.96,5.62],
  [3.82,12.73,13.95,23.74,30.80,10.13,21.56,21.45,21.67,21.67,20.45,21.31,20.65,12.74,12.47,10.48,8.85,11.00,9.74,12.16,8.78,11.44,10.18,8.44,9.58,10.44,11.32,8.94,22.08,26.53,24.11,30.99,30.34,30.42,34.30,34.78,31.53,36.02,24.05,22.45,23.22,25.28,26.91,24.55,22.72,27.47,25.68,24.21,24.11,27.30,24.67,23.24,24.60,22.19,25.83,28.02,28.82,26.30,25.79,23.95,22.89,24.91,24.22,22.47,2.18,1.00,2.91,3.60,2.80,0.90,1.05,2.01,2.94,1.36,1.76,1.27,1.07,3.46,0.58,1.04,0.73,1.28,0.19,1.45,99.00,2.66,0.73,1.05,3.32,3.18,3.65,1.64,7.94,10.01,8.52,10.81,10.37,6.64,7.11,7.11,6.14,9.54,7.10,7.03,15.72,15.36,13.99,14.52,14.04,16.26,15.76,13.04,13.26,14.14,14.46,15.60,14.78,13.55,16.73,4.90,3.92,3.83,5.43,5.25,5.92,4.49],
  [2.70,10.14,11.77,21.20,28.15,10.60,18.91,18.79,19.04,19.04,17.79,18.65,18.17,10.55,9.96,7.95,6.53,8.75,7.52,9.99,6.35,8.92,7.67,5.78,7.23,8.17,8.99,6.39,19.47,23.87,21.45,28.35,27.69,27.77,31.67,32.15,28.89,33.36,21.41,19.81,20.64,22.76,24.30,21.95,20.15,24.83,23.07,21.70,21.50,24.67,22.02,20.63,21.96,19.53,23.22,25.55,26.33,23.67,23.20,21.38,20.23,22.27,21.63,19.84,1.93,3.65,2.49,3.55,3.09,3.56,3.70,3.15,2.82,2.61,1.14,2.15,2.34,2.41,3.22,3.26,3.37,2.63,2.48,3.66,2.66,99.00,2.65,3.71,0.74,1.70,1.36,2.83,7.09,8.88,7.72,9.58,9.45,6.15,6.14,6.14,5.91,8.55,6.54,6.58,13.30,13.02,11.33,11.87,11.51,13.65,13.10,10.38,10.61,11.48,12.15,13.10,12.12,10.91,14.15,2.32,2.05,1.82,3.08,3.64,3.31,1.99],
  [3.26,12.79,13.49,23.45,30.75,9.42,21.52,21.41,21.45,21.45,20.39,21.18,20.31,12.28,12.16,10.21,8.47,10.57,9.31,11.70,8.44,11.15,9.89,8.31,9.21,10.02,10.92,8.69,21.84,26.45,24.03,30.80,30.16,30.23,34.08,34.58,31.34,35.88,23.85,22.25,22.95,24.96,26.67,24.30,22.44,27.28,25.43,23.88,23.87,27.09,24.50,23.00,24.41,22.04,25.60,27.66,28.47,26.09,25.53,23.66,22.75,24.71,23.96,22.25,1.64,1.19,2.29,2.90,2.09,1.19,1.29,1.28,2.27,0.64,1.56,0.72,0.46,2.92,1.13,0.61,0.94,0.56,0.71,1.03,0.73,2.65,99.00,1.39,3.37,2.75,3.83,0.91,7.26,9.35,7.83,10.15,9.68,5.94,6.44,6.44,5.43,8.86,6.40,6.31,15.35,14.96,13.92,14.37,13.74,16.02,15.61,12.93,13.12,14.03,14.04,15.28,14.65,13.38,16.46,4.96,3.51,3.47,5.62,4.72,5.96,4.60],
  [4.65,13.75,14.88,24.77,31.85,10.18,22.61,22.49,22.71,22.71,21.50,22.36,21.65,13.67,13.48,11.51,9.83,11.95,10.69,13.08,9.78,12.46,11.20,9.49,10.57,11.39,12.29,9.97,23.12,27.58,25.16,32.04,31.39,31.47,35.34,35.83,32.58,37.07,25.09,23.49,24.25,26.29,27.95,25.58,23.74,28.51,26.71,25.22,25.15,28.35,25.71,24.28,25.65,23.24,26.87,29.01,29.82,27.34,26.83,24.97,23.94,25.95,25.25,23.51,3.03,0.29,3.67,4.16,3.36,0.20,0.19,2.41,3.60,1.97,2.78,2.10,1.85,4.31,0.52,1.13,0.45,1.88,1.24,1.28,1.05,3.71,1.39,99.00,4.36,4.12,4.66,2.15,8.52,10.65,9.07,11.46,10.93,7.14,7.75,7.75,6.58,10.13,7.61,7.49,16.71,16.33,15.04,15.57,15.06,17.29,16.81,14.09,14.31,15.19,15.42,16.61,15.83,14.60,17.76,5.93,4.87,4.81,6.41,6.11,6.95,5.51],
  [3.14,9.42,11.53,20.72,27.49,11.17,18.24,18.13,18.49,18.49,17.14,18.04,17.75,10.33,9.54,7.51,6.27,8.50,7.30,9.78,6.02,8.48,7.26,5.20,6.93,7.92,8.70,5.95,18.94,23.23,20.81,27.78,27.11,27.20,31.11,31.58,28.32,32.75,20.84,19.25,20.14,22.30,23.77,21.44,19.65,24.25,22.54,21.25,20.97,24.12,21.43,20.10,21.39,18.93,22.68,25.13,25.89,23.11,22.69,20.90,19.63,21.70,21.12,19.30,2.64,4.32,3.12,4.16,3.77,4.22,4.37,3.88,3.47,3.35,1.88,2.89,3.08,2.91,3.85,3.98,4.04,3.38,3.14,4.39,3.32,0.74,3.37,4.36,99.00,2.18,0.72,3.57,7.41,9.08,8.04,9.75,9.72,6.59,6.45,6.45,6.41,8.81,6.95,7.02,12.92,12.70,10.69,11.28,11.07,13.14,12.51,9.77,10.02,10.86,11.85,12.67,11.52,10.35,13.66,1.59,2.30,2.03,2.34,3.83,2.60,1.25],
  [0.99,10.69,10.77,20.71,28.30,8.99,19.13,19.02,18.79,18.79,17.95,18.61,17.56,9.56,9.43,7.50,5.72,7.83,6.57,8.98,5.70,8.44,7.17,5.86,6.46,7.27,8.17,6.01,19.16,23.97,21.54,28.15,27.53,27.59,31.41,31.91,28.69,33.30,21.21,19.60,20.23,22.22,23.97,21.59,19.72,24.63,22.74,21.14,21.18,24.43,21.88,20.31,21.77,19.46,22.92,24.91,25.72,23.43,22.82,20.93,20.17,22.07,21.25,19.58,1.17,3.94,1.12,2.06,1.90,3.93,4.04,2.47,1.49,2.32,1.54,2.04,2.30,0.72,3.75,3.24,3.69,2.40,3.02,3.50,3.18,1.70,2.75,4.12,2.18,99.00,2.91,2.35,5.41,7.26,6.03,8.00,7.79,4.45,4.47,4.47,4.23,6.90,4.84,4.88,12.60,12.21,11.51,11.81,11.01,13.34,13.04,10.43,10.57,11.53,11.29,12.54,12.11,10.78,13.76,3.32,0.76,0.78,4.34,2.14,4.08,3.21],
  [3.86,9.10,11.88,20.79,27.26,11.89,18.02,17.89,18.47,18.47,16.94,17.92,17.88,10.68,9.70,7.67,6.62,8.85,7.68,10.15,6.31,8.64,7.44,5.19,7.24,8.27,9.00,6.12,18.93,23.03,20.63,27.71,27.02,27.12,31.06,31.52,28.25,32.62,20.78,19.20,20.18,22.39,23.76,21.45,19.70,24.18,22.54,21.35,20.97,24.07,21.34,20.10,21.33,18.83,22.66,25.27,26.00,23.07,22.71,20.95,19.52,21.64,21.15,19.27,3.30,4.66,3.82,4.87,4.45,4.54,4.69,4.48,4.16,3.90,2.45,3.43,3.59,3.63,4.13,4.43,4.38,3.91,3.48,4.85,3.65,1.36,3.83,4.66,0.72,2.91,99.00,4.15,8.10,9.73,8.73,10.37,10.38,7.30,7.14,7.14,7.13,9.48,7.66,7.74,13.12,12.96,10.52,11.21,11.20,13.16,12.43,9.66,9.95,10.75,12.13,12.81,11.43,10.32,13.72,1.36,3.00,2.72,1.80,4.50,2.38,0.89],
  [2.62,12.84,12.89,23.03,30.62,8.56,21.43,21.32,21.14,21.14,20.26,20.96,19.84,11.68,11.75,9.85,7.99,10.02,8.76,11.10,8.02,10.77,9.51,8.16,8.74,9.48,10.40,8.37,21.51,26.30,23.87,30.50,29.88,29.95,33.76,34.26,31.04,35.65,23.56,21.95,22.56,24.51,26.32,23.93,22.04,26.99,25.08,23.43,23.53,26.78,24.23,22.66,24.12,21.81,25.26,27.16,28.00,25.78,25.16,23.26,22.52,24.42,23.59,21.93,1.19,1.89,1.59,2.02,1.21,1.95,2.00,0.41,1.47,0.31,1.70,0.73,0.69,2.31,2.00,1.04,1.71,0.37,1.60,1.18,1.64,2.83,0.91,2.15,3.57,2.35,4.15,99.00,6.39,8.50,6.95,9.31,8.80,5.04,5.60,5.60,4.52,7.99,5.51,5.41,14.86,14.42,13.81,14.15,13.34,15.69,15.39,12.76,12.91,13.86,13.49,14.85,14.45,13.13,16.10,5.11,3.10,3.13,5.91,4.09,6.05,4.82],
  [4.44,12.99,8.16,19.09,28.50,5.23,19.81,19.76,18.01,18.01,18.51,18.54,15.66,7.16,8.76,7.64,5.41,6.20,5.31,6.63,5.96,8.20,7.25,8.00,5.93,5.90,6.78,6.93,18.19,24.10,21.72,27.20,26.72,26.73,30.22,30.78,27.72,32.68,20.49,18.91,18.87,20.34,22.74,20.34,18.31,23.81,21.53,19.25,20.07,23.45,21.34,19.25,21.05,19.23,21.81,22.59,23.54,22.49,21.45,19.41,19.93,21.31,19.93,18.74,5.88,8.25,5.09,4.37,5.18,8.33,8.36,6.12,5.01,6.62,6.78,6.69,6.88,4.77,8.38,7.39,8.10,6.71,7.85,7.35,7.94,7.09,7.26,8.52,7.41,5.41,8.10,6.39,99.00,2.18,0.62,3.01,2.43,1.50,0.96,0.96,2.21,1.61,1.08,1.35,10.83,10.06,12.69,12.24,10.17,12.80,13.32,11.41,11.25,12.33,9.12,11.28,12.65,11.16,12.91,7.93,5.11,5.38,9.02,3.64,8.15,8.06],
  [6.34,13.15,6.62,17.56,27.49,6.07,19.10,19.07,16.79,16.79,17.78,17.58,14.10,5.82,8.02,7.39,5.44,5.39,4.90,5.39,6.08,7.71,7.04,8.50,5.72,5.29,5.98,7.12,16.90,23.12,20.78,25.81,25.37,25.36,28.73,29.31,26.32,31.35,19.25,17.71,17.43,18.72,21.29,18.92,16.87,22.49,20.10,17.64,18.70,22.08,20.14,17.91,19.80,18.18,20.42,20.82,21.80,21.14,19.97,17.91,18.86,20.05,18.49,17.49,7.89,10.38,7.12,6.49,7.29,10.45,10.49,8.25,7.08,8.71,8.73,8.75,8.95,6.70,10.48,9.52,10.22,8.80,9.90,9.50,10.01,8.88,9.35,10.65,9.08,7.26,9.73,8.50,2.18,99.00,1.78,0.84,0.98,3.67,2.91,2.91,4.36,0.70,3.23,3.46,9.48,8.60,12.41,11.68,9.23,11.83,12.66,11.13,10.86,11.92,7.70,10.10,12.12,10.66,11.81,9.31,6.83,7.08,10.36,5.26,9.33,9.53],
  [5.05,13.43,8.11,19.07,28.66,4.93,20.05,20.00,18.10,18.10,18.75,18.71,15.62,7.17,8.97,7.97,5.77,6.36,5.56,6.67,6.35,8.46,7.58,8.48,6.25,6.11,6.95,7.34,18.25,24.27,21.89,27.23,26.77,26.77,30.21,30.78,27.75,32.73,20.57,19.01,18.88,20.28,22.75,20.36,18.32,23.87,21.54,19.19,20.10,23.49,21.43,19.29,21.13,19.37,21.84,22.47,23.43,22.53,21.45,19.40,20.06,21.38,19.94,18.82,6.48,8.79,5.69,4.93,5.74,8.88,8.91,6.66,5.59,7.18,7.39,7.28,7.45,5.39,8.95,7.94,8.65,7.27,8.43,7.88,8.52,7.72,7.83,9.07,8.04,6.03,8.73,6.95,0.62,1.78,99.00,2.61,1.85,1.95,1.58,1.58,2.62,1.12,1.50,1.69,10.86,10.05,13.02,12.50,10.32,12.95,13.56,11.75,11.56,12.64,9.11,11.37,12.93,11.44,13.02,8.54,5.74,6.01,9.63,4.26,8.74,8.68],
  [7.10,13.25,6.09,16.97,27.08,6.60,18.83,18.80,16.33,16.33,17.51,17.21,13.51,5.40,7.82,7.41,5.62,5.22,4.93,5.02,6.28,7.62,7.08,8.77,5.79,5.21,5.80,7.31,16.40,22.73,20.42,25.25,24.84,24.82,28.13,28.72,25.76,30.82,18.76,17.25,16.87,18.09,20.72,18.37,16.31,21.97,19.55,17.01,18.16,21.54,19.68,17.39,19.32,17.78,19.88,20.12,21.11,20.61,19.39,17.33,18.46,19.55,17.93,17.01,8.67,11.19,7.90,7.30,8.10,11.26,11.30,9.06,7.88,9.51,9.48,9.53,9.74,7.45,11.28,10.33,11.02,9.61,10.69,10.32,10.81,9.58,10.15,11.46,9.75,8.00,10.37,9.31,3.01,0.84,2.61,99.00,1.30,4.50,3.71,3.71,5.20,1.50,4.07,4.29,9.00,8.07,12.34,11.51,8.93,11.49,12.43,11.07,10.77,11.81,7.21,9.69,11.96,10.51,11.42,9.88,7.52,7.77,10.91,5.94,9.83,10.13],
  [6.83,14.13,7.39,18.27,28.35,5.30,20.03,20.00,17.62,17.62,18.71,18.46,14.81,6.66,8.97,8.37,6.40,6.34,5.87,6.27,7.05,8.68,8.02,9.43,6.69,6.26,6.93,8.08,17.70,23.99,21.67,26.55,26.14,26.12,29.43,30.02,27.06,32.12,20.06,18.54,18.17,19.38,22.02,19.67,17.62,23.27,20.85,18.30,19.46,22.84,20.97,18.69,20.61,19.05,21.18,21.38,22.38,21.91,20.70,18.63,19.73,20.85,19.23,18.30,8.31,10.65,7.52,6.78,7.59,10.73,10.76,8.52,7.44,9.04,9.20,9.12,9.30,7.18,10.80,9.79,10.51,9.13,10.27,9.73,10.37,9.45,9.68,10.93,9.72,7.79,10.38,8.80,2.43,0.98,1.85,1.30,99.00,3.80,3.33,3.33,4.43,0.91,3.33,3.49,10.29,9.37,13.38,12.64,10.14,12.72,13.60,12.11,11.83,12.89,8.50,10.96,13.08,11.62,12.68,10.06,7.43,7.69,11.13,5.89,10.14,10.25],
  [3.46,13.26,9.45,20.31,29.41,4.97,20.57,20.50,19.07,19.07,19.29,19.46,16.91,8.39,9.66,8.31,6.03,7.22,6.18,7.83,6.48,8.98,7.91,8.16,6.66,6.85,7.77,7.35,19.29,25.01,22.60,28.33,27.82,27.84,31.40,31.96,28.86,33.76,21.55,19.96,20.04,21.61,23.91,21.51,19.49,24.91,22.69,20.52,21.21,24.57,22.37,20.37,22.12,20.18,22.96,23.93,24.87,23.60,22.64,20.62,20.89,22.39,21.11,19.82,4.69,6.86,3.91,3.04,3.85,6.95,6.98,4.74,3.76,5.29,5.67,5.43,5.59,3.75,7.04,6.01,6.73,5.38,6.56,5.94,6.64,6.15,5.94,7.14,6.59,4.45,7.30,5.04,1.50,3.67,1.95,4.50,3.80,99.00,1.23,1.23,0.72,3.06,0.46,0.43,12.01,11.30,13.24,12.97,11.15,13.76,14.11,11.99,11.90,12.98,10.34,12.37,13.37,11.89,13.93,7.36,4.34,4.61,8.46,3.15,7.77,7.41],
  [3.51,12.30,8.25,19.10,28.21,5.85,19.41,19.34,17.85,17.85,18.12,18.26,15.70,7.17,8.46,7.16,4.89,6.00,4.97,6.62,5.38,7.80,6.77,7.24,5.49,5.63,6.55,6.29,18.06,23.81,21.41,27.11,26.60,26.62,30.18,30.73,27.63,32.54,20.33,18.74,18.82,20.40,22.68,20.28,18.27,23.68,21.46,19.31,19.98,23.35,21.15,19.15,20.89,18.97,21.73,22.75,23.68,22.38,21.42,19.40,19.68,21.16,19.88,18.60,5.00,7.48,4.22,3.59,4.39,7.55,7.59,5.36,4.18,5.81,5.88,5.84,6.04,3.85,7.57,6.62,7.31,5.90,7.00,6.62,7.11,6.14,6.44,7.75,6.45,4.47,7.14,5.60,0.96,2.91,1.58,3.71,3.33,1.23,99.00,0.00,1.89,2.45,1.08,1.38,10.79,10.08,12.15,11.81,9.93,12.54,12.93,10.89,10.77,11.85,9.13,11.14,12.21,10.73,12.71,6.98,4.15,4.42,8.07,2.69,7.23,7.11],
  [3.51,12.30,8.25,19.10,28.21,5.85,19.41,19.34,17.85,17.85,18.12,18.26,15.70,7.17,8.46,7.16,4.89,6.00,4.97,6.62,5.38,7.80,6.77,7.24,5.49,5.63,6.55,6.29,18.06,23.81,21.41,27.11,26.60,26.62,30.18,30.73,27.63,32.54,20.33,18.74,18.82,20.40,22.68,20.28,18.27,23.68,21.46,19.31,19.98,23.35,21.15,19.15,20.89,18.97,21.73,22.75,23.68,22.38,21.42,19.40,19.68,21.16,19.88,18.60,5.00,7.48,4.22,3.59,4.39,7.55,7.59,5.36,4.18,5.81,5.88,5.84,6.04,3.85,7.57,6.62,7.31,5.90,7.00,6.62,7.11,6.14,6.44,7.75,6.45,4.47,7.14,5.60,0.96,2.91,1.58,3.71,3.33,1.23,0.00,99.00,1.89,2.45,1.08,1.38,10.79,10.08,12.15,11.81,9.93,12.54,12.93,10.89,10.77,11.85,9.13,11.14,12.21,10.73,12.71,6.98,4.15,4.42,8.07,2.69,7.23,7.11],
  [3.27,13.57,10.13,20.98,29.96,4.86,21.07,21.00,19.68,19.68,19.79,20.02,17.58,9.06,10.24,8.80,6.53,7.84,6.76,8.50,6.94,9.51,8.41,8.45,7.19,7.45,8.38,7.76,19.91,25.56,23.15,28.97,28.45,28.47,32.05,32.60,29.49,34.38,22.16,20.57,20.69,22.29,24.55,22.15,20.15,25.53,23.33,21.20,21.84,25.21,22.97,21.00,22.73,20.76,23.60,24.63,25.56,24.23,23.29,21.28,21.47,23.00,21.75,20.44,4.31,6.29,3.54,2.58,3.36,6.39,6.40,4.19,3.33,4.79,5.31,4.96,5.10,3.51,6.51,5.45,6.18,4.87,6.08,5.34,6.14,5.91,5.43,6.58,6.41,4.23,7.13,4.52,2.21,4.36,2.62,5.20,4.43,0.72,1.89,1.89,99.00,3.74,1.14,0.94,12.67,11.97,13.68,13.47,11.74,14.34,14.63,12.44,12.38,13.44,11.02,13.00,13.86,12.39,14.54,7.33,4.24,4.52,8.41,3.29,7.82,7.33],
  [5.95,13.42,7.28,18.24,28.07,5.45,19.62,19.58,17.41,17.41,18.30,18.15,14.78,6.44,8.52,7.75,5.69,5.88,5.27,5.99,6.32,8.14,7.39,8.64,6.05,5.72,6.47,7.35,17.53,23.70,21.35,26.46,26.02,26.01,29.40,29.97,26.97,32.00,19.87,18.33,18.09,19.41,21.95,19.58,17.53,23.13,20.76,18.32,19.35,22.73,20.76,18.55,20.43,18.77,21.08,21.52,22.49,21.79,20.64,18.58,19.46,20.68,19.15,18.12,7.45,9.85,6.67,5.97,6.78,9.93,9.97,7.72,6.60,8.22,8.33,8.28,8.47,6.30,9.98,9.00,9.70,8.31,9.44,8.96,9.54,8.55,8.86,10.13,8.81,6.90,9.48,7.99,1.61,0.70,1.12,1.50,0.91,3.06,2.45,2.45,3.74,99.00,2.60,2.81,10.12,9.25,12.80,12.15,9.78,12.39,13.15,11.52,11.28,12.35,8.34,10.71,12.58,11.10,12.40,9.16,6.53,6.79,10.23,4.98,9.25,9.35],
  [3.84,13.33,9.15,20.06,29.28,4.83,20.49,20.43,18.88,18.88,19.20,19.33,16.64,8.12,9.52,8.25,5.97,7.03,6.04,7.58,6.45,8.88,7.85,8.25,6.57,6.68,7.60,7.36,19.08,24.88,22.48,28.12,27.62,27.63,31.17,31.72,28.64,33.56,21.36,19.78,19.81,21.34,23.67,21.28,19.26,24.70,22.46,20.24,20.99,24.36,22.19,20.16,21.93,20.03,22.74,23.62,24.56,23.39,22.40,20.37,20.74,22.19,20.87,19.62,5.13,7.33,4.34,3.50,4.31,7.41,7.44,5.20,4.20,5.75,6.09,5.88,6.04,4.15,7.50,6.47,7.20,5.84,7.02,6.40,7.10,6.54,6.40,7.61,6.95,4.84,7.66,5.51,1.08,3.23,1.50,4.07,3.33,0.46,1.08,1.08,1.14,2.60,99.00,0.31,11.77,11.03,13.23,12.89,10.98,13.60,14.02,11.97,11.86,12.93,10.08,12.16,13.30,11.81,13.75,7.66,4.68,4.95,8.76,3.40,8.02,7.73],
  [3.89,13.59,9.46,20.36,29.58,4.60,20.79,20.72,19.19,19.19,19.50,19.63,16.95,8.43,9.83,8.54,6.26,7.34,6.34,7.88,6.74,9.18,8.14,8.49,6.87,6.99,7.90,7.63,19.39,25.18,22.78,28.43,27.93,27.94,31.47,32.03,28.95,33.87,21.67,20.09,20.11,21.64,23.98,21.58,19.56,25.01,22.77,20.55,21.29,24.67,22.50,20.47,22.23,20.34,23.04,23.92,24.86,23.70,22.71,20.67,21.04,22.50,21.18,19.93,5.11,7.21,4.32,3.43,4.23,7.30,7.33,5.09,4.16,5.67,6.08,5.82,5.97,4.18,7.41,6.36,7.09,5.76,6.95,6.27,7.03,6.58,6.31,7.49,7.02,4.88,7.74,5.41,1.35,3.46,1.69,4.29,3.49,0.43,1.38,1.38,0.94,2.81,0.31,99.00,12.08,11.34,13.51,13.19,11.29,13.91,14.31,12.25,12.14,13.22,10.39,12.47,13.59,12.11,14.06,7.79,4.77,5.05,8.88,3.56,8.18,7.84],
  [12.27,8.88,2.94,8.32,18.13,15.55,10.45,10.47,7.33,7.33,9.16,8.41,4.99,3.69,3.46,5.47,6.88,4.91,6.14,4.20,6.95,4.52,5.68,8.20,6.14,5.41,4.47,7.00,7.41,13.82,11.59,16.37,15.91,15.91,19.39,19.95,16.89,21.88,9.77,8.25,8.04,9.70,11.91,9.51,7.48,13.01,10.69,8.60,9.24,12.63,10.68,8.44,10.32,8.88,10.98,12.31,13.14,11.67,10.63,8.61,9.53,10.56,9.10,8.01,13.74,16.54,13.29,13.39,13.94,16.52,16.63,14.84,13.52,14.89,13.97,14.63,14.90,12.56,16.30,15.83,16.28,14.97,15.54,16.04,15.72,13.30,15.35,16.71,12.92,12.60,13.12,14.86,10.83,9.48,10.86,9.00,10.29,12.01,10.79,10.79,12.67,10.12,11.77,12.08,99.00,1.05,6.50,4.87,2.27,3.17,4.98,5.81,5.21,5.65,1.79,1.16,5.22,4.60,2.73,11.87,11.84,11.90,12.32,10.83,11.06,12.35],
  [11.81,9.48,1.98,9.03,19.13,14.66,11.50,11.52,8.29,8.29,10.21,9.44,5.61,2.91,3.55,5.42,6.52,4.39,5.66,3.47,6.68,4.54,5.57,8.23,5.80,4.94,4.05,6.88,8.33,14.84,12.62,17.21,16.77,16.76,20.17,20.74,17.72,22.75,10.70,9.22,8.84,10.32,12.71,10.33,8.28,13.90,11.51,9.22,10.10,13.48,11.64,9.31,11.25,9.90,11.82,12.78,13.66,12.54,11.40,9.35,10.54,11.48,9.90,8.95,13.33,16.14,12.83,12.86,13.44,16.13,16.24,14.37,13.04,14.47,13.63,14.24,14.50,12.11,15.94,15.40,15.89,14.55,15.19,15.60,15.36,13.02,14.96,16.33,12.70,12.21,12.96,14.42,10.06,8.60,10.05,8.07,9.37,11.30,10.08,10.08,11.97,9.25,11.03,11.34,1.05,99.00,7.24,5.66,2.77,4.19,5.91,6.42,5.83,6.39,0.96,2.14,6.05,5.24,3.78,11.76,11.46,11.54,12.29,10.35,11.01,12.23],
  [11.71,2.64,8.06,11.29,16.83,17.92,7.62,7.52,8.37,8.37,6.46,7.45,9.29,7.73,4.74,5.06,7.28,7.15,7.53,7.77,6.77,4.73,5.44,5.65,6.78,7.14,6.60,5.92,8.97,12.54,10.12,17.32,16.59,16.70,20.71,21.13,17.85,22.11,10.49,8.98,10.46,12.99,13.65,11.50,10.09,13.81,12.48,12.09,10.94,13.78,10.94,10.10,11.00,8.38,12.51,16.13,16.64,12.79,12.77,11.32,9.06,11.33,11.29,9.15,12.62,14.98,12.54,13.14,13.33,14.89,15.04,13.97,12.88,13.70,12.36,13.30,13.54,11.84,14.53,14.51,14.69,13.76,13.81,14.87,13.99,11.33,13.92,15.04,10.69,11.51,10.52,13.81,12.69,12.41,13.02,12.34,13.38,13.24,12.15,12.15,13.68,12.80,13.23,13.51,6.50,7.24,99.00,1.69,4.51,4.13,2.38,1.28,1.62,0.86,7.19,5.42,1.48,2.07,4.93,9.17,10.83,10.73,9.01,10.68,8.14,9.63],
  [11.87,4.28,6.68,9.94,16.58,17.44,7.60,7.53,7.29,7.29,6.32,6.81,7.71,6.55,3.70,4.67,6.94,6.30,6.94,6.68,6.55,4.04,5.06,6.09,6.32,6.42,5.72,5.88,7.80,12.21,9.77,16.50,15.83,15.91,19.84,20.30,17.04,21.51,9.57,7.99,9.19,11.63,12.60,10.34,8.77,12.97,11.39,10.68,9.83,12.86,10.15,8.96,10.11,7.67,11.47,14.72,15.29,11.86,11.61,10.02,8.38,10.43,10.08,8.08,12.96,15.48,12.78,13.25,13.55,15.41,15.55,14.27,13.09,14.08,12.82,13.71,13.96,12.05,15.08,14.94,15.20,14.14,14.34,15.26,14.52,11.87,14.37,15.57,11.28,11.81,11.21,14.15,12.24,11.68,12.50,11.51,12.64,12.97,11.81,11.81,13.47,12.15,12.89,13.19,4.87,5.66,1.69,99.00,3.05,2.50,1.24,1.63,1.26,0.84,5.73,3.76,0.45,1.08,3.29,9.85,11.09,11.03,9.87,10.70,8.85,10.34],
  [10.83,6.71,3.65,9.71,18.34,15.21,9.91,9.88,7.96,7.96,8.59,8.39,6.69,3.66,1.59,3.56,5.43,3.97,4.98,3.92,5.32,2.60,3.86,6.12,4.69,4.30,3.39,5.12,8.24,13.95,11.58,17.30,16.74,16.78,20.48,21.01,17.83,22.65,10.43,8.83,9.22,11.24,13.00,10.61,8.70,13.83,11.77,10.18,10.23,13.55,11.23,9.37,11.00,9.06,11.98,14.07,14.82,12.55,11.82,9.92,9.76,11.28,10.25,8.73,12.18,14.91,11.82,12.07,12.52,14.87,15.00,13.37,12.09,13.33,12.29,13.03,13.30,11.08,14.62,14.25,14.64,13.41,13.86,14.51,14.04,11.51,13.74,15.06,11.07,11.01,11.20,13.34,10.17,9.23,10.32,8.93,10.14,11.15,9.93,9.93,11.74,9.78,10.98,11.29,2.27,2.77,4.51,3.05,99.00,2.63,3.63,3.65,3.06,3.70,2.69,1.62,3.47,2.48,2.81,9.90,10.25,10.27,10.25,9.46,9.03,10.39],
  [13.24,6.76,5.79,7.66,15.71,17.83,7.44,7.43,5.45,5.45,6.12,5.76,5.21,6.12,4.11,5.85,7.93,6.60,7.58,6.46,7.73,4.95,6.20,7.97,7.21,6.92,6.02,7.33,5.83,11.32,8.96,14.83,14.23,14.28,18.07,18.57,15.36,20.09,7.90,6.29,7.01,9.31,10.65,8.30,6.55,11.32,9.42,8.32,7.86,11.09,8.65,6.99,8.47,6.43,9.58,12.34,12.97,10.09,9.55,7.80,7.13,8.76,7.99,6.25,14.51,17.17,14.22,14.54,14.94,17.12,17.25,15.75,14.50,15.66,14.51,15.33,15.59,13.47,16.83,16.56,16.90,15.73,16.07,16.84,16.26,13.65,16.02,17.29,13.14,13.34,13.16,15.69,12.80,11.83,12.95,11.49,12.72,13.76,12.54,12.54,14.34,12.39,13.60,13.91,3.17,4.19,4.13,2.50,2.63,99.00,2.01,4.02,3.50,3.33,4.65,2.05,2.66,2.97,0.80,11.82,12.59,12.58,11.98,11.93,10.86,12.31],
  [13.09,5.00,7.23,8.91,15.37,18.49,6.49,6.44,6.11,6.11,5.19,5.58,6.96,7.28,4.63,5.83,8.09,7.27,8.02,7.49,7.74,5.14,6.23,7.32,7.45,7.45,6.68,7.10,6.66,11.00,8.56,15.28,14.60,14.69,18.63,19.08,15.81,20.28,8.36,6.79,8.11,10.62,11.42,9.20,7.72,11.75,10.23,9.71,8.67,11.65,8.92,7.82,8.90,6.44,10.29,13.74,14.27,10.65,10.48,8.96,7.14,9.21,8.97,6.91,14.19,16.71,14.01,14.47,14.77,16.64,16.78,15.50,14.32,15.31,14.06,14.94,15.20,13.27,16.32,16.18,16.43,15.38,15.57,16.50,15.76,13.10,15.61,16.81,12.51,13.04,12.43,15.39,13.32,12.66,13.56,12.43,13.60,14.11,12.93,12.93,14.63,13.15,14.02,14.31,4.98,5.91,2.38,1.24,3.63,2.01,99.00,2.79,2.49,1.77,6.17,3.82,1.03,2.28,2.79,11.07,12.32,12.26,11.06,11.90,10.07,11.55],
  [10.58,3.07,7.01,11.56,17.87,16.65,8.73,8.64,8.89,8.89,7.52,8.28,9.23,6.59,3.58,3.78,6.01,5.89,6.25,6.58,5.52,3.46,4.16,4.62,5.50,5.86,5.35,4.70,9.42,13.54,11.11,18.05,17.36,17.46,21.41,21.86,18.59,22.99,11.14,9.58,10.81,13.25,14.21,11.96,10.40,14.53,13.00,12.29,11.44,14.44,11.68,10.58,11.68,9.17,13.08,16.32,16.91,13.44,13.24,11.65,9.86,12.00,11.71,9.69,11.57,14.01,11.44,11.99,12.23,13.93,14.08,12.90,11.78,12.67,11.37,12.28,12.53,10.73,13.59,13.51,13.73,12.73,12.85,13.84,13.04,10.38,12.93,14.09,9.77,10.43,9.66,12.76,11.41,11.13,11.75,11.07,12.11,11.99,10.89,10.89,12.44,11.52,11.97,12.25,5.81,6.42,1.28,1.63,3.65,4.02,2.79,99.00,0.60,1.10,6.24,4.83,1.77,1.22,4.77,8.30,9.74,9.65,8.27,9.50,7.29,8.78],
  [10.66,3.67,6.49,11.10,17.77,16.48,8.71,8.63,8.53,8.53,7.46,8.06,8.68,6.12,3.12,3.61,5.88,5.55,6.02,6.15,5.44,3.16,4.01,4.83,5.32,5.58,4.99,4.70,9.03,13.42,10.98,17.76,17.09,17.18,21.10,21.57,18.30,22.77,10.83,9.25,10.38,12.78,13.84,11.57,9.95,14.24,12.63,11.80,11.06,14.12,11.41,10.20,11.37,8.93,12.72,15.83,16.43,13.11,12.84,11.20,9.63,11.69,11.30,9.33,11.72,14.22,11.55,12.06,12.33,14.15,14.29,13.03,11.88,12.83,11.57,12.46,12.71,10.83,13.82,13.69,13.94,12.90,13.08,14.02,13.26,10.61,13.12,14.31,10.02,10.57,9.95,12.91,11.25,10.86,11.56,10.77,11.83,11.90,10.77,10.77,12.38,11.28,11.86,12.14,5.21,5.83,1.62,1.26,3.06,3.50,2.49,0.60,99.00,1.08,5.68,4.23,1.54,0.62,4.23,8.59,9.86,9.79,8.63,9.52,7.59,9.08],
  [11.66,3.44,7.29,10.66,16.78,17.56,7.67,7.58,7.88,7.88,6.44,7.18,8.52,7.04,4.08,4.69,6.96,6.59,7.09,7.11,6.51,4.22,5.08,5.71,6.40,6.64,6.02,5.74,8.43,12.45,10.01,16.98,16.28,16.38,20.35,20.79,17.51,21.89,10.08,8.54,9.87,12.36,13.18,10.97,9.47,13.46,11.99,11.43,10.43,13.38,10.60,9.58,10.62,8.08,12.05,15.46,16.01,12.38,12.25,10.71,8.77,10.94,10.73,8.67,12.66,15.11,12.53,13.07,13.31,15.03,15.17,13.99,12.86,13.76,12.47,13.38,13.63,11.81,14.69,14.61,14.83,13.83,13.95,14.94,14.14,11.48,14.03,15.19,10.86,11.53,10.75,13.86,12.33,11.92,12.64,11.81,12.89,12.98,11.85,11.85,13.44,12.35,12.93,13.22,5.65,6.39,0.86,0.84,3.70,3.33,1.77,1.10,1.08,99.00,6.39,4.56,0.75,1.34,4.12,9.39,10.83,10.75,9.33,10.55,8.37,9.86],
  [10.88,9.26,1.17,9.98,19.92,13.77,12.07,12.07,9.12,9.12,10.76,10.14,6.57,1.96,3.01,4.72,5.63,3.47,4.73,2.52,5.83,3.91,4.82,7.54,4.93,4.02,3.16,6.12,9.20,15.59,13.34,18.12,17.67,17.67,21.11,21.67,18.64,23.65,11.56,10.04,9.76,11.28,13.63,11.25,9.21,14.79,12.43,10.18,11.00,14.38,12.47,10.21,12.11,10.64,12.74,13.72,14.61,13.44,12.34,10.29,11.30,12.35,10.83,9.80,12.40,15.23,11.90,11.91,12.50,15.22,15.33,13.44,12.10,13.54,12.73,13.32,13.58,11.18,15.03,14.48,14.98,13.63,14.29,14.67,14.46,12.15,14.04,15.42,11.85,11.29,12.13,13.49,9.12,7.70,9.11,7.21,8.50,10.34,9.13,9.13,11.02,8.34,10.08,10.39,1.79,0.96,7.19,5.73,2.69,4.65,6.17,6.24,5.68,6.39,99.00,2.63,6.14,5.13,4.37,10.96,10.55,10.63,11.54,9.41,10.25,11.42],
  [12.30,7.87,3.80,8.18,17.39,16.16,9.44,9.44,6.73,6.73,8.13,7.54,5.08,4.29,3.14,5.16,6.88,5.15,6.30,4.72,6.84,4.19,5.43,7.74,6.13,5.58,4.63,6.72,6.92,13.04,10.75,15.97,15.46,15.48,19.09,19.63,16.50,21.40,9.21,7.64,7.76,9.68,11.59,9.19,7.23,12.54,10.36,8.61,8.85,12.21,10.07,8.01,9.77,8.09,10.61,12.47,13.23,11.23,10.37,8.42,8.77,10.03,8.81,7.46,13.70,16.46,13.31,13.50,13.99,16.43,16.55,14.86,13.56,14.86,13.85,14.57,14.83,12.57,16.18,15.78,16.19,14.94,15.42,16.03,15.60,13.10,15.28,16.61,12.67,12.54,12.81,14.85,11.28,10.10,11.37,9.69,10.96,12.37,11.14,11.14,13.00,10.71,12.16,12.47,1.16,2.14,5.42,3.76,1.62,2.05,3.82,4.83,4.23,4.56,2.63,99.00,4.09,3.61,1.75,11.51,11.78,11.81,11.86,10.91,10.64,12.00],
  [12.20,4.12,7.12,9.91,16.24,17.86,7.21,7.14,7.14,7.14,5.94,6.53,7.81,6.99,4.14,5.06,7.34,6.75,7.37,7.13,6.93,4.47,5.46,6.34,6.73,6.86,6.16,6.23,7.69,11.88,9.44,16.28,15.60,15.69,19.64,20.09,16.82,21.25,9.37,7.82,9.12,11.61,12.45,10.23,8.72,12.76,11.25,10.68,9.70,12.67,9.92,8.84,9.91,7.41,11.32,14.72,15.26,11.67,11.50,9.96,8.11,10.23,9.99,7.93,13.25,15.74,13.09,13.59,13.87,15.67,15.81,14.57,13.42,14.37,13.09,13.99,14.24,12.37,15.34,15.22,15.46,14.43,14.59,15.55,14.78,12.12,14.65,15.83,11.52,12.11,11.43,14.45,12.65,12.12,12.93,11.96,13.08,13.37,12.21,12.21,13.86,12.58,13.30,13.59,5.22,6.05,1.48,0.45,3.47,2.66,1.03,1.77,1.54,0.75,6.14,4.09,99.00,1.49,3.46,10.07,11.40,11.33,10.04,11.05,9.06,10.55],
  [10.82,4.28,5.98,10.61,17.65,16.37,8.68,8.62,8.15,8.15,7.41,7.84,8.11,5.70,2.74,3.58,5.86,5.29,5.88,5.77,5.47,2.98,3.98,5.15,5.24,5.38,4.72,4.83,8.62,13.27,10.84,17.44,16.79,16.86,20.76,21.23,17.98,22.52,10.50,8.90,9.92,12.27,13.44,11.14,9.47,13.91,12.22,11.29,10.66,13.77,11.12,9.79,11.05,8.68,12.34,15.30,15.93,12.76,12.41,10.73,9.38,11.36,10.86,8.95,11.94,14.50,11.74,12.19,12.50,14.43,14.57,13.24,12.05,13.07,11.84,12.71,12.96,11.01,14.12,13.94,14.22,13.14,13.37,14.26,13.55,10.91,13.38,14.60,10.35,10.78,10.32,13.13,11.16,10.66,11.44,10.51,11.62,11.89,10.73,10.73,12.39,11.10,11.81,12.11,4.60,5.24,2.07,1.08,2.48,2.97,2.28,1.22,0.62,1.34,5.13,3.61,1.49,99.00,3.67,8.96,10.06,10.01,9.06,9.63,7.98,9.45],
  [13.61,7.56,5.54,7.07,15.67,17.85,7.73,7.74,5.15,5.15,6.43,5.79,4.46,6.02,4.38,6.26,8.23,6.72,7.78,6.42,8.09,5.32,6.59,8.54,7.50,7.09,6.16,7.78,5.43,11.31,9.00,14.49,13.93,13.97,17.68,18.20,15.02,19.84,7.63,6.03,6.49,8.69,10.22,7.84,6.00,11.01,8.98,7.67,7.44,10.74,8.44,6.57,8.19,6.37,9.18,11.67,12.33,9.74,9.07,7.24,7.05,8.47,7.50,5.91,14.92,17.62,14.60,14.87,15.31,17.58,17.71,16.14,14.87,16.08,14.98,15.76,16.02,13.85,17.30,16.99,17.35,16.15,16.54,17.26,16.73,14.15,16.46,17.76,13.66,13.76,13.72,16.10,12.91,11.81,13.02,11.42,12.68,13.93,12.71,12.71,14.54,12.40,13.75,14.06,2.73,3.78,4.93,3.29,2.81,0.80,2.79,4.77,4.23,4.12,4.37,1.75,3.46,3.67,99.00,12.38,13.00,13.00,12.60,12.26,11.45,12.88],
  [4.12,7.83,10.78,19.46,25.93,12.17,16.69,16.57,17.11,17.11,15.60,16.57,16.58,9.61,8.43,6.41,5.58,7.77,6.67,9.10,5.19,7.36,6.21,3.85,6.14,7.21,7.88,4.88,17.58,21.69,19.29,26.35,25.66,25.76,29.70,30.16,26.89,31.26,19.42,17.84,18.83,21.06,22.41,20.09,18.36,22.82,21.18,20.03,19.62,22.71,19.98,18.75,19.97,17.47,21.30,23.96,24.68,21.71,21.36,19.61,18.16,20.28,19.80,17.91,4.08,5.90,4.41,5.38,5.14,5.80,5.95,5.40,4.78,4.91,3.45,4.46,4.66,3.99,5.41,5.57,5.62,4.94,4.72,5.98,4.90,2.32,4.96,5.93,1.59,3.32,1.36,5.11,7.93,9.31,8.54,9.88,10.06,7.36,6.98,6.98,7.33,9.16,7.66,7.79,11.87,11.76,9.17,9.85,9.90,11.82,11.07,8.30,8.59,9.39,10.96,11.51,10.07,8.96,12.38,99.00,3.09,2.83,1.10,4.29,1.03,0.49],
  [1.06,10.11,10.04,19.95,27.61,9.09,18.45,18.35,18.04,18.04,17.26,17.89,16.80,8.83,8.67,6.75,4.96,7.09,5.82,8.25,4.94,7.68,6.41,5.19,5.70,6.52,7.41,5.27,18.41,23.27,20.83,27.41,26.79,26.85,30.66,31.16,27.94,32.57,20.46,18.85,19.47,21.45,23.22,20.84,18.96,23.89,21.98,20.38,20.43,23.68,21.14,19.56,21.02,18.73,22.16,24.15,24.96,22.68,22.06,20.17,19.44,21.32,20.49,18.83,1.92,4.70,1.71,2.46,2.51,4.68,4.79,3.18,2.06,3.08,2.22,2.80,3.06,1.05,4.49,4.00,4.44,3.16,3.75,4.26,3.92,2.05,3.51,4.87,2.30,0.76,3.00,3.10,5.11,6.83,5.74,7.52,7.43,4.34,4.15,4.15,4.24,6.53,4.68,4.77,11.84,11.46,10.83,11.09,10.25,12.59,12.32,9.74,9.86,10.83,10.55,11.78,11.40,10.06,13.00,3.09,99.00,0.28,4.16,1.58,3.69,3.09],
  [1.30,9.95,10.16,19.98,27.53,9.35,18.35,18.25,18.02,18.02,17.17,17.84,16.84,8.94,8.69,6.75,5.03,7.18,5.93,8.37,4.97,7.69,6.42,5.08,5.76,6.61,7.49,5.25,18.40,23.19,20.76,27.38,26.76,26.82,30.65,31.15,27.92,32.52,20.44,18.83,19.48,21.49,23.22,20.84,18.97,23.86,21.98,20.41,20.42,23.66,21.11,19.56,21.00,18.68,22.16,24.20,25.01,22.66,22.07,20.19,19.39,21.30,20.50,18.82,1.94,4.65,1.84,2.66,2.64,4.62,4.74,3.25,2.20,3.08,2.10,2.76,3.02,1.23,4.40,3.99,4.39,3.15,3.65,4.27,3.83,1.82,3.47,4.81,2.03,0.78,2.72,3.13,5.38,7.08,6.01,7.77,7.69,4.61,4.42,4.42,4.52,6.79,4.95,5.05,11.90,11.54,10.73,11.03,10.27,12.58,12.26,9.65,9.79,10.75,10.63,11.81,11.33,10.01,13.00,2.83,0.28,99.00,3.90,1.83,3.46,2.81],
  [5.18,7.40,11.45,19.65,25.64,13.25,16.40,16.27,17.16,17.16,15.37,16.46,16.90,10.31,8.86,6.87,6.35,8.48,7.46,9.82,5.89,7.80,6.72,4.13,6.85,7.94,8.53,5.42,17.66,21.46,19.07,26.30,25.59,25.70,29.68,30.12,26.84,31.11,19.41,17.85,18.98,21.28,22.47,20.19,18.53,22.79,21.26,20.27,19.69,22.71,19.93,18.83,19.95,17.38,21.35,24.24,24.92,21.71,21.46,19.78,18.06,20.27,19.92,17.96,4.97,6.43,5.38,6.39,6.08,6.31,6.46,6.23,5.74,5.68,4.21,5.21,5.38,5.03,5.89,6.23,6.16,5.69,5.26,6.65,5.43,3.08,5.62,6.41,2.34,4.34,1.80,5.91,9.02,10.36,9.63,10.91,11.13,8.46,8.07,8.07,8.41,10.23,8.76,8.88,12.32,12.29,9.01,9.87,10.25,11.98,11.06,8.27,8.63,9.33,11.54,11.86,10.04,9.06,12.60,1.10,4.16,3.90,99.00,5.39,1.30,1.13],
  [1.47,10.35,8.80,19.07,27.27,8.10,18.22,18.13,17.38,17.38,16.98,17.43,15.82,7.60,7.88,6.12,4.03,5.96,4.70,7.01,4.21,6.98,5.75,5.25,4.78,5.43,6.36,4.82,17.69,22.90,20.47,26.74,26.16,26.21,29.94,30.46,27.28,32.01,19.83,18.22,18.66,20.52,22.46,20.06,18.13,23.25,21.23,19.43,19.69,22.99,20.57,18.83,20.40,18.23,21.44,23.11,23.97,22.00,21.26,19.32,18.94,20.69,19.70,18.16,3.08,5.89,2.50,2.61,3.10,5.91,6.00,4.02,2.69,4.17,3.68,4.01,4.27,1.81,5.79,5.10,5.66,4.26,5.10,5.27,5.25,3.64,4.72,6.11,3.83,2.14,4.50,4.09,3.64,5.26,4.26,5.94,5.89,3.15,2.69,2.69,3.29,4.98,3.40,3.56,10.83,10.35,10.68,10.70,9.46,11.93,11.90,9.50,9.52,10.55,9.41,10.91,11.05,9.63,12.26,4.29,1.58,1.83,5.39,99.00,4.62,4.42],
  [4.75,6.83,10.15,18.52,24.91,12.67,15.66,15.54,16.12,16.12,14.57,15.54,15.70,9.01,7.60,5.60,5.07,7.19,6.18,8.53,4.60,6.54,5.44,2.92,5.55,6.64,7.23,4.13,16.60,20.66,18.26,25.34,24.65,24.74,28.69,29.15,25.88,30.24,18.42,16.84,17.88,20.13,21.42,19.12,17.41,21.82,20.20,19.11,18.64,21.71,18.97,17.77,18.96,16.45,20.31,23.06,23.76,20.71,20.39,18.66,17.14,19.28,18.83,16.92,4.96,6.92,5.19,6.10,5.96,6.82,6.97,6.31,5.56,5.87,4.42,5.42,5.63,4.68,6.44,6.57,6.64,5.90,5.74,6.96,5.92,3.31,5.96,6.95,2.60,4.08,2.38,6.05,8.15,9.33,8.74,9.83,10.14,7.77,7.23,7.23,7.82,9.25,8.02,8.18,11.06,11.01,8.14,8.85,9.03,10.86,10.07,7.29,7.59,8.37,10.25,10.64,9.06,7.98,11.45,1.03,3.69,3.46,1.30,4.62,99.00,1.49],
  [4.08,8.24,11.22,19.95,26.38,12.15,17.14,17.01,17.60,17.60,16.06,17.04,17.07,10.04,8.92,6.89,6.00,8.20,7.09,9.52,5.63,7.85,6.68,4.34,6.58,7.64,8.32,5.36,18.07,22.15,19.74,26.83,26.14,26.23,30.18,30.64,27.37,31.73,19.91,18.33,19.32,21.55,22.89,20.58,18.85,23.30,21.67,20.52,20.10,23.19,20.46,19.24,20.45,17.94,21.79,24.45,25.17,22.19,21.85,20.10,18.63,20.76,20.29,18.40,3.85,5.49,4.25,5.26,4.95,5.38,5.53,5.12,4.61,4.60,3.13,4.14,4.32,3.91,4.99,5.21,5.22,4.62,4.31,5.62,4.49,1.99,4.60,5.51,1.25,3.21,0.89,4.82,8.06,9.53,8.68,10.13,10.25,7.41,7.11,7.11,7.33,9.35,7.73,7.84,12.35,12.23,9.63,10.34,10.39,12.31,11.55,8.78,9.08,9.86,11.42,12.00,10.55,9.45,12.88,0.49,3.09,2.81,1.13,4.42,1.49,99.00]
];
