// Chosen Depots: [1, 2, 3, 4, 5, 6]
// Chosen Demand Points (Original DP No): [3, 4, 5, 7, 8, 9, 12, 13, 14, 19, 20, 21, 23, 24, 25, 28, 29, 31, 33, 34, 36, 37, 39, 41, 42, 43, 45, 47, 49, 51, 53, 54, 55, 56, 57, 59, 60, 62, 63, 64, 67, 68, 71, 72, 73, 74, 75, 79, 80, 84, 85, 86, 87, 88, 89, 90, 93, 94, 95, 97, 101, 102, 103, 104, 106, 108, 109, 111, 113, 114, 115, 117, 124, 126, 129, 130, 131, 134, 135, 136, 138, 139, 141, 142, 144, 145, 147, 148, 149, 150, 156, 157, 160, 161, 163, 166, 168, 169, 170, 171]
// Original Weights: [9, 6, 6, 8, 4, 8, 6, 6, 5, 5, 6, 6, 6, 5, 5, 5, 5, 6, 8, 7, 9, 9, 10, 6, 7, 7, 8, 6, 8, 6, 5, 4, 5, 5, 5, 5, 5, 4, 5, 6, 6, 7, 7, 7, 6, 2, 2, 4, 5, 6, 6, 6, 7, 6, 7, 6, 7, 6, 7, 7, 7, 6, 7, 7, 7, 7, 7, 7, 7, 7, 7, 7, 3, 3, 2, 4, 2, 4, 4, 2, 3, 4, 4, 8, 8, 7, 5, 6, 6, 7, 7, 7, 6, 8, 8, 6, 5, 8, 8, 8]

|W| = 6;
|D| = 100;
V = 54;
C = 3;
|K| = 1;
M = 100;
S = 0.25;
|TR| = 15;
δmax = 18.3;
Runtime = 50;

// Priority weights for selected demand points
pj = [
  9, 6, 6, 8, 4, 8, 6, 6, 5, 5, 6, 6, 6, 5, 5, 5, 5, 6, 8, 7, 9, 9, 10, 6, 7, 7, 8, 6, 8, 6, 5, 4, 5, 5, 5, 5, 5, 4, 5, 6, 6, 7, 7, 7, 6, 2, 2, 4, 5, 6, 6, 6, 7, 6, 7, 6, 7, 6, 7, 7, 7, 6, 7, 7, 7, 7, 7, 7, 7, 7, 7, 7, 3, 3, 2, 4, 2, 4, 4, 2, 3, 4, 4, 8, 8, 7, 5, 6, 6, 7, 7, 7, 6, 8, 8, 6, 5, 8, 8, 8
];

δij =
[
  [99.00,99.00,99.00,99.00,99.00,99.00,17.00,18.70,18.70,18.65,17.26,18.55,9.16,7.40,5.42,8.42,5.52,8.30,7.04,6.93,7.21,6.17,6.88,6.00,24.16,24.34,27.83,24.08,24.73,28.07,27.47,27.53,34.53,31.81,33.29,21.14,20.04,21.94,23.83,21.43,19.52,22.59,21.87,20.86,21.04,24.33,20.18,19.81,19.47,23.28,22.79,24.56,25.41,20.72,20.91,22.32,19.49,20.20,3.22,1.64,4.43,2.02,3.60,1.70,4.45,2.58,2.39,1.23,2.57,2.81,2.46,4.35,3.63,2.79,3.80,3.82,4.28,3.26,4.44,5.05,6.83,3.46,5.42,3.27,3.45,5.95,3.89,12.27,11.81,11.71,13.22,11.87,10.83,10.90,13.24,13.09,12.20,11.63,13.61,13.25,4.12,1.30,1.47,4.75,4.61,4.08],
  [99.00,99.00,99.00,99.00,99.00,99.00,6.60,10.80,10.80,9.55,11.93,9.19,6.12,5.89,7.73,6.83,7.11,5.99,6.19,8.35,6.74,7.46,8.14,6.09,14.95,15.21,17.89,14.17,14.44,19.41,18.64,18.77,25.19,23.22,23.93,12.74,12.98,15.55,15.99,13.93,12.63,14.85,14.43,14.68,13.35,16.01,12.54,10.80,10.51,14.62,14.84,18.71,19.18,13.85,13.35,14.27,11.55,11.95,11.71,11.70,13.73,12.16,12.96,12.58,13.62,10.69,11.24,11.52,12.24,12.45,12.14,13.23,13.40,12.72,13.79,12.73,13.17,12.79,12.99,13.43,14.13,13.26,13.72,13.57,12.49,13.42,13.59,8.88,9.48,2.64,4.76,4.28,6.71,5.26,6.76,5.00,4.12,4.21,7.56,4.23,7.83,9.95,10.35,6.83,7.19,8.24],
  [99.00,99.00,99.00,99.00,99.00,99.00,11.78,10.26,10.26,11.31,7.52,11.50,3.84,4.86,5.27,3.36,5.60,4.22,4.86,3.48,4.22,4.64,3.61,6.07,16.06,16.13,20.23,16.76,17.92,19.18,18.75,18.74,25.90,22.69,24.73,12.68,10.81,12.19,14.67,12.30,10.25,13.48,12.64,11.10,12.08,15.46,11.30,12.12,11.81,14.77,13.80,14.51,15.43,11.30,11.87,13.45,10.93,11.77,13.12,11.85,14.68,12.28,13.82,11.85,14.68,12.08,12.25,11.45,12.78,13.03,12.66,14.52,13.90,13.05,14.06,13.95,14.45,13.49,8.16,8.11,7.39,9.45,8.13,10.13,8.50,7.28,9.46,2.94,1.98,8.06,7.61,6.68,3.65,5.10,5.79,7.23,7.12,6.55,5.54,8.16,10.78,10.16,8.80,10.15,10.52,11.22],
  [99.00,99.00,99.00,99.00,99.00,99.00,9.40,3.42,3.42,5.74,3.46,6.34,11.41,13.26,15.06,12.06,15.01,12.30,13.57,13.68,13.29,14.31,13.69,14.81,6.49,6.38,10.69,8.28,9.90,8.38,8.10,8.03,15.11,11.75,14.02,3.60,1.05,1.71,3.82,1.80,1.22,2.79,1.90,1.08,2.10,4.86,2.11,5.15,5.14,4.82,3.24,4.89,5.35,0.46,1.82,3.17,3.00,3.37,22.77,21.87,24.62,22.35,23.74,22.17,24.58,21.64,21.99,21.51,22.74,23.00,22.62,24.32,23.95,23.11,24.20,23.74,24.25,23.45,19.09,19.07,18.27,20.31,19.10,20.98,19.35,18.24,20.36,8.32,9.03,11.29,9.10,9.94,9.71,10.06,7.66,8.91,9.91,10.12,7.07,9.62,19.46,19.98,19.07,18.52,18.95,19.95],
  [99.00,99.00,99.00,99.00,99.00,99.00,11.70,10.87,10.87,9.95,14.60,9.95,19.71,21.20,23.44,20.66,23.11,20.44,21.59,22.68,21.64,22.76,22.60,22.46,5.29,5.36,1.11,4.40,3.85,5.98,5.32,5.59,7.69,7.89,6.52,8.64,11.21,11.89,8.51,9.94,11.69,9.08,9.91,12.45,9.78,7.23,10.29,8.98,9.30,6.92,8.57,13.14,12.41,11.28,10.05,8.57,10.31,9.46,29.77,29.43,31.79,29.92,30.97,30.09,31.70,28.68,29.18,29.16,30.12,30.36,30.01,31.34,31.34,30.58,31.69,30.80,31.27,30.75,28.50,28.66,28.35,29.41,28.79,29.96,28.46,28.07,29.58,18.13,19.13,16.83,15.22,16.58,18.34,17.74,15.71,15.37,16.24,16.82,15.67,15.19,25.93,27.53,27.27,24.91,25.31,26.38],
  [99.00,99.00,99.00,99.00,99.00,99.00,22.99,22.86,22.86,23.59,20.10,23.66,13.99,12.87,10.64,12.99,11.18,13.40,12.49,10.93,12.22,11.16,11.04,12.13,28.66,28.75,32.74,29.14,30.13,31.85,31.43,31.42,38.57,35.31,37.41,25.31,23.47,24.66,27.32,24.96,22.91,26.14,25.30,23.59,24.75,28.13,23.97,24.54,24.22,27.42,26.47,26.58,27.59,23.92,24.55,26.12,23.56,24.39,10.29,8.79,9.89,8.70,9.64,7.66,10.04,10.28,9.81,8.61,9.19,9.24,9.17,10.32,9.20,8.93,8.91,10.13,10.28,9.42,5.23,4.93,5.30,4.97,4.75,4.86,5.66,5.45,4.60,15.55,14.66,17.92,18.76,17.44,15.21,16.01,17.83,18.49,17.86,17.21,17.85,19.03,12.17,9.35,8.10,12.67,12.61,12.15],
  [17.00,6.60,11.78,9.40,11.70,22.99,99.00,5.98,5.98,3.81,9.14,3.26,9.07,10.15,12.42,10.08,11.97,9.60,10.55,12.13,10.78,11.85,11.99,11.18,8.56,8.86,11.29,7.58,7.87,13.13,12.30,12.47,18.64,16.88,17.37,7.05,8.37,11.00,10.34,8.78,8.26,9.39,9.26,10.44,8.13,10.05,7.52,4.89,4.69,8.55,9.23,14.12,14.31,9.22,8.24,8.65,6.49,6.51,18.11,17.87,20.14,18.35,19.33,18.62,20.04,17.04,17.56,17.63,18.52,18.75,18.41,19.67,19.72,18.98,20.08,19.14,19.60,19.12,17.78,18.06,18.20,18.44,18.27,18.91,17.55,17.71,18.69,9.24,10.26,5.29,4.31,5.57,8.24,7.09,6.07,4.63,5.14,5.79,6.57,3.96,14.26,16.00,15.97,13.23,13.63,14.70],
  [18.70,10.80,10.26,3.42,10.87,22.86,5.98,99.00,0.00,2.43,4.14,3.01,9.56,11.30,13.36,10.39,13.18,10.40,11.66,12.28,11.53,12.63,12.24,12.78,5.80,5.89,9.99,6.69,8.08,9.37,8.79,8.83,15.90,13.13,14.69,2.48,2.39,5.05,5.31,3.13,2.29,4.11,3.64,4.46,2.56,5.64,1.74,2.30,2.13,4.63,4.19,8.21,8.52,3.26,2.55,3.67,0.80,1.54,20.66,19.95,22.59,20.44,21.72,20.40,22.54,19.53,19.93,19.62,20.76,21.02,20.65,22.24,22.00,21.17,22.29,21.67,22.16,21.45,18.01,18.10,17.62,19.07,18.19,19.68,18.11,17.41,19.19,7.33,8.29,8.37,6.20,7.29,7.96,7.84,5.45,6.11,7.14,7.50,5.15,6.61,17.11,18.02,17.38,16.12,16.56,17.60],
  [18.70,10.80,10.26,3.42,10.87,22.86,5.98,0.00,99.00,2.43,4.14,3.01,9.56,11.30,13.36,10.39,13.18,10.40,11.66,12.28,11.53,12.63,12.24,12.78,5.80,5.89,9.99,6.69,8.08,9.37,8.79,8.83,15.90,13.13,14.69,2.48,2.39,5.05,5.31,3.13,2.29,4.11,3.64,4.46,2.56,5.64,1.74,2.30,2.13,4.63,4.19,8.21,8.52,3.26,2.55,3.67,0.80,1.54,20.66,19.95,22.59,20.44,21.72,20.40,22.54,19.53,19.93,19.62,20.76,21.02,20.65,22.24,22.00,21.17,22.29,21.67,22.16,21.45,18.01,18.10,17.62,19.07,18.19,19.68,18.11,17.41,19.19,7.33,8.29,8.37,6.20,7.29,7.96,7.84,5.45,6.11,7.14,7.50,5.15,6.61,17.11,18.02,17.38,16.12,16.56,17.60],
  [18.65,9.55,11.31,5.74,9.95,23.59,3.81,2.43,2.43,99.00,6.34,0.59,9.76,11.32,13.53,10.71,13.23,10.52,11.70,12.73,11.71,12.84,12.65,12.66,5.57,5.79,9.24,5.56,6.61,9.88,9.14,9.26,15.97,13.70,14.71,3.30,4.69,7.26,6.61,4.97,4.69,5.60,5.44,6.81,4.32,6.48,3.75,1.25,0.96,5.07,5.47,10.34,10.50,5.50,4.44,4.89,2.75,2.70,20.28,19.77,22.27,20.26,21.42,20.34,22.20,19.17,19.62,19.47,20.52,20.77,20.40,21.87,21.75,20.95,22.07,21.31,21.80,21.18,18.54,18.71,18.46,19.46,18.85,20.02,18.51,18.15,19.63,8.41,9.44,7.45,5.50,6.81,8.39,7.82,5.76,5.58,6.53,7.05,5.79,5.67,16.57,17.84,17.43,15.54,15.97,17.04],
  [17.26,11.93,7.52,3.46,14.60,20.10,9.14,4.14,4.14,6.34,99.00,6.85,8.38,10.23,11.85,8.90,11.87,9.26,10.50,10.37,10.15,11.10,10.40,11.79,9.33,9.31,13.62,10.66,12.14,11.80,11.47,11.42,18.54,15.21,17.42,5.97,3.50,4.71,7.25,4.97,2.97,6.12,5.24,3.62,4.92,8.17,4.31,6.44,6.26,7.79,6.51,7.39,8.17,3.83,4.66,6.26,4.43,5.24,19.70,18.70,21.49,19.17,20.61,18.92,21.46,18.59,18.89,18.33,19.59,19.85,19.47,21.23,20.79,19.94,21.02,20.65,21.15,20.31,15.66,15.62,14.81,16.91,15.64,17.58,15.95,14.78,16.95,4.99,5.61,9.29,7.26,7.71,6.69,7.37,5.21,6.96,7.81,7.83,4.46,7.91,16.58,16.84,15.82,15.70,16.13,17.07],
  [18.55,9.19,11.50,6.34,9.95,23.66,3.26,3.01,3.01,0.59,6.85,99.00,9.76,11.26,13.49,10.72,13.17,10.49,11.64,12.77,11.69,12.81,12.67,12.55,5.81,6.05,9.29,5.56,6.48,10.22,9.45,9.58,16.18,14.03,14.92,3.80,5.29,7.85,7.11,5.54,5.28,6.13,6.01,7.40,4.89,6.91,4.34,1.66,1.43,5.46,5.98,10.92,11.07,6.09,5.02,5.40,3.34,3.26,20.09,19.62,22.09,20.11,21.24,20.22,22.01,18.98,19.45,19.33,20.35,20.60,20.24,21.67,21.58,20.80,21.92,21.12,21.61,21.01,18.58,18.76,18.57,19.46,18.91,20.01,18.51,18.23,19.64,8.63,9.67,7.19,5.34,6.68,8.45,7.79,5.85,5.45,6.37,6.92,5.96,5.43,16.34,17.70,17.35,15.32,15.74,16.81],
  [9.16,6.12,3.84,11.41,19.71,13.99,9.07,9.56,9.56,9.76,8.38,9.76,99.00,1.86,3.81,1.01,3.64,0.89,2.15,3.07,1.98,3.09,2.95,3.41,15.14,15.29,19.00,15.31,16.19,18.92,18.34,18.39,25.44,22.65,24.21,12.02,10.91,12.95,14.67,12.28,10.40,13.43,12.72,11.89,11.89,15.18,11.02,10.83,10.50,14.16,13.63,15.77,16.52,11.62,11.76,13.17,10.34,11.07,11.36,10.48,13.21,10.97,12.33,10.86,13.17,10.24,10.58,10.13,11.33,11.60,11.21,12.91,12.56,11.71,12.82,12.33,12.84,12.04,8.84,9.06,9.13,9.70,9.24,10.26,8.75,8.65,9.88,3.70,3.84,4.48,4.78,3.52,1.71,2.02,4.12,4.51,3.96,3.31,4.45,5.13,8.22,8.57,7.82,7.38,7.80,8.71],
  [7.40,5.89,4.86,13.26,21.20,12.87,10.15,11.30,11.30,11.32,10.23,11.26,1.86,99.00,2.28,1.57,1.91,0.97,0.40,2.46,0.85,1.72,2.25,1.56,16.79,16.95,20.54,16.81,17.59,20.67,20.07,20.13,27.13,24.42,25.90,13.74,12.74,14.81,16.47,14.10,12.23,15.24,14.54,13.75,13.68,16.94,12.81,12.44,12.11,15.88,15.42,17.62,18.38,13.46,13.56,14.94,12.09,12.80,9.51,8.67,11.37,9.15,10.49,9.10,11.33,8.39,8.73,8.33,9.50,9.77,9.38,11.06,10.73,9.90,11.01,10.48,10.99,10.21,7.64,7.97,8.37,8.31,8.20,8.80,7.40,7.75,8.54,5.47,5.42,5.06,6.03,4.67,3.56,3.51,5.85,5.83,5.06,4.43,6.26,6.21,6.41,6.75,6.12,5.60,6.01,6.89],
  [5.42,7.73,5.27,15.06,23.44,10.64,12.42,13.36,13.36,13.53,11.85,13.49,3.81,2.28,99.00,3.01,0.66,3.01,1.88,1.80,1.83,0.75,1.66,1.69,18.95,19.10,22.77,19.05,19.86,22.72,22.15,22.19,29.25,26.43,28.02,15.83,14.63,16.53,18.43,16.03,14.10,17.19,16.46,15.45,15.66,18.97,14.80,14.62,14.29,17.97,17.41,19.19,20.02,15.30,15.52,16.95,14.14,14.88,7.95,6.85,9.66,7.32,8.78,7.11,9.64,6.88,7.11,6.48,7.75,8.01,7.63,9.43,8.94,8.09,9.17,8.85,9.35,8.47,5.41,5.77,6.40,6.03,6.03,6.53,5.12,5.69,6.26,6.88,6.52,7.28,8.30,6.94,5.43,5.71,7.93,8.09,7.34,6.70,8.23,8.48,5.58,5.03,4.03,5.07,5.39,6.00],
  [8.42,6.83,3.36,12.06,20.66,12.99,10.08,10.39,10.39,10.71,8.90,10.72,1.01,1.57,3.01,99.00,2.97,0.87,1.69,2.07,1.24,2.26,1.96,3.02,16.03,16.17,19.94,16.26,17.17,19.73,19.17,19.21,26.29,23.43,25.07,12.86,11.62,13.55,15.42,13.03,11.10,14.19,13.45,12.48,12.66,15.98,11.80,11.75,11.42,15.01,14.41,16.28,17.07,12.30,12.51,13.96,11.16,11.92,10.80,9.82,12.59,10.29,11.71,10.12,12.56,9.69,9.99,9.45,10.69,10.96,10.57,12.32,11.90,11.05,12.14,11.74,12.25,11.41,7.86,8.07,8.12,8.76,8.24,9.34,7.81,7.64,8.93,4.01,3.87,5.41,5.79,4.52,2.43,3.02,5.00,5.51,4.96,4.31,5.25,6.13,7.90,7.94,7.04,7.13,7.54,8.37],
  [5.52,7.11,5.60,15.01,23.11,11.18,11.97,13.18,13.18,13.23,11.87,13.17,3.64,1.91,0.66,2.97,99.00,2.77,1.53,2.23,1.73,0.96,2.05,1.04,18.69,18.86,22.46,18.72,19.49,22.55,21.96,22.01,29.03,26.28,27.80,15.63,14.54,16.52,18.31,15.92,14.02,17.07,16.36,15.44,15.52,18.81,14.66,14.35,14.02,17.77,17.27,19.24,20.04,15.23,15.39,16.80,13.97,14.69,7.84,6.86,9.62,7.34,8.74,7.22,9.59,6.74,7.02,6.50,7.73,7.99,7.61,9.36,8.94,8.10,9.19,8.78,9.28,8.44,5.96,6.35,7.05,6.48,6.62,6.94,5.60,6.32,6.74,6.95,6.68,6.77,7.92,6.55,5.32,5.42,7.73,7.74,6.93,6.31,8.09,8.06,5.19,4.97,4.21,4.60,4.95,5.63],
  [8.30,5.99,4.22,12.30,20.44,13.40,9.60,10.40,10.40,10.52,9.26,10.49,0.89,0.97,3.01,0.87,2.77,99.00,1.27,2.59,1.20,2.32,2.42,2.53,15.95,16.10,19.76,16.05,16.88,19.78,19.18,19.24,26.27,23.51,25.04,12.86,11.79,13.84,15.54,13.16,11.28,14.31,13.60,12.78,12.76,16.03,11.89,11.62,11.29,15.00,14.50,16.65,17.41,12.51,12.63,14.03,11.19,11.92,10.47,9.60,12.32,10.09,11.44,10.00,12.28,9.35,9.69,9.26,10.45,10.71,10.33,12.02,11.67,10.83,11.94,11.44,11.95,11.15,8.20,8.46,8.68,8.98,8.67,9.51,8.04,8.14,9.18,4.52,4.54,4.73,5.37,4.04,2.60,2.71,4.95,5.14,4.47,3.81,5.32,5.64,7.36,7.69,6.98,6.54,6.96,7.85],
  [7.04,6.19,4.86,13.57,21.59,12.49,10.55,11.66,11.66,11.70,10.50,11.64,2.15,0.40,1.88,1.69,1.53,1.27,99.00,2.19,0.67,1.34,1.98,1.33,17.16,17.33,20.93,17.20,17.99,21.03,20.43,20.48,27.50,24.77,26.27,14.10,13.06,15.10,16.81,14.43,12.55,15.57,14.87,14.03,14.02,17.29,13.15,12.82,12.49,16.24,15.76,17.88,18.66,13.77,13.89,15.29,12.45,13.16,9.21,8.33,11.06,8.82,10.17,8.74,11.02,8.10,8.43,7.99,9.18,9.44,9.06,10.76,10.40,9.57,10.67,10.18,10.69,9.89,7.25,7.58,8.02,7.91,7.82,8.41,7.00,7.39,8.14,5.68,5.57,5.44,6.42,5.06,3.86,3.89,6.20,6.23,5.46,4.82,6.59,6.60,6.21,6.42,5.75,5.44,5.84,6.68],
  [6.93,8.35,3.48,13.68,22.68,10.93,12.13,12.28,12.28,12.73,10.37,12.77,3.07,2.46,1.80,2.07,2.23,2.59,2.19,99.00,1.61,1.29,0.22,2.97,17.99,18.12,21.95,18.29,19.22,21.57,21.04,21.07,28.18,25.22,26.97,14.76,13.33,15.08,17.18,14.78,12.79,15.95,15.18,13.99,14.45,17.81,13.61,13.75,13.42,16.91,16.20,17.64,18.50,13.95,14.29,15.78,13.03,13.82,9.66,8.46,11.28,8.91,10.41,8.57,11.28,8.61,8.81,8.07,9.38,9.64,9.26,11.10,10.53,9.68,10.73,10.53,11.02,10.10,5.82,6.01,6.10,6.79,6.18,7.41,5.83,5.58,6.93,5.39,4.88,7.31,7.85,6.56,4.36,5.08,6.99,7.58,7.00,6.35,7.14,8.17,7.37,6.71,5.48,6.82,7.16,7.79],
  [7.21,6.74,4.22,13.29,21.64,12.22,10.78,11.53,11.53,11.71,10.15,11.69,1.98,0.85,1.83,1.24,1.73,1.20,0.67,1.61,99.00,1.12,1.40,1.87,17.11,17.27,20.95,17.25,18.09,20.89,20.32,20.36,27.41,24.61,26.19,13.99,12.83,14.79,16.62,14.22,12.31,15.38,14.66,13.72,13.84,17.14,12.98,12.80,12.47,16.14,15.59,17.52,18.32,13.52,13.70,15.13,12.31,13.05,9.56,8.58,11.35,9.06,10.46,8.91,11.32,8.45,8.75,8.22,9.45,9.72,9.33,11.08,10.67,9.82,10.91,10.50,11.00,10.17,7.01,7.29,7.59,7.78,7.50,8.32,6.84,7.01,7.98,5.25,5.04,5.79,6.57,5.23,3.61,3.90,6.10,6.34,5.65,5.00,6.41,6.81,6.72,6.70,5.85,6.00,6.39,7.18],
  [6.17,7.46,4.64,14.31,22.76,11.16,11.85,12.63,12.63,12.84,11.10,12.81,3.09,1.72,0.75,2.26,0.96,2.32,1.34,1.29,1.12,99.00,1.10,1.71,18.23,18.38,22.08,18.37,19.20,21.99,21.42,21.46,28.52,25.69,27.30,15.10,13.88,15.78,17.68,15.29,13.35,16.45,15.71,14.70,14.91,18.23,14.06,13.92,13.59,17.24,16.67,18.45,19.27,14.55,14.77,16.21,13.41,14.15,8.67,7.60,10.40,8.07,9.52,7.86,10.37,7.59,7.84,7.23,8.49,8.76,8.37,10.16,9.69,8.84,9.92,9.58,10.09,9.21,5.93,6.25,6.69,6.66,6.48,7.19,5.73,6.05,6.87,6.14,5.80,6.78,7.67,6.32,4.69,5.03,7.21,7.45,6.73,6.09,7.50,7.89,6.14,5.76,4.78,5.55,5.90,6.58],
  [6.88,8.14,3.61,13.69,22.60,11.04,11.99,12.24,12.24,12.65,10.40,12.67,2.95,2.25,1.66,1.96,2.05,2.42,1.98,0.22,1.40,1.10,99.00,2.76,17.93,18.06,21.87,18.21,19.12,21.54,21.01,21.04,28.14,25.21,26.93,14.72,13.33,15.11,17.17,14.77,12.79,15.94,15.17,14.02,14.43,17.78,13.58,13.68,13.35,16.86,16.18,17.69,18.54,13.96,14.27,15.76,13.00,13.77,9.56,8.39,11.21,8.84,10.33,8.53,11.20,8.50,8.71,8.00,9.30,9.56,9.18,11.01,10.46,9.61,10.66,10.44,10.93,10.02,5.90,6.11,6.26,6.85,6.29,7.45,5.88,5.72,6.99,5.41,4.94,7.14,7.72,6.42,4.30,4.96,6.92,7.45,6.86,6.20,7.09,8.03,7.21,6.61,5.43,6.64,6.99,7.64],
  [6.00,6.09,6.07,14.81,22.46,12.13,11.18,12.78,12.78,12.66,11.79,12.55,3.41,1.56,1.69,3.02,1.04,2.53,1.33,2.97,1.87,1.71,2.76,99.00,18.17,18.35,21.84,18.09,18.79,22.14,21.52,21.58,28.55,25.90,27.31,15.20,14.27,16.36,17.98,15.61,13.77,16.75,16.06,15.31,15.19,18.42,14.32,13.81,13.48,17.32,16.92,19.18,19.94,15.00,15.07,16.43,13.57,14.26,7.96,7.18,9.84,7.67,8.96,7.68,9.79,6.84,7.19,6.85,7.99,8.25,7.87,9.52,9.22,8.40,9.51,8.94,9.45,8.69,6.93,7.34,8.08,7.35,7.63,7.76,6.51,7.35,7.63,7.00,6.88,5.92,7.24,5.88,5.12,4.94,7.33,7.10,6.23,5.64,7.78,7.32,4.88,5.25,4.82,4.13,4.53,5.36],
  [24.16,14.95,16.06,6.49,5.29,28.66,8.56,5.80,5.80,5.57,9.33,5.81,15.14,16.79,18.95,16.03,18.69,15.95,17.16,17.99,17.11,18.23,17.93,18.17,99.00,0.35,4.29,2.34,3.93,4.59,3.74,3.92,10.40,8.32,9.15,3.41,5.93,6.86,3.77,4.69,6.41,3.96,4.72,7.27,4.49,2.62,5.01,4.37,4.70,1.69,3.45,8.74,8.29,6.02,4.77,3.34,5.15,4.30,25.85,25.31,27.84,25.80,26.99,25.86,27.77,24.74,25.19,25.01,26.07,26.33,25.96,27.44,27.31,26.51,27.63,26.88,27.37,26.74,23.76,23.87,23.42,24.78,23.97,25.37,23.81,23.21,24.91,13.13,14.09,13.00,11.07,12.37,13.63,13.27,11.03,11.13,12.10,12.60,10.86,11.23,22.13,23.38,22.91,21.11,21.54,22.61],
  [24.34,15.21,16.13,6.38,5.36,28.75,8.86,5.89,5.89,5.79,9.31,6.05,15.29,16.95,19.10,16.17,18.86,16.10,17.33,18.12,17.27,18.38,18.06,18.35,0.35,99.00,4.33,2.66,4.22,4.28,3.45,3.61,10.20,8.03,8.95,3.46,5.87,6.67,3.51,4.58,6.37,3.79,4.57,7.13,4.43,2.32,5.00,4.57,4.90,1.56,3.28,8.47,8.00,5.92,4.70,3.22,5.21,4.37,26.06,25.50,28.04,25.99,27.19,26.03,27.97,24.94,25.39,25.20,26.27,26.52,26.15,27.65,27.50,26.70,27.82,27.09,27.58,26.94,23.88,23.98,23.50,24.91,24.07,25.51,23.95,23.30,25.04,13.21,14.15,13.23,11.28,12.57,13.76,13.44,11.18,11.33,12.31,12.80,10.98,11.45,22.35,23.57,23.07,21.33,21.76,22.83],
  [27.83,17.89,20.23,10.69,1.11,32.74,11.29,9.99,9.99,9.24,13.62,9.29,19.00,20.54,22.77,19.94,22.46,19.76,20.93,21.95,20.95,22.08,21.87,21.84,4.29,4.33,99.00,3.77,3.65,4.98,4.27,4.55,7.60,7.26,6.37,7.68,10.20,10.80,7.41,8.89,10.69,8.00,8.84,11.38,8.76,6.13,9.30,8.20,8.53,5.88,7.50,12.02,11.31,10.23,9.03,7.52,9.39,8.53,29.27,28.88,31.28,29.36,30.45,29.50,31.20,28.17,28.66,28.60,29.58,29.83,29.47,30.84,30.81,30.04,31.15,30.30,30.77,30.22,27.76,27.90,27.54,28.70,28.02,29.26,27.75,27.29,28.86,17.29,18.27,16.31,14.61,15.96,17.59,17.06,14.96,14.74,15.64,16.20,14.89,14.63,25.45,26.96,26.64,24.42,24.83,25.91],
  [24.08,14.17,16.76,8.28,4.40,29.14,7.58,6.69,6.69,5.56,10.66,5.56,15.31,16.81,19.05,16.26,18.72,16.05,17.20,18.29,17.25,18.37,18.21,18.09,2.34,2.66,3.77,99.00,1.66,6.33,5.43,5.67,11.08,9.76,9.81,4.77,7.53,8.93,6.06,6.55,7.93,6.06,6.69,9.18,6.19,4.95,6.47,4.64,4.95,3.81,5.57,11.03,10.62,7.83,6.47,5.32,6.24,5.42,25.50,25.11,27.52,25.60,26.68,25.75,27.43,24.40,24.89,24.83,25.82,26.06,25.71,27.08,27.04,26.27,27.38,26.53,27.01,26.45,24.10,24.27,23.99,25.01,24.40,25.56,24.06,23.70,25.18,13.82,14.84,12.54,10.86,12.21,13.95,13.34,11.32,11.00,11.88,12.45,11.31,10.86,21.69,23.19,22.90,20.66,21.07,22.15],
  [24.73,14.44,17.92,9.90,3.85,30.13,7.87,8.08,8.08,6.61,12.14,6.48,16.19,17.59,19.86,17.17,19.49,16.88,17.99,19.22,18.09,19.20,19.12,18.79,3.93,4.22,3.65,1.66,99.00,7.41,6.52,6.79,11.25,10.51,10.01,6.35,9.12,10.58,7.69,8.18,9.49,7.72,8.35,10.82,7.80,6.54,8.03,5.89,6.16,5.46,7.23,12.66,12.22,9.46,8.08,6.97,7.71,6.92,25.98,25.69,28.00,26.17,27.18,26.38,27.91,24.90,25.41,25.43,26.36,26.60,26.25,27.54,27.57,26.82,27.93,27.01,27.47,26.97,25.03,25.22,25.04,25.86,25.38,26.39,24.93,24.70,26.06,15.00,16.03,13.07,11.57,12.94,14.93,14.19,12.32,11.76,12.57,13.18,12.40,11.49,22.13,23.79,23.62,21.10,21.50,22.57],
  [28.07,19.41,19.18,8.38,5.98,31.85,13.13,9.37,9.37,9.88,11.80,10.22,18.92,20.67,22.72,19.73,22.55,19.78,21.03,21.57,20.89,21.99,21.54,22.14,4.59,4.28,4.98,6.33,7.41,99.00,0.90,0.67,6.74,3.82,5.64,6.95,8.38,7.73,4.56,6.89,8.94,5.71,6.57,8.64,7.13,3.76,7.96,8.63,8.94,4.86,5.39,7.84,6.93,7.98,7.32,5.79,8.58,7.88,29.98,29.32,31.93,29.81,31.06,29.77,31.87,28.85,29.27,28.99,30.12,30.38,30.00,31.56,31.35,30.53,31.65,30.99,31.49,30.80,27.20,27.23,26.55,28.33,27.29,28.97,27.37,26.46,28.43,16.37,17.21,17.32,15.28,16.50,17.30,17.20,14.83,15.28,16.28,16.73,14.49,15.52,26.35,27.38,26.74,25.34,25.77,26.83],
  [27.47,18.64,18.75,8.10,5.32,31.43,12.30,8.79,8.79,9.14,11.47,9.45,18.34,20.07,22.15,19.17,21.96,19.18,20.43,21.04,20.32,21.42,21.01,21.52,3.74,3.45,4.27,5.43,6.52,0.90,99.00,0.29,7.15,4.59,5.98,6.33,7.99,7.63,4.29,6.50,8.55,5.35,6.23,8.46,6.67,3.30,7.47,7.90,8.21,4.20,4.97,8.10,7.26,7.68,6.88,5.31,8.02,7.27,29.32,28.69,31.29,29.18,30.42,29.17,31.22,28.19,28.63,28.37,29.48,29.74,29.37,30.90,30.72,29.90,31.02,30.34,30.83,30.16,26.72,26.77,26.14,27.82,26.83,28.45,26.86,26.02,27.93,15.91,16.77,16.59,14.58,15.83,16.74,16.58,14.23,14.60,15.60,16.06,13.93,14.80,25.66,26.76,26.16,24.65,25.08,26.14],
  [27.53,18.77,18.74,8.03,5.59,31.42,12.47,8.83,8.83,9.26,11.42,9.58,18.39,20.13,22.19,19.21,22.01,19.24,20.48,21.07,20.36,21.46,21.04,21.58,3.92,3.61,4.55,5.67,6.79,0.67,0.29,99.00,7.15,4.44,6.01,6.39,7.96,7.50,4.21,6.47,8.52,5.30,6.18,8.36,6.67,3.29,7.48,8.01,8.32,4.27,4.94,7.89,7.03,7.61,6.87,5.30,8.05,7.32,29.40,28.76,31.36,29.25,30.49,29.23,31.30,28.28,28.70,28.43,29.55,29.81,29.44,30.98,30.79,29.97,31.09,30.42,30.91,30.23,26.73,26.77,26.12,27.84,26.83,28.47,26.88,26.01,27.94,15.91,16.76,16.70,14.68,15.91,16.78,16.64,14.28,14.69,15.69,16.14,13.97,14.91,25.76,26.82,26.21,24.74,25.17,26.23],
  [34.53,25.19,25.90,15.11,7.69,38.57,18.64,15.90,15.90,15.97,18.54,16.18,25.44,27.13,29.25,26.29,29.03,26.27,27.50,28.18,27.41,28.52,28.14,28.55,10.40,10.20,7.60,11.08,11.25,6.74,7.15,7.15,99.00,3.99,1.27,13.43,15.11,14.36,11.29,13.61,15.66,12.44,13.30,15.32,13.82,10.44,14.62,14.76,15.09,11.28,12.10,13.81,12.75,14.72,14.02,12.45,15.14,14.37,36.25,35.70,38.24,36.19,37.38,36.22,38.17,35.14,35.59,35.39,36.47,36.72,36.35,37.84,37.70,36.90,38.02,37.28,37.77,37.14,33.87,33.92,33.28,34.96,33.98,35.58,34.00,33.17,35.07,23.06,23.92,23.37,21.47,22.77,23.86,23.63,21.32,21.53,22.50,23.00,21.05,21.61,32.52,33.77,33.24,31.50,31.92,32.99],
  [31.81,23.22,22.69,11.75,7.89,35.31,16.88,13.13,13.13,13.70,15.21,14.03,22.65,24.42,26.43,23.43,26.28,23.51,24.77,25.22,24.61,25.69,25.21,25.90,8.32,8.03,7.26,9.76,10.51,3.82,4.59,4.44,3.99,99.00,3.47,10.74,11.92,10.77,8.05,10.45,12.47,9.27,10.07,11.80,10.78,7.48,11.64,12.45,12.76,8.67,9.03,9.89,8.82,11.40,10.94,9.48,12.33,11.66,33.77,33.08,35.71,33.57,34.84,33.51,35.65,32.64,33.05,32.75,33.89,34.15,33.77,35.35,35.12,34.30,35.41,34.78,35.28,34.58,30.78,30.78,30.02,31.96,30.82,32.60,30.99,29.97,32.03,19.95,20.74,21.13,19.09,20.30,21.01,20.96,18.57,19.08,20.09,20.53,18.20,19.34,30.16,31.15,30.46,29.15,29.58,30.64],
  [33.29,23.93,24.73,14.02,6.52,37.41,17.37,14.69,14.69,14.71,17.42,14.92,24.21,25.90,28.02,25.07,27.80,25.04,26.27,26.97,26.19,27.30,26.93,27.31,9.15,8.95,6.37,9.81,10.01,5.64,5.98,6.01,1.27,3.47,99.00,12.21,13.97,13.34,10.19,12.47,14.52,11.31,12.18,14.27,12.66,9.28,13.45,13.51,13.84,10.07,10.95,12.99,11.95,13.61,12.86,11.29,13.94,13.16,35.00,34.46,36.99,34.95,36.13,34.99,36.91,33.88,34.34,34.15,35.22,35.47,35.11,36.58,36.45,35.65,36.77,36.02,36.51,35.88,32.68,32.73,32.12,33.76,32.81,34.38,32.79,32.00,33.87,21.88,22.75,22.11,20.22,21.51,22.65,22.39,20.09,20.28,21.25,21.75,19.84,20.35,31.26,32.52,32.01,30.24,30.66,31.73],
  [21.14,12.74,12.68,3.60,8.64,25.31,7.05,2.48,2.48,3.30,5.97,3.80,12.02,13.74,15.83,12.86,15.63,12.86,14.10,14.76,13.99,15.10,14.72,15.20,3.41,3.46,7.68,4.77,6.35,6.95,6.33,6.39,13.43,10.74,12.21,99.00,2.77,4.64,3.31,2.09,3.16,2.36,2.46,4.60,1.55,3.30,1.70,2.17,2.37,2.15,2.18,7.42,7.41,3.19,1.80,1.60,1.76,0.94,23.03,22.37,24.98,22.86,24.12,22.84,24.92,21.90,22.32,22.05,23.17,23.43,23.05,24.61,24.40,23.59,24.70,24.05,24.54,23.85,20.49,20.57,20.06,21.55,20.66,22.16,20.59,19.87,21.67,9.77,10.70,10.49,8.38,9.57,10.43,10.26,7.90,8.36,9.37,9.79,7.63,8.69,19.42,20.44,19.83,18.42,18.85,19.91],
  [20.04,12.98,10.81,1.05,11.21,23.47,8.37,2.39,2.39,4.69,3.50,5.29,10.91,12.74,14.63,11.62,14.54,11.79,13.06,13.33,12.83,13.88,13.33,14.27,5.93,5.87,10.20,7.53,9.12,8.38,7.99,7.96,15.11,11.92,13.97,2.77,99.00,2.66,3.87,1.49,0.56,2.67,1.85,2.12,1.44,4.69,1.13,4.12,4.11,4.33,3.02,5.84,6.21,0.88,1.17,2.76,1.95,2.39,22.23,21.39,24.11,21.88,23.23,21.74,24.07,21.10,21.47,21.04,22.24,22.50,22.12,23.79,23.47,22.63,23.73,23.22,23.72,22.95,18.87,18.88,18.17,20.04,18.92,20.69,19.08,18.09,20.11,8.04,8.84,10.46,8.27,9.19,9.22,9.44,7.01,8.11,9.12,9.38,6.49,8.75,18.83,19.48,18.66,17.88,18.31,19.32],
  [21.94,15.55,12.19,1.71,11.89,24.66,11.00,5.05,5.05,7.26,4.71,7.85,12.95,14.81,16.53,13.55,16.52,13.84,15.10,15.08,14.79,15.78,15.11,16.36,6.86,6.67,10.80,8.93,10.58,7.73,7.63,7.50,14.36,10.77,13.34,4.64,2.66,99.00,3.44,2.55,2.93,2.90,2.26,1.10,3.12,4.69,3.51,6.51,6.56,5.18,3.40,3.18,3.66,1.79,2.91,3.61,4.52,4.69,24.31,23.37,26.14,23.84,25.26,23.62,26.10,23.19,23.52,23.00,24.25,24.51,24.13,25.86,25.45,24.61,25.69,25.28,25.78,24.96,20.34,20.28,19.38,21.61,20.29,22.29,20.66,19.41,21.64,9.70,10.32,12.99,10.81,11.63,11.24,11.69,9.31,10.62,11.61,11.80,8.69,11.33,21.06,21.49,20.52,20.13,20.57,21.55],
  [23.83,15.99,14.67,3.82,8.51,27.32,10.34,5.31,5.31,6.61,7.25,7.11,14.67,16.47,18.43,15.42,18.31,15.54,16.81,17.18,16.62,17.68,17.17,17.98,3.77,3.51,7.41,6.06,7.69,4.56,4.29,4.21,11.29,8.05,10.19,3.31,3.87,3.44,99.00,2.40,4.42,1.24,2.03,4.19,2.80,1.28,3.67,5.46,5.67,2.33,1.15,4.97,4.60,3.42,2.91,1.72,4.52,4.04,25.91,25.14,27.82,25.63,26.95,25.52,27.77,24.78,25.17,24.80,25.97,26.23,25.85,27.48,27.20,26.37,27.48,26.91,27.41,26.67,22.74,22.75,22.02,23.91,22.79,24.55,22.94,21.95,23.98,11.91,12.71,13.65,11.50,12.60,13.00,13.07,10.65,11.42,12.45,12.81,10.22,11.86,22.41,23.22,22.46,21.42,21.86,22.89],
  [21.43,13.93,12.30,1.80,9.94,24.96,8.78,3.13,3.13,4.97,4.97,5.54,12.28,14.10,16.03,13.03,15.92,13.16,14.43,14.78,14.22,15.29,14.77,15.61,4.69,4.58,8.89,6.55,8.18,6.89,6.50,6.47,13.61,10.45,12.47,2.09,1.49,2.55,2.40,99.00,2.05,1.18,0.50,2.64,0.64,3.20,1.39,4.06,4.16,3.02,1.53,5.41,5.53,1.34,0.58,1.37,2.40,2.28,23.55,22.76,25.46,23.25,24.58,23.13,25.41,22.43,22.81,22.41,23.60,23.86,23.48,25.13,24.83,23.99,25.10,24.55,25.05,24.30,20.34,20.36,19.67,21.51,20.41,22.15,20.54,19.58,21.58,9.51,10.33,11.50,9.32,10.34,10.61,10.73,8.30,9.20,10.23,10.54,7.84,9.74,20.09,20.84,20.06,19.12,19.56,20.58],
  [19.52,12.63,10.25,1.22,11.69,22.91,8.26,2.29,2.29,4.69,2.97,5.28,10.40,12.23,14.10,11.10,14.02,11.28,12.55,12.79,12.31,13.35,12.79,13.77,6.41,6.37,10.69,7.93,9.49,8.94,8.55,8.52,15.66,12.47,14.52,3.16,0.56,2.93,4.42,2.05,99.00,3.23,2.40,2.19,1.95,5.24,1.46,4.27,4.20,4.84,3.58,6.10,6.55,1.25,1.70,3.30,2.04,2.63,21.73,20.88,23.60,21.36,22.72,21.21,23.56,20.60,20.96,20.53,21.73,21.99,21.61,23.29,22.95,22.11,23.21,22.72,23.22,22.44,18.31,18.32,17.62,19.49,18.37,20.15,18.53,17.53,19.56,7.48,8.28,10.09,7.90,8.77,8.70,8.96,6.55,7.72,8.72,8.95,6.00,8.41,18.36,18.97,18.13,17.41,17.85,18.85],
  [22.59,14.85,13.48,2.79,9.08,26.14,9.39,4.11,4.11,5.60,6.12,6.13,13.43,15.24,17.19,14.19,17.07,14.31,15.57,15.95,15.38,16.45,15.94,16.75,3.96,3.79,8.00,6.06,7.72,5.71,5.35,5.30,12.44,9.27,11.31,2.36,2.67,2.90,1.24,1.18,3.23,99.00,0.89,3.38,1.57,2.07,2.44,4.53,4.70,2.29,0.51,5.20,5.08,2.35,1.68,0.84,3.32,2.94,24.68,23.90,26.59,24.39,25.71,24.29,26.54,23.55,23.93,23.56,24.74,25.00,24.62,26.25,25.97,25.13,26.24,25.68,26.18,25.43,21.53,21.54,20.85,22.69,21.59,23.33,21.72,20.76,22.77,10.69,11.51,12.48,10.31,11.39,11.77,11.84,9.42,10.23,11.25,11.60,8.98,10.70,21.18,21.98,21.23,20.20,20.64,21.67],
  [21.87,14.43,12.64,1.90,9.91,25.30,9.26,3.64,3.64,5.44,5.24,6.01,12.72,14.54,16.46,13.45,16.36,13.60,14.87,15.18,14.66,15.71,15.17,16.06,4.72,4.57,8.84,6.69,8.35,6.57,6.23,6.18,13.30,10.07,12.18,2.46,1.85,2.26,2.03,0.50,2.40,0.89,99.00,2.55,1.13,2.97,1.90,4.50,4.62,3.03,1.35,4.98,5.05,1.45,1.09,1.39,2.90,2.75,24.01,23.20,25.91,23.69,25.03,23.56,25.86,22.88,23.26,22.86,24.05,24.31,23.93,25.58,25.27,24.43,25.54,25.01,25.51,24.75,20.72,20.72,20.00,21.89,20.77,22.54,20.93,19.93,21.96,9.88,10.68,11.99,9.81,10.83,11.04,11.19,8.76,9.70,10.72,11.03,8.28,10.24,20.57,21.29,20.49,19.60,20.03,21.06],
  [20.86,14.68,11.10,1.08,12.45,23.59,10.44,4.46,4.46,6.81,3.62,7.40,11.89,13.75,15.45,12.48,15.44,12.78,14.03,13.99,13.72,14.70,14.02,15.31,7.27,7.13,11.38,9.18,10.82,8.64,8.46,8.36,15.32,11.80,14.27,4.60,2.12,1.10,4.19,2.64,2.19,3.38,2.55,99.00,3.06,5.36,3.18,6.22,6.22,5.58,3.88,4.04,4.66,1.42,2.80,3.93,4.07,4.43,23.25,22.29,25.06,22.76,24.18,22.53,25.03,22.13,22.45,21.92,23.17,23.43,23.05,24.79,24.38,23.53,24.61,24.21,24.71,23.88,19.25,19.19,18.30,20.52,19.20,21.20,19.56,18.32,20.55,8.60,9.22,12.09,9.92,10.68,10.18,10.67,8.32,9.71,10.68,10.85,7.67,10.47,20.03,20.41,19.43,19.11,19.54,20.52],
  [21.04,13.35,12.08,2.10,9.78,24.75,8.13,2.56,2.56,4.32,4.92,4.89,11.89,13.68,15.66,12.66,15.52,12.76,14.02,14.45,13.84,14.91,14.43,15.19,4.49,4.43,8.76,6.19,7.80,7.13,6.67,6.67,13.82,10.78,12.66,1.55,1.44,3.12,2.80,0.64,1.95,1.57,1.13,3.06,99.00,3.38,0.87,3.43,3.52,2.89,1.75,6.05,6.17,1.66,0.28,1.37,1.80,1.64,23.11,22.35,25.03,22.84,24.15,22.74,24.97,21.98,22.37,22.01,23.18,23.44,23.06,24.69,24.41,23.58,24.69,24.11,24.61,23.87,20.07,20.10,19.46,21.21,20.17,21.84,20.24,19.35,21.29,9.24,10.10,10.94,8.77,9.83,10.23,10.28,7.86,8.67,9.70,10.03,7.44,9.17,19.62,20.42,19.69,18.64,19.07,20.10],
  [24.33,16.01,15.46,4.86,7.23,28.13,10.05,5.64,5.64,6.48,8.17,6.91,15.18,16.94,18.97,15.98,18.81,16.03,17.29,17.81,17.14,18.23,17.78,18.42,2.62,2.32,6.13,4.95,6.54,3.76,3.30,3.29,10.44,7.48,9.28,3.30,4.69,4.69,1.28,3.20,5.24,2.07,2.97,5.36,3.38,99.00,4.20,5.25,5.52,1.54,1.67,6.16,5.68,4.42,3.58,2.03,4.85,4.19,26.29,25.60,28.23,26.08,27.36,26.03,28.18,25.16,25.58,25.26,26.41,26.67,26.29,27.87,27.64,26.82,27.93,27.30,27.80,27.09,23.45,23.49,22.84,24.57,23.55,25.21,23.61,22.73,24.67,12.63,13.48,13.78,11.68,12.86,13.55,13.48,11.09,11.65,12.67,13.08,10.74,11.98,22.71,23.66,22.99,21.71,22.14,23.19],
  [20.18,12.54,11.30,2.11,10.29,23.97,7.52,1.74,1.74,3.75,4.31,4.34,11.02,12.81,14.80,11.80,14.66,11.89,13.15,13.61,12.98,14.06,13.58,14.32,5.01,5.00,9.30,6.47,8.03,7.96,7.47,7.48,14.62,11.64,13.45,1.70,1.13,3.51,3.67,1.39,1.46,2.44,1.90,3.18,0.87,4.20,99.00,3.05,3.07,3.52,2.61,6.60,6.83,1.79,0.81,2.18,1.04,1.27,22.24,21.48,24.16,21.97,23.28,21.88,24.10,21.11,21.50,21.14,22.31,22.57,22.19,23.82,23.54,22.71,23.82,23.24,23.74,23.00,19.25,19.29,18.69,20.37,19.36,21.00,19.40,18.55,20.47,8.44,9.31,10.10,7.92,8.96,9.37,9.41,6.99,7.82,8.84,9.17,6.57,8.34,18.75,19.56,18.83,17.77,18.20,19.24],
  [19.81,10.80,12.12,5.15,8.98,24.54,4.89,2.30,2.30,1.25,6.44,1.66,10.83,12.44,14.62,11.75,14.35,11.62,12.82,13.75,12.80,13.92,13.68,13.81,4.37,4.57,8.20,4.64,5.89,8.63,7.90,8.01,14.76,12.45,13.51,2.17,4.12,6.51,5.46,4.06,4.27,4.53,4.50,6.22,3.43,5.25,3.05,99.00,0.33,3.82,4.34,9.48,9.54,4.83,3.60,3.77,2.23,1.82,21.49,20.95,23.48,21.44,22.62,21.50,23.40,20.37,20.82,20.64,21.71,21.96,21.59,23.08,22.94,22.14,23.26,22.52,23.01,22.37,19.55,19.69,19.37,20.51,19.82,21.09,19.56,19.09,20.67,9.18,10.20,8.69,6.72,8.00,9.39,8.93,6.76,6.76,7.74,8.24,6.69,6.90,17.79,19.01,18.56,16.77,17.20,18.27],
  [19.47,10.51,11.81,5.14,9.30,24.22,4.69,2.13,2.13,0.96,6.26,1.43,10.50,12.11,14.29,11.42,14.02,11.29,12.49,13.42,12.47,13.59,13.35,13.48,4.70,4.90,8.53,4.95,6.16,8.94,8.21,8.32,15.09,12.76,13.84,2.37,4.11,6.56,5.67,4.16,4.20,4.70,4.62,6.22,3.52,5.52,3.07,0.33,99.00,4.11,4.54,9.57,9.67,4.85,3.68,3.97,2.17,1.89,21.16,20.62,23.15,21.11,22.29,21.17,23.08,20.05,20.50,20.31,21.38,21.63,21.26,22.75,22.61,21.81,22.93,22.19,22.68,22.04,19.23,19.37,19.05,20.18,19.49,20.76,19.23,18.77,20.34,8.88,9.90,8.38,6.39,7.67,9.06,8.60,6.43,6.44,7.41,7.91,6.37,6.59,17.47,18.68,18.23,16.45,16.88,17.94],
  [23.28,14.62,14.77,4.82,6.92,27.42,8.55,4.63,4.63,5.07,7.79,5.46,14.16,15.88,17.97,15.01,17.77,15.00,16.24,16.91,16.14,17.24,16.86,17.32,1.69,1.56,5.88,3.81,5.46,4.86,4.20,4.27,11.28,8.67,10.07,2.15,4.33,5.18,2.33,3.02,4.84,2.29,3.03,5.58,2.89,1.54,3.52,3.82,4.11,99.00,1.79,7.26,6.93,4.36,3.16,1.66,3.88,3.09,25.13,24.50,27.09,24.99,26.23,24.98,27.03,24.00,24.43,24.18,25.29,25.54,25.17,26.71,26.52,25.71,26.83,26.15,26.64,25.97,22.62,22.70,22.15,23.70,22.78,24.31,22.73,21.99,23.81,11.87,12.79,12.47,10.42,11.64,12.58,12.38,10.05,10.42,11.42,11.87,9.77,10.67,21.49,22.56,21.98,20.48,20.91,21.97],
  [22.79,14.84,13.80,3.24,8.57,26.47,9.23,4.19,4.19,5.47,6.51,5.98,13.63,15.42,17.41,14.41,17.27,14.50,15.76,16.20,15.59,16.67,16.18,16.92,3.45,3.28,7.50,5.57,7.23,5.39,4.97,4.94,12.10,9.03,10.95,2.18,3.02,3.40,1.15,1.53,3.58,0.51,1.35,3.88,1.75,1.67,2.61,4.34,4.54,1.79,99.00,5.61,5.42,2.79,1.93,0.58,3.39,2.89,24.83,24.08,26.75,24.57,25.88,24.49,26.70,23.70,24.09,23.75,24.91,25.17,24.79,26.40,26.14,25.31,26.42,25.83,26.33,25.60,21.81,21.84,21.18,22.96,21.90,23.60,21.99,21.08,23.04,10.98,11.82,12.51,10.36,11.47,11.98,11.99,9.58,10.29,11.32,11.69,9.18,10.72,21.30,22.16,21.44,20.31,20.75,21.79],
  [24.56,18.71,14.51,4.89,13.14,26.58,14.12,8.21,8.21,10.34,7.39,10.92,15.77,17.62,19.19,16.28,19.24,16.65,17.88,17.64,17.52,18.45,17.69,19.18,8.74,8.47,12.02,11.03,12.66,7.84,8.10,7.89,13.81,9.89,12.99,7.42,5.84,3.18,4.97,5.41,6.10,5.20,4.98,4.04,6.05,6.16,6.60,9.48,9.57,7.26,5.61,99.00,1.10,4.96,5.90,6.04,7.64,7.68,27.08,26.04,28.84,26.51,27.96,26.21,28.82,25.97,26.26,25.66,26.94,27.20,26.82,28.60,28.13,27.28,28.34,28.02,28.52,27.66,22.59,22.47,21.38,23.93,22.43,24.63,23.00,21.52,23.92,12.31,12.78,16.13,13.95,14.72,14.07,14.66,12.34,13.74,14.72,14.88,11.67,14.49,23.96,24.20,23.11,23.06,23.49,24.45],
  [25.41,19.18,15.43,5.35,12.41,27.59,14.31,8.52,8.52,10.50,8.17,11.07,16.52,18.38,20.02,17.07,20.04,17.41,18.66,18.50,18.32,19.27,18.54,19.94,8.29,8.00,11.31,10.62,12.22,6.93,7.26,7.03,12.75,8.82,11.95,7.41,6.21,3.66,4.60,5.53,6.55,5.08,5.05,4.66,6.17,5.68,6.83,9.54,9.67,6.93,5.42,1.10,99.00,5.34,6.07,5.92,7.87,7.80,27.87,26.87,29.66,27.34,28.78,27.07,29.63,26.75,27.06,26.49,27.76,28.02,27.64,29.40,28.96,28.11,29.18,28.82,29.32,28.47,23.54,23.43,22.38,24.87,23.40,25.56,23.93,22.49,24.86,13.14,13.66,16.64,14.45,15.29,14.82,15.33,12.97,14.27,15.26,15.46,12.33,14.96,24.68,25.01,23.97,23.76,24.20,25.17],
  [20.72,13.85,11.30,0.46,11.28,23.92,9.22,3.26,3.26,5.50,3.83,6.09,11.62,13.46,15.30,12.30,15.23,12.51,13.77,13.95,13.52,14.55,13.96,15.00,6.02,5.92,10.23,7.83,9.46,7.98,7.68,7.61,14.72,11.40,13.61,3.19,0.88,1.79,3.42,1.34,1.25,2.35,1.45,1.42,1.66,4.42,1.79,4.83,4.85,4.36,2.79,4.96,5.34,99.00,1.39,2.70,2.75,3.03,22.97,22.10,24.83,22.58,23.95,22.41,24.79,21.84,22.19,21.74,22.95,23.22,22.83,24.52,24.17,23.33,24.43,23.95,24.45,23.66,19.41,19.40,18.63,20.62,19.43,21.28,19.65,18.58,20.67,8.61,9.35,11.32,9.13,10.02,9.92,10.21,7.80,8.96,9.96,10.20,7.24,9.62,19.61,20.19,19.32,18.66,19.10,20.10],
  [20.91,13.35,11.87,1.82,10.05,24.55,8.24,2.55,2.55,4.44,4.66,5.02,11.76,13.56,15.52,12.51,15.39,12.63,13.89,14.29,13.70,14.77,14.27,15.07,4.77,4.70,9.03,6.47,8.08,7.32,6.88,6.87,14.02,10.94,12.86,1.80,1.17,2.91,2.91,0.58,1.70,1.68,1.09,2.80,0.28,3.58,0.81,3.60,3.68,3.16,1.93,5.90,6.07,1.39,99.00,1.60,1.82,1.79,23.01,22.23,24.91,22.71,24.04,22.61,24.86,21.88,22.26,21.88,23.06,23.32,22.94,24.58,24.29,23.46,24.57,24.01,24.51,23.76,19.89,19.91,19.26,21.03,19.97,21.67,20.07,19.15,21.12,9.05,9.90,10.91,8.73,9.77,10.09,10.18,7.75,8.62,9.65,9.97,7.31,9.15,19.53,20.31,19.55,18.56,18.99,20.02],
  [22.32,14.27,13.45,3.17,8.57,26.12,8.65,3.67,3.67,4.89,6.26,5.40,13.17,14.94,16.95,13.96,16.80,14.03,15.29,15.78,15.13,16.21,15.76,16.43,3.34,3.22,7.52,5.32,6.97,5.79,5.31,5.30,12.45,9.48,11.29,1.60,2.76,3.61,1.72,1.37,3.30,0.84,1.39,3.93,1.37,2.03,2.18,3.77,3.97,1.66,0.58,6.04,5.92,2.70,1.60,99.00,2.87,2.32,24.33,23.60,26.26,24.09,25.38,24.02,26.20,23.20,23.60,23.27,24.42,24.68,24.30,25.91,25.65,24.83,25.94,25.33,25.83,25.11,21.42,21.46,20.84,22.55,21.53,23.18,21.58,20.71,22.64,10.60,11.47,11.96,9.82,10.94,11.53,11.50,9.10,9.76,10.78,11.16,8.72,10.16,20.78,21.67,20.98,19.79,20.22,21.27],
  [19.49,11.55,10.93,3.00,10.31,23.56,6.49,0.80,0.80,2.75,4.43,3.34,10.34,12.09,14.14,11.16,13.97,11.19,12.45,13.03,12.31,13.41,13.00,13.57,5.15,5.21,9.39,6.24,7.71,8.58,8.02,8.05,15.14,12.33,13.94,1.76,1.95,4.52,4.52,2.40,2.04,3.32,2.90,4.07,1.80,4.85,1.04,2.23,2.17,3.88,3.39,7.64,7.87,2.75,1.82,2.87,99.00,0.86,21.46,20.75,23.39,21.24,22.52,21.19,23.34,20.33,20.73,20.42,21.56,21.82,21.44,23.04,22.79,21.97,23.08,22.47,22.97,22.25,18.74,18.82,18.30,19.82,18.90,20.44,18.85,18.12,19.93,8.01,8.95,9.15,6.99,8.08,8.73,8.64,6.25,6.91,7.93,8.30,5.91,7.38,17.91,18.82,18.16,16.92,17.36,18.40],
  [20.20,11.95,11.77,3.37,9.46,24.39,6.51,1.54,1.54,2.70,5.24,3.26,11.07,12.80,14.88,11.92,14.69,11.92,13.16,13.82,13.05,14.15,13.77,14.26,4.30,4.37,8.53,5.42,6.92,7.88,7.27,7.32,14.37,11.66,13.16,0.94,2.39,4.69,4.04,2.28,2.63,2.94,2.75,4.43,1.64,4.19,1.27,1.82,1.89,3.09,2.89,7.68,7.80,3.03,1.79,2.32,0.86,99.00,22.11,21.44,24.06,21.93,23.19,21.90,24.00,20.98,21.40,21.11,22.24,22.50,22.12,23.69,23.48,22.65,23.77,23.13,23.62,22.92,19.55,19.63,19.13,20.61,19.72,21.22,19.64,18.94,20.73,8.85,9.79,9.64,7.51,8.67,9.49,9.32,6.96,7.47,8.49,8.89,6.68,7.84,18.52,19.51,18.89,17.52,17.96,19.01],
  [3.22,11.71,13.12,22.77,29.77,10.29,18.11,20.66,20.66,20.28,19.70,20.09,11.36,9.51,7.95,10.80,7.84,10.47,9.21,9.66,9.56,8.67,9.56,7.96,25.85,26.06,29.27,25.50,25.98,29.98,29.32,29.40,36.25,33.77,35.00,23.03,22.23,24.31,25.91,23.55,21.73,24.68,24.01,23.25,23.11,26.29,22.24,21.49,21.16,25.13,24.83,27.08,27.87,22.97,23.01,24.33,21.46,22.11,99.00,1.69,2.03,1.61,1.28,2.66,1.93,1.13,0.88,2.05,1.10,1.11,1.11,1.59,1.79,1.46,2.22,1.03,1.52,1.20,7.56,8.16,9.99,6.38,8.51,5.97,6.59,9.13,6.79,14.79,14.47,12.96,14.78,13.50,13.07,12.83,15.26,14.73,13.75,13.27,15.74,14.67,3.87,2.96,4.55,4.89,4.52,3.48],
  [1.64,11.70,11.85,21.87,29.43,8.79,17.87,19.95,19.95,19.77,18.70,19.62,10.48,8.67,6.85,9.82,6.86,9.60,8.33,8.46,8.58,7.60,8.39,7.18,25.31,25.50,28.88,25.11,25.69,29.32,28.69,28.76,35.70,33.08,34.46,22.37,21.39,23.37,25.14,22.76,20.88,23.90,23.20,22.29,22.35,25.60,21.48,20.95,20.62,24.50,24.08,26.04,26.87,22.10,22.23,23.60,20.75,21.44,1.69,99.00,2.83,0.49,1.97,1.17,2.83,1.51,1.02,0.41,0.93,1.19,0.82,2.72,2.09,1.24,2.34,2.18,2.64,1.64,5.88,6.48,8.31,4.69,6.83,4.31,4.91,7.45,5.11,13.74,13.33,12.62,14.28,12.96,12.18,12.12,14.51,14.19,13.25,12.72,14.92,14.25,4.08,1.94,3.08,4.96,4.69,3.85],
  [4.43,13.73,14.68,24.62,31.79,9.89,20.14,22.59,22.59,22.27,21.49,22.09,13.21,11.37,9.66,12.59,9.62,12.32,11.06,11.28,11.35,10.40,11.21,9.84,27.84,28.04,31.28,27.52,28.00,31.93,31.29,31.36,38.24,35.71,36.99,24.98,24.11,26.14,27.82,25.46,23.60,26.59,25.91,25.06,25.03,28.23,24.16,23.48,23.15,27.09,26.75,28.84,29.66,24.83,24.91,26.26,23.39,24.06,2.03,2.83,99.00,2.40,0.88,3.09,0.17,3.11,2.66,3.23,1.91,1.65,2.03,0.61,0.86,1.64,0.99,1.00,0.64,1.19,8.25,8.79,10.65,6.86,9.11,6.29,7.33,9.85,7.21,16.54,16.14,14.98,16.77,15.48,14.91,14.76,17.17,16.71,15.74,15.24,17.62,16.67,5.90,4.65,5.89,6.92,6.54,5.49],
  [2.02,12.16,12.28,22.35,29.92,8.70,18.35,20.44,20.44,20.26,19.17,20.11,10.97,9.15,7.32,10.29,7.34,10.09,8.82,8.91,9.06,8.07,8.84,7.67,25.80,25.99,29.36,25.60,26.17,29.81,29.18,29.25,36.19,33.57,34.95,22.86,21.88,23.84,25.63,23.25,21.36,24.39,23.69,22.76,22.84,26.08,21.97,21.44,21.11,24.99,24.57,26.51,27.34,22.58,22.71,24.09,21.24,21.93,1.61,0.49,2.40,99.00,1.58,1.05,2.42,1.76,1.19,0.84,0.61,0.81,0.53,2.36,1.63,0.77,1.85,1.87,2.29,1.25,6.09,6.67,8.51,4.82,7.01,4.38,5.12,7.67,5.22,14.21,13.78,13.11,14.77,13.45,12.66,12.61,14.99,14.68,13.74,13.21,15.41,14.74,4.48,2.43,3.49,5.39,5.10,4.22],
  [3.60,12.96,13.82,23.74,30.97,9.64,19.33,21.72,21.72,21.42,20.61,21.24,12.33,10.49,8.78,11.71,8.74,11.44,10.17,10.41,10.46,9.52,10.33,8.96,26.99,27.19,30.45,26.68,27.18,31.06,30.42,30.49,37.38,34.84,36.13,24.12,23.23,25.26,26.95,24.58,22.72,25.71,25.03,24.18,24.15,27.36,23.28,22.62,22.29,26.23,25.88,27.96,28.78,23.95,24.04,25.38,22.52,23.19,1.28,1.97,0.88,1.58,99.00,2.41,0.86,2.29,1.80,2.38,1.04,0.79,1.16,0.80,0.55,0.88,0.98,0.50,0.73,0.34,7.58,8.15,10.00,6.25,8.48,5.73,6.64,9.18,6.62,15.66,15.27,14.14,15.92,14.62,14.03,13.88,16.29,15.86,14.89,14.38,16.74,15.83,5.13,3.77,5.05,6.13,5.77,4.75],
  [1.70,12.58,11.85,22.17,30.09,7.66,18.62,20.40,20.40,20.34,18.92,20.22,10.86,9.10,7.11,10.12,7.22,10.00,8.74,8.57,8.91,7.86,8.53,7.68,25.86,26.03,29.50,25.75,26.38,29.77,29.17,29.23,36.22,33.51,34.99,22.84,21.74,23.62,25.52,23.13,21.21,24.29,23.56,22.53,22.74,26.03,21.88,21.50,21.17,24.98,24.49,26.21,27.07,22.41,22.61,24.02,21.19,21.90,2.66,1.17,3.09,1.05,2.41,99.00,3.16,2.68,2.16,1.13,1.61,1.75,1.56,3.21,2.23,1.53,2.27,2.80,3.14,2.09,5.18,5.74,7.59,3.85,6.07,3.36,4.25,6.78,4.23,13.94,13.44,13.33,14.89,13.55,12.52,12.60,14.94,14.77,13.87,13.31,15.31,14.90,5.14,2.64,3.10,5.96,5.73,4.95],
  [4.45,13.62,14.68,24.58,31.70,10.04,20.04,22.54,22.54,22.20,21.46,22.01,13.17,11.33,9.64,12.56,9.59,12.28,11.02,11.28,11.32,10.37,11.20,9.79,27.77,27.97,31.20,27.43,27.91,31.87,31.22,31.30,38.17,35.65,36.91,24.92,24.07,26.10,27.77,25.41,23.56,26.54,25.86,25.03,24.97,28.18,24.10,23.40,23.08,27.03,26.70,28.82,29.63,24.79,24.86,26.20,23.34,24.00,1.93,2.83,0.17,2.42,0.86,3.16,99.00,3.03,2.60,3.24,1.90,1.64,2.02,0.45,0.94,1.68,1.13,0.90,0.48,1.19,8.33,8.88,10.73,6.95,9.19,6.39,7.40,9.93,7.30,16.52,16.13,14.89,16.70,15.41,14.87,14.70,17.12,16.64,15.67,15.17,17.58,16.59,5.80,4.62,5.91,6.82,6.44,5.38],
  [2.58,10.69,12.08,21.64,28.68,10.28,17.04,19.53,19.53,19.17,18.59,18.98,10.24,8.39,6.88,9.69,6.74,9.35,8.10,8.61,8.45,7.59,8.50,6.84,24.74,24.94,28.17,24.40,24.90,28.85,28.19,28.28,35.14,32.64,33.88,21.90,21.10,23.19,24.78,22.43,20.60,23.55,22.88,22.13,21.98,25.16,21.11,20.37,20.05,24.00,23.70,25.97,26.75,21.84,21.88,23.20,20.33,20.98,1.13,1.51,3.11,1.76,2.29,2.68,3.03,99.00,0.60,1.68,1.60,1.79,1.53,2.71,2.70,2.09,3.10,2.14,2.64,2.09,7.02,7.63,9.41,5.98,8.00,5.68,6.03,8.52,6.41,13.69,13.39,11.87,13.66,12.38,11.95,11.70,14.13,13.61,12.64,12.14,14.61,13.56,2.88,1.97,3.71,3.86,3.52,2.54],
  [2.39,11.24,12.25,21.99,29.18,9.81,17.56,19.93,19.93,19.62,18.89,19.45,10.58,8.73,7.11,9.99,7.02,9.69,8.43,8.81,8.75,7.84,8.71,7.19,25.19,25.39,28.66,24.89,25.41,29.27,28.63,28.70,35.59,33.05,34.34,22.32,21.47,23.52,25.17,22.81,20.96,23.93,23.26,22.45,22.37,25.58,21.50,20.82,20.50,24.43,24.09,26.26,27.06,22.19,22.26,23.60,20.73,21.40,0.88,1.02,2.66,1.19,1.80,2.16,2.60,0.60,99.00,1.29,1.01,1.21,0.93,2.34,2.16,1.50,2.54,1.76,2.26,1.56,6.78,7.39,9.20,5.67,7.75,5.31,5.80,8.33,6.08,13.97,13.63,12.36,14.12,12.82,12.29,12.10,14.51,14.06,13.09,12.59,14.98,14.04,3.45,2.10,3.68,4.42,4.09,3.13],
  [1.23,11.52,11.45,21.51,29.16,8.61,17.63,19.62,19.62,19.47,18.33,19.33,10.13,8.33,6.48,9.45,6.50,9.26,7.99,8.07,8.22,7.23,8.00,6.85,25.01,25.20,28.60,24.83,25.43,28.99,28.37,28.43,35.39,32.75,34.15,22.05,21.04,23.00,24.80,22.41,20.53,23.56,22.86,21.92,22.01,25.26,21.14,20.64,20.31,24.18,23.75,25.66,26.49,21.74,21.88,23.27,20.42,21.11,2.05,0.41,3.23,0.84,2.38,1.13,3.24,1.68,1.29,99.00,1.34,1.59,1.23,3.13,2.47,1.62,2.69,2.59,3.05,2.05,5.52,6.12,7.94,4.37,6.47,4.03,4.54,7.08,4.79,13.36,12.94,12.37,13.99,12.66,11.82,11.79,14.17,13.89,12.97,12.42,14.58,13.97,4.01,1.64,2.67,4.84,4.60,3.82],
  [2.57,12.24,12.78,22.74,30.12,9.19,18.52,20.76,20.76,20.52,19.59,20.35,11.33,9.50,7.75,10.69,7.73,10.45,9.18,9.38,9.45,8.49,9.30,7.99,26.07,26.27,29.58,25.82,26.36,30.12,29.48,29.55,36.47,33.89,35.22,23.17,22.24,24.25,25.97,23.60,21.73,24.74,24.05,23.17,23.18,26.41,22.31,21.71,21.38,25.29,24.91,26.94,27.76,22.95,23.06,24.42,21.56,22.24,1.10,0.93,1.91,0.61,1.04,1.61,1.90,1.60,1.01,1.34,99.00,0.26,0.12,1.79,1.24,0.49,1.57,1.27,1.71,0.72,6.69,7.28,9.12,5.43,7.61,4.96,5.73,8.28,5.82,14.63,14.24,13.30,15.02,13.71,13.03,12.92,15.33,14.94,13.99,13.47,15.76,14.96,4.46,2.76,4.01,5.42,5.10,4.14],
  [2.81,12.45,13.03,23.00,30.36,9.24,18.75,21.02,21.02,20.77,19.85,20.60,11.60,9.77,8.01,10.96,7.99,10.71,9.44,9.64,9.72,8.76,9.56,8.25,26.33,26.52,29.83,26.06,26.60,30.38,29.74,29.81,36.72,34.15,35.47,23.43,22.50,24.51,26.23,23.86,21.99,25.00,24.31,23.43,23.44,26.67,22.57,21.96,21.63,25.54,25.17,27.20,28.02,23.22,23.32,24.68,21.82,22.50,1.11,1.19,1.65,0.81,0.79,1.75,1.64,1.79,1.21,1.59,0.26,99.00,0.38,1.55,0.98,0.35,1.33,1.07,1.48,0.46,6.88,7.45,9.30,5.59,7.79,5.10,5.92,8.47,5.97,14.90,14.50,13.54,15.27,13.96,13.30,13.18,15.59,15.20,14.24,13.72,16.02,15.20,4.66,3.02,4.27,5.63,5.30,4.32],
  [2.46,12.14,12.66,22.62,30.01,9.17,18.41,20.65,20.65,20.40,19.47,20.24,11.21,9.38,7.63,10.57,7.61,10.33,9.06,9.26,9.33,8.37,9.18,7.87,25.96,26.15,29.47,25.71,26.25,30.00,29.37,29.44,36.35,33.77,35.11,23.05,22.12,24.13,25.85,23.48,21.61,24.62,23.93,23.05,23.06,26.29,22.19,21.59,21.26,25.17,24.79,26.82,27.64,22.83,22.94,24.30,21.44,22.12,1.11,0.82,2.03,0.53,1.16,1.56,2.02,1.53,0.93,1.23,0.12,0.38,99.00,1.90,1.35,0.58,1.68,1.37,1.82,0.84,6.61,7.19,9.03,5.35,7.53,4.90,5.64,8.19,5.75,14.51,14.12,13.19,14.91,13.59,12.91,12.81,15.21,14.83,13.88,13.36,15.64,14.84,4.37,2.64,3.90,5.33,5.01,4.06],
  [4.35,13.23,14.52,24.32,31.34,10.32,19.67,22.24,22.24,21.87,21.23,21.67,12.91,11.06,9.43,12.32,9.36,12.02,10.76,11.10,11.08,10.16,11.01,9.52,27.44,27.65,30.84,27.08,27.54,31.56,30.90,30.98,37.84,35.35,36.58,24.61,23.79,25.86,27.48,25.13,23.29,26.25,25.58,24.79,24.69,27.87,23.82,23.08,22.75,26.71,26.40,28.60,29.40,24.52,24.58,25.91,23.04,23.69,1.59,2.72,0.61,2.36,0.80,3.21,0.45,2.71,2.34,3.13,1.79,1.55,1.90,99.00,1.12,1.67,1.43,0.58,0.08,1.13,8.38,8.95,10.80,7.04,9.27,6.51,7.44,9.98,7.41,16.30,15.94,14.53,16.36,15.08,14.62,14.41,16.83,16.32,15.34,14.85,17.30,16.25,5.41,4.40,5.79,6.44,6.05,4.99],
  [3.63,13.40,13.90,23.95,31.34,9.20,19.72,22.00,22.00,21.75,20.79,21.58,12.56,10.73,8.94,11.90,8.94,11.67,10.40,10.53,10.67,9.69,10.46,9.22,27.31,27.50,30.81,27.04,27.57,31.35,30.72,30.79,37.70,35.12,36.45,24.40,23.47,25.45,27.20,24.83,22.95,25.97,25.27,24.38,24.41,27.64,23.54,22.94,22.61,26.52,26.14,28.13,28.96,24.17,24.29,25.65,22.79,23.48,1.79,2.09,0.86,1.63,0.55,2.23,0.94,2.70,2.16,2.47,1.24,0.98,1.35,1.12,99.00,0.85,0.43,1.04,1.09,0.61,7.39,7.94,9.79,6.01,8.25,5.45,6.47,9.00,6.36,15.83,15.40,14.51,16.25,14.94,14.25,14.16,16.56,16.18,15.22,14.70,16.99,16.18,5.57,3.99,5.10,6.57,6.22,5.21],
  [2.79,12.72,13.05,23.11,30.58,8.93,18.98,21.17,21.17,20.95,19.94,20.80,11.71,9.90,8.09,11.05,8.10,10.83,9.57,9.68,9.82,8.84,9.61,8.40,26.51,26.70,30.04,26.27,26.82,30.53,29.90,29.97,36.90,34.30,35.65,23.59,22.63,24.61,26.37,23.99,22.11,25.13,24.43,23.53,23.58,26.82,22.71,22.14,21.81,25.71,25.31,27.28,28.11,23.33,23.46,24.83,21.97,22.65,1.46,1.24,1.64,0.77,0.88,1.53,1.68,2.09,1.50,1.62,0.49,0.35,0.58,1.67,0.85,99.00,1.12,1.28,1.61,0.56,6.71,7.27,9.13,5.38,7.60,4.87,5.76,8.31,5.76,14.97,14.55,13.76,15.46,14.14,13.41,13.33,15.73,15.38,14.43,13.90,16.15,15.41,4.94,3.15,4.26,5.90,5.58,4.62],
  [3.80,13.79,14.06,24.20,31.69,8.91,20.08,22.29,22.29,22.07,21.02,21.92,12.82,11.01,9.17,12.14,9.19,11.94,10.67,10.73,10.91,9.92,10.66,9.51,27.63,27.82,31.15,27.38,27.93,31.65,31.02,31.09,38.02,35.41,36.77,24.70,23.73,25.69,27.48,25.10,23.21,26.24,25.54,24.61,24.69,27.93,23.82,23.26,22.93,26.83,26.42,28.34,29.18,24.43,24.57,25.94,23.08,23.77,2.22,2.34,0.99,1.85,0.98,2.27,1.13,3.10,2.54,2.69,1.57,1.33,1.68,1.43,0.43,1.12,99.00,1.45,1.41,1.03,7.35,7.88,9.73,5.94,8.18,5.34,6.46,8.96,6.27,16.04,15.60,14.87,16.58,15.26,14.51,14.45,16.84,16.50,15.55,15.03,17.26,16.52,5.98,4.27,5.27,6.96,6.62,5.62],
  [3.82,12.73,13.95,23.74,30.80,10.13,19.14,21.67,21.67,21.31,20.65,21.12,12.33,10.48,8.85,11.74,8.78,11.44,10.18,10.53,10.50,9.58,10.44,8.94,26.88,27.09,30.30,26.53,27.01,30.99,30.34,30.42,37.28,34.78,36.02,24.05,23.22,25.28,26.91,24.55,22.72,25.68,25.01,24.21,24.11,27.30,23.24,22.52,22.19,26.15,25.83,28.02,28.82,23.95,24.01,25.33,22.47,23.13,1.03,2.18,1.00,1.87,0.50,2.80,0.90,2.14,1.76,2.59,1.27,1.07,1.37,0.58,1.04,1.28,1.45,99.00,0.50,0.73,7.94,8.52,10.37,6.64,8.85,6.14,6.99,9.54,7.03,15.72,15.36,13.99,15.81,14.52,14.04,13.84,16.26,15.76,14.78,14.29,16.73,15.70,4.90,3.83,5.25,5.92,5.54,4.49],
  [4.28,13.17,14.45,24.25,31.27,10.28,19.60,22.16,22.16,21.80,21.15,21.61,12.84,10.99,9.35,12.25,9.28,11.95,10.69,11.02,11.00,10.09,10.93,9.45,27.37,27.58,30.77,27.01,27.47,31.49,30.83,30.91,37.77,35.28,36.51,24.54,23.72,25.78,27.41,25.05,23.22,26.18,25.51,24.71,24.61,27.80,23.74,23.01,22.68,26.64,26.33,28.52,29.32,24.45,24.51,25.83,22.97,23.62,1.52,2.64,0.64,2.29,0.73,3.14,0.48,2.64,2.26,3.05,1.71,1.48,1.82,0.08,1.09,1.61,1.41,0.50,99.00,1.06,8.32,8.88,10.74,6.98,9.21,6.45,7.37,9.92,7.35,16.22,15.86,14.47,16.29,15.01,14.54,14.34,16.76,16.25,15.27,14.78,17.23,16.18,5.35,4.33,5.72,6.37,5.99,4.93],
  [3.26,12.79,13.49,23.45,30.75,9.42,19.12,21.45,21.45,21.18,20.31,21.01,12.04,10.21,8.47,11.41,8.44,11.15,9.89,10.10,10.17,9.21,10.02,8.69,26.74,26.94,30.22,26.45,26.97,30.80,30.16,30.23,37.14,34.58,35.88,23.85,22.95,24.96,26.67,24.30,22.44,25.43,24.75,23.88,23.87,27.09,23.00,22.37,22.04,25.97,25.60,27.66,28.47,23.66,23.76,25.11,22.25,22.92,1.20,1.64,1.19,1.25,0.34,2.09,1.19,2.09,1.56,2.05,0.72,0.46,0.84,1.13,0.61,0.56,1.03,0.73,1.06,99.00,7.26,7.83,9.68,5.94,8.16,5.43,6.31,8.86,6.31,15.35,14.96,13.92,15.68,14.37,13.74,13.61,16.02,15.61,14.65,14.13,16.46,15.60,4.96,3.47,4.72,5.96,5.61,4.60],
  [4.44,12.99,8.16,19.09,28.50,5.23,17.78,18.01,18.01,18.54,15.66,18.58,8.84,7.64,5.41,7.86,5.96,8.20,7.25,5.82,7.01,5.93,5.90,6.93,23.76,23.88,27.76,24.10,25.03,27.20,26.72,26.73,33.87,30.78,32.68,20.49,18.87,20.34,22.74,20.34,18.31,21.53,20.72,19.25,20.07,23.45,19.25,19.55,19.23,22.62,21.81,22.59,23.54,19.41,19.89,21.42,18.74,19.55,7.56,5.88,8.25,6.09,7.58,5.18,8.33,7.02,6.78,5.52,6.69,6.88,6.61,8.38,7.39,6.71,7.35,7.94,8.32,7.26,99.00,0.62,2.43,1.50,1.00,2.21,0.98,1.61,1.35,10.83,10.06,12.69,13.57,12.24,10.17,10.85,12.80,13.32,12.65,12.01,12.91,13.82,7.93,5.38,3.64,8.15,8.20,8.06],
  [5.05,13.43,8.11,19.07,28.66,4.93,18.06,18.10,18.10,18.71,15.62,18.76,9.06,7.97,5.77,8.07,6.35,8.46,7.58,6.01,7.29,6.25,6.11,7.34,23.87,23.98,27.90,24.27,25.22,27.23,26.77,26.77,33.92,30.78,32.73,20.57,18.88,20.28,22.75,20.36,18.32,21.54,20.72,19.19,20.10,23.49,19.29,19.69,19.37,22.70,21.84,22.47,23.43,19.40,19.91,21.46,18.82,19.63,8.16,6.48,8.79,6.67,8.15,5.74,8.88,7.63,7.39,6.12,7.28,7.45,7.19,8.95,7.94,7.27,7.88,8.52,8.88,7.83,0.62,99.00,1.85,1.95,0.37,2.62,1.60,1.12,1.69,10.86,10.05,13.02,13.82,12.50,10.32,11.08,12.95,13.56,12.93,12.28,13.02,14.10,8.54,6.01,4.26,8.74,8.80,8.68],
  [6.83,14.13,7.39,18.27,28.35,5.30,18.20,17.62,17.62,18.46,14.81,18.57,9.13,8.37,6.40,8.12,7.05,8.68,8.02,6.10,7.59,6.69,6.26,8.08,23.42,23.50,27.54,23.99,25.04,26.55,26.14,26.12,33.28,30.02,32.12,20.06,18.17,19.38,22.02,19.67,17.62,20.85,20.00,18.30,19.46,22.84,18.69,19.37,19.05,22.15,21.18,21.38,22.38,18.63,19.26,20.84,18.30,19.13,9.99,8.31,10.65,8.51,10.00,7.59,10.73,9.41,9.20,7.94,9.12,9.30,9.03,10.80,9.79,9.13,9.73,10.37,10.74,9.68,2.43,1.85,99.00,3.80,1.55,4.43,3.40,0.91,3.49,10.29,9.37,13.38,13.90,12.64,10.14,11.11,12.72,13.60,13.08,12.43,12.68,14.26,10.06,7.69,5.89,10.14,10.25,10.25],
  [3.46,13.26,9.45,20.31,29.41,4.97,18.44,19.07,19.07,19.46,16.91,19.46,9.70,8.31,6.03,8.76,6.48,8.98,7.91,6.79,7.78,6.66,6.85,7.35,24.78,24.91,28.70,25.01,25.86,28.33,27.82,27.84,34.96,31.96,33.76,21.55,20.04,21.61,23.91,21.51,19.49,22.69,21.89,20.52,21.21,24.57,20.37,20.51,20.18,23.70,22.96,23.93,24.87,20.62,21.03,22.55,19.82,20.61,6.38,4.69,6.86,4.82,6.25,3.85,6.95,5.98,5.67,4.37,5.43,5.59,5.35,7.04,6.01,5.38,5.94,6.64,6.98,5.94,1.50,1.95,3.80,99.00,2.25,0.72,0.97,3.06,0.43,12.01,11.30,13.24,14.32,12.97,11.15,11.68,13.76,14.11,13.37,12.73,13.93,14.51,7.36,4.61,3.15,7.77,7.74,7.41],
  [5.42,13.72,8.13,19.10,28.79,4.75,18.27,18.19,18.19,18.85,15.64,18.91,9.24,8.20,6.03,8.24,6.62,8.67,7.82,6.18,7.50,6.48,6.29,7.63,23.97,24.07,28.02,24.40,25.38,27.29,26.83,26.83,33.98,30.82,32.81,20.66,18.92,20.29,22.79,20.41,18.37,21.59,20.77,19.20,20.17,23.55,19.36,19.82,19.49,22.78,21.90,22.43,23.40,19.43,19.97,21.53,18.90,19.72,8.51,6.83,9.11,7.01,8.48,6.07,9.19,8.00,7.75,6.47,7.61,7.79,7.53,9.27,8.25,7.60,8.18,8.85,9.21,8.16,1.00,0.37,1.55,2.25,99.00,2.89,1.97,0.94,1.94,10.92,10.09,13.26,14.01,12.70,10.46,11.26,13.09,13.75,13.13,12.48,13.14,14.30,8.91,6.38,4.63,9.10,9.17,9.05],
  [3.27,13.57,10.13,20.98,29.96,4.86,18.91,19.68,19.68,20.02,17.58,20.01,10.26,8.80,6.53,9.34,6.94,9.51,8.41,7.41,8.32,7.19,7.45,7.76,25.37,25.51,29.26,25.56,26.39,28.97,28.45,28.47,35.58,32.60,34.38,22.16,20.69,22.29,24.55,22.15,20.15,23.33,22.54,21.20,21.84,25.21,21.00,21.09,20.76,24.31,23.60,24.63,25.56,21.28,21.67,23.18,20.44,21.22,5.97,4.31,6.29,4.38,5.73,3.36,6.39,5.68,5.31,4.03,4.96,5.10,4.90,6.51,5.45,4.87,5.34,6.14,6.45,5.43,2.21,2.62,4.43,0.72,2.89,99.00,1.63,3.74,0.94,12.67,11.97,13.68,14.83,13.47,11.74,12.22,14.34,14.63,13.86,13.23,14.54,15.00,7.33,4.52,3.29,7.82,7.75,7.33],
  [3.45,12.49,8.50,19.35,28.46,5.66,17.55,18.11,18.11,18.51,15.95,18.51,8.75,7.40,5.12,7.81,5.60,8.04,7.00,5.83,6.84,5.73,5.88,6.51,23.81,23.95,27.75,24.06,24.93,27.37,26.86,26.88,34.00,30.99,32.79,20.59,19.08,20.66,22.94,20.54,18.53,21.72,20.93,19.56,20.24,23.61,19.40,19.56,19.23,22.73,21.99,23.00,23.93,19.65,20.07,21.58,18.85,19.64,6.59,4.91,7.33,5.12,6.64,4.25,7.40,6.03,5.80,4.54,5.73,5.92,5.64,7.44,6.47,5.76,6.46,6.99,7.37,6.31,0.98,1.60,3.40,0.97,1.97,1.63,99.00,2.55,1.14,11.05,10.34,12.37,13.40,12.05,10.19,10.74,12.80,13.18,12.45,11.81,12.97,13.60,7.03,4.43,2.74,7.32,7.34,7.15],
  [5.95,13.42,7.28,18.24,28.07,5.45,17.71,17.41,17.41,18.15,14.78,18.23,8.65,7.75,5.69,7.64,6.32,8.14,7.39,5.58,7.01,6.05,5.72,7.35,23.21,23.30,27.29,23.70,24.70,26.46,26.02,26.01,33.17,29.97,32.00,19.87,18.09,19.41,21.95,19.58,17.53,20.76,19.93,18.32,19.35,22.73,18.55,19.09,18.77,21.99,21.08,21.52,22.49,18.58,19.15,20.71,18.12,18.94,9.13,7.45,9.85,7.67,9.18,6.78,9.93,8.52,8.33,7.08,8.28,8.47,8.19,9.98,9.00,8.31,8.96,9.54,9.92,8.86,1.61,1.12,0.91,3.06,0.94,3.74,2.55,99.00,2.81,10.12,9.25,12.80,13.43,12.15,9.78,10.66,12.39,13.15,12.58,11.93,12.40,13.76,9.16,6.79,4.98,9.25,9.36,9.35],
  [3.89,13.59,9.46,20.36,29.58,4.60,18.69,19.19,19.19,19.63,16.95,19.64,9.88,8.54,6.26,8.93,6.74,9.18,8.14,6.93,7.98,6.87,6.99,7.63,24.91,25.04,28.86,25.18,26.06,28.43,27.93,27.94,35.07,32.03,33.87,21.67,20.11,21.64,23.98,21.58,19.56,22.77,21.96,20.55,21.29,24.67,20.47,20.67,20.34,23.81,23.04,23.92,24.86,20.67,21.12,22.64,19.93,20.73,6.79,5.11,7.21,5.22,6.62,4.23,7.30,6.41,6.08,4.79,5.82,5.97,5.75,7.41,6.36,5.76,6.27,7.03,7.35,6.31,1.35,1.69,3.49,0.43,1.94,0.94,1.14,2.81,99.00,12.08,11.34,13.51,14.54,13.19,11.29,11.87,13.91,14.31,13.59,12.95,14.06,14.74,7.79,5.05,3.56,8.18,8.16,7.84],
  [12.27,8.88,2.94,8.32,18.13,15.55,9.24,7.33,7.33,8.41,4.99,8.63,3.70,5.47,6.88,4.01,6.95,4.52,5.68,5.39,5.25,6.14,5.41,7.00,13.13,13.21,17.29,13.82,15.00,16.37,15.91,15.91,23.06,19.95,21.88,9.77,8.04,9.70,11.91,9.51,7.48,10.69,9.88,8.60,9.24,12.63,8.44,9.18,8.88,11.87,10.98,12.31,13.14,8.61,9.05,10.60,8.01,8.85,14.79,13.74,16.54,14.21,15.66,13.94,16.52,13.69,13.97,13.36,14.63,14.90,14.51,16.30,15.83,14.97,16.04,15.72,16.22,15.35,10.83,10.86,10.29,12.01,10.92,12.67,11.05,10.12,12.08,99.00,1.05,6.50,5.39,4.87,2.27,3.62,3.17,4.98,5.22,4.83,2.73,6.04,11.87,11.90,10.83,11.06,11.48,12.35],
  [11.81,9.48,1.98,9.03,19.13,14.66,10.26,8.29,8.29,9.44,5.61,9.67,3.84,5.42,6.52,3.87,6.68,4.54,5.57,4.88,5.04,5.80,4.94,6.88,14.09,14.15,18.27,14.84,16.03,17.21,16.77,16.76,23.92,20.74,22.75,10.70,8.84,10.32,12.71,10.33,8.28,11.51,10.68,9.22,10.10,13.48,9.31,10.20,9.90,12.79,11.82,12.78,13.66,9.35,9.90,11.47,8.95,9.79,14.47,13.33,16.14,13.78,15.27,13.44,16.13,13.39,13.63,12.94,14.24,14.50,14.12,15.94,15.40,14.55,15.60,15.36,15.86,14.96,10.06,10.05,9.37,11.30,10.09,11.97,10.34,9.25,11.34,1.05,99.00,7.24,6.31,5.66,2.77,4.26,4.19,5.91,6.05,5.59,3.78,6.94,11.76,11.54,10.35,11.01,11.41,12.23],
  [11.71,2.64,8.06,11.29,16.83,17.92,5.29,8.37,8.37,7.45,9.29,7.19,4.48,5.06,7.28,5.41,6.77,4.73,5.44,7.31,5.79,6.78,7.14,5.92,13.00,13.23,16.31,12.54,13.07,17.32,16.59,16.70,23.37,21.13,22.11,10.49,10.46,12.99,13.65,11.50,10.09,12.48,11.99,12.09,10.94,13.78,10.10,8.69,8.38,12.47,12.51,16.13,16.64,11.32,10.91,11.96,9.15,9.64,12.96,12.62,14.98,13.11,14.14,13.33,14.89,11.87,12.36,12.37,13.30,13.54,13.19,14.53,14.51,13.76,14.87,13.99,14.47,13.92,12.69,13.02,13.38,13.24,13.26,13.68,12.37,12.80,13.51,6.50,7.24,99.00,2.19,1.69,4.51,3.00,4.13,2.38,1.48,1.68,4.93,1.80,9.17,10.73,10.68,8.14,8.56,9.63],
  [13.22,4.76,7.61,9.10,15.22,18.76,4.31,6.20,6.20,5.50,7.26,5.34,4.78,6.03,8.30,5.79,7.92,5.37,6.42,7.85,6.57,7.67,7.72,7.24,11.07,11.28,14.61,10.86,11.57,15.28,14.58,14.68,21.47,19.09,20.22,8.38,8.27,10.81,11.50,9.32,7.90,10.31,9.81,9.92,8.77,11.68,7.92,6.72,6.39,10.42,10.36,13.95,14.45,9.13,8.73,9.82,6.99,7.51,14.78,14.28,16.77,14.77,15.92,14.89,16.70,13.66,14.12,13.99,15.02,15.27,14.91,16.36,16.25,15.46,16.58,15.81,16.29,15.68,13.57,13.82,13.90,14.32,14.01,14.83,13.40,13.43,14.54,5.39,6.31,2.19,99.00,1.36,3.99,2.79,2.40,0.40,1.03,1.60,3.17,0.69,11.08,12.36,12.06,10.07,10.50,11.56],
  [11.87,4.28,6.68,9.94,16.58,17.44,5.57,7.29,7.29,6.81,7.71,6.68,3.52,4.67,6.94,4.52,6.55,4.04,5.06,6.56,5.23,6.32,6.42,5.88,12.37,12.57,15.96,12.21,12.94,16.50,15.83,15.91,22.77,20.30,21.51,9.57,9.19,11.63,12.60,10.34,8.77,11.39,10.83,10.68,9.83,12.86,8.96,8.00,7.67,11.64,11.47,14.72,15.29,10.02,9.77,10.94,8.08,8.67,13.50,12.96,15.48,13.45,14.62,13.55,15.41,12.38,12.82,12.66,13.71,13.96,13.59,15.08,14.94,14.14,15.26,14.52,15.01,14.37,12.24,12.50,12.64,12.97,12.70,13.47,12.05,12.15,13.19,4.87,5.66,1.69,1.36,99.00,3.05,1.62,2.50,1.24,0.45,0.24,3.29,1.62,9.85,11.03,10.70,8.85,9.29,10.34],
  [10.83,6.71,3.65,9.71,18.34,15.21,8.24,7.96,7.96,8.39,6.69,8.45,1.71,3.56,5.43,2.43,5.32,2.60,3.86,4.36,3.61,4.69,4.30,5.12,13.63,13.76,17.59,13.95,14.93,17.30,16.74,16.78,23.86,21.01,22.65,10.43,9.22,11.24,13.00,10.61,8.70,11.77,11.04,10.18,10.23,13.55,9.37,9.39,9.06,12.58,11.98,14.07,14.82,9.92,10.09,11.53,8.73,9.49,13.07,12.18,14.91,12.66,14.03,12.52,14.87,11.95,12.29,11.82,13.03,13.30,12.91,14.62,14.25,13.41,14.51,14.04,14.54,13.74,10.17,10.32,10.14,11.15,10.46,11.74,10.19,9.78,11.29,2.27,2.77,4.51,3.99,3.05,99.00,1.51,2.63,3.63,3.47,2.93,2.81,4.52,9.90,10.27,9.46,9.03,9.46,10.39],
  [10.90,5.26,5.10,10.06,17.74,16.01,7.09,7.84,7.84,7.82,7.37,7.79,2.02,3.51,5.71,3.02,5.42,2.71,3.89,5.08,3.90,5.03,4.96,4.94,13.27,13.44,17.06,13.34,14.19,17.20,16.58,16.64,23.63,20.96,22.39,10.26,9.44,11.69,13.07,10.73,8.96,11.84,11.19,10.67,10.28,13.48,9.41,8.93,8.60,12.38,11.99,14.66,15.33,10.21,10.18,11.50,8.64,9.32,12.83,12.12,14.76,12.61,13.88,12.60,14.70,11.70,12.10,11.79,12.92,13.18,12.81,14.41,14.16,13.33,14.45,13.84,14.34,13.61,10.85,11.08,11.11,11.68,11.26,12.22,10.74,10.66,11.87,3.62,4.26,3.00,2.79,1.62,1.51,99.00,2.43,2.49,2.06,1.46,3.00,3.20,9.40,10.19,9.63,8.45,8.89,9.89],
  [13.24,6.76,5.79,7.66,15.71,17.83,6.07,5.45,5.45,5.76,5.21,5.85,4.12,5.85,7.93,5.00,7.73,4.95,6.20,6.99,6.10,7.21,6.92,7.33,11.03,11.18,14.96,11.32,12.32,14.83,14.23,14.28,21.32,18.57,20.09,7.90,7.01,9.31,10.65,8.30,6.55,9.42,8.76,8.32,7.86,11.09,6.99,6.76,6.43,10.05,9.58,12.34,12.97,7.80,7.75,9.10,6.25,6.96,15.26,14.51,17.17,14.99,16.29,14.94,17.12,14.13,14.51,14.17,15.33,15.59,15.21,16.83,16.56,15.73,16.84,16.26,16.76,16.02,12.80,12.95,12.72,13.76,13.09,14.34,12.80,12.39,13.91,3.17,4.19,4.13,2.40,2.50,2.63,2.43,99.00,2.01,2.66,2.61,0.80,3.09,11.82,12.58,11.93,10.86,11.30,12.31],
  [13.09,5.00,7.23,8.91,15.37,18.49,4.63,6.11,6.11,5.58,6.96,5.45,4.51,5.83,8.09,5.51,7.74,5.14,6.23,7.58,6.34,7.45,7.45,7.10,11.13,11.33,14.74,11.00,11.76,15.28,14.60,14.69,21.53,19.08,20.28,8.36,8.11,10.62,11.42,9.20,7.72,10.23,9.70,9.71,8.67,11.65,7.82,6.76,6.44,10.42,10.29,13.74,14.27,8.96,8.62,9.76,6.91,7.47,14.73,14.19,16.71,14.68,15.86,14.77,16.64,13.61,14.06,13.89,14.94,15.20,14.83,16.32,16.18,15.38,16.50,15.76,16.25,15.61,13.32,13.56,13.60,14.11,13.75,14.63,13.18,13.15,14.31,4.98,5.91,2.38,0.40,1.24,3.63,2.49,2.01,99.00,1.03,1.47,2.79,1.09,11.07,12.26,11.90,10.07,10.50,11.55],
  [12.20,4.12,7.12,9.91,16.24,17.86,5.14,7.14,7.14,6.53,7.81,6.37,3.96,5.06,7.34,4.96,6.93,4.47,5.46,7.00,5.65,6.73,6.86,6.23,12.10,12.31,15.64,11.88,12.57,16.28,15.60,15.69,22.50,20.09,21.25,9.37,9.12,11.61,12.45,10.23,8.72,11.25,10.72,10.68,9.70,12.67,8.84,7.74,7.41,11.42,11.32,14.72,15.26,9.96,9.65,10.78,7.93,8.49,13.75,13.25,15.74,13.74,14.89,13.87,15.67,12.64,13.09,12.97,13.99,14.24,13.88,15.34,15.22,14.43,15.55,14.78,15.27,14.65,12.65,12.93,13.08,13.37,13.13,13.86,12.45,12.58,13.59,5.22,6.05,1.48,1.03,0.45,3.47,2.06,2.66,1.03,99.00,0.65,3.46,1.18,10.07,11.33,11.05,9.06,9.49,10.55],
  [11.63,4.21,6.55,10.12,16.82,17.21,5.79,7.50,7.50,7.05,7.83,6.92,3.31,4.43,6.70,4.31,6.31,3.81,4.82,6.35,5.00,6.09,6.20,5.64,12.60,12.80,16.20,12.45,13.18,16.73,16.06,16.14,23.00,20.53,21.75,9.79,9.38,11.80,12.81,10.54,8.95,11.60,11.03,10.85,10.03,13.08,9.17,8.24,7.91,11.87,11.69,14.88,15.46,10.20,9.97,11.16,8.30,8.89,13.27,12.72,15.24,13.21,14.38,13.31,15.17,12.14,12.59,12.42,13.47,13.72,13.36,14.85,14.70,13.90,15.03,14.29,14.78,14.13,12.01,12.28,12.43,12.73,12.48,13.23,11.81,11.93,12.95,4.83,5.59,1.68,1.60,0.24,2.93,1.46,2.61,1.47,0.65,99.00,3.39,1.83,9.63,10.79,10.46,8.63,9.07,10.11],
  [13.61,7.56,5.54,7.07,15.67,17.85,6.57,5.15,5.15,5.79,4.46,5.96,4.45,6.26,8.23,5.25,8.09,5.32,6.59,7.14,6.41,7.50,7.09,7.78,10.86,10.98,14.89,11.31,12.40,14.49,13.93,13.97,21.05,18.20,19.84,7.63,6.49,8.69,10.22,7.84,6.00,8.98,8.28,7.67,7.44,10.74,6.57,6.69,6.37,9.77,9.18,11.67,12.33,7.24,7.31,8.72,5.91,6.68,15.74,14.92,17.62,15.41,16.74,15.31,17.58,14.61,14.98,14.58,15.76,16.02,15.64,17.30,16.99,16.15,17.26,16.73,17.23,16.46,12.91,13.02,12.68,13.93,13.14,14.54,12.97,12.40,14.06,2.73,3.78,4.93,3.17,3.29,2.81,3.00,0.80,2.79,3.46,3.39,99.00,3.86,12.38,13.00,12.26,11.45,11.88,12.88],
  [13.25,4.23,8.16,9.62,15.19,19.03,3.96,6.61,6.61,5.67,7.91,5.43,5.13,6.21,8.48,6.13,8.06,5.64,6.60,8.17,6.81,7.89,8.03,7.32,11.23,11.45,14.63,10.86,11.49,15.52,14.80,14.91,21.61,19.34,20.35,8.69,8.75,11.33,11.86,9.74,8.41,10.70,10.24,10.47,9.17,11.98,8.34,6.90,6.59,10.67,10.72,14.49,14.96,9.62,9.15,10.16,7.38,7.84,14.67,14.25,16.67,14.74,15.83,14.90,16.59,13.56,14.04,13.97,14.96,15.20,14.84,16.25,16.18,15.41,16.52,15.70,16.18,15.60,13.82,14.10,14.26,14.51,14.30,15.00,13.60,13.76,14.74,6.04,6.94,1.80,0.69,1.62,4.52,3.20,3.09,1.09,1.18,1.83,3.86,99.00,10.91,12.33,12.14,9.89,10.31,11.38],
  [4.12,7.83,10.78,19.46,25.93,12.17,14.26,17.11,17.11,16.57,16.58,16.34,8.22,6.41,5.58,7.90,5.19,7.36,6.21,7.37,6.72,6.14,7.21,4.88,22.13,22.35,25.45,21.69,22.13,26.35,25.66,25.76,32.52,30.16,31.26,19.42,18.83,21.06,22.41,20.09,18.36,21.18,20.57,20.03,19.62,22.71,18.75,17.79,17.47,21.49,21.30,23.96,24.68,19.61,19.53,20.78,17.91,18.52,3.87,4.08,5.90,4.48,5.13,5.14,5.80,2.88,3.45,4.01,4.46,4.66,4.37,5.41,5.57,4.94,5.98,4.90,5.35,4.96,7.93,8.54,10.06,7.36,8.91,7.33,7.03,9.16,7.79,11.87,11.76,9.17,11.08,9.85,9.90,9.40,11.82,11.07,10.07,9.63,12.38,10.91,99.00,2.83,4.29,1.03,0.64,0.49],
  [1.30,9.95,10.16,19.98,27.53,9.35,16.00,18.02,18.02,17.84,16.84,17.70,8.57,6.75,5.03,7.94,4.97,7.69,6.42,6.71,6.70,5.76,6.61,5.25,23.38,23.57,26.96,23.19,23.79,27.38,26.76,26.82,33.77,31.15,32.52,20.44,19.48,21.49,23.22,20.84,18.97,21.98,21.29,20.41,20.42,23.66,19.56,19.01,18.68,22.56,22.16,24.20,25.01,20.19,20.31,21.67,18.82,19.51,2.96,1.94,4.65,2.43,3.77,2.64,4.62,1.97,2.10,1.64,2.76,3.02,2.64,4.40,3.99,3.15,4.27,3.83,4.33,3.47,5.38,6.01,7.69,4.61,6.38,4.52,4.43,6.79,5.05,11.90,11.54,10.73,12.36,11.03,10.27,10.19,12.58,12.26,11.33,10.79,13.00,12.33,2.83,99.00,1.83,3.46,3.31,2.81],
  [1.47,10.35,8.80,19.07,27.27,8.10,15.97,17.38,17.38,17.43,15.82,17.35,7.82,6.12,4.03,7.04,4.21,6.98,5.75,5.48,5.85,4.78,5.43,4.82,22.91,23.07,26.64,22.90,23.62,26.74,26.16,26.21,33.24,30.46,32.01,19.83,18.66,20.52,22.46,20.06,18.13,21.23,20.49,19.43,19.69,22.99,18.83,18.56,18.23,21.98,21.44,23.11,23.97,19.32,19.55,20.98,18.16,18.89,4.55,3.08,5.89,3.49,5.05,3.10,5.91,3.71,3.68,2.67,4.01,4.27,3.90,5.79,5.10,4.26,5.27,5.25,5.72,4.72,3.64,4.26,5.89,3.15,4.63,3.29,2.74,4.98,3.56,10.83,10.35,10.68,12.06,10.70,9.46,9.63,11.93,11.90,11.05,10.46,12.26,12.14,4.29,1.83,99.00,4.62,4.62,4.42],
  [4.75,6.83,10.15,18.52,24.91,12.67,13.23,16.12,16.12,15.54,15.70,15.32,7.38,5.60,5.07,7.13,4.60,6.54,5.44,6.82,6.00,5.55,6.64,4.13,21.11,21.33,24.42,20.66,21.10,25.34,24.65,24.74,31.50,29.15,30.24,18.42,17.88,20.13,21.42,19.12,17.41,20.20,19.60,19.11,18.64,21.71,17.77,16.77,16.45,20.48,20.31,23.06,23.76,18.66,18.56,19.79,16.92,17.52,4.89,4.96,6.92,5.39,6.13,5.96,6.82,3.86,4.42,4.84,5.42,5.63,5.33,6.44,6.57,5.90,6.96,5.92,6.37,5.96,8.15,8.74,10.14,7.77,9.10,7.82,7.32,9.25,8.18,11.06,11.01,8.14,10.07,8.85,9.03,8.45,10.86,10.07,9.06,8.63,11.45,9.89,1.03,3.46,4.62,99.00,0.44,1.49],
  [4.61,7.19,10.52,18.95,25.31,12.61,13.63,16.56,16.56,15.97,16.13,15.74,7.80,6.01,5.39,7.54,4.95,6.96,5.84,7.16,6.39,5.90,6.99,4.53,21.54,21.76,24.83,21.07,21.50,25.77,25.08,25.17,31.92,29.58,30.66,18.85,18.31,20.57,21.86,19.56,17.85,20.64,20.03,19.54,19.07,22.14,18.20,17.20,16.88,20.91,20.75,23.49,24.20,19.10,18.99,20.22,17.36,17.96,4.52,4.69,6.54,5.10,5.77,5.73,6.44,3.52,4.09,4.60,5.10,5.30,5.01,6.05,6.22,5.58,6.62,5.54,5.99,5.61,8.20,8.80,10.25,7.74,9.17,7.75,7.34,9.36,8.16,11.48,11.41,8.56,10.50,9.29,9.46,8.89,11.30,10.50,9.49,9.07,11.88,10.31,0.64,3.31,4.62,0.44,99.00,1.07],
  [4.08,8.24,11.22,19.95,26.38,12.15,14.70,17.60,17.60,17.04,17.07,16.81,8.71,6.89,6.00,8.37,5.63,7.85,6.68,7.79,7.18,6.58,7.64,5.36,22.61,22.83,25.91,22.15,22.57,26.83,26.14,26.23,32.99,30.64,31.73,19.91,19.32,21.55,22.89,20.58,18.85,21.67,21.06,20.52,20.10,23.19,19.24,18.27,17.94,21.97,21.79,24.45,25.17,20.10,20.02,21.27,18.40,19.01,3.48,3.85,5.49,4.22,4.75,4.95,5.38,2.54,3.13,3.82,4.14,4.32,4.06,4.99,5.21,4.62,5.62,4.49,4.93,4.60,8.06,8.68,10.25,7.41,9.05,7.33,7.15,9.35,7.84,12.35,12.23,9.63,11.56,10.34,10.39,9.89,12.31,11.55,10.55,10.11,12.88,11.38,0.49,2.81,4.42,1.49,1.07,99.00]
];
