// Chosen Depots: [1, 2, 3, 4, 5, 6]
// Chosen Demand Points (Original DP No): [4, 7, 12, 13, 14, 16, 17, 18, 19, 20, 21, 25, 26, 31, 33, 37, 39, 43, 46, 48, 51, 54, 57, 58, 60, 66, 69, 70, 72, 77, 78, 80, 82, 84, 85, 86, 91, 94, 96, 99, 100, 105, 107, 108, 110, 114, 118, 119, 123, 124, 126, 128, 130, 131, 133, 134, 135, 137, 138, 139, 141, 142, 143, 145, 147, 148, 149, 151, 152, 153, 154, 155, 157, 158, 162, 166, 168, 169, 170, 171]
// Original Weights: [6, 8, 6, 6, 5, 4, 5, 4, 5, 6, 6, 5, 4, 6, 8, 9, 10, 7, 6, 6, 6, 4, 5, 6, 5, 6, 4, 6, 7, 6, 5, 5, 6, 6, 6, 6, 6, 6, 7, 6, 7, 6, 8, 7, 7, 7, 7, 8, 6, 3, 3, 2, 4, 2, 4, 4, 4, 3, 3, 4, 4, 8, 8, 7, 5, 6, 6, 8, 7, 8, 4, 5, 7, 8, 8, 6, 5, 8, 8, 8]

|W| = 6;
|D| = 80;
V = 54;
C = 3;
|K| = 2;
M = 100;
S = 0.25;
|TR| = 14;
δmax = 18.3;
Runtime = 40;

// Priority weights for selected demand points
pj = [
  6, 8, 6, 6, 5, 4, 5, 4, 5, 6, 6, 5, 4, 6, 8, 9, 10, 7, 6, 6, 6, 4, 5, 6, 5, 6, 4, 6, 7, 6, 5, 5, 6, 6, 6, 6, 6, 6, 7, 6, 7, 6, 8, 7, 7, 7, 7, 8, 6, 3, 3, 2, 4, 2, 4, 4, 4, 3, 3, 4, 4, 8, 8, 7, 5, 6, 6, 8, 7, 8, 4, 5, 7, 8, 8, 6, 5, 8, 8, 8
];

δij =
[
  [99.00,99.00,99.00,99.00,99.00,99.00,18.70,18.65,9.16,7.40,5.42,7.41,6.15,8.48,8.42,5.52,8.30,7.21,9.54,6.00,24.16,24.08,24.73,27.53,31.29,28.60,21.14,21.94,19.52,24.56,21.87,23.67,22.41,21.71,23.28,23.33,22.64,20.91,22.00,22.32,19.49,20.20,1.03,1.70,4.53,1.26,2.70,0.36,3.04,4.35,4.20,3.82,4.65,3.14,2.62,4.44,5.05,7.10,3.46,5.42,3.51,3.27,3.45,3.84,3.89,12.27,11.81,11.71,13.37,11.87,10.83,10.90,13.24,10.58,10.66,11.66,10.88,12.30,11.63,12.31,13.05,1.30,1.47,4.75,4.61,4.08],
  [99.00,99.00,99.00,99.00,99.00,99.00,10.80,9.55,6.12,5.89,7.73,8.33,8.33,9.26,6.83,7.11,5.99,6.74,8.34,6.09,14.95,14.17,14.44,18.77,22.83,19.93,12.74,15.55,12.63,15.96,14.43,15.61,15.73,13.23,14.62,15.04,15.19,13.35,13.56,14.27,11.55,11.95,11.79,12.58,13.77,12.15,12.68,11.16,10.10,13.23,13.45,12.73,13.75,9.42,12.84,12.99,13.43,13.25,13.26,13.72,12.30,13.57,12.49,13.33,13.59,8.88,9.48,2.64,3.87,4.28,6.71,5.26,6.76,3.07,3.67,3.44,9.26,7.87,4.21,3.71,3.85,9.95,10.35,6.83,7.19,8.24],
  [99.00,99.00,99.00,99.00,99.00,99.00,10.26,11.31,3.84,4.86,5.27,3.03,4.25,1.80,3.36,5.60,4.22,4.22,1.62,6.07,16.06,16.76,17.92,18.74,22.12,19.69,12.68,12.19,10.25,15.88,12.64,14.68,12.75,13.23,14.77,14.53,13.36,11.87,13.46,13.45,10.93,11.77,11.29,11.85,14.78,11.47,12.97,10.60,12.02,14.52,14.44,13.95,14.88,11.53,12.89,8.16,8.11,6.09,9.45,8.13,8.25,10.13,8.50,9.15,9.46,2.94,1.98,8.06,8.69,6.68,3.65,5.10,5.79,7.01,6.49,7.29,1.17,3.80,6.55,7.61,8.29,10.16,8.80,10.15,10.52,11.22],
  [99.00,99.00,99.00,99.00,99.00,99.00,3.42,5.74,11.41,13.26,15.06,13.21,14.42,12.48,12.06,15.01,12.30,13.29,11.09,14.81,6.49,8.28,9.90,8.03,11.16,8.86,3.60,1.71,1.22,5.48,1.90,4.01,1.97,3.85,4.82,4.14,2.47,1.82,3.85,3.17,3.00,3.37,21.49,22.17,24.71,21.74,23.03,20.75,21.35,24.32,24.35,23.74,24.77,20.72,23.03,19.09,19.07,16.97,20.31,19.10,19.10,20.98,19.35,20.06,20.36,8.32,9.03,11.29,10.03,9.94,9.71,10.06,7.66,11.56,11.10,10.66,9.98,8.18,10.12,10.21,9.99,19.98,19.07,18.52,18.95,19.95],
  [99.00,99.00,99.00,99.00,99.00,99.00,10.87,9.95,19.71,21.20,23.44,22.30,23.24,22.10,20.66,23.11,20.44,21.64,20.51,22.46,5.29,4.40,3.85,5.59,7.99,6.08,8.64,11.89,11.69,6.48,9.91,8.03,11.26,8.17,6.92,7.66,9.64,10.05,8.04,8.57,10.31,9.46,29.31,30.09,31.85,29.64,30.52,28.59,28.17,31.34,31.51,30.80,31.85,27.49,30.62,28.50,28.66,27.08,29.41,28.79,28.21,29.96,28.46,29.28,29.58,18.13,19.13,16.83,15.12,16.58,18.34,17.74,15.71,17.87,17.77,16.78,19.92,17.39,16.82,16.13,15.42,27.53,27.27,24.91,25.31,26.38],
  [99.00,99.00,99.00,99.00,99.00,99.00,22.86,23.59,13.99,12.87,10.64,11.27,10.49,11.44,12.99,11.18,13.40,12.22,13.02,12.13,28.66,29.14,30.13,31.42,34.73,32.36,25.31,24.66,22.91,28.55,25.30,27.35,25.26,25.87,27.42,27.20,25.99,24.55,26.11,26.12,23.56,24.39,8.11,7.66,9.99,7.82,8.87,8.27,10.91,10.32,9.89,10.13,10.18,11.17,8.56,5.23,4.93,6.60,4.97,4.75,5.85,4.86,5.66,4.83,4.60,15.55,14.66,17.92,19.34,17.44,15.21,16.01,17.83,16.65,16.48,17.56,13.77,16.16,17.21,18.15,18.95,9.35,8.10,12.67,12.61,12.15],
  [18.70,10.80,10.26,3.42,10.87,22.86,99.00,2.43,9.56,11.30,13.36,11.85,12.93,11.44,10.39,13.18,10.40,11.53,9.88,12.78,5.80,6.69,8.08,8.83,12.63,9.91,2.48,5.05,2.29,5.87,3.64,5.05,5.07,3.05,4.63,4.64,4.40,2.55,3.32,3.67,0.80,1.54,19.67,20.40,22.67,19.95,21.10,18.92,19.15,22.24,22.32,21.67,22.71,18.49,21.14,18.01,18.10,16.33,19.07,18.19,17.85,19.68,18.11,18.88,19.19,7.33,8.29,8.37,6.93,7.29,7.96,7.84,5.45,8.89,8.53,7.88,9.12,6.73,7.50,7.34,6.97,18.02,17.38,16.12,16.56,17.60],
  [18.65,9.55,11.31,5.74,9.95,23.59,2.43,99.00,9.76,11.32,13.53,12.35,13.29,12.19,10.71,13.23,10.52,11.71,10.60,12.66,5.57,5.56,6.61,9.26,13.29,10.41,3.30,7.26,4.69,6.41,5.44,6.15,7.15,3.72,5.07,5.53,6.09,4.44,4.05,4.89,2.75,2.70,19.58,20.34,22.34,19.89,20.89,18.84,18.72,21.87,21.99,21.31,22.36,18.04,20.96,18.54,18.71,17.21,19.46,18.85,18.26,20.02,18.51,19.33,19.63,8.41,9.44,7.45,5.80,6.81,8.39,7.82,5.76,8.28,8.06,7.18,10.14,7.54,7.05,6.56,5.97,17.84,17.43,15.54,15.97,17.04],
  [9.16,6.12,3.84,11.41,19.71,13.99,9.56,9.76,99.00,1.86,3.81,2.79,3.54,3.29,1.01,3.64,0.89,1.98,2.23,3.41,15.14,15.31,16.19,18.39,22.14,19.46,12.02,12.95,10.40,15.43,12.72,14.52,13.37,12.58,14.16,14.18,13.51,11.76,12.87,13.17,10.34,11.07,10.15,10.86,13.29,10.42,11.64,9.40,9.97,12.91,12.94,12.33,13.35,9.37,11.65,8.84,9.06,8.00,9.70,9.24,8.50,10.26,8.75,9.58,9.88,3.70,3.84,4.48,5.53,3.52,1.71,2.02,4.12,3.30,2.86,3.85,3.33,3.30,3.31,4.34,5.12,8.57,7.82,7.38,7.80,8.71],
  [7.40,5.89,4.86,13.26,21.20,12.87,11.30,11.32,1.86,99.00,2.28,2.48,2.50,3.62,1.57,1.91,0.97,0.85,3.35,1.56,16.79,16.81,17.59,20.13,23.92,21.21,13.74,14.81,12.23,17.16,14.54,16.30,15.22,14.31,15.88,15.94,15.33,13.56,14.60,14.94,12.09,12.80,8.37,9.10,11.45,8.65,9.82,7.62,8.12,11.06,11.10,10.48,11.51,7.51,9.85,7.64,7.97,7.41,8.31,8.20,7.16,8.80,7.40,8.25,8.54,5.47,5.42,5.06,6.48,4.67,3.56,3.51,5.85,3.78,3.61,4.69,4.72,5.16,4.43,5.30,6.10,6.75,6.12,5.60,6.01,6.89],
  [5.42,7.73,5.27,15.06,23.44,10.64,13.36,13.53,3.81,2.28,99.00,2.23,1.11,3.53,3.01,0.66,3.01,1.83,4.22,1.69,18.95,19.05,19.86,22.19,25.91,23.26,15.83,16.53,14.10,19.23,16.46,18.30,16.99,16.39,17.97,17.98,17.23,15.52,16.68,16.95,14.14,14.88,6.43,7.11,9.75,6.68,8.01,5.69,6.77,9.43,9.40,8.85,9.83,6.27,7.99,5.41,5.77,5.62,6.03,6.03,4.89,6.53,5.12,5.97,6.26,6.88,6.52,7.28,8.75,6.94,5.43,5.71,7.93,6.01,5.88,6.96,5.63,6.88,6.70,7.57,8.37,5.03,4.03,5.07,5.39,6.00],
  [7.41,8.33,3.03,13.21,22.30,11.27,11.85,12.35,2.79,2.48,2.23,99.00,1.26,1.34,1.79,2.60,2.43,1.64,2.14,3.23,17.58,17.91,18.86,20.63,24.23,21.65,14.33,14.61,12.33,17.69,14.72,16.64,15.10,14.90,16.47,16.38,15.48,13.84,15.17,15.33,12.60,13.39,8.44,9.06,11.86,8.65,10.08,7.72,9.00,11.57,11.51,11.00,11.95,8.50,10.02,6.20,6.36,5.22,7.22,6.51,6.00,7.84,6.26,7.03,7.34,4.91,4.39,7.15,8.31,6.30,3.97,4.78,6.60,5.89,5.55,6.59,3.47,5.15,6.10,7.11,7.90,7.18,5.96,7.19,7.54,8.20],
  [6.15,8.33,4.25,14.42,23.24,10.49,12.93,13.29,3.54,2.50,1.11,1.26,99.00,2.47,2.58,1.66,2.90,1.74,3.39,2.56,18.61,18.84,19.73,21.74,25.38,22.78,15.41,15.84,13.51,18.79,15.89,17.79,16.32,15.98,17.56,17.50,16.66,14.99,16.25,16.46,13.69,14.47,7.18,7.80,10.60,7.39,8.81,6.46,7.78,10.31,10.25,9.74,10.69,7.30,8.76,5.31,5.56,4.93,6.18,5.77,4.97,6.76,5.22,6.04,6.34,6.14,5.66,7.53,8.87,6.94,4.98,5.54,7.58,6.25,6.02,7.09,4.73,6.30,6.72,7.67,8.47,5.93,4.70,6.18,6.50,7.09],
  [8.48,9.26,1.80,12.48,22.10,11.44,11.44,12.19,3.29,3.62,3.53,1.34,2.47,99.00,2.43,3.93,3.27,2.83,1.59,4.55,17.22,17.73,18.78,20.10,23.59,21.09,13.90,13.79,11.68,17.19,14.08,16.07,14.32,14.46,16.03,15.86,14.82,13.25,14.72,14.80,12.15,12.97,9.50,10.07,12.98,9.68,11.17,8.80,10.25,12.73,12.64,12.16,13.08,9.78,11.10,6.63,6.67,5.02,7.83,6.75,6.62,8.50,6.87,7.58,7.88,4.20,3.47,7.77,8.73,6.68,3.92,5.08,6.46,6.58,6.15,7.11,2.52,4.72,6.50,7.56,8.32,8.37,7.01,8.53,8.88,9.52],
  [8.42,6.83,3.36,12.06,20.66,12.99,10.39,10.71,1.01,1.57,3.01,1.79,2.58,2.43,99.00,2.97,0.87,1.24,1.80,3.02,16.03,16.26,17.17,19.21,22.91,20.27,12.86,13.55,11.10,16.26,13.45,15.30,14.00,13.43,15.01,14.99,14.23,12.51,13.71,13.96,11.16,11.92,9.43,10.12,12.68,9.68,10.97,8.68,9.49,12.32,12.32,11.74,12.75,8.91,10.97,7.86,8.07,7.00,8.76,8.24,7.55,9.34,7.81,8.62,8.93,4.01,3.87,5.41,6.53,4.52,2.43,3.02,5.00,4.18,3.80,4.82,3.16,3.88,4.31,5.33,6.12,7.94,7.04,7.13,7.54,8.37],
  [5.52,7.11,5.60,15.01,23.11,11.18,13.18,13.23,3.64,1.91,0.66,2.60,1.66,3.93,2.97,99.00,2.77,1.73,4.41,1.04,18.69,18.72,19.49,22.01,25.77,23.08,15.63,16.52,14.02,19.05,16.36,18.15,16.96,16.19,17.77,17.81,17.14,15.39,16.49,16.80,13.97,14.69,6.51,7.22,9.71,6.78,8.02,5.76,6.57,9.36,9.36,8.78,9.78,6.02,8.02,5.96,6.35,6.28,6.48,6.62,5.38,6.94,5.60,6.45,6.74,6.95,6.68,6.77,8.29,6.55,5.32,5.42,7.73,5.52,5.44,6.51,5.83,6.84,6.31,7.13,7.92,4.97,4.21,4.60,4.95,5.63],
  [8.30,5.99,4.22,12.30,20.44,13.40,10.40,10.52,0.89,0.97,3.01,2.43,2.90,3.27,0.87,2.77,99.00,1.20,2.62,2.53,15.95,16.05,16.88,19.24,23.00,20.31,12.86,13.84,11.28,16.27,13.60,15.38,14.26,13.42,15.00,15.03,14.39,12.63,13.71,14.03,11.19,11.92,9.28,10.00,12.41,9.55,10.76,8.53,9.09,12.02,12.05,11.44,12.46,8.48,10.77,8.20,8.46,7.62,8.98,8.67,7.80,9.51,8.04,8.88,9.18,4.52,4.54,4.73,5.98,4.04,2.60,2.71,4.95,3.46,3.16,4.22,3.91,4.19,3.81,4.78,5.58,7.69,6.98,6.54,6.96,7.85],
  [7.21,6.74,4.22,13.29,21.64,12.22,11.53,11.71,1.98,0.85,1.83,1.64,1.74,2.83,1.24,1.73,1.20,99.00,2.83,1.87,17.11,17.25,18.09,20.36,24.09,21.43,13.99,14.79,12.31,17.40,14.66,16.47,15.24,14.56,16.14,16.15,15.43,13.70,14.85,15.13,12.31,13.05,8.21,8.91,11.44,8.47,9.74,7.46,8.25,11.08,11.08,10.50,11.50,7.68,9.74,7.01,7.29,6.59,7.78,7.50,6.60,8.32,6.84,7.68,7.98,5.25,5.04,5.79,7.13,5.23,3.61,3.90,6.10,4.51,4.28,5.35,4.25,5.12,5.00,5.94,6.74,6.70,5.85,6.00,6.39,7.18],
  [9.54,8.34,1.62,11.09,20.51,13.02,9.88,10.60,2.23,3.35,4.22,2.14,3.39,1.59,1.80,4.41,2.62,2.83,99.00,4.69,15.66,16.14,17.19,18.59,22.14,19.60,12.35,12.47,10.23,15.67,12.63,14.58,12.97,12.92,14.49,14.35,13.38,11.77,13.18,13.29,10.61,11.42,10.57,11.19,13.96,10.78,12.19,9.84,10.96,13.65,13.61,13.07,14.04,10.43,12.15,8.14,8.22,6.61,9.27,8.31,8.04,9.91,8.30,9.04,9.35,2.77,2.29,6.55,7.33,5.29,2.38,3.68,4.88,5.45,4.95,5.81,1.43,3.15,5.13,6.20,6.92,9.25,8.09,8.82,9.21,9.99],
  [6.00,6.09,6.07,14.81,22.46,12.13,12.78,12.66,3.41,1.56,1.69,3.23,2.56,4.55,3.02,1.04,2.53,1.87,4.69,99.00,18.17,18.09,18.79,21.58,25.40,22.68,15.20,16.36,13.77,18.62,16.06,17.79,16.77,15.76,17.32,17.41,16.85,15.07,16.06,16.43,13.57,14.26,6.93,7.68,9.92,7.23,8.32,6.19,6.56,9.52,9.57,8.94,9.97,5.95,8.37,6.93,7.34,7.31,7.35,7.63,6.29,7.76,6.51,7.36,7.63,7.00,6.88,5.92,7.50,5.88,5.12,4.94,7.33,4.70,4.70,5.74,6.12,6.72,5.64,6.38,7.15,5.25,4.82,4.13,4.53,5.36],
  [24.16,14.95,16.06,6.49,5.29,28.66,5.80,5.57,15.14,16.79,18.95,17.58,18.61,17.22,16.03,18.69,15.95,17.11,15.66,18.17,99.00,2.34,3.93,3.92,7.99,5.08,3.41,6.86,6.41,1.94,4.72,3.17,6.28,2.90,1.69,2.59,4.60,4.77,2.75,3.34,5.15,4.30,25.10,25.86,27.91,25.41,26.44,24.36,24.29,27.44,27.56,26.88,27.93,23.61,26.51,23.76,23.87,22.13,24.78,23.97,23.56,25.37,23.81,24.61,24.91,13.13,14.09,13.00,11.32,12.37,13.63,13.27,11.03,13.85,13.62,12.75,14.92,12.51,12.60,12.13,11.52,23.38,22.91,21.11,21.54,22.61],
  [24.08,14.17,16.76,8.28,4.40,29.14,6.69,5.56,15.31,16.81,19.05,17.91,18.84,17.73,16.26,18.72,16.05,17.25,16.14,18.09,2.34,99.00,1.66,5.67,9.55,6.75,4.77,8.93,7.93,4.27,6.69,5.44,8.41,4.44,3.81,4.79,6.73,6.47,4.44,5.32,6.24,5.42,24.97,25.75,27.58,25.29,26.21,24.24,23.91,27.08,27.24,26.53,27.58,23.23,26.30,24.10,24.27,22.73,25.01,24.40,23.81,25.56,24.06,24.88,25.18,13.82,14.84,12.54,10.83,12.21,13.95,13.34,11.32,13.54,13.42,12.45,15.59,13.04,12.45,11.80,11.10,23.19,22.90,20.66,21.07,22.15],
  [24.73,14.44,17.92,9.90,3.85,30.13,8.08,6.61,16.19,17.59,19.86,18.86,19.73,18.78,17.17,19.49,16.88,18.09,17.19,18.79,3.93,1.66,99.00,6.79,10.39,7.76,6.35,10.58,9.49,5.83,8.35,7.07,10.06,6.05,5.46,6.44,8.39,8.08,6.07,6.97,7.71,6.92,25.59,26.38,28.06,25.93,26.76,24.88,24.37,27.54,27.72,27.01,28.05,23.69,26.87,25.03,25.22,23.80,25.86,25.38,24.68,26.39,24.93,25.76,26.06,15.00,16.03,13.07,11.37,12.94,14.93,14.19,12.32,14.15,14.09,13.08,16.74,14.15,13.18,12.43,11.69,23.79,23.62,21.10,21.50,22.57],
  [27.53,18.77,18.74,8.03,5.59,31.42,8.83,9.26,18.39,20.13,22.19,20.63,21.74,20.10,19.21,22.01,19.24,20.36,18.59,21.58,3.92,5.67,6.79,99.00,4.08,1.17,6.39,7.50,8.52,2.96,6.18,4.08,6.81,5.83,4.27,4.24,5.57,6.87,5.53,5.30,8.05,7.32,28.49,29.23,31.43,28.78,29.90,27.75,27.86,30.98,31.08,30.42,31.47,27.20,29.95,26.73,26.77,24.82,27.84,26.83,26.62,28.47,26.88,27.63,27.94,15.91,16.76,16.70,15.05,15.91,16.78,16.64,14.28,17.46,17.18,16.38,17.67,15.48,16.14,15.77,15.22,26.82,26.21,24.74,25.17,26.23],
  [31.29,22.83,22.12,11.16,7.99,34.73,12.63,13.29,22.14,23.92,25.91,24.23,25.38,23.59,22.91,25.77,23.00,24.09,22.14,25.40,7.99,9.55,10.39,4.08,99.00,2.91,10.27,10.15,11.91,6.89,9.51,7.62,9.51,9.73,8.24,8.00,8.77,10.40,9.42,8.98,11.84,11.18,32.28,32.99,35.30,32.55,33.73,31.53,31.77,34.87,34.95,34.30,35.34,31.11,33.76,30.22,30.21,28.13,31.40,30.25,30.18,32.05,30.44,31.17,31.47,19.39,20.17,20.71,19.08,19.84,20.48,20.47,18.07,21.41,21.10,20.35,21.11,19.09,20.07,19.75,19.23,30.65,29.94,28.69,29.13,30.18],
  [28.60,19.93,19.69,8.86,6.08,32.36,9.91,10.41,19.46,21.21,23.26,21.65,22.78,21.09,20.27,23.08,20.31,21.43,19.60,22.68,5.08,6.75,7.76,1.17,2.91,99.00,7.49,8.16,9.45,4.06,7.07,5.02,7.48,6.93,5.40,5.28,6.40,7.84,6.62,6.32,9.12,8.41,29.58,30.31,32.54,29.86,31.00,28.83,28.98,32.10,32.19,31.53,32.58,28.32,31.04,27.72,27.75,25.76,28.86,27.80,27.63,29.49,27.89,28.64,28.95,16.89,17.72,17.85,16.21,17.04,17.83,17.73,15.36,18.59,18.30,17.51,18.64,16.50,17.26,16.91,16.37,27.92,27.28,25.88,26.31,27.37],
  [21.14,12.74,12.68,3.60,8.64,25.31,2.48,3.30,12.02,13.74,15.83,14.33,15.41,13.90,12.86,15.63,12.86,13.99,12.35,15.20,3.41,4.77,6.35,6.39,10.27,7.49,99.00,4.64,3.16,3.43,2.46,2.87,4.31,0.57,2.15,2.31,2.94,1.80,0.86,1.60,1.76,0.94,22.11,22.84,25.06,22.40,23.51,21.36,21.51,24.61,24.71,24.05,25.09,20.84,23.56,20.49,20.57,18.76,21.55,20.66,20.33,22.16,20.59,21.36,21.67,9.77,10.70,10.49,8.91,9.57,10.43,10.26,7.90,11.14,10.83,10.08,11.56,9.21,9.79,9.50,9.02,20.44,19.83,18.42,18.85,19.91],
  [21.94,15.55,12.19,1.71,11.89,24.66,5.05,7.26,12.95,14.81,16.53,14.61,15.84,13.79,13.55,16.52,13.84,14.79,12.47,16.36,6.86,8.93,10.58,7.50,10.15,8.16,4.64,99.00,2.93,5.42,2.26,3.86,0.69,4.69,5.18,4.29,2.27,2.91,4.58,3.61,4.52,4.69,22.96,23.62,26.23,23.20,24.53,22.22,22.92,25.86,25.87,25.28,26.29,22.30,24.51,20.34,20.28,18.09,21.61,20.29,20.40,22.29,20.66,21.34,21.64,9.70,10.32,12.99,11.74,11.63,11.24,11.69,9.31,13.25,12.78,12.36,11.28,9.68,11.80,11.92,11.70,21.49,20.52,20.13,20.57,21.55],
  [19.52,12.63,10.25,1.22,11.69,22.91,2.29,4.69,10.40,12.23,14.10,12.33,13.51,11.68,11.10,14.02,11.28,12.31,10.23,13.77,6.41,7.93,9.49,8.52,11.91,9.45,3.16,2.93,99.00,5.75,2.40,4.44,3.12,3.55,4.84,4.37,3.15,1.70,3.66,3.30,2.04,2.63,20.52,21.21,23.69,20.78,22.04,19.77,20.29,23.29,23.33,22.72,23.74,19.65,22.04,18.31,18.32,16.31,19.49,18.37,18.27,20.15,18.53,19.26,19.56,7.48,8.28,10.09,8.81,8.77,8.70,8.96,6.55,10.40,9.95,9.47,9.21,7.23,8.95,9.01,8.78,18.97,18.13,17.41,17.85,18.85],
  [24.56,15.96,15.88,5.48,6.48,28.55,5.87,6.41,15.43,17.16,19.23,17.69,18.79,17.19,16.26,19.05,16.27,17.40,15.67,18.62,1.94,4.27,5.83,2.96,6.89,4.06,3.43,5.42,5.75,99.00,3.58,1.56,4.78,2.87,1.35,1.37,3.19,4.05,2.56,2.45,5.10,4.36,25.53,26.26,28.48,25.82,26.94,24.79,24.92,28.03,28.13,27.47,28.51,24.25,26.99,23.81,23.87,21.97,24.91,23.94,23.68,25.53,23.94,24.70,25.01,13.01,13.90,13.81,12.19,12.97,13.83,13.68,11.32,14.53,14.24,13.46,14.79,12.54,13.20,12.86,12.34,23.86,23.25,21.82,22.25,23.30],
  [21.87,14.43,12.64,1.90,9.91,25.30,3.64,5.44,12.72,14.54,16.46,14.72,15.89,14.08,13.45,16.36,13.60,14.66,12.63,16.06,4.72,6.69,8.35,6.18,9.51,7.07,2.46,2.26,2.40,3.58,99.00,2.12,1.86,2.45,3.03,2.26,0.79,1.09,2.32,1.39,2.90,2.75,22.86,23.56,25.99,23.13,24.36,22.12,22.55,25.58,25.63,25.01,26.04,21.90,24.38,20.72,20.72,18.70,21.89,20.77,20.67,22.54,20.93,21.66,21.96,9.88,10.68,11.99,10.56,10.83,11.04,11.19,8.76,12.45,12.05,11.46,11.61,9.60,11.03,10.95,10.60,21.29,20.49,19.60,20.03,21.06],
  [23.67,15.61,14.68,4.01,8.03,27.35,5.05,6.15,14.52,16.30,18.30,16.64,17.79,16.07,15.30,18.15,15.38,16.47,14.58,17.79,3.17,5.44,7.07,4.08,7.62,5.02,2.87,3.86,4.44,1.56,2.12,99.00,3.23,2.44,1.70,0.74,1.64,2.82,2.12,1.37,4.24,3.68,24.66,25.37,27.70,24.93,26.11,23.91,24.20,27.28,27.35,26.70,27.74,23.54,26.15,22.70,22.73,20.75,23.85,22.78,22.62,24.49,22.88,23.62,23.93,11.87,12.70,13.32,11.77,12.32,12.87,12.87,10.46,13.92,13.57,12.88,13.62,11.50,12.53,12.31,11.87,23.04,22.32,21.16,21.60,22.64],
  [22.41,15.73,12.75,1.97,11.26,25.26,5.07,7.15,13.37,15.22,16.99,15.10,16.32,14.32,14.00,16.96,14.26,15.24,12.97,16.77,6.28,8.41,10.06,6.81,9.51,7.48,4.31,0.69,3.12,4.78,1.86,3.23,99.00,4.30,4.62,3.69,1.68,2.71,4.15,3.12,4.45,4.50,23.42,24.09,26.66,23.67,24.97,22.68,23.32,26.28,26.31,25.70,26.72,22.69,24.97,20.90,20.85,18.68,22.15,20.86,20.94,22.83,21.20,21.88,22.19,10.20,10.86,13.20,11.89,11.89,11.66,12.04,9.64,13.52,13.06,12.59,11.81,10.12,12.07,12.13,11.88,21.93,21.00,20.49,20.92,21.92],
  [21.71,13.23,13.23,3.85,8.17,25.87,3.05,3.72,12.58,14.31,16.39,14.90,15.98,14.46,13.43,16.19,13.42,14.56,12.92,15.76,2.90,4.44,6.05,5.83,9.73,6.93,0.57,4.69,3.55,2.87,2.45,2.44,4.30,99.00,1.58,1.81,2.79,2.04,0.33,1.32,2.31,1.51,22.67,23.41,25.61,22.96,24.07,21.92,22.05,25.17,25.26,24.60,25.65,21.39,24.12,21.05,21.13,19.32,22.12,21.22,20.89,22.73,21.15,21.93,22.23,10.32,11.25,11.00,9.41,10.11,11.00,10.82,8.47,11.68,11.37,10.62,12.11,9.77,10.34,10.03,9.53,21.00,20.40,18.96,19.39,20.45],
  [23.28,14.62,14.77,4.82,6.92,27.42,4.63,5.07,14.16,15.88,17.97,16.47,17.56,16.03,15.01,17.77,15.00,16.14,14.49,17.32,1.69,3.81,5.46,4.27,8.24,5.40,2.15,5.18,4.84,1.35,3.03,1.70,4.62,1.58,99.00,0.99,2.94,3.16,1.31,1.66,3.88,3.09,24.24,24.98,27.17,24.53,25.64,23.50,23.59,26.71,26.81,26.15,27.20,22.93,25.69,22.62,22.70,20.86,23.70,22.78,22.47,24.31,22.73,23.50,23.81,11.87,12.79,12.47,10.84,11.64,12.58,12.38,10.05,13.19,12.91,12.12,13.66,11.34,11.87,11.52,10.99,22.56,21.98,20.48,20.91,21.97],
  [23.33,15.04,14.53,4.14,7.66,27.20,4.64,5.53,14.18,15.94,17.98,16.38,17.50,15.86,14.99,17.81,15.03,16.15,14.35,17.41,2.59,4.79,6.44,4.24,8.00,5.28,2.31,4.29,4.37,1.37,2.26,0.74,3.69,1.81,0.99,99.00,2.02,2.68,1.49,1.08,3.84,3.18,24.30,25.03,27.30,24.59,25.74,23.56,23.77,26.87,26.95,26.30,27.34,23.11,25.78,22.49,22.53,20.61,23.60,22.60,22.38,24.23,22.63,23.39,23.70,11.67,12.54,12.79,11.21,11.86,12.55,12.48,10.09,13.44,13.11,12.38,13.44,11.23,12.08,11.81,11.33,22.66,22.00,20.71,21.14,22.19],
  [22.64,15.19,13.36,2.47,9.64,25.99,4.40,6.09,13.51,15.33,17.23,15.48,16.66,14.82,14.23,17.14,14.39,15.43,13.38,16.85,4.60,6.73,8.39,5.57,8.77,6.40,2.94,2.27,3.15,3.19,0.79,1.64,1.68,2.79,2.94,2.02,99.00,1.86,2.58,1.51,3.65,3.40,23.64,24.34,26.78,23.90,25.14,22.90,23.34,26.37,26.42,25.79,26.83,22.69,25.16,21.45,21.45,19.39,22.64,21.49,21.42,23.29,21.68,22.40,22.71,10.63,11.40,12.77,11.32,11.61,11.82,11.98,9.55,13.24,12.84,12.25,12.34,10.37,11.82,11.72,11.37,22.07,21.26,20.39,20.82,21.85],
  [20.91,13.35,11.87,1.82,10.05,24.55,2.55,4.44,11.76,13.56,15.52,13.84,14.99,13.25,12.51,15.39,12.63,13.70,11.77,15.07,4.77,6.47,8.08,6.87,10.40,7.84,1.80,2.91,1.70,4.05,1.09,2.82,2.71,2.04,3.16,2.68,1.86,99.00,2.06,1.60,1.82,1.79,21.90,22.61,24.99,22.17,23.38,21.16,21.53,24.58,24.64,24.01,25.04,20.88,23.40,19.89,19.91,17.96,21.03,19.97,19.81,21.67,20.07,20.81,21.12,9.05,9.90,10.91,9.48,9.77,10.09,10.18,7.75,11.39,10.99,10.39,10.81,8.69,9.97,9.87,9.52,20.31,19.55,18.56,18.99,20.02],
  [22.00,13.56,13.46,3.85,8.04,26.11,3.32,4.05,12.87,14.60,16.68,15.17,16.25,14.72,13.71,16.49,13.71,14.85,13.18,16.06,2.75,4.44,6.07,5.53,9.42,6.62,0.86,4.58,3.66,2.56,2.32,2.12,4.15,0.33,1.31,1.49,2.58,2.06,99.00,1.08,2.57,1.80,22.97,23.70,25.92,23.26,24.38,22.22,22.37,25.48,25.57,24.91,25.95,21.70,24.42,21.31,21.38,19.55,22.39,21.47,21.16,23.00,21.42,22.19,22.50,10.56,11.48,11.33,9.74,10.43,11.28,11.12,8.76,12.00,11.69,10.94,12.35,10.03,10.65,10.35,9.86,21.30,20.69,19.28,19.71,20.76],
  [22.32,14.27,13.45,3.17,8.57,26.12,3.67,4.89,13.17,14.94,16.95,15.33,16.46,14.80,13.96,16.80,14.03,15.13,13.29,16.43,3.34,5.32,6.97,5.30,8.98,6.32,1.60,3.61,3.30,2.45,1.39,1.37,3.12,1.32,1.66,1.08,1.51,1.60,1.08,99.00,2.87,2.32,23.30,24.02,26.34,23.58,24.75,22.56,22.82,25.91,25.98,25.33,26.38,22.17,24.79,21.42,21.46,19.54,22.55,21.53,21.32,23.18,21.58,22.33,22.64,10.60,11.47,11.96,10.42,10.94,11.53,11.50,9.10,12.54,12.20,11.51,12.37,10.18,11.16,10.95,10.51,21.67,20.98,19.79,20.22,21.27],
  [19.49,11.55,10.93,3.00,10.31,23.56,0.80,2.75,10.34,12.09,14.14,12.60,13.69,12.15,11.16,13.97,11.19,12.31,10.61,13.57,5.15,6.24,7.71,8.05,11.84,9.12,1.76,4.52,2.04,5.10,2.90,4.24,4.45,2.31,3.88,3.84,3.65,1.82,2.57,2.87,99.00,0.86,20.46,21.19,23.47,20.74,21.90,19.71,19.95,23.04,23.12,22.47,23.51,19.30,21.93,18.74,18.82,17.01,19.82,18.90,18.60,20.44,18.85,19.62,19.93,8.01,8.95,9.15,7.68,8.08,8.73,8.64,6.25,9.69,9.33,8.67,9.80,7.46,8.30,8.12,7.73,18.82,18.16,16.92,17.36,18.40],
  [20.20,11.95,11.77,3.37,9.46,24.39,1.54,2.70,11.07,12.80,14.88,13.39,14.47,12.97,11.92,14.69,11.92,13.05,11.42,14.26,4.30,5.42,6.92,7.32,11.18,8.41,0.94,4.69,2.63,4.36,2.75,3.68,4.50,1.51,3.09,3.18,3.40,1.79,1.80,2.32,0.86,99.00,21.17,21.90,24.14,21.46,22.58,20.42,20.59,23.69,23.78,23.13,24.17,19.93,22.63,19.55,19.63,17.84,20.61,19.72,19.38,21.22,19.64,20.42,20.73,8.85,9.79,9.64,8.10,8.67,9.49,9.32,6.96,10.26,9.93,9.21,10.64,8.27,8.89,8.64,8.19,19.51,18.89,17.52,17.96,19.01],
  [1.03,11.79,11.29,21.49,29.31,8.11,19.67,19.58,10.15,8.37,6.43,8.44,7.18,9.50,9.43,6.51,9.28,8.21,10.57,6.93,25.10,24.97,25.59,28.49,32.28,29.58,22.11,22.96,20.52,25.53,22.86,24.66,23.42,22.67,24.24,24.30,23.64,21.90,22.97,23.30,20.46,21.17,99.00,0.80,3.54,0.37,1.70,0.75,2.80,3.41,3.22,2.91,3.67,3.12,1.59,5.09,5.69,7.90,3.91,6.04,4.22,3.54,4.12,4.34,4.32,13.29,12.83,12.54,14.22,12.78,11.82,11.86,14.22,11.44,11.55,12.53,11.90,13.31,12.54,13.18,13.91,1.84,2.50,5.19,4.97,4.25],
  [1.70,12.58,11.85,22.17,30.09,7.66,20.40,20.34,10.86,9.10,7.11,9.06,7.80,10.07,10.12,7.22,10.00,8.91,11.19,7.68,25.86,25.75,26.38,29.23,32.99,30.31,22.84,23.62,21.21,26.26,23.56,25.37,24.09,23.41,24.98,25.03,24.34,22.61,23.70,24.02,21.19,21.90,0.80,99.00,3.20,0.45,1.45,1.50,3.36,3.21,2.93,2.80,3.36,3.77,1.21,5.18,5.74,8.10,3.85,6.07,4.39,3.36,4.25,4.31,4.23,13.94,13.44,13.33,15.01,13.55,12.52,12.60,14.94,12.23,12.33,13.31,12.50,13.99,13.31,13.96,14.69,2.64,3.10,5.96,5.73,4.95],
  [4.53,13.77,14.78,24.71,31.85,9.99,22.67,22.34,13.29,11.45,9.75,11.86,10.60,12.98,12.68,9.71,12.41,11.44,13.96,9.92,27.91,27.58,28.06,31.43,35.30,32.54,25.06,26.23,23.69,28.48,25.99,27.70,26.66,25.61,27.17,27.30,26.78,24.99,25.92,26.34,23.47,24.14,3.54,3.20,99.00,3.46,1.84,4.19,3.69,0.60,0.36,1.05,0.19,4.37,2.00,8.36,8.91,11.30,6.98,9.22,7.59,6.40,7.44,7.44,7.33,16.63,16.24,15.04,16.74,15.55,15.00,14.84,17.25,14.08,14.29,15.17,15.33,16.55,15.31,15.81,16.48,4.74,6.00,6.97,6.59,5.53],
  [1.26,12.15,11.47,21.74,29.64,7.82,19.95,19.89,10.42,8.65,6.68,8.65,7.39,9.68,9.68,6.78,9.55,8.47,10.78,7.23,25.41,25.29,25.93,28.78,32.55,29.86,22.40,23.20,20.78,25.82,23.13,24.93,23.67,22.96,24.53,24.59,23.90,22.17,23.26,23.58,20.74,21.46,0.37,0.45,3.46,99.00,1.64,1.05,3.12,3.40,3.16,2.94,3.60,3.47,1.47,5.01,5.59,7.88,3.76,5.93,4.18,3.33,4.05,4.20,4.16,13.52,13.04,12.88,14.56,13.09,12.09,12.15,14.50,11.78,11.88,12.86,12.10,13.56,12.85,13.51,14.24,2.20,2.69,5.56,5.35,4.61],
  [2.70,12.68,12.97,23.03,30.52,8.87,21.10,20.89,11.64,9.82,8.01,10.08,8.81,11.17,10.97,8.02,10.76,9.74,12.19,8.32,26.44,26.21,26.76,29.90,33.73,31.00,23.51,24.53,22.04,26.94,24.36,26.11,24.97,24.07,25.64,25.74,25.14,23.38,24.38,24.75,21.90,22.58,1.70,1.45,1.84,1.64,99.00,2.37,2.76,1.77,1.53,1.36,1.97,3.35,0.31,6.62,7.18,9.51,5.29,7.51,5.81,4.79,5.67,5.75,5.67,14.89,14.47,13.70,15.40,14.08,13.33,13.26,15.66,12.67,12.83,13.76,13.54,14.86,13.84,14.41,15.11,3.08,4.17,5.87,5.55,4.60],
  [0.36,11.16,10.60,20.75,28.59,8.27,18.92,18.84,9.40,7.62,5.69,7.72,6.46,8.80,8.68,5.76,8.53,7.46,9.84,6.19,24.36,24.24,24.88,27.75,31.53,28.83,21.36,22.22,19.77,24.79,22.12,23.91,22.68,21.92,23.50,23.56,22.90,21.16,22.22,22.56,19.71,20.42,0.75,1.50,4.19,1.05,2.37,99.00,2.75,4.00,3.86,3.46,4.31,2.91,2.31,4.77,5.39,7.45,3.75,5.75,3.85,3.51,3.79,4.15,4.18,12.56,12.11,11.84,13.51,12.05,11.08,11.11,13.47,10.73,10.83,11.81,11.18,12.57,11.81,12.46,13.20,1.23,1.81,4.68,4.51,3.91],
  [3.04,10.10,12.02,21.35,28.17,10.91,19.15,18.72,9.97,8.12,6.77,9.00,7.78,10.25,9.49,6.57,9.09,8.25,10.96,6.56,24.29,23.91,24.37,27.86,31.77,28.98,21.51,22.92,20.29,24.92,22.55,24.20,23.32,22.05,23.59,23.77,23.34,21.53,22.37,22.82,19.95,20.59,2.80,3.36,3.69,3.12,2.76,2.75,99.00,3.17,3.36,2.64,3.68,0.68,3.00,7.44,8.06,9.92,6.50,8.43,6.49,6.25,6.46,6.89,6.93,13.50,13.25,11.37,13.08,11.95,11.68,11.35,13.78,10.44,10.69,11.54,12.38,13.27,11.72,12.17,12.82,2.15,3.97,3.28,2.91,1.88],
  [4.35,13.23,14.52,24.32,31.34,10.32,22.24,21.87,12.91,11.06,9.43,11.57,10.31,12.73,12.32,9.36,12.02,11.08,13.65,9.52,27.44,27.08,27.54,30.98,34.87,32.10,24.61,25.86,23.29,28.03,25.58,27.28,26.28,25.17,26.71,26.87,26.37,24.58,25.48,25.91,23.04,23.69,3.41,3.21,0.60,3.40,1.77,4.00,3.17,99.00,0.45,0.58,0.52,3.85,2.00,8.38,8.95,11.28,7.04,9.27,7.57,6.51,7.44,7.50,7.41,16.30,15.94,14.53,16.24,15.08,14.62,14.41,16.83,13.59,13.82,14.69,15.03,16.18,14.85,15.33,15.98,4.40,5.79,6.44,6.05,4.99],
  [4.20,13.45,14.44,24.35,31.51,9.89,22.32,21.99,12.94,11.10,9.40,11.51,10.25,12.64,12.32,9.36,12.05,11.08,13.61,9.57,27.56,27.24,27.72,31.08,34.95,32.19,24.71,25.87,23.33,28.13,25.63,27.35,26.31,25.26,26.81,26.95,26.42,24.64,25.57,25.98,23.12,23.78,3.22,2.93,0.36,3.16,1.53,3.86,3.36,0.45,99.00,0.73,0.45,4.04,1.71,8.10,8.65,11.02,6.73,8.97,7.31,6.18,7.17,7.20,7.09,16.28,15.89,14.69,16.40,15.20,14.64,14.48,16.90,13.73,13.94,14.83,14.98,16.19,14.96,15.47,16.14,4.39,5.66,6.64,6.26,5.22],
  [3.82,12.73,13.95,23.74,30.80,10.13,21.67,21.31,12.33,10.48,8.85,11.00,9.74,12.16,11.74,8.78,11.44,10.50,13.07,8.94,26.88,26.53,27.01,30.42,34.30,31.53,24.05,25.28,22.72,27.47,25.01,26.70,25.70,24.60,26.15,26.30,25.79,24.01,24.91,25.33,22.47,23.13,2.91,2.80,1.05,2.94,1.36,3.46,2.64,0.58,0.73,99.00,1.05,3.32,1.64,7.94,8.52,10.81,6.64,8.85,7.11,6.14,6.99,7.10,7.03,15.72,15.36,13.99,15.70,14.52,14.04,13.84,16.26,13.04,13.26,14.14,14.46,15.60,14.29,14.78,15.44,3.83,5.25,5.92,5.54,4.49],
  [4.65,13.75,14.88,24.77,31.85,10.18,22.71,22.36,13.35,11.51,9.83,11.95,10.69,13.08,12.75,9.78,12.46,11.50,14.04,9.97,27.93,27.58,28.05,31.47,35.34,32.58,25.09,26.29,23.74,28.51,26.04,27.74,26.72,25.65,27.20,27.34,26.83,25.04,25.95,26.38,23.51,24.17,3.67,3.36,0.19,3.60,1.97,4.31,3.68,0.52,0.45,1.05,99.00,4.36,2.15,8.52,9.07,11.46,7.14,9.39,7.75,6.58,7.60,7.61,7.49,16.71,16.33,15.04,16.75,15.57,15.06,14.88,17.29,14.09,14.31,15.19,15.42,16.61,15.34,15.82,16.49,4.81,6.11,6.95,6.57,5.51],
  [3.14,9.42,11.53,20.72,27.49,11.17,18.49,18.04,9.37,7.51,6.27,8.50,7.30,9.78,8.91,6.02,8.48,7.68,10.43,5.95,23.61,23.23,23.69,27.20,31.11,28.32,20.84,22.30,19.65,24.25,21.90,23.54,22.69,21.39,22.93,23.11,22.69,20.88,21.70,22.17,19.30,19.93,3.12,3.77,4.37,3.47,3.35,2.91,0.68,3.85,4.04,3.32,4.36,99.00,3.57,7.41,8.04,9.75,6.59,8.41,6.45,6.41,6.46,6.95,7.02,12.92,12.70,10.69,12.40,11.28,11.07,10.71,13.14,9.77,10.02,10.86,11.85,12.67,11.05,11.49,12.14,2.03,3.83,2.60,2.24,1.25],
  [2.62,12.84,12.89,23.03,30.62,8.56,21.14,20.96,11.65,9.85,7.99,10.02,8.76,11.10,10.97,8.02,10.77,9.74,12.15,8.37,26.51,26.30,26.87,29.95,33.76,31.04,23.56,24.51,22.04,26.99,24.38,26.15,24.97,24.12,25.69,25.78,25.16,23.40,24.42,24.79,21.93,22.63,1.59,1.21,2.00,1.47,0.31,2.31,3.00,2.00,1.71,1.64,2.15,3.57,99.00,6.39,6.95,9.31,5.04,7.27,5.60,4.52,5.46,5.51,5.41,14.86,14.42,13.81,15.50,14.15,13.34,13.31,15.69,12.76,12.91,13.86,13.49,14.85,13.91,14.50,15.21,3.13,4.09,6.05,5.74,4.82],
  [4.44,12.99,8.16,19.09,28.50,5.23,18.01,18.54,8.84,7.64,5.41,6.20,5.31,6.63,7.86,5.96,8.20,7.01,8.14,6.93,23.76,24.10,25.03,26.73,30.22,27.72,20.49,20.34,18.31,23.81,20.72,22.70,20.90,21.05,22.62,22.49,21.45,19.89,21.31,21.42,18.74,19.55,5.09,5.18,8.36,5.01,6.62,4.77,7.44,8.38,8.10,7.94,8.52,7.41,6.39,99.00,0.62,3.01,1.50,1.00,0.96,2.21,0.98,1.08,1.35,10.83,10.06,12.69,14.12,12.24,10.17,10.85,12.80,11.41,11.25,12.33,9.12,11.28,12.01,12.93,13.73,5.38,3.64,8.15,8.20,8.06],
  [5.05,13.43,8.11,19.07,28.66,4.93,18.10,18.71,9.06,7.97,5.77,6.36,5.56,6.67,8.07,6.35,8.46,7.29,8.22,7.34,23.87,24.27,25.22,26.77,30.21,27.75,20.57,20.28,18.32,23.87,20.72,22.73,20.85,21.13,22.70,22.53,21.45,19.91,21.38,21.46,18.82,19.63,5.69,5.74,8.91,5.59,7.18,5.39,8.06,8.95,8.65,8.52,9.07,8.04,6.95,0.62,99.00,2.61,1.95,0.37,1.58,2.62,1.60,1.50,1.69,10.86,10.05,13.02,14.42,12.50,10.32,11.08,12.95,11.75,11.56,12.64,9.11,11.37,12.28,13.23,14.03,6.01,4.26,8.74,8.80,8.68],
  [7.10,13.25,6.09,16.97,27.08,6.60,16.33,17.21,8.00,7.41,5.62,5.22,4.93,5.02,7.00,6.28,7.62,6.59,6.61,7.31,22.13,22.73,23.80,24.82,28.13,25.76,18.76,18.09,16.31,21.97,18.70,20.75,18.68,19.32,20.86,20.61,19.39,17.96,19.55,19.54,17.01,17.84,7.90,8.10,11.30,7.88,9.51,7.45,9.92,11.28,11.02,10.81,11.46,9.75,9.31,3.01,2.61,99.00,4.50,2.44,3.71,5.20,3.87,4.07,4.29,9.00,8.07,12.34,13.53,11.51,8.93,9.96,11.49,11.07,10.77,11.81,7.21,9.69,11.31,12.34,13.12,7.77,5.94,9.83,10.00,10.13],
  [3.46,13.26,9.45,20.31,29.41,4.97,19.07,19.46,9.70,8.31,6.03,7.22,6.18,7.83,8.76,6.48,8.98,7.78,9.27,7.35,24.78,25.01,25.86,27.84,31.40,28.86,21.55,21.61,19.49,24.91,21.89,23.85,22.15,22.12,23.70,23.60,22.64,21.03,22.39,22.55,19.82,20.61,3.91,3.85,6.98,3.76,5.29,3.75,6.50,7.04,6.73,6.64,7.14,6.59,5.04,1.50,1.95,4.50,99.00,2.25,1.23,0.72,0.97,0.46,0.43,12.01,11.30,13.24,14.76,12.97,11.15,11.68,13.76,11.99,11.90,12.98,10.34,12.37,12.73,13.60,14.39,4.61,3.15,7.77,7.74,7.41],
  [5.42,13.72,8.13,19.10,28.79,4.75,18.19,18.85,9.24,8.20,6.03,6.51,5.77,6.75,8.24,6.62,8.67,7.50,8.31,7.63,23.97,24.40,25.38,26.83,30.25,27.80,20.66,20.29,18.37,23.94,20.77,22.78,20.86,21.22,22.78,22.60,21.49,19.97,21.47,21.53,18.90,19.72,6.04,6.07,9.22,5.93,7.51,5.75,8.43,9.27,8.97,8.85,9.39,8.41,7.27,1.00,0.37,2.44,2.25,99.00,1.95,2.89,1.97,1.78,1.94,10.92,10.09,13.26,14.63,12.70,10.46,11.26,13.09,11.98,11.78,12.86,9.17,11.46,12.48,13.44,14.24,6.38,4.63,9.10,9.17,9.05],
  [3.51,12.30,8.25,19.10,28.21,5.85,17.85,18.26,8.50,7.16,4.89,6.00,4.97,6.62,7.55,5.38,7.80,6.60,8.04,6.29,23.56,23.81,24.68,26.62,30.18,27.63,20.33,20.40,18.27,23.68,20.67,22.62,20.94,20.89,22.47,22.38,21.42,19.81,21.16,21.32,18.60,19.38,4.22,4.39,7.59,4.18,5.81,3.85,6.49,7.57,7.31,7.11,7.75,6.45,5.60,0.96,1.58,3.71,1.23,1.95,99.00,1.89,0.26,1.08,1.38,10.79,10.08,12.15,13.64,11.81,9.93,10.49,12.54,10.89,10.77,11.85,9.13,11.14,11.57,12.46,13.26,4.42,2.69,7.23,7.27,7.11],
  [3.27,13.57,10.13,20.98,29.96,4.86,19.68,20.02,10.26,8.80,6.53,7.84,6.76,8.50,9.34,6.94,9.51,8.32,9.91,7.76,25.37,25.56,26.39,28.47,32.05,29.49,22.16,22.29,20.15,25.53,22.54,24.49,22.83,22.73,24.31,24.23,23.29,21.67,23.00,23.18,20.44,21.22,3.54,3.36,6.40,3.33,4.79,3.51,6.25,6.51,6.18,6.14,6.58,6.41,4.52,2.21,2.62,5.20,0.72,2.89,1.89,99.00,1.63,1.14,0.94,12.67,11.97,13.68,15.23,13.47,11.74,12.22,14.34,12.44,12.38,13.44,11.02,13.00,13.23,14.07,14.86,4.52,3.29,7.82,7.75,7.33],
  [3.45,12.49,8.50,19.35,28.46,5.66,18.11,18.51,8.75,7.40,5.12,6.26,5.22,6.87,7.81,5.60,8.04,6.84,8.30,6.51,23.81,24.06,24.93,26.88,30.44,27.89,20.59,20.66,18.53,23.94,20.93,22.88,21.20,21.15,22.73,22.63,21.68,20.07,21.42,21.58,18.85,19.64,4.12,4.25,7.44,4.05,5.67,3.79,6.46,7.44,7.17,6.99,7.60,6.46,5.46,0.98,1.60,3.87,0.97,1.97,0.26,1.63,99.00,0.86,1.14,11.05,10.34,12.37,13.87,12.05,10.19,10.74,12.80,11.11,11.00,12.08,9.39,11.40,11.81,12.70,13.49,4.43,2.74,7.32,7.34,7.15],
  [3.84,13.33,9.15,20.06,29.28,4.83,18.88,19.33,9.58,8.25,5.97,7.03,6.04,7.58,8.62,6.45,8.88,7.68,9.04,7.36,24.61,24.88,25.76,27.63,31.17,28.64,21.36,21.34,19.26,24.70,21.66,23.62,21.88,21.93,23.50,23.39,22.40,20.81,22.19,22.33,19.62,20.42,4.34,4.31,7.44,4.20,5.75,4.15,6.89,7.50,7.20,7.10,7.61,6.95,5.51,1.08,1.50,4.07,0.46,1.78,1.08,1.14,0.86,99.00,0.31,11.77,11.03,13.23,14.72,12.89,10.98,11.57,13.60,11.97,11.86,12.93,10.08,12.16,12.66,13.55,14.34,4.95,3.40,8.02,8.01,7.73],
  [3.89,13.59,9.46,20.36,29.58,4.60,19.19,19.63,9.88,8.54,6.26,7.34,6.34,7.88,8.93,6.74,9.18,7.98,9.35,7.63,24.91,25.18,26.06,27.94,31.47,28.95,21.67,21.64,19.56,25.01,21.96,23.93,22.19,22.23,23.81,23.70,22.71,21.12,22.50,22.64,19.93,20.73,4.32,4.23,7.33,4.16,5.67,4.18,6.93,7.41,7.09,7.03,7.49,7.02,5.41,1.35,1.69,4.29,0.43,1.94,1.38,0.94,1.14,0.31,99.00,12.08,11.34,13.51,15.01,13.19,11.29,11.87,13.91,12.25,12.14,13.22,10.39,12.47,12.95,13.84,14.63,5.05,3.56,8.18,8.16,7.84],
  [12.27,8.88,2.94,8.32,18.13,15.55,7.33,8.41,3.70,5.47,6.88,4.91,6.14,4.20,4.01,6.95,4.52,5.25,2.77,7.00,13.13,13.82,15.00,15.91,19.39,16.89,9.77,9.70,7.48,13.01,9.88,11.87,10.20,10.32,11.87,11.67,10.63,9.05,10.56,10.60,8.01,8.85,13.29,13.94,16.63,13.52,14.89,12.56,13.50,16.30,16.28,15.72,16.71,12.92,14.86,10.83,10.86,9.00,12.01,10.92,10.79,12.67,11.05,11.77,12.08,99.00,1.05,6.50,6.62,4.87,2.27,3.62,3.17,5.81,5.21,5.65,1.79,1.16,4.83,5.75,6.26,11.90,10.83,11.06,11.48,12.35],
  [11.81,9.48,1.98,9.03,19.13,14.66,8.29,9.44,3.84,5.42,6.52,4.39,5.66,3.47,3.87,6.68,4.54,5.04,2.29,6.88,14.09,14.84,16.03,16.76,20.17,17.72,10.70,10.32,8.28,13.90,10.68,12.70,10.86,11.25,12.79,12.54,11.40,9.90,11.48,11.47,8.95,9.79,12.83,13.44,16.24,13.04,14.47,12.11,13.25,15.94,15.89,15.36,16.33,12.70,14.42,10.06,10.05,8.07,11.30,10.09,10.08,11.97,10.34,11.03,11.34,1.05,99.00,7.24,7.51,5.66,2.77,4.26,4.19,6.42,5.83,6.39,0.96,2.14,5.59,6.57,7.13,11.54,10.35,11.01,11.41,12.23],
  [11.71,2.64,8.06,11.29,16.83,17.92,8.37,7.45,4.48,5.06,7.28,7.15,7.53,7.77,5.41,6.77,4.73,5.79,6.55,5.92,13.00,12.54,13.07,16.70,20.71,17.85,10.49,12.99,10.09,13.81,11.99,13.32,13.20,11.00,12.47,12.79,12.77,10.91,11.33,11.96,9.15,9.64,12.54,13.33,15.04,12.88,13.70,11.84,11.37,14.53,14.69,13.99,15.04,10.69,13.81,12.69,13.02,12.34,13.24,13.26,12.15,13.68,12.37,13.23,13.51,6.50,7.24,99.00,1.71,1.69,4.51,3.00,4.13,1.28,1.62,0.86,7.19,5.42,1.68,1.08,1.48,10.73,10.68,8.14,8.56,9.63],
  [13.37,3.87,8.69,10.03,15.12,19.34,6.93,5.80,5.53,6.48,8.75,8.31,8.87,8.73,6.53,8.29,5.98,7.13,7.33,7.50,11.32,10.83,11.37,15.05,19.08,16.21,8.91,11.74,8.81,12.19,10.56,11.77,11.89,9.41,10.84,11.21,11.32,9.48,9.74,10.42,7.68,8.10,14.22,15.01,16.74,14.56,15.40,13.51,13.08,16.24,16.40,15.70,16.75,12.40,15.50,14.12,14.42,13.53,14.76,14.63,13.64,15.23,13.87,14.72,15.01,6.62,7.51,1.71,99.00,2.05,5.04,3.66,3.68,2.80,2.87,1.79,7.68,5.46,2.23,1.20,0.41,12.42,12.30,9.84,10.26,11.33],
  [11.87,4.28,6.68,9.94,16.58,17.44,7.29,6.81,3.52,4.67,6.94,6.30,6.94,6.68,4.52,6.55,4.04,5.23,5.29,5.88,12.37,12.21,12.94,15.91,19.84,17.04,9.57,11.63,8.77,12.97,10.83,12.32,11.89,10.11,11.64,11.86,11.61,9.77,10.43,10.94,8.08,8.67,12.78,13.55,15.55,13.09,14.08,12.05,11.95,15.08,15.20,14.52,15.57,11.28,14.15,12.24,12.50,11.51,12.97,12.70,11.81,13.47,12.05,12.89,13.19,4.87,5.66,1.69,2.05,99.00,3.05,1.62,2.50,1.63,1.26,0.84,5.73,3.76,0.24,0.93,1.64,11.03,10.70,8.85,9.29,10.34],
  [10.83,6.71,3.65,9.71,18.34,15.21,7.96,8.39,1.71,3.56,5.43,3.97,4.98,3.92,2.43,5.32,2.60,3.61,2.38,5.12,13.63,13.95,14.93,16.78,20.48,17.83,10.43,11.24,8.70,13.83,11.04,12.87,11.66,11.00,12.58,12.55,11.82,10.09,11.28,11.53,8.73,9.49,11.82,12.52,15.00,12.09,13.33,11.08,11.68,14.62,14.64,14.04,15.06,11.07,13.34,10.17,10.32,8.93,11.15,10.46,9.93,11.74,10.19,10.98,11.29,2.27,2.77,4.51,5.04,3.05,99.00,1.51,2.63,3.65,3.06,3.70,2.69,1.62,2.93,3.97,4.64,10.27,9.46,9.03,9.46,10.39],
  [10.90,5.26,5.10,10.06,17.74,16.01,7.84,7.82,2.02,3.51,5.71,4.78,5.54,5.08,3.02,5.42,2.71,3.90,3.68,4.94,13.27,13.34,14.19,16.64,20.47,17.73,10.26,11.69,8.96,13.68,11.19,12.87,12.04,10.82,12.38,12.48,11.98,10.18,11.12,11.50,8.64,9.32,11.86,12.60,14.84,12.15,13.26,11.11,11.35,14.41,14.48,13.84,14.88,10.71,13.31,10.85,11.08,9.96,11.68,11.26,10.49,12.22,10.74,11.57,11.87,3.62,4.26,3.00,3.66,1.62,1.51,99.00,2.43,2.19,1.59,2.19,4.20,2.67,1.46,2.52,3.25,10.19,9.63,8.45,8.89,9.89],
  [13.24,6.76,5.79,7.66,15.71,17.83,5.45,5.76,4.12,5.85,7.93,6.60,7.58,6.46,5.00,7.73,4.95,6.10,4.88,7.33,11.03,11.32,12.32,14.28,18.07,15.36,7.90,9.31,6.55,11.32,8.76,10.46,9.64,8.47,10.05,10.09,9.55,7.75,8.76,9.10,6.25,6.96,14.22,14.94,17.25,14.50,15.66,13.47,13.78,16.83,16.90,16.26,17.29,13.14,15.69,12.80,12.95,11.49,13.76,13.09,12.54,14.34,12.80,13.60,13.91,3.17,4.19,4.13,3.68,2.50,2.63,2.43,99.00,4.02,3.50,3.33,4.65,2.05,2.61,3.13,3.39,12.58,11.93,10.86,11.30,12.31],
  [10.58,3.07,7.01,11.56,17.87,16.65,8.89,8.28,3.30,3.78,6.01,5.89,6.25,6.58,4.18,5.52,3.46,4.51,5.45,4.70,13.85,13.54,14.15,17.46,21.41,18.59,11.14,13.25,10.40,14.53,12.45,13.92,13.52,11.68,13.19,13.44,13.24,11.39,12.00,12.54,9.69,10.26,11.44,12.23,14.08,11.78,12.67,10.73,10.44,13.59,13.73,13.04,14.09,9.77,12.76,11.41,11.75,11.07,11.99,11.98,10.89,12.44,11.11,11.97,12.25,5.81,6.42,1.28,2.80,1.63,3.65,2.19,4.02,99.00,0.60,1.10,6.24,4.83,1.45,1.74,2.47,9.65,9.50,7.29,7.72,8.78],
  [10.66,3.67,6.49,11.10,17.77,16.48,8.53,8.06,2.86,3.61,5.88,5.55,6.02,6.15,3.80,5.44,3.16,4.28,4.95,4.70,13.62,13.42,14.09,17.18,21.10,18.30,10.83,12.78,9.95,14.24,12.05,13.57,13.06,11.37,12.91,13.11,12.84,10.99,11.69,12.20,9.33,9.93,11.55,12.33,14.29,11.88,12.83,10.83,10.69,13.82,13.94,13.26,14.31,10.02,12.91,11.25,11.56,10.77,11.90,11.78,10.77,12.38,11.00,11.86,12.14,5.21,5.83,1.62,2.87,1.26,3.06,1.59,3.50,0.60,99.00,1.08,5.68,4.23,1.04,1.69,2.49,9.79,9.52,7.59,8.03,9.08],
  [11.66,3.44,7.29,10.66,16.78,17.56,7.88,7.18,3.85,4.69,6.96,6.59,7.09,7.11,4.82,6.51,4.22,5.35,5.81,5.74,12.75,12.45,13.08,16.38,20.35,17.51,10.08,12.36,9.47,13.46,11.46,12.88,12.59,10.62,12.12,12.38,12.25,10.39,10.94,11.51,8.67,9.21,12.53,13.31,15.17,12.86,13.76,11.81,11.54,14.69,14.83,14.14,15.19,10.86,13.86,12.33,12.64,11.81,12.98,12.86,11.85,13.44,12.08,12.93,13.22,5.65,6.39,0.86,1.79,0.84,3.70,2.19,3.33,1.10,1.08,99.00,6.39,4.56,0.82,0.65,1.42,10.75,10.55,8.37,8.80,9.86],
  [10.88,9.26,1.17,9.98,19.92,13.77,9.12,10.14,3.33,4.72,5.63,3.47,4.73,2.52,3.16,5.83,3.91,4.25,1.43,6.12,14.92,15.59,16.74,17.67,21.11,18.64,11.56,11.28,9.21,14.79,11.61,13.62,11.81,12.11,13.66,13.44,12.34,10.81,12.35,12.37,9.80,10.64,11.90,12.50,15.33,12.10,13.54,11.18,12.38,15.03,14.98,14.46,15.42,11.85,13.49,9.12,9.11,7.21,10.34,9.17,9.13,11.02,9.39,10.08,10.39,1.79,0.96,7.19,7.68,5.73,2.69,4.20,4.65,6.24,5.68,6.39,99.00,2.63,5.62,6.65,7.29,10.63,9.41,10.25,10.64,11.42],
  [12.30,7.87,3.80,8.18,17.39,16.16,6.73,7.54,3.30,5.16,6.88,5.15,6.30,4.72,3.88,6.84,4.19,5.12,3.15,6.72,12.51,13.04,14.15,15.48,19.09,16.50,9.21,9.68,7.23,12.54,9.60,11.50,10.12,9.77,11.34,11.23,10.37,8.69,10.03,10.18,7.46,8.27,13.31,13.99,16.55,13.56,14.86,12.57,13.27,16.18,16.19,15.60,16.61,12.67,14.85,11.28,11.37,9.69,12.37,11.46,11.14,13.00,11.40,12.16,12.47,1.16,2.14,5.42,5.46,3.76,1.62,2.67,2.05,4.83,4.23,4.56,2.63,99.00,3.74,4.62,5.10,11.81,10.91,10.64,11.07,12.00],
  [11.63,4.21,6.55,10.12,16.82,17.21,7.50,7.05,3.31,4.43,6.70,6.10,6.72,6.50,4.31,6.31,3.81,5.00,5.13,5.64,12.60,12.45,13.18,16.14,20.07,17.26,9.79,11.80,8.95,13.20,11.03,12.53,12.07,10.34,11.87,12.08,11.82,9.97,10.65,11.16,8.30,8.89,12.54,13.31,15.31,12.85,13.84,11.81,11.72,14.85,14.96,14.29,15.34,11.05,13.91,12.01,12.28,11.31,12.73,12.48,11.57,13.23,11.81,12.66,12.95,4.83,5.59,1.68,2.23,0.24,2.93,1.46,2.61,1.45,1.04,0.82,5.62,3.74,99.00,1.06,1.82,10.79,10.46,8.63,9.07,10.11],
  [12.31,3.71,7.61,10.21,16.13,18.15,7.34,6.56,4.34,5.30,7.57,7.11,7.67,7.56,5.33,7.13,4.78,5.94,6.20,6.38,12.13,11.80,12.43,15.77,19.75,16.91,9.50,11.92,9.01,12.86,10.95,12.31,12.13,10.03,11.52,11.81,11.72,9.87,10.35,10.95,8.12,8.64,13.18,13.96,15.81,13.51,14.41,12.46,12.17,15.33,15.47,14.78,15.82,11.49,14.50,12.93,13.23,12.34,13.60,13.44,12.46,14.07,12.70,13.55,13.84,5.75,6.57,1.08,1.20,0.93,3.97,2.52,3.13,1.74,1.69,0.65,6.65,4.62,1.06,99.00,0.80,11.39,11.20,8.99,9.42,10.48],
  [13.05,3.85,8.29,9.99,15.42,18.95,6.97,5.97,5.12,6.10,8.37,7.90,8.47,8.32,6.12,7.92,5.58,6.74,6.92,7.15,11.52,11.10,11.69,15.22,19.23,16.37,9.02,11.70,8.78,12.34,10.60,11.87,11.88,9.53,10.99,11.33,11.37,9.52,9.86,10.51,7.73,8.19,13.91,14.69,16.48,14.24,15.11,13.20,12.82,15.98,16.14,15.44,16.49,12.14,15.21,13.73,14.03,13.12,14.39,14.24,13.26,14.86,13.49,14.34,14.63,6.26,7.13,1.48,0.41,1.64,4.64,3.25,3.39,2.47,2.49,1.42,7.29,5.10,1.82,0.80,99.00,12.11,11.96,9.60,10.03,11.10],
  [1.30,9.95,10.16,19.98,27.53,9.35,18.02,17.84,8.57,6.75,5.03,7.18,5.93,8.37,7.94,4.97,7.69,6.70,9.25,5.25,23.38,23.19,23.79,26.82,30.65,27.92,20.44,21.49,18.97,23.86,21.29,23.04,21.93,21.00,22.56,22.66,22.07,20.31,21.30,21.67,18.82,19.51,1.84,2.64,4.74,2.20,3.08,1.23,2.15,4.40,4.39,3.83,4.81,2.03,3.13,5.38,6.01,7.77,4.61,6.38,4.42,4.52,4.43,4.95,5.05,11.90,11.54,10.73,12.42,11.03,10.27,10.19,12.58,9.65,9.79,10.75,10.63,11.81,10.79,11.39,12.11,99.00,1.83,3.46,3.31,2.81],
  [1.47,10.35,8.80,19.07,27.27,8.10,17.38,17.43,7.82,6.12,4.03,5.96,4.70,7.01,7.04,4.21,6.98,5.85,8.09,4.82,22.91,22.90,23.62,26.21,29.94,27.28,19.83,20.52,18.13,23.25,20.49,22.32,21.00,20.40,21.98,22.00,21.26,19.55,20.69,20.98,18.16,18.89,2.50,3.10,6.00,2.69,4.17,1.81,3.97,5.79,5.66,5.25,6.11,3.83,4.09,3.64,4.26,5.94,3.15,4.63,2.69,3.29,2.74,3.40,3.56,10.83,10.35,10.68,12.30,10.70,9.46,9.63,11.93,9.50,9.52,10.55,9.41,10.91,10.46,11.20,11.96,1.83,99.00,4.62,4.62,4.42],
  [4.75,6.83,10.15,18.52,24.91,12.67,16.12,15.54,7.38,5.60,5.07,7.19,6.18,8.53,7.13,4.60,6.54,6.00,8.82,4.13,21.11,20.66,21.10,24.74,28.69,25.88,18.42,20.13,17.41,21.82,19.60,21.16,20.49,18.96,20.48,20.71,20.39,18.56,19.28,19.79,16.92,17.52,5.19,5.96,6.97,5.56,5.87,4.68,3.28,6.44,6.64,5.92,6.95,2.60,6.05,8.15,8.74,9.83,7.77,9.10,7.23,7.82,7.32,8.02,8.18,11.06,11.01,8.14,9.84,8.85,9.03,8.45,10.86,7.29,7.59,8.37,10.25,10.64,8.63,8.99,9.60,3.46,4.62,99.00,0.44,1.49],
  [4.61,7.19,10.52,18.95,25.31,12.61,16.56,15.97,7.80,6.01,5.39,7.54,6.50,8.88,7.54,4.95,6.96,6.39,9.21,4.53,21.54,21.07,21.50,25.17,29.13,26.31,18.85,20.57,17.85,22.25,20.03,21.60,20.92,19.39,20.91,21.14,20.82,18.99,19.71,20.22,17.36,17.96,4.97,5.73,6.59,5.35,5.55,4.51,2.91,6.05,6.26,5.54,6.57,2.24,5.74,8.20,8.80,10.00,7.74,9.17,7.27,7.75,7.34,8.01,8.16,11.48,11.41,8.56,10.26,9.29,9.46,8.89,11.30,7.72,8.03,8.80,10.64,11.07,9.07,9.42,10.03,3.31,4.62,0.44,99.00,1.07],
  [4.08,8.24,11.22,19.95,26.38,12.15,17.60,17.04,8.71,6.89,6.00,8.20,7.09,9.52,8.37,5.63,7.85,7.18,9.99,5.36,22.61,22.15,22.57,26.23,30.18,27.37,19.91,21.55,18.85,23.30,21.06,22.64,21.92,20.45,21.97,22.19,21.85,20.02,20.76,21.27,18.40,19.01,4.25,4.95,5.53,4.61,4.60,3.91,1.88,4.99,5.22,4.49,5.51,1.25,4.82,8.06,8.68,10.13,7.41,9.05,7.11,7.33,7.15,7.73,7.84,12.35,12.23,9.63,11.33,10.34,10.39,9.89,12.31,8.78,9.08,9.86,11.42,12.00,10.11,10.48,11.10,2.81,4.42,1.49,1.07,99.00]
];
