// Chosen Depots: [1, 2, 3, 4, 5, 6]
// Chosen Demand Points (Original DP No): [1, 3, 7, 10, 11, 13, 15, 16, 19, 20, 24, 25, 26, 29, 30, 31, 33, 34, 35, 37, 38, 41, 42, 43, 44, 46, 54, 56, 59, 65, 69, 70, 71, 74, 76, 81, 82, 83, 85, 87, 89, 92, 93, 94, 97, 98, 99, 100, 104, 106, 107, 111, 112, 114, 116, 117, 118, 119, 120, 122, 124, 125, 126, 127, 129, 133, 135, 136, 143, 145, 148, 150, 154, 156, 157, 159, 162, 163, 168, 169]
// Original Weights: [9, 9, 8, 4, 5, 6, 7, 4, 5, 6, 5, 5, 4, 5, 5, 6, 8, 7, 10, 9, 8, 6, 7, 7, 7, 6, 4, 5, 5, 7, 4, 6, 7, 2, 5, 7, 6, 5, 6, 7, 7, 5, 7, 6, 7, 6, 6, 7, 7, 7, 8, 7, 7, 7, 7, 7, 7, 8, 7, 8, 3, 2, 3, 3, 2, 4, 4, 2, 8, 7, 6, 7, 4, 7, 7, 7, 8, 8, 5, 8]

|W| = 6;
|D| = 80;
V = 54;
C = 3;
|K| = 1;
M = 100;
S = 0.25;
|TR| = 14;
δmax = 18.3;
Runtime = 40;

// Priority weights for selected demand points
pj = [
  9, 9, 8, 4, 5, 6, 7, 4, 5, 6, 5, 5, 4, 5, 5, 6, 8, 7, 10, 9, 8, 6, 7, 7, 7, 6, 4, 5, 5, 7, 4, 6, 7, 2, 5, 7, 6, 5, 6, 7, 7, 5, 7, 6, 7, 6, 6, 7, 7, 7, 8, 7, 7, 7, 7, 7, 7, 8, 7, 8, 3, 2, 3, 3, 2, 4, 4, 2, 8, 7, 6, 7, 4, 7, 7, 7, 8, 8, 5, 8
];

δij =
[
  [99.00,99.00,99.00,99.00,99.00,99.00,19.31,17.00,18.65,9.07,9.24,7.40,6.09,7.41,8.42,5.52,6.93,7.21,9.54,6.88,7.81,6.00,24.16,24.34,27.41,24.08,22.24,28.07,27.47,27.53,33.34,31.29,21.94,21.43,22.59,21.85,22.41,21.71,19.47,24.56,22.19,20.18,22.00,21.08,19.49,3.22,4.43,1.44,3.60,1.70,2.58,2.57,1.26,2.70,2.81,2.46,3.04,2.79,3.68,3.82,2.70,3.26,4.65,3.14,4.21,3.86,4.44,6.34,5.05,5.09,6.83,3.51,3.45,5.95,13.37,11.87,10.90,13.09,10.88,12.20,11.63,10.82,13.05,4.12,1.47,4.75],
  [99.00,99.00,99.00,99.00,99.00,99.00,9.07,6.60,9.55,9.37,6.43,5.89,5.71,8.33,6.83,7.11,8.35,6.74,8.34,8.14,7.88,6.09,14.95,15.21,17.27,14.17,12.71,19.41,18.64,18.77,24.20,22.83,15.55,13.93,14.85,13.08,15.73,13.23,10.51,18.71,14.39,11.14,13.56,13.75,11.55,11.71,13.73,12.55,12.96,12.58,10.69,13.06,12.15,12.68,12.45,12.14,10.10,12.72,12.55,12.73,10.14,12.79,13.75,9.42,13.76,9.10,12.99,13.15,13.43,12.55,14.13,12.30,12.49,13.42,3.87,4.28,5.26,5.00,9.26,4.12,4.21,4.28,3.85,7.83,10.35,6.83],
  [99.00,99.00,99.00,99.00,99.00,99.00,13.23,11.78,11.31,1.22,3.53,4.86,6.45,3.03,3.36,5.60,3.48,4.22,1.62,3.61,2.93,6.07,16.06,16.13,20.10,16.76,14.70,19.18,18.75,18.74,24.59,22.12,12.19,12.30,13.48,13.61,12.75,13.23,11.81,14.51,13.16,12.46,13.46,11.87,10.93,13.12,14.68,11.22,13.82,11.85,12.08,12.81,11.47,12.97,13.03,12.66,12.02,13.05,13.79,13.95,11.77,13.49,14.88,11.53,14.47,11.88,8.16,6.62,8.11,7.08,7.39,8.25,8.50,7.28,8.69,6.68,5.10,7.23,1.17,7.12,6.55,5.98,8.29,10.78,8.80,10.15],
  [99.00,99.00,99.00,99.00,99.00,99.00,8.44,9.40,5.74,11.94,11.29,13.26,14.92,13.21,12.06,15.01,13.68,13.29,11.09,13.69,12.74,14.81,6.49,6.38,10.97,8.28,6.55,8.38,8.10,8.03,13.76,11.16,1.71,1.80,2.79,4.55,1.97,3.85,5.14,4.89,2.66,5.17,3.85,1.37,3.00,22.77,24.62,21.66,23.74,22.17,21.64,23.04,21.74,23.03,23.00,22.62,21.35,23.11,23.56,23.74,21.20,23.45,24.77,20.72,24.49,20.79,19.09,17.56,19.07,18.03,18.27,19.10,19.35,18.24,10.03,9.94,10.06,8.91,9.98,9.91,10.12,10.61,9.99,19.46,19.07,18.52],
  [99.00,99.00,99.00,99.00,99.00,99.00,9.24,11.70,9.95,21.69,19.75,21.20,22.35,22.30,20.66,23.11,22.68,21.64,20.51,22.60,21.72,22.46,5.29,5.36,1.03,4.40,6.39,5.98,5.32,5.59,7.22,7.99,11.89,9.94,9.08,7.62,11.26,8.17,9.30,13.14,9.10,8.63,8.04,10.39,10.31,29.77,31.79,29.83,30.97,30.09,28.68,30.77,29.64,30.52,30.36,30.01,28.17,30.58,30.62,30.80,28.15,30.75,31.85,27.49,31.77,27.26,28.50,27.49,28.66,27.59,28.35,28.21,28.46,28.07,15.12,16.58,17.74,15.37,19.92,16.24,16.82,17.65,15.42,25.93,27.27,24.91],
  [99.00,99.00,99.00,99.00,99.00,99.00,24.98,22.99,23.59,11.89,13.89,12.87,12.46,11.27,12.99,11.18,10.93,12.22,13.02,11.04,11.86,12.13,28.66,28.75,32.52,29.14,27.13,31.85,31.43,31.42,37.25,34.73,24.66,24.96,26.14,26.21,25.26,25.87,24.22,26.58,25.83,24.91,26.11,24.53,23.56,10.29,9.89,7.06,9.64,7.66,10.28,8.16,7.82,8.87,9.24,9.17,10.91,8.93,10.13,10.13,10.60,9.42,10.18,11.17,9.55,11.89,5.23,6.07,4.93,5.97,5.30,5.85,5.66,5.45,19.34,17.44,16.01,18.49,13.77,17.86,17.21,16.37,18.95,12.17,8.10,12.67],
  [19.31,9.07,13.23,8.44,9.24,24.98,99.00,2.47,2.81,13.53,11.10,12.27,13.24,13.74,11.99,14.14,14.06,12.82,12.26,13.94,13.14,13.40,6.26,6.57,8.22,5.11,3.94,10.84,9.99,10.18,15.25,14.24,9.85,7.40,7.76,5.14,9.64,5.64,3.30,12.81,7.35,3.44,5.92,7.52,5.45,20.53,22.56,20.72,21.74,20.95,19.45,21.59,20.50,21.31,21.15,20.80,18.93,21.37,21.38,21.56,18.91,21.52,22.61,18.24,22.54,18.02,19.81,19.10,20.05,19.01,20.03,19.41,19.65,19.62,5.94,7.60,8.98,6.49,12.07,7.21,7.84,8.68,6.26,16.69,18.22,15.66],
  [17.00,6.60,11.78,9.40,11.70,22.99,2.47,99.00,3.81,11.90,9.23,10.15,10.98,11.86,10.08,11.97,12.13,10.78,10.62,11.99,11.27,11.18,8.56,8.86,10.68,7.58,6.26,13.13,12.30,12.47,17.68,16.55,11.00,8.78,9.39,7.06,10.93,7.41,4.69,14.12,8.94,5.14,7.72,8.77,6.49,18.11,20.14,18.43,19.33,18.62,17.04,19.23,18.17,18.93,18.75,18.41,16.50,18.98,18.96,19.14,16.50,19.12,20.18,15.82,20.13,15.57,17.78,17.24,18.06,17.04,18.20,17.31,17.55,17.71,3.68,5.57,7.09,4.63,10.67,5.14,5.79,6.62,4.06,14.26,15.97,13.23],
  [18.65,9.55,11.31,5.74,9.95,23.59,2.81,3.81,99.00,11.81,9.80,11.32,12.59,12.35,10.71,13.23,12.73,11.71,10.60,12.65,11.77,12.66,5.57,5.79,8.95,5.56,3.60,9.88,9.14,9.26,14.86,13.29,7.26,4.97,5.60,3.53,7.15,3.72,0.96,10.34,5.14,1.60,4.05,4.98,2.75,20.28,22.27,20.02,21.42,20.34,19.17,21.07,19.89,20.89,20.77,20.40,18.72,20.95,21.12,21.31,18.65,21.18,22.36,18.04,22.22,17.92,18.54,17.58,18.71,17.64,18.46,18.26,18.51,18.15,5.80,6.81,7.82,5.58,10.14,6.53,7.05,7.84,5.97,16.57,17.43,15.54],
  [9.07,9.37,1.22,11.94,21.69,11.89,13.53,11.90,11.81,99.00,3.01,3.91,5.38,1.84,2.56,4.43,2.27,3.18,1.28,2.41,1.83,4.98,16.77,16.86,20.70,17.33,15.29,20.06,19.60,19.60,25.46,23.06,13.23,13.19,14.38,14.32,13.77,13.99,12.39,15.63,14.03,13.06,14.24,12.78,11.68,11.90,13.47,10.04,12.61,10.66,10.86,11.61,10.27,11.76,11.82,11.45,10.81,11.85,12.57,12.74,10.55,12.28,13.67,10.33,13.27,10.68,7.16,5.82,7.17,6.12,6.66,7.17,7.43,6.44,8.59,6.55,4.93,7.28,1.96,6.99,6.38,5.70,8.18,9.61,7.60,9.01],
  [9.24,6.43,3.53,11.29,19.75,13.89,11.10,9.23,9.80,3.01,99.00,2.03,3.79,2.64,0.90,3.73,2.96,2.03,1.92,2.86,2.05,3.59,15.14,15.28,18.74,15.36,13.39,18.87,18.30,18.35,24.19,22.07,12.81,12.20,13.35,12.76,13.24,12.55,10.52,15.59,12.95,11.23,12.84,11.84,10.29,11.51,13.33,10.49,12.45,10.94,10.39,11.78,10.50,11.75,11.71,11.33,10.14,11.83,12.29,12.47,9.96,12.16,13.48,9.54,13.20,9.70,8.76,8.02,8.97,7.91,8.97,8.46,8.71,8.52,5.73,3.70,2.14,4.63,3.01,4.14,3.50,2.74,5.32,8.43,7.88,7.60],
  [7.40,5.89,4.86,13.26,21.20,12.87,12.27,10.15,11.32,3.91,2.03,99.00,1.77,2.48,1.57,1.91,2.46,0.85,3.35,2.25,2.14,1.56,16.79,16.95,20.18,16.81,14.92,20.67,20.07,20.13,25.94,23.92,14.81,14.10,15.24,14.46,15.22,14.31,12.11,17.62,14.83,12.82,14.60,13.76,12.09,9.51,11.37,8.72,10.49,9.10,8.39,9.90,8.65,9.82,9.77,9.38,8.12,9.90,10.30,10.48,7.95,10.21,11.51,7.51,11.25,7.67,7.64,7.39,7.97,6.98,8.37,7.16,7.40,7.75,6.48,4.67,3.51,5.83,4.72,5.06,4.43,3.58,6.10,6.41,6.12,5.60],
  [6.09,5.71,6.45,14.92,22.35,12.46,13.24,10.98,12.59,5.38,3.79,1.77,99.00,3.67,3.30,1.48,3.42,2.23,5.03,3.21,3.55,0.46,18.13,18.32,21.32,17.99,16.17,22.15,21.51,21.58,27.35,25.43,16.50,15.68,16.80,15.86,16.89,15.76,13.43,19.35,16.38,14.14,16.06,15.35,13.60,7.88,9.80,7.49,8.92,7.76,6.75,8.48,7.30,8.32,8.23,7.85,6.43,8.39,8.69,8.88,6.28,8.65,9.91,5.80,9.71,5.92,7.28,7.55,7.72,6.86,8.50,6.61,6.82,7.76,7.32,5.79,4.96,7.02,6.44,6.11,5.55,4.76,6.98,4.64,4.99,3.83],
  [7.41,8.33,3.03,13.21,22.30,11.27,13.74,11.86,12.35,1.84,2.64,2.48,3.67,99.00,1.79,2.60,0.48,1.64,2.14,0.58,0.60,3.23,17.58,17.70,21.30,17.91,15.92,21.12,20.60,20.63,26.49,24.23,14.61,14.32,15.50,15.16,15.10,14.90,13.03,17.16,15.13,13.72,15.17,13.93,12.60,10.13,11.76,8.49,10.89,9.06,9.08,9.98,8.65,10.08,10.12,9.73,9.00,10.16,10.83,11.00,8.75,10.57,11.95,8.50,11.58,8.85,6.20,5.39,6.36,5.30,6.34,6.00,6.26,5.88,8.31,6.30,4.78,7.27,3.47,6.75,6.10,5.29,7.90,7.77,5.96,7.19],
  [8.42,6.83,3.36,12.06,20.66,12.99,11.99,10.08,10.71,2.56,0.90,1.57,3.30,1.79,99.00,2.97,2.07,1.24,1.80,1.96,1.20,3.02,16.03,16.17,19.65,16.26,14.30,19.73,19.17,19.21,25.06,22.91,13.55,13.03,14.19,13.64,14.00,13.43,11.42,16.28,13.80,12.13,13.71,12.66,11.16,10.80,12.59,9.65,11.71,10.12,9.69,10.98,9.68,10.97,10.96,10.57,9.49,11.05,11.57,11.74,9.29,11.41,12.75,8.91,12.44,9.12,7.86,7.17,8.07,7.02,8.12,7.55,7.81,7.64,6.53,4.52,3.02,5.51,3.16,4.96,4.31,3.51,6.12,7.90,7.04,7.13],
  [5.52,7.11,5.60,15.01,23.11,11.18,14.14,11.97,13.23,4.43,3.73,1.91,1.48,2.60,2.97,99.00,2.23,1.73,4.41,2.05,2.70,1.04,18.69,18.86,22.09,18.72,16.83,22.55,21.96,22.01,27.83,25.77,16.52,15.92,17.07,16.36,16.96,16.19,14.02,19.24,16.67,14.73,16.49,15.57,13.97,7.84,9.62,6.82,8.74,7.22,6.74,8.06,6.78,8.02,7.99,7.61,6.57,8.10,8.60,8.78,6.35,8.44,9.78,6.02,9.48,6.31,5.96,6.08,6.35,5.45,7.05,5.38,5.60,6.32,8.29,6.55,5.42,7.74,5.83,6.93,6.31,5.47,7.92,5.19,4.21,4.60],
  [6.93,8.35,3.48,13.68,22.68,10.93,14.06,12.13,12.73,2.27,2.96,2.46,3.42,0.48,2.07,2.23,99.00,1.61,2.62,0.22,0.98,2.97,17.99,18.12,21.68,18.29,16.31,21.57,21.04,21.07,26.93,24.68,15.08,14.78,15.95,15.58,15.58,15.33,13.42,17.64,15.58,14.12,15.60,14.39,13.03,9.66,11.28,8.01,10.41,8.57,8.61,9.50,8.16,9.60,9.64,9.26,8.54,9.68,10.36,10.53,8.29,10.10,11.47,8.06,11.10,8.42,5.82,5.13,6.01,4.95,6.10,5.57,5.83,5.58,8.54,6.56,5.08,7.58,3.95,7.00,6.35,5.53,8.14,7.37,5.48,6.82],
  [7.21,6.74,4.22,13.29,21.64,12.22,12.82,10.78,11.71,3.18,2.03,0.85,2.23,1.64,1.24,1.73,1.61,99.00,2.83,1.40,1.36,1.87,17.11,17.27,20.62,17.25,15.32,20.89,20.32,20.36,26.20,24.09,14.79,14.22,15.38,14.75,15.24,14.56,12.47,17.52,14.98,13.18,14.85,13.86,12.31,9.56,11.35,8.46,10.46,8.91,8.45,9.76,8.47,9.74,9.72,9.33,8.25,9.82,10.32,10.50,8.05,10.17,11.50,7.68,11.21,7.92,7.01,6.62,7.29,6.28,7.59,6.60,6.84,7.01,7.13,5.23,3.90,6.34,4.25,5.65,5.00,4.15,6.74,6.72,5.85,6.00],
  [9.54,8.34,1.62,11.09,20.51,13.02,12.26,10.62,10.60,1.28,1.92,3.35,5.03,2.14,1.80,4.41,2.62,2.83,99.00,2.67,1.75,4.69,15.66,15.76,19.52,16.14,14.12,19.07,18.58,18.59,24.45,22.14,12.47,12.24,13.42,13.22,12.97,12.92,11.21,15.02,13.06,11.89,13.18,11.84,10.61,12.18,13.86,10.63,12.98,11.19,11.10,12.11,10.78,12.19,12.21,11.83,10.96,12.27,12.90,13.07,10.74,12.67,14.04,10.43,13.69,10.70,8.14,6.98,8.22,7.15,7.86,8.04,8.30,7.57,7.33,5.29,3.68,6.00,1.43,5.74,5.13,4.49,6.92,9.53,8.09,8.82],
  [6.88,8.14,3.61,13.69,22.60,11.04,13.94,11.99,12.65,2.41,2.86,2.25,3.21,0.58,1.96,2.05,0.22,1.40,2.67,99.00,0.96,2.76,17.93,18.06,21.59,18.21,16.23,21.54,21.01,21.04,26.89,24.67,15.11,14.77,15.94,15.53,15.60,15.28,13.35,17.69,15.56,14.05,15.56,14.38,13.00,9.56,11.21,7.98,10.33,8.53,8.50,9.45,8.11,9.53,9.56,9.18,8.42,9.61,10.27,10.44,8.17,10.02,11.39,7.92,11.03,8.27,5.90,5.29,6.11,5.07,6.26,5.63,5.88,5.72,8.39,6.42,4.96,7.45,4.02,6.86,6.20,5.38,7.99,7.21,5.43,6.64],
  [7.81,7.88,2.93,12.74,21.72,11.86,13.14,11.27,11.77,1.83,2.05,2.14,3.55,0.60,1.20,2.70,0.98,1.36,1.75,0.96,99.00,3.15,17.01,17.14,20.71,17.33,15.34,20.59,20.06,20.09,25.95,23.72,14.16,13.81,14.99,14.60,14.64,14.35,12.45,16.76,14.61,13.15,14.62,13.43,12.05,10.42,12.11,8.93,11.23,9.47,9.35,10.38,9.05,10.44,10.46,10.08,9.23,10.52,11.14,11.32,8.99,10.92,12.29,8.70,11.94,9.00,6.78,5.98,6.95,5.89,6.93,6.55,6.81,6.47,7.73,5.72,4.19,6.68,3.16,6.16,5.51,4.72,7.32,7.88,6.36,7.23],
  [6.00,6.09,6.07,14.81,22.46,12.13,13.40,11.18,12.66,4.98,3.59,1.56,0.46,3.23,3.02,1.04,2.97,1.87,4.69,2.76,3.15,99.00,18.17,18.35,21.44,18.09,16.25,22.14,21.52,21.58,27.37,25.40,16.36,15.61,16.75,15.88,16.77,15.76,13.48,19.18,16.33,14.19,16.06,15.28,13.57,7.96,9.84,7.37,8.96,7.68,6.84,8.45,7.23,8.32,8.25,7.87,6.56,8.40,8.76,8.94,6.39,8.69,9.97,5.95,9.74,6.12,6.93,7.12,7.34,6.46,8.08,6.29,6.51,7.35,7.50,5.88,4.94,7.10,6.12,6.23,5.64,4.83,7.15,4.88,4.82,4.13],
  [24.16,14.95,16.06,6.49,5.29,28.66,6.26,8.56,5.57,16.77,15.14,16.79,18.13,17.58,16.03,18.69,17.99,17.11,15.66,17.93,17.01,18.17,99.00,0.35,4.48,2.34,2.32,4.59,3.74,3.92,9.30,7.99,6.86,4.69,3.96,2.45,6.28,2.90,4.70,8.74,3.90,3.99,2.75,5.13,5.15,25.85,27.84,25.51,26.99,25.86,24.74,26.61,25.41,26.44,26.33,25.96,24.29,26.51,26.69,26.88,24.22,26.74,27.93,23.61,27.78,23.49,23.76,22.59,23.87,22.80,23.42,23.56,23.81,23.21,11.32,12.37,13.27,11.13,14.92,12.10,12.60,13.37,11.52,22.13,22.91,21.11],
  [24.34,15.21,16.13,6.38,5.36,28.75,6.57,8.86,5.79,16.86,15.28,16.95,18.32,17.70,16.17,18.86,18.12,17.27,15.76,18.06,17.14,18.35,0.35,99.00,4.60,2.66,2.63,4.28,3.45,3.61,9.07,7.69,6.67,4.58,3.79,2.54,6.08,2.92,4.90,8.47,3.76,4.20,2.74,5.03,5.21,26.06,28.04,25.67,27.19,26.03,24.94,26.80,25.58,26.63,26.52,26.15,24.50,26.70,26.90,27.09,24.43,26.94,28.14,23.83,27.98,23.71,23.88,22.68,23.98,22.91,23.50,23.69,23.95,23.30,11.56,12.57,13.44,11.33,15.00,12.31,12.80,13.56,11.75,22.35,23.07,21.33],
  [27.41,17.27,20.10,10.97,1.03,32.52,8.22,10.68,8.95,20.70,18.74,20.18,21.32,21.30,19.65,22.09,21.68,20.62,19.52,21.59,20.71,21.44,4.48,4.60,99.00,3.39,5.41,5.93,5.17,5.45,7.91,8.32,11.23,9.17,8.37,6.73,10.61,7.31,8.31,12.68,8.36,7.64,7.20,9.61,9.40,28.75,30.77,28.80,29.94,29.07,27.66,29.75,28.62,29.50,29.34,28.99,27.14,29.55,29.59,29.78,27.12,29.72,30.82,26.46,30.75,26.24,27.49,26.50,27.65,26.59,27.36,27.19,27.44,27.08,14.10,15.56,16.72,14.35,18.94,15.21,15.80,16.62,14.39,24.91,26.25,23.88],
  [24.08,14.17,16.76,8.28,4.40,29.14,5.11,7.58,5.56,17.33,15.36,16.81,17.99,17.91,16.26,18.72,18.29,17.25,16.14,18.21,17.33,18.09,2.34,2.66,3.39,99.00,2.07,6.33,5.43,5.67,10.19,9.55,8.93,6.55,6.06,3.76,8.41,4.44,4.95,11.03,5.89,4.30,4.44,6.93,6.24,25.50,27.52,25.46,26.68,25.75,24.40,26.44,25.29,26.21,26.06,25.71,23.91,26.27,26.35,26.53,23.87,26.45,27.58,23.23,27.49,23.03,24.10,23.12,24.27,23.20,23.99,23.81,24.06,23.70,10.83,12.21,13.34,11.00,15.59,11.88,12.45,13.27,11.10,21.69,22.90,20.66],
  [22.24,12.71,14.70,6.55,6.39,27.13,3.94,6.26,3.60,15.29,13.39,14.92,16.17,15.92,14.30,16.83,16.31,15.32,14.12,16.23,15.34,16.25,2.32,2.63,5.41,2.07,99.00,6.91,6.06,6.24,11.49,10.31,7.45,4.93,4.75,2.04,7.02,2.76,2.91,9.93,4.46,2.24,2.87,5.26,4.24,23.79,25.80,23.61,24.95,23.92,22.68,24.64,23.47,24.44,24.31,23.95,22.21,24.50,24.64,24.82,22.16,24.71,25.87,21.53,25.75,21.38,22.12,21.09,22.27,21.20,21.96,21.85,22.10,21.68,9.16,10.38,11.42,9.15,13.54,10.07,10.62,11.42,9.40,20.03,21.03,19.00],
  [28.07,19.41,19.18,8.38,5.98,31.85,10.84,13.13,9.88,20.06,18.87,20.67,22.15,21.12,19.73,22.55,21.57,20.89,19.07,21.54,20.59,22.14,4.59,4.28,5.93,6.33,6.91,99.00,0.90,0.67,5.40,3.42,7.73,6.89,5.71,6.38,7.04,6.39,8.94,7.84,6.03,8.28,6.09,7.32,8.58,29.98,31.93,29.36,31.06,29.77,28.85,30.58,29.33,30.46,30.38,30.00,28.45,30.53,30.81,30.99,28.35,30.80,32.04,27.78,31.85,27.71,27.20,25.81,27.23,26.18,26.55,27.11,27.37,26.46,15.68,16.50,17.20,15.28,18.12,16.28,16.73,17.44,15.84,26.35,26.74,25.34],
  [27.47,18.64,18.75,8.10,5.32,31.43,9.99,12.30,9.14,19.60,18.30,20.07,21.51,20.60,19.17,21.96,21.04,20.32,18.58,21.01,20.06,21.52,3.74,3.45,5.17,5.43,6.06,0.90,99.00,0.29,5.89,4.25,7.63,6.50,5.35,5.68,6.94,5.76,8.21,8.10,5.61,7.54,5.47,6.95,8.02,29.32,31.29,28.77,30.42,29.17,28.19,29.96,28.72,29.83,29.74,29.37,27.78,29.90,30.15,30.34,27.69,30.16,31.39,27.11,31.21,27.02,26.72,25.37,26.77,25.71,26.14,26.60,26.86,26.02,14.94,15.83,16.58,14.60,17.67,15.60,16.06,16.79,15.11,25.66,26.16,24.65],
  [27.53,18.77,18.74,8.03,5.59,31.42,10.18,12.47,9.26,19.60,18.35,20.13,21.58,20.63,19.21,22.01,21.07,20.36,18.59,21.04,20.09,21.58,3.92,3.61,5.45,5.67,6.24,0.67,0.29,99.00,5.86,4.08,7.50,6.47,5.30,5.77,6.81,5.83,8.32,7.89,5.59,7.66,5.53,6.91,8.05,29.40,31.36,28.82,30.49,29.23,28.28,30.02,28.78,29.90,29.81,29.44,27.86,29.97,30.23,30.42,27.77,30.23,31.47,27.20,31.28,27.12,26.73,25.36,26.77,25.71,26.12,26.62,26.88,26.01,15.05,15.91,16.64,14.69,17.67,15.69,16.14,16.86,15.22,25.76,26.21,24.74],
  [33.34,24.20,24.59,13.76,7.22,37.25,15.25,17.68,14.86,25.46,24.19,25.94,27.35,26.49,25.06,27.83,26.93,26.20,24.45,26.89,25.95,27.37,9.30,9.07,7.91,10.19,11.49,5.40,5.89,5.86,99.00,3.25,12.97,12.29,11.11,11.50,12.30,11.64,13.96,12.40,11.43,13.27,11.35,12.73,13.90,35.13,37.11,34.65,36.25,35.04,34.01,35.82,34.59,35.68,35.57,35.20,33.57,35.74,35.97,36.15,33.50,35.99,37.20,32.90,37.04,32.79,32.59,31.21,32.63,31.57,31.96,32.48,32.74,31.86,20.61,21.63,22.44,20.40,23.52,21.38,21.86,22.61,20.82,31.43,32.04,30.41],
  [31.29,22.83,22.12,11.16,7.99,34.73,14.24,16.55,13.29,23.06,22.07,23.92,25.43,24.23,22.91,25.77,24.68,24.09,22.14,24.67,23.72,25.40,7.99,7.69,8.32,9.55,10.31,3.42,4.25,4.08,3.25,99.00,10.15,9.90,8.73,9.77,9.51,9.73,12.34,9.24,9.11,11.69,9.42,10.30,11.84,33.29,35.23,32.55,34.35,32.99,32.16,33.82,32.55,33.73,33.65,33.28,31.77,33.80,34.11,34.30,31.67,34.08,35.34,31.11,35.13,31.06,30.22,28.73,30.21,29.17,29.43,30.18,30.44,29.40,19.08,19.84,20.47,18.63,21.11,19.64,20.07,20.76,19.23,29.70,29.94,28.69],
  [21.94,15.55,12.19,1.71,11.89,24.66,9.85,11.00,7.26,13.23,12.81,14.81,16.50,14.61,13.55,16.52,15.08,14.79,12.47,15.11,14.16,16.36,6.86,6.67,11.23,8.93,7.45,7.73,7.63,7.50,12.97,10.15,99.00,2.55,2.90,5.41,0.69,4.69,6.56,3.18,3.04,6.46,4.58,2.34,4.52,24.31,26.14,23.09,25.26,23.62,23.19,24.51,23.20,24.53,24.51,24.13,22.92,24.61,25.10,25.28,22.76,24.96,26.29,22.30,26.00,22.39,20.34,18.72,20.28,19.26,19.38,20.40,20.66,19.41,11.74,11.63,11.69,10.62,11.28,11.61,11.80,12.27,11.70,21.06,20.52,20.13],
  [21.43,13.93,12.30,1.80,9.94,24.96,7.40,8.78,4.97,13.19,12.20,14.10,15.68,14.32,13.03,15.92,14.78,14.22,12.24,14.77,13.81,15.61,4.69,4.58,9.17,6.55,4.93,6.89,6.50,6.47,12.29,9.90,2.55,99.00,1.18,2.89,2.24,2.18,4.16,5.41,0.90,3.97,2.11,0.47,2.40,23.55,25.46,22.67,24.58,23.13,22.43,23.98,22.69,23.91,23.86,23.48,22.08,23.99,24.37,24.55,21.95,24.30,25.58,21.44,25.35,21.45,20.34,18.92,20.36,19.31,19.67,20.28,20.54,19.58,10.06,10.34,10.73,9.20,11.25,10.23,10.54,11.14,10.10,20.09,20.06,19.12],
  [22.59,14.85,13.48,2.79,9.08,26.14,7.76,9.39,5.60,14.38,13.35,15.24,16.80,15.50,14.19,17.07,15.95,15.38,13.42,15.94,14.99,16.75,3.96,3.79,8.37,6.06,4.75,5.71,5.35,5.30,11.11,8.73,2.90,1.18,99.00,2.78,2.35,2.15,4.70,5.20,0.47,4.34,1.92,1.62,3.32,24.68,26.59,23.83,25.71,24.29,23.55,25.13,23.85,25.06,25.00,24.62,23.19,25.13,25.49,25.68,23.07,25.43,26.71,22.54,26.48,22.54,21.53,20.10,21.54,20.49,20.85,21.46,21.72,20.76,10.99,11.39,11.84,10.23,12.43,11.25,11.60,12.22,11.05,21.18,21.23,20.20],
  [21.85,13.08,13.61,4.55,7.62,26.21,5.14,7.06,3.53,14.32,12.76,14.46,15.86,15.16,13.64,16.36,15.58,14.75,13.22,15.53,14.60,15.88,2.45,2.54,6.73,3.76,2.04,6.38,5.68,5.77,11.50,9.77,5.41,2.89,2.78,99.00,4.99,0.72,2.57,7.98,2.45,1.96,0.86,3.23,2.71,23.65,25.62,23.17,24.75,23.55,22.52,24.32,23.10,24.18,24.08,23.71,22.10,24.25,24.48,24.67,22.02,24.50,25.71,21.43,25.54,21.34,21.34,20.14,21.43,20.37,20.97,21.15,21.41,20.76,9.31,10.15,10.95,8.92,12.47,9.92,10.38,11.12,9.46,19.98,20.57,18.97],
  [22.41,15.73,12.75,1.97,11.26,25.26,9.64,10.93,7.15,13.77,13.24,15.22,16.89,15.10,14.00,16.96,15.58,15.24,12.97,15.60,14.64,16.77,6.28,6.08,10.61,8.41,7.02,7.04,6.94,6.81,12.30,9.51,0.69,2.24,2.35,4.99,99.00,4.30,6.39,3.19,2.56,6.21,4.15,2.16,4.45,24.73,26.57,23.58,25.69,24.09,23.61,24.98,23.67,24.97,24.95,24.57,23.32,25.05,25.52,25.70,23.16,25.40,26.72,22.69,26.44,22.76,20.90,19.30,20.85,19.82,19.98,20.94,21.20,19.99,11.89,11.89,12.04,10.84,11.81,11.84,12.07,12.58,11.88,21.43,21.00,20.49],
  [21.71,13.23,13.23,3.85,8.17,25.87,5.64,7.41,3.72,13.99,12.55,14.31,15.76,14.90,13.43,16.19,15.33,14.56,12.92,15.28,14.35,15.76,2.90,2.92,7.31,4.44,2.76,6.39,5.76,5.83,11.64,9.73,4.69,2.18,2.15,0.72,4.30,99.00,2.77,7.32,1.77,2.28,0.33,2.52,2.31,23.58,25.54,23.01,24.67,23.41,22.46,24.20,22.96,24.07,23.98,23.61,22.05,24.14,24.41,24.60,21.96,24.41,25.65,21.39,25.46,21.33,21.05,19.80,21.13,20.06,20.61,20.89,21.15,20.43,9.41,10.11,10.82,8.90,12.11,9.91,10.34,11.05,9.53,19.97,20.40,18.96],
  [19.47,10.51,11.81,5.14,9.30,24.22,3.30,4.69,0.96,12.39,10.52,12.11,13.43,13.03,11.42,14.02,13.42,12.47,11.21,13.35,12.45,13.48,4.70,4.90,8.31,4.95,2.91,8.94,8.21,8.32,13.96,12.34,6.56,4.16,4.70,2.57,6.39,2.77,99.00,9.57,4.25,0.71,3.09,4.24,2.17,21.16,23.15,20.82,22.29,21.17,20.05,21.92,20.71,21.74,21.63,21.26,19.61,21.81,22.00,22.19,19.53,22.04,23.24,18.93,23.09,18.83,19.23,18.18,19.37,18.30,19.05,18.97,19.23,18.77,6.74,7.67,8.60,6.44,10.64,7.41,7.91,8.68,6.90,17.47,18.23,16.45],
  [24.56,18.71,14.51,4.89,13.14,26.58,12.81,14.12,10.34,15.63,15.59,17.62,19.35,17.16,16.28,19.24,17.64,17.52,15.02,17.69,16.76,19.18,8.74,8.47,12.68,11.03,9.93,7.84,8.10,7.89,12.40,9.24,3.18,5.41,5.20,7.98,3.19,7.32,9.57,99.00,5.55,9.37,7.12,5.36,7.64,27.08,28.84,25.64,27.96,26.21,25.97,27.13,25.80,27.19,27.20,26.82,25.73,27.28,27.84,28.02,25.55,27.66,29.01,25.13,28.68,25.27,22.59,20.82,22.47,21.48,21.38,22.75,23.00,21.52,14.91,14.72,14.66,13.74,13.72,14.72,14.88,15.30,14.86,23.96,23.11,23.06],
  [22.19,14.39,13.16,2.66,9.10,25.83,7.35,8.94,5.14,14.03,12.95,14.83,16.38,15.13,13.80,16.67,15.58,14.98,13.06,15.56,14.61,16.33,3.90,3.76,8.36,5.89,4.46,6.03,5.61,5.59,11.43,9.11,3.04,0.90,0.47,2.45,2.56,1.77,4.25,5.55,99.00,3.91,1.59,1.36,2.87,24.25,26.17,23.44,25.29,23.89,23.12,24.72,23.45,24.64,24.58,24.20,22.76,24.72,25.07,25.25,22.64,25.02,26.29,22.11,26.07,22.10,21.18,19.78,21.21,20.15,20.54,21.10,21.36,20.44,10.52,10.94,11.42,9.77,12.10,10.80,11.15,11.78,10.59,20.75,20.83,19.76],
  [20.18,11.14,12.46,5.17,8.63,24.91,3.44,5.14,1.60,13.06,11.23,12.82,14.14,13.72,12.13,14.73,14.12,13.18,11.89,14.05,13.15,14.19,3.99,4.20,7.64,4.30,2.24,8.28,7.54,7.66,13.27,11.69,6.46,3.97,4.34,1.96,6.21,2.28,0.71,9.37,3.91,99.00,2.59,4.12,2.34,21.86,23.85,21.53,22.99,21.87,20.75,22.62,21.42,22.45,22.33,21.97,20.31,22.52,22.70,22.89,20.23,22.75,23.94,19.63,23.79,19.52,19.93,18.86,20.06,19.00,19.73,19.68,19.93,19.46,7.40,8.38,9.31,7.14,11.30,8.11,8.61,9.38,7.58,18.16,18.94,17.14],
  [22.00,13.56,13.46,3.85,8.04,26.11,5.92,7.72,4.05,14.24,12.84,14.60,16.06,15.17,13.71,16.49,15.60,14.85,13.18,15.56,14.62,16.06,2.75,2.74,7.20,4.44,2.87,6.09,5.47,5.53,11.35,9.42,4.58,2.11,1.92,0.86,4.15,0.33,3.09,7.12,1.59,2.59,99.00,2.50,2.57,23.89,25.85,23.30,24.98,23.70,22.77,24.50,23.26,24.38,24.29,23.92,22.37,24.45,24.72,24.91,22.27,24.71,25.95,21.70,25.76,21.64,21.31,20.05,21.38,20.32,20.85,21.16,21.42,20.68,9.74,10.43,11.12,9.21,12.35,10.23,10.65,11.36,9.86,20.28,20.69,19.28],
  [21.08,13.75,11.87,1.37,10.39,24.53,7.52,8.77,4.98,12.78,11.84,13.76,15.35,13.93,12.66,15.57,14.39,13.86,11.84,14.38,13.43,15.28,5.13,5.03,9.61,6.93,5.26,7.32,6.95,6.91,12.73,10.30,2.34,0.47,1.62,3.23,2.16,2.52,4.24,5.36,1.36,4.12,2.50,99.00,2.31,23.23,25.12,22.30,24.24,22.77,22.10,23.62,22.34,23.57,23.52,23.14,21.77,23.65,24.04,24.22,21.63,23.96,25.25,21.12,25.01,21.15,19.93,18.49,19.94,18.89,19.23,19.88,20.14,19.15,9.89,10.08,10.42,8.97,10.83,9.99,10.28,10.86,9.91,19.80,19.70,18.83],
  [19.49,11.55,10.93,3.00,10.31,23.56,5.45,6.49,2.75,11.68,10.29,12.09,13.60,12.60,11.16,13.97,13.03,12.31,10.61,13.00,12.05,13.57,5.15,5.21,9.40,6.24,4.24,8.58,8.02,8.05,13.90,11.84,4.52,2.40,3.32,2.71,4.45,2.31,2.17,7.64,2.87,2.34,2.57,2.31,99.00,21.46,23.39,20.77,22.52,21.19,20.33,22.00,20.74,21.90,21.82,21.44,19.95,21.97,22.28,22.47,19.84,22.25,23.51,19.30,23.30,19.27,18.74,17.49,18.82,17.75,18.30,18.60,18.85,18.12,7.68,8.08,8.64,6.91,9.80,7.93,8.30,8.95,7.73,17.91,18.16,16.92],
  [3.22,11.71,13.12,22.77,29.77,10.29,20.53,18.11,20.28,11.90,11.51,9.51,7.88,10.13,10.80,7.84,9.66,9.56,12.18,9.56,10.42,7.96,25.85,26.06,28.75,25.50,23.79,29.98,29.32,29.40,35.13,33.29,24.31,23.55,24.68,23.65,24.73,23.58,21.16,27.08,24.25,21.86,23.89,23.23,21.46,99.00,2.03,3.39,1.28,2.66,1.13,2.20,2.63,1.49,1.11,1.11,1.61,1.46,0.85,1.03,1.63,1.20,2.08,2.29,2.06,2.67,7.56,9.55,8.16,8.30,9.99,6.67,6.59,9.13,14.67,13.50,12.83,14.73,13.58,13.75,13.27,12.54,14.41,3.87,4.55,4.89],
  [4.43,13.73,14.68,24.62,31.79,9.89,22.56,20.14,22.27,13.47,13.33,11.37,9.80,11.76,12.59,9.62,11.28,11.35,13.86,11.21,12.11,9.84,27.84,28.04,30.77,27.52,25.80,31.93,31.29,31.36,37.11,35.23,26.14,25.46,26.59,25.62,26.57,25.54,23.15,28.84,26.17,23.85,25.85,25.12,23.39,2.03,99.00,3.89,0.88,3.09,3.11,2.13,3.35,1.73,1.65,2.03,3.64,1.64,1.18,1.00,3.65,1.19,0.29,4.32,0.35,4.66,8.25,10.38,8.79,9.15,10.65,7.48,7.33,9.85,16.68,15.48,14.76,16.71,15.23,15.74,15.24,14.50,16.42,5.90,5.89,6.92],
  [1.44,12.55,11.22,21.66,29.83,7.06,20.72,18.43,20.02,10.04,10.49,8.72,7.49,8.49,9.65,6.82,8.01,8.46,10.63,7.98,8.93,7.37,25.51,25.67,28.80,25.46,23.61,29.36,28.77,28.82,34.65,32.55,23.09,22.67,23.83,23.17,23.58,23.01,20.82,25.64,23.44,21.53,23.30,22.30,20.77,3.39,3.89,99.00,3.22,0.81,3.22,1.76,0.77,2.26,2.54,2.32,3.86,2.35,3.52,3.60,3.55,2.90,4.16,4.16,3.59,4.87,4.37,6.49,4.93,5.27,6.78,3.59,3.44,5.97,14.79,13.25,12.23,14.47,11.91,13.59,13.01,12.19,14.46,5.38,2.61,6.10],
  [3.60,12.96,13.82,23.74,30.97,9.64,21.74,19.33,21.42,12.61,12.45,10.49,8.92,10.89,11.71,8.74,10.41,10.46,12.98,10.33,11.23,8.96,26.99,27.19,29.94,26.68,24.95,31.06,30.42,30.49,36.25,34.35,25.26,24.58,25.71,24.75,25.69,24.67,22.29,27.96,25.29,22.99,24.98,24.24,22.52,1.28,0.88,3.22,99.00,2.41,2.29,1.55,2.60,0.97,0.79,1.16,2.87,0.88,0.57,0.50,2.83,0.34,1.06,3.54,0.81,3.94,7.58,9.68,8.15,8.44,10.00,6.77,6.64,9.18,15.85,14.62,13.88,15.86,14.36,14.89,14.38,13.64,15.58,5.13,5.05,6.13],
  [1.70,12.58,11.85,22.17,30.09,7.66,20.95,18.62,20.34,10.66,10.94,9.10,7.76,9.06,10.12,7.22,8.57,8.91,11.19,8.53,9.47,7.68,25.86,26.03,29.07,25.75,23.92,29.77,29.17,29.23,35.04,32.99,23.62,23.13,24.29,23.55,24.09,23.41,21.17,26.21,23.89,21.87,23.70,22.77,21.19,2.66,3.09,0.81,2.41,99.00,2.68,0.99,0.45,1.45,1.75,1.56,3.36,1.53,2.72,2.80,3.09,2.09,3.36,3.77,2.80,4.45,5.18,7.29,5.74,6.06,7.59,4.39,4.25,6.78,15.01,13.55,12.60,14.77,12.50,13.87,13.31,12.50,14.69,5.14,3.10,5.96],
  [2.58,10.69,12.08,21.64,28.68,10.28,19.45,17.04,19.17,10.86,10.39,8.39,6.75,9.08,9.69,6.74,8.61,8.45,11.10,8.50,9.35,6.84,24.74,24.94,27.66,24.40,22.68,28.85,28.19,28.28,34.01,32.16,23.19,22.43,23.55,22.52,23.61,22.46,20.05,25.97,23.12,20.75,22.77,22.10,20.33,1.13,3.11,3.22,2.29,2.68,99.00,2.63,2.46,2.07,1.79,1.53,0.71,2.09,1.96,2.14,0.56,2.09,3.19,1.29,3.09,1.85,7.02,8.88,7.63,7.64,9.41,6.08,6.03,8.52,13.57,12.38,11.70,13.61,12.50,12.64,12.14,11.41,13.30,2.88,3.71,3.86],
  [2.57,13.06,12.81,23.04,30.77,8.16,21.59,19.23,21.07,11.61,11.78,9.90,8.48,9.98,10.98,8.06,9.50,9.76,12.11,9.45,10.38,8.45,26.61,26.80,29.75,26.44,24.64,30.58,29.96,30.02,35.82,33.82,24.51,23.98,25.13,24.32,24.98,24.20,21.92,27.13,24.72,22.62,24.50,23.62,22.00,2.20,2.13,1.76,1.55,0.99,2.63,99.00,1.34,0.72,1.10,1.15,3.34,0.77,1.99,2.01,3.15,1.28,2.41,3.88,1.83,4.48,6.12,8.25,6.66,7.03,8.52,5.36,5.20,7.72,15.66,14.27,13.38,15.50,13.44,14.57,14.03,13.24,15.36,5.40,4.02,6.31],
  [1.26,12.15,11.47,21.74,29.64,7.82,20.50,18.17,19.89,10.27,10.50,8.65,7.30,8.65,9.68,6.78,8.16,8.47,10.78,8.11,9.05,7.23,25.41,25.58,28.62,25.29,23.47,29.33,28.72,28.78,34.59,32.55,23.20,22.69,23.85,23.10,23.67,22.96,20.71,25.80,23.45,21.42,23.26,22.34,20.74,2.63,3.35,0.77,2.60,0.45,2.46,1.34,99.00,1.64,1.87,1.60,3.12,1.73,2.84,2.94,2.82,2.27,3.60,3.47,3.09,4.16,5.01,7.08,5.59,5.84,7.44,4.18,4.05,6.60,14.56,13.09,12.15,14.32,12.10,13.42,12.85,12.05,14.24,4.78,2.69,5.56],
  [2.70,12.68,12.97,23.03,30.52,8.87,21.31,18.93,20.89,11.76,11.75,9.82,8.32,10.08,10.97,8.02,9.60,9.74,12.19,9.53,10.44,8.32,26.44,26.63,29.50,26.21,24.44,30.46,29.83,29.90,35.68,33.73,24.53,23.91,25.06,24.18,24.97,24.07,21.74,27.19,24.64,22.45,24.38,23.57,21.90,1.49,1.73,2.26,0.97,1.45,2.07,0.72,1.64,99.00,0.38,0.54,2.76,0.09,1.30,1.36,2.61,0.64,1.97,3.35,1.51,3.90,6.62,8.71,7.18,7.48,9.04,5.81,5.67,8.22,15.40,14.08,13.26,15.31,13.54,14.37,13.84,13.07,15.11,4.91,4.17,5.87],
  [2.81,12.45,13.03,23.00,30.36,9.24,21.15,18.75,20.77,11.82,11.71,9.77,8.23,10.12,10.96,7.99,9.64,9.72,12.21,9.56,10.46,8.25,26.33,26.52,29.34,26.06,24.31,30.38,29.74,29.81,35.57,33.65,24.51,23.86,25.00,24.08,24.95,23.98,21.63,27.20,24.58,22.33,24.29,23.52,21.82,1.11,1.65,2.54,0.79,1.75,1.79,1.10,1.87,0.38,99.00,0.38,2.46,0.35,0.98,1.07,2.34,0.46,1.85,3.08,1.49,3.59,6.88,8.95,7.45,7.71,9.30,6.04,5.92,8.47,15.24,13.96,13.18,15.20,13.58,14.24,13.72,12.96,14.96,4.66,4.27,5.63],
  [2.46,12.14,12.66,22.62,30.01,9.17,20.80,18.41,20.40,11.45,11.33,9.38,7.85,9.73,10.57,7.61,9.26,9.33,11.83,9.18,10.08,7.87,25.96,26.15,28.99,25.71,23.95,30.00,29.37,29.44,35.20,33.28,24.13,23.48,24.62,23.71,24.57,23.61,21.26,26.82,24.20,21.97,23.92,23.14,21.44,1.11,2.03,2.32,1.16,1.56,1.53,1.15,1.60,0.54,0.38,99.00,2.23,0.58,1.25,1.37,2.07,0.84,2.22,2.81,1.87,3.37,6.61,8.65,7.19,7.41,9.03,5.75,5.64,8.19,14.89,13.59,12.81,14.83,13.20,13.88,13.36,12.59,14.60,4.37,3.90,5.33],
  [3.04,10.10,12.02,21.35,28.17,10.91,18.93,16.50,18.72,10.81,10.14,8.12,6.43,9.00,9.49,6.57,8.54,8.25,10.96,8.42,9.23,6.56,24.29,24.50,27.14,23.91,22.21,28.45,27.78,27.86,33.57,31.77,22.92,22.08,23.19,22.10,23.32,22.05,19.61,25.73,22.76,20.31,22.37,21.77,19.95,1.61,3.64,3.86,2.87,3.36,0.71,3.34,3.12,2.76,2.46,2.23,99.00,2.77,2.46,2.64,0.35,2.72,3.68,0.68,3.67,1.14,7.44,9.22,8.06,7.99,9.80,6.49,6.46,8.90,13.08,11.95,11.35,13.18,12.38,12.19,11.72,11.01,12.82,2.26,3.97,3.28],
  [2.79,12.72,13.05,23.11,30.58,8.93,21.37,18.98,20.95,11.85,11.83,9.90,8.39,10.16,11.05,8.10,9.68,9.82,12.27,9.61,10.52,8.40,26.51,26.70,29.55,26.27,24.50,30.53,29.90,29.97,35.74,33.80,24.61,23.99,25.13,24.25,25.05,24.14,21.81,27.28,24.72,22.52,24.45,23.65,21.97,1.46,1.64,2.35,0.88,1.53,2.09,0.77,1.73,0.09,0.35,0.58,2.77,99.00,1.23,1.28,2.63,0.56,1.88,3.38,1.42,3.91,6.71,8.80,7.27,7.57,9.13,5.90,5.76,8.31,15.46,14.14,13.33,15.38,13.63,14.43,13.90,13.14,15.17,4.94,4.26,5.90],
  [3.68,12.55,13.79,23.56,30.62,10.13,21.38,18.96,21.12,12.57,12.29,10.30,8.69,10.83,11.57,8.60,10.36,10.32,12.90,10.27,11.14,8.76,26.69,26.90,29.59,26.35,24.64,30.81,30.15,30.23,35.97,34.11,25.10,24.37,25.49,24.48,25.52,24.41,22.00,27.84,25.07,22.70,24.72,24.04,22.28,0.85,1.18,3.52,0.57,2.72,1.96,1.99,2.84,1.30,0.98,1.25,2.46,1.23,99.00,0.19,2.48,0.71,1.24,3.14,1.25,3.48,7.85,9.90,8.43,8.66,10.27,7.00,6.89,9.44,15.52,14.34,13.65,15.57,14.29,14.59,14.10,13.37,15.25,4.72,5.10,5.74],
  [3.82,12.73,13.95,23.74,30.80,10.13,21.56,19.14,21.31,12.74,12.47,10.48,8.88,11.00,11.74,8.78,10.53,10.50,13.07,10.44,11.32,8.94,26.88,27.09,29.78,26.53,24.82,30.99,30.34,30.42,36.15,34.30,25.28,24.55,25.68,24.67,25.70,24.60,22.19,28.02,25.25,22.89,24.91,24.22,22.47,1.03,1.00,3.60,0.50,2.80,2.14,2.01,2.94,1.36,1.07,1.37,2.64,1.28,0.19,99.00,2.66,0.73,1.05,3.32,1.10,3.65,7.94,10.01,8.52,8.77,10.37,7.11,6.99,9.54,15.70,14.52,13.84,15.76,14.46,14.78,14.29,13.55,15.44,4.90,5.25,5.92],
  [2.70,10.14,11.77,21.20,28.15,10.60,18.91,16.50,18.65,10.55,9.96,7.95,6.28,8.75,9.29,6.35,8.29,8.05,10.74,8.17,8.99,6.39,24.22,24.43,27.12,23.87,22.16,28.35,27.69,27.77,33.50,31.67,22.76,21.95,23.07,22.02,23.16,21.96,19.53,25.55,22.64,20.23,22.27,21.63,19.84,1.63,3.65,3.55,2.83,3.09,0.56,3.15,2.82,2.61,2.34,2.07,0.35,2.63,2.48,2.66,99.00,2.65,3.71,0.74,3.64,1.36,7.09,8.88,7.72,7.64,9.45,6.14,6.12,8.55,13.04,11.87,11.23,13.10,12.15,12.12,11.64,10.91,12.77,2.32,3.64,3.31],
  [3.26,12.79,13.49,23.45,30.75,9.42,21.52,19.12,21.18,12.28,12.16,10.21,8.65,10.57,11.41,8.44,10.10,10.17,12.67,10.02,10.92,8.69,26.74,26.94,29.72,26.45,24.71,30.80,30.16,30.23,35.99,34.08,24.96,24.30,25.43,24.50,25.40,24.41,22.04,27.66,25.02,22.75,24.71,23.96,22.25,1.20,1.19,2.90,0.34,2.09,2.09,1.28,2.27,0.64,0.46,0.84,2.72,0.56,0.71,0.73,2.65,99.00,1.39,3.37,1.05,3.83,7.26,9.35,7.83,8.11,9.68,6.44,6.31,8.86,15.63,14.37,13.61,15.61,14.04,14.65,14.13,13.38,15.35,4.96,4.72,5.96],
  [4.65,13.75,14.88,24.77,31.85,10.18,22.61,20.18,22.36,13.67,13.48,11.51,9.91,11.95,12.75,9.78,11.47,11.50,14.04,11.39,12.29,9.97,27.93,28.14,30.82,27.58,25.87,32.04,31.39,31.47,37.20,35.34,26.29,25.58,26.71,25.71,26.72,25.65,23.24,29.01,26.29,23.94,25.95,25.25,23.51,2.08,0.29,4.16,1.06,3.36,3.19,2.41,3.60,1.97,1.85,2.22,3.68,1.88,1.24,1.05,3.71,1.39,99.00,4.36,0.64,4.66,8.52,10.65,9.07,9.42,10.93,7.75,7.60,10.13,16.75,15.57,14.88,16.81,15.42,15.83,15.34,14.60,16.49,5.93,6.11,6.95],
  [3.14,9.42,11.53,20.72,27.49,11.17,18.24,15.82,18.04,10.33,9.54,7.51,5.80,8.50,8.91,6.02,8.06,7.68,10.43,7.92,8.70,5.95,23.61,23.83,26.46,23.23,21.53,27.78,27.11,27.20,32.90,31.11,22.30,21.44,22.54,21.43,22.69,21.39,18.93,25.13,22.11,19.63,21.70,21.12,19.30,2.29,4.32,4.16,3.54,3.77,1.29,3.88,3.47,3.35,3.08,2.81,0.68,3.38,3.14,3.32,0.74,3.37,4.36,99.00,4.34,0.72,7.41,9.08,8.04,7.87,9.72,6.45,6.46,8.81,12.40,11.28,10.71,12.51,11.85,11.52,11.05,10.35,12.14,1.59,3.83,2.60],
  [4.21,13.76,14.47,24.49,31.77,9.55,22.54,20.13,22.22,13.27,13.20,11.25,9.71,11.58,12.44,9.48,11.10,11.21,13.69,11.03,11.94,9.74,27.78,27.98,30.75,27.49,25.75,31.85,31.21,31.28,37.04,35.13,26.00,25.35,26.48,25.54,26.44,25.46,23.09,28.68,26.07,23.79,25.76,25.01,23.30,2.06,0.35,3.59,0.81,2.80,3.09,1.83,3.09,1.51,1.49,1.87,3.67,1.42,1.25,1.10,3.64,1.05,0.64,4.34,99.00,4.72,7.94,10.08,8.48,8.86,10.33,7.18,7.03,9.55,16.66,15.42,14.66,16.65,15.04,15.69,15.18,14.43,16.38,5.93,5.68,6.94],
  [3.86,9.10,11.88,20.79,27.26,11.89,18.02,15.57,17.92,10.68,9.70,7.67,5.92,8.85,9.12,6.31,8.42,7.92,10.70,8.27,9.00,6.12,23.49,23.71,26.24,23.03,21.38,27.71,27.02,27.12,32.79,31.06,22.39,21.45,22.54,21.34,22.76,21.33,18.83,25.27,22.10,19.52,21.64,21.15,19.27,2.67,4.66,4.87,3.94,4.45,1.85,4.48,4.16,3.90,3.59,3.37,1.14,3.91,3.48,3.65,1.36,3.83,4.66,0.72,4.72,99.00,8.10,9.73,8.73,8.53,10.38,7.14,7.15,9.48,12.22,11.21,10.74,12.43,12.13,11.43,10.99,10.32,11.98,1.36,4.50,2.38],
  [4.44,12.99,8.16,19.09,28.50,5.23,19.81,17.78,18.54,7.16,8.76,7.64,7.28,6.20,7.86,5.96,5.82,7.01,8.14,5.90,6.78,6.93,23.76,23.88,27.49,24.10,22.12,27.20,26.72,26.73,32.59,30.22,20.34,20.34,21.53,21.34,20.90,21.05,19.23,22.59,21.18,19.93,21.31,19.93,18.74,7.56,8.25,4.37,7.58,5.18,7.02,6.12,5.01,6.62,6.88,6.61,7.44,6.71,7.85,7.94,7.09,7.26,8.52,7.41,7.94,8.10,99.00,2.18,0.62,1.12,2.43,0.96,0.98,1.61,14.12,12.24,10.85,13.32,9.12,12.65,12.01,11.16,13.73,7.93,3.64,8.15],
  [6.34,13.15,6.62,17.56,27.49,6.07,19.10,17.24,17.58,5.82,8.02,7.39,7.55,5.39,7.17,6.08,5.13,6.62,6.98,5.29,5.98,7.12,22.59,22.68,26.50,23.12,21.09,25.81,25.37,25.36,31.21,28.73,18.72,18.92,20.10,20.14,19.30,19.80,18.18,20.82,19.78,18.86,20.05,18.49,17.49,9.55,10.38,6.49,9.68,7.29,8.88,8.25,7.08,8.71,8.95,8.65,9.22,8.80,9.90,10.01,8.88,9.35,10.65,9.08,10.08,9.73,2.18,99.00,1.78,1.25,0.98,2.91,3.05,0.70,13.67,11.68,10.17,12.66,7.70,12.12,11.47,10.66,13.27,9.31,5.26,9.33],
  [5.05,13.43,8.11,19.07,28.66,4.93,20.05,18.06,18.71,7.17,8.97,7.97,7.72,6.36,8.07,6.35,6.01,7.29,8.22,6.11,6.95,7.34,23.87,23.98,27.65,24.27,22.27,27.23,26.77,26.77,32.63,30.21,20.28,20.36,21.54,21.43,20.85,21.13,19.37,22.47,21.21,20.06,21.38,19.94,18.82,8.16,8.79,4.93,8.15,5.74,7.63,6.66,5.59,7.18,7.45,7.19,8.06,7.27,8.43,8.52,7.72,7.83,9.07,8.04,8.48,8.73,0.62,1.78,99.00,1.07,1.85,1.58,1.60,1.12,14.42,12.50,11.08,13.56,9.11,12.93,12.28,11.44,14.03,8.54,4.26,8.74],
  [5.09,12.55,7.08,18.03,27.59,5.97,19.01,17.04,17.64,6.12,7.91,6.98,6.86,5.30,7.02,5.45,4.95,6.28,7.15,5.07,5.89,6.46,22.80,22.91,26.59,23.20,21.20,26.18,25.71,25.71,31.57,29.17,19.26,19.31,20.49,20.37,19.82,20.06,18.30,21.48,20.15,19.00,20.32,18.89,17.75,8.30,9.15,5.27,8.44,6.06,7.64,7.03,5.84,7.48,7.71,7.41,7.99,7.57,8.66,8.77,7.64,8.11,9.42,7.87,8.86,8.53,1.12,1.25,1.07,99.00,1.89,1.68,1.84,0.99,13.41,11.48,10.03,12.52,8.06,11.90,11.25,10.42,13.01,8.17,4.04,8.26],
  [6.83,14.13,7.39,18.27,28.35,5.30,20.03,18.20,18.46,6.66,8.97,8.37,8.50,6.34,8.12,7.05,6.10,7.59,7.86,6.26,6.93,8.08,23.42,23.50,27.36,23.99,21.96,26.55,26.14,26.12,31.96,29.43,19.38,19.67,20.85,20.97,19.98,20.61,19.05,21.38,20.54,19.73,20.85,19.23,18.30,9.99,10.65,6.78,10.00,7.59,9.41,8.52,7.44,9.04,9.30,9.03,9.80,9.13,10.27,10.37,9.45,9.68,10.93,9.72,10.33,10.38,2.43,0.98,1.85,1.89,99.00,3.33,3.40,0.91,14.64,12.64,11.11,13.60,8.50,13.08,12.43,11.62,14.23,10.06,5.89,10.14],
  [3.51,12.30,8.25,19.10,28.21,5.85,19.41,17.31,18.26,7.17,8.46,7.16,6.61,6.00,7.55,5.38,5.57,6.60,8.04,5.63,6.55,6.29,23.56,23.69,27.19,23.81,21.85,27.11,26.60,26.62,32.48,30.18,20.40,20.28,21.46,21.15,20.94,20.89,18.97,22.75,21.10,19.68,21.16,19.88,18.60,6.67,7.48,3.59,6.77,4.39,6.08,5.36,4.18,5.81,6.04,5.75,6.49,5.90,7.00,7.11,6.14,6.44,7.75,6.45,7.18,7.14,0.96,2.91,1.58,1.68,3.33,99.00,0.26,2.45,13.64,11.81,10.49,12.93,9.13,12.21,11.57,10.73,13.26,6.98,2.69,7.23],
  [3.45,12.49,8.50,19.35,28.46,5.66,19.65,17.55,18.51,7.43,8.71,7.40,6.82,6.26,7.81,5.60,5.83,6.84,8.30,5.88,6.81,6.51,23.81,23.95,27.44,24.06,22.10,27.37,26.86,26.88,32.74,30.44,20.66,20.54,21.72,21.41,21.20,21.15,19.23,23.00,21.36,19.93,21.42,20.14,18.85,6.59,7.33,3.44,6.64,4.25,6.03,5.20,4.05,5.67,5.92,5.64,6.46,5.76,6.89,6.99,6.12,6.31,7.60,6.46,7.03,7.15,0.98,3.05,1.60,1.84,3.40,0.26,99.00,2.55,13.87,12.05,10.74,13.18,9.39,12.45,11.81,10.97,13.49,7.03,2.74,7.32],
  [5.95,13.42,7.28,18.24,28.07,5.45,19.62,17.71,18.15,6.44,8.52,7.75,7.76,5.88,7.64,6.32,5.58,7.01,7.57,5.72,6.47,7.35,23.21,23.30,27.08,23.70,21.68,26.46,26.02,26.01,31.86,29.40,19.41,19.58,20.76,20.76,19.99,20.43,18.77,21.52,20.44,19.46,20.68,19.15,18.12,9.13,9.85,5.97,9.18,6.78,8.52,7.72,6.60,8.22,8.47,8.19,8.90,8.31,9.44,9.54,8.55,8.86,10.13,8.81,9.55,9.48,1.61,0.70,1.12,0.99,0.91,2.45,2.55,99.00,14.11,12.15,10.66,13.15,8.34,12.58,11.93,11.10,13.71,9.16,4.98,9.25],
  [13.37,3.87,8.69,10.03,15.12,19.34,5.94,3.68,5.80,8.59,5.73,6.48,7.32,8.31,6.53,8.29,8.54,7.13,7.33,8.39,7.73,7.50,11.32,11.56,14.10,10.83,9.16,15.68,14.94,15.05,20.61,19.08,11.74,10.06,10.99,9.31,11.89,9.41,6.74,14.91,10.52,7.40,9.74,9.89,7.68,14.67,16.68,14.79,15.85,15.01,13.57,15.66,14.56,15.40,15.24,14.89,13.08,15.46,15.52,15.70,13.04,15.63,16.75,12.40,16.66,12.22,14.12,13.67,14.42,13.41,14.64,13.64,13.87,14.11,99.00,2.05,3.66,1.67,7.68,1.60,2.23,3.02,0.41,10.87,12.30,9.84],
  [11.87,4.28,6.68,9.94,16.58,17.44,7.60,5.57,6.81,6.55,3.70,4.67,5.79,6.30,4.52,6.55,6.56,5.23,5.29,6.42,5.72,5.88,12.37,12.57,15.56,12.21,10.38,16.50,15.83,15.91,21.63,19.84,11.63,10.34,11.39,10.15,11.89,10.11,7.67,14.72,10.94,8.38,10.43,10.08,8.08,13.50,15.48,13.25,14.62,13.55,12.38,14.27,13.09,14.08,13.96,13.59,11.95,14.14,14.34,14.52,11.87,14.37,15.57,11.28,15.42,11.21,12.24,11.68,12.50,11.48,12.64,11.81,12.05,12.15,2.05,99.00,1.62,1.24,5.73,0.45,0.24,1.08,1.64,9.85,10.70,8.85],
  [10.90,5.26,5.10,10.06,17.74,16.01,8.98,7.09,7.82,4.93,2.14,3.51,4.96,4.78,3.02,5.42,5.08,3.90,3.68,4.96,4.19,4.94,13.27,13.44,16.72,13.34,11.42,17.20,16.58,16.64,22.44,20.47,11.69,10.73,11.84,10.95,12.04,10.82,8.60,14.66,11.42,9.31,11.12,10.42,8.64,12.83,14.76,12.23,13.88,12.60,11.70,13.38,12.15,13.26,13.18,12.81,11.35,13.33,13.65,13.84,11.23,13.61,14.88,10.71,14.66,10.74,10.85,10.17,11.08,10.03,11.11,10.49,10.74,10.66,3.66,1.62,99.00,2.49,4.20,2.06,1.46,0.98,3.25,9.40,9.63,8.45],
  [13.09,5.00,7.23,8.91,15.37,18.49,6.49,4.63,5.58,7.28,4.63,5.83,7.02,7.27,5.51,7.74,7.58,6.34,6.00,7.45,6.68,7.10,11.13,11.33,14.35,11.00,9.15,15.28,14.60,14.69,20.40,18.63,10.62,9.20,10.23,8.92,10.84,8.90,6.44,13.74,9.77,7.14,9.21,8.97,6.91,14.73,16.71,14.47,15.86,14.77,13.61,15.50,14.32,15.31,15.20,14.83,13.18,15.38,15.57,15.76,13.10,15.61,16.81,12.51,16.65,12.43,13.32,12.66,13.56,12.52,13.60,12.93,13.18,13.15,1.67,1.24,2.49,99.00,6.17,1.03,1.47,2.28,1.38,11.07,11.90,10.07],
  [10.88,9.26,1.17,9.98,19.92,13.77,12.07,10.67,10.14,1.96,3.01,4.72,6.44,3.47,3.16,5.83,3.95,4.25,1.43,4.02,3.16,6.12,14.92,15.00,18.94,15.59,13.54,18.12,17.67,17.67,23.52,21.11,11.28,11.25,12.43,12.47,11.81,12.11,10.64,13.72,12.10,11.30,12.35,10.83,9.80,13.58,15.23,11.91,14.36,12.50,12.50,13.44,12.10,13.54,13.58,13.20,12.38,13.63,14.29,14.46,12.15,14.04,15.42,11.85,15.04,12.13,9.12,7.70,9.11,8.06,8.50,9.13,9.39,8.34,7.68,5.73,4.20,6.17,99.00,6.14,5.62,5.13,7.29,10.96,9.41,10.25],
  [12.20,4.12,7.12,9.91,16.24,17.86,7.21,5.14,6.53,6.99,4.14,5.06,6.11,6.75,4.96,6.93,7.00,5.65,5.74,6.86,6.16,6.23,12.10,12.31,15.21,11.88,10.07,16.28,15.60,15.69,21.38,19.64,11.61,10.23,11.25,9.92,11.84,9.91,7.41,14.72,10.80,8.11,10.23,9.99,7.93,13.75,15.74,13.59,14.89,13.87,12.64,14.57,13.42,14.37,14.24,13.88,12.19,14.43,14.59,14.78,12.12,14.65,15.83,11.52,15.69,11.43,12.65,12.12,12.93,11.90,13.08,12.21,12.45,12.58,1.60,0.45,2.06,1.03,6.14,99.00,0.65,1.49,1.19,10.07,11.05,9.06],
  [11.63,4.21,6.55,10.12,16.82,17.21,7.84,5.79,7.05,6.38,3.50,4.43,5.55,6.10,4.31,6.31,6.35,5.00,5.13,6.20,5.51,5.64,12.60,12.80,15.80,12.45,10.62,16.73,16.06,16.14,21.86,20.07,11.80,10.54,11.60,10.38,12.07,10.34,7.91,14.88,11.15,8.61,10.65,10.28,8.30,13.27,15.24,13.01,14.38,13.31,12.14,14.03,12.85,13.84,13.72,13.36,11.72,13.90,14.10,14.29,11.64,14.13,15.34,11.05,15.18,10.99,12.01,11.47,12.28,11.25,12.43,11.57,11.81,11.93,2.23,0.24,1.46,1.47,5.62,0.65,99.00,0.85,1.82,9.63,10.46,8.63],
  [10.82,4.28,5.98,10.61,17.65,16.37,8.68,6.62,7.84,5.70,2.74,3.58,4.76,5.29,3.51,5.47,5.53,4.15,4.49,5.38,4.72,4.83,13.37,13.56,16.62,13.27,11.42,17.44,16.79,16.86,22.61,20.76,12.27,11.14,12.22,11.12,12.58,11.05,8.68,15.30,11.78,9.38,11.36,10.86,8.95,12.54,14.50,12.19,13.64,12.50,11.41,13.24,12.05,13.07,12.96,12.59,11.01,13.14,13.37,13.55,10.91,13.38,14.60,10.35,14.43,10.32,11.16,10.66,11.44,10.42,11.62,10.73,10.97,11.10,3.02,1.08,0.98,2.28,5.13,1.49,0.85,99.00,2.61,8.96,9.63,7.98],
  [13.05,3.85,8.29,9.99,15.42,18.95,6.26,4.06,5.97,8.18,5.32,6.10,6.98,7.90,6.12,7.92,8.14,6.74,6.92,7.99,7.32,7.15,11.52,11.75,14.39,11.10,9.40,15.84,15.11,15.22,20.82,19.23,11.70,10.10,11.05,9.46,11.88,9.53,6.90,14.86,10.59,7.58,9.86,9.91,7.73,14.41,16.42,14.46,15.58,14.69,13.30,15.36,14.24,15.11,14.96,14.60,12.82,15.17,15.25,15.44,12.77,15.35,16.49,12.14,16.38,11.98,13.73,13.27,14.03,13.01,14.23,13.26,13.49,13.71,0.41,1.64,3.25,1.38,7.29,1.19,1.82,2.61,99.00,10.63,11.96,9.60],
  [4.12,7.83,10.78,19.46,25.93,12.17,16.69,14.26,16.57,9.61,8.43,6.41,4.64,7.77,7.90,5.19,7.37,6.72,9.53,7.21,7.88,4.88,22.13,22.35,24.91,21.69,20.03,26.35,25.66,25.76,31.43,29.70,21.06,20.09,21.18,19.98,21.43,19.97,17.47,23.96,20.75,18.16,20.28,19.80,17.91,3.87,5.90,5.38,5.13,5.14,2.88,5.40,4.78,4.91,4.66,4.37,2.26,4.94,4.72,4.90,2.32,4.96,5.93,1.59,5.93,1.36,7.93,9.31,8.54,8.17,10.06,6.98,7.03,9.16,10.87,9.85,9.40,11.07,10.96,10.07,9.63,8.96,10.63,99.00,4.29,1.03],
  [1.47,10.35,8.80,19.07,27.27,8.10,18.22,15.97,17.43,7.60,7.88,6.12,4.99,5.96,7.04,4.21,5.48,5.85,8.09,5.43,6.36,4.82,22.91,23.07,26.25,22.90,21.03,26.74,26.16,26.21,32.04,29.94,20.52,20.06,21.23,20.57,21.00,20.40,18.23,23.11,20.83,18.94,20.69,19.70,18.16,4.55,5.89,2.61,5.05,3.10,3.71,4.02,2.69,4.17,4.27,3.90,3.97,4.26,5.10,5.25,3.64,4.72,6.11,3.83,5.68,4.50,3.64,5.26,4.26,4.04,5.89,2.69,2.74,4.98,12.30,10.70,9.63,11.90,9.41,11.05,10.46,9.63,11.96,4.29,99.00,4.62],
  [4.75,6.83,10.15,18.52,24.91,12.67,15.66,13.23,15.54,9.01,7.60,5.60,3.83,7.19,7.13,4.60,6.82,6.00,8.82,6.64,7.23,4.13,21.11,21.33,23.88,20.66,19.00,25.34,24.65,24.74,30.41,28.69,20.13,19.12,20.20,18.97,20.49,18.96,16.45,23.06,19.76,17.14,19.28,18.83,16.92,4.89,6.92,6.10,6.13,5.96,3.86,6.31,5.56,5.87,5.63,5.33,3.28,5.90,5.74,5.92,3.31,5.96,6.95,2.60,6.94,2.38,8.15,9.33,8.74,8.26,10.14,7.23,7.32,9.25,9.84,8.85,8.45,10.07,10.25,9.06,8.63,7.98,9.60,1.03,4.62,99.00]
];
