// Chosen Depots: [1, 2, 3, 4, 5, 6]
// Chosen Demand Points (Original DP No): [1, 2, 6, 7, 10, 12, 15, 16, 17, 19, 20, 21, 22, 23, 24, 25, 28, 29, 30, 31, 34, 35, 37, 38, 39, 42, 43, 44, 45, 48, 49, 50, 51, 54, 55, 57, 61, 62, 63, 64, 65, 71, 72, 74, 75, 76, 77, 78, 79, 82, 83, 84, 85, 87, 88, 91, 92, 96, 100, 101, 102, 103, 104, 105, 106, 108, 109, 110, 111, 112, 114, 115, 116, 119, 120, 122, 123, 124, 126, 127, 128, 131, 135, 139, 140, 142, 145, 148, 149, 151, 155, 156, 157, 158, 159, 160, 163, 166, 167, 168]
// Original Weights: [9, 9, 9, 8, 4, 6, 7, 4, 5, 5, 6, 6, 6, 6, 5, 5, 5, 5, 5, 6, 7, 10, 9, 8, 10, 7, 7, 7, 8, 6, 8, 3, 6, 4, 5, 5, 7, 4, 5, 6, 7, 7, 7, 2, 2, 5, 6, 5, 4, 6, 5, 6, 6, 7, 6, 6, 5, 7, 7, 7, 6, 7, 7, 6, 7, 7, 7, 7, 7, 7, 7, 7, 7, 8, 7, 8, 6, 3, 3, 3, 2, 2, 4, 4, 4, 8, 7, 6, 6, 8, 5, 7, 7, 8, 7, 6, 8, 6, 9, 5]

|W| = 6;
|D| = 100;
V = 54;
C = 3;
|K| = 2;
M = 100;
S = 0.25;
|TR| = 15;
δmax = 18.3;
Runtime = 50;

// Priority weights for selected demand points
pj = [
  9, 9, 9, 8, 4, 6, 7, 4, 5, 5, 6, 6, 6, 6, 5, 5, 5, 5, 5, 6, 7, 10, 9, 8, 10, 7, 7, 7, 8, 6, 8, 3, 6, 4, 5, 5, 7, 4, 5, 6, 7, 7, 7, 2, 2, 5, 6, 5, 4, 6, 5, 6, 6, 7, 6, 6, 5, 7, 7, 7, 6, 7, 7, 6, 7, 7, 7, 7, 7, 7, 7, 7, 7, 8, 7, 8, 6, 3, 3, 3, 2, 2, 4, 4, 4, 8, 7, 6, 6, 8, 5, 7, 7, 8, 7, 6, 8, 6, 9, 5
];

δij =
[
  [99.00,99.00,99.00,99.00,99.00,99.00,19.31,19.21,18.10,18.65,9.07,9.16,6.09,7.41,6.15,8.42,5.52,8.30,6.76,7.04,6.93,7.21,6.17,6.88,7.81,6.00,24.34,27.41,24.08,22.24,24.73,27.47,27.53,33.34,34.53,28.60,33.29,24.83,21.14,21.94,23.83,19.52,23.45,20.86,21.04,24.33,21.85,19.47,23.28,24.56,25.41,22.19,23.33,22.64,20.72,22.00,21.08,22.32,19.49,3.22,1.64,1.03,1.44,4.53,2.70,2.39,1.23,2.57,2.81,0.36,2.46,4.35,3.63,4.20,2.79,3.68,3.82,4.28,2.70,3.14,4.21,3.86,2.62,4.44,5.05,5.09,7.10,5.42,3.45,12.27,11.81,11.71,11.87,10.90,13.24,10.58,12.30,12.20,11.63,12.31,10.82,13.61,4.12,1.30,5.18,1.47],
  [99.00,99.00,99.00,99.00,99.00,99.00,9.07,8.93,8.14,9.55,9.37,6.12,5.71,8.33,8.33,6.83,7.11,5.99,6.36,6.19,8.35,6.74,7.46,8.14,7.88,6.09,15.21,17.27,14.17,12.71,14.44,18.64,18.77,24.20,25.19,19.93,23.93,18.64,12.74,15.55,15.99,12.63,14.85,14.68,13.35,16.01,13.08,10.51,14.62,18.71,19.18,14.39,15.04,15.19,13.85,13.56,13.75,14.27,11.55,11.71,11.70,11.79,12.55,13.77,12.68,11.24,11.52,12.24,12.45,11.16,12.14,13.23,13.40,13.45,12.72,12.55,12.73,13.17,10.14,9.42,13.76,9.10,12.84,12.99,13.43,12.55,13.25,13.72,12.49,8.88,9.48,2.64,4.28,5.26,6.76,3.07,7.87,4.12,4.21,3.71,4.28,7.56,7.83,9.95,7.40,10.35],
  [99.00,99.00,99.00,99.00,99.00,99.00,13.23,13.22,11.91,11.31,1.22,3.84,6.45,3.03,4.25,3.36,5.60,4.22,4.96,4.86,3.48,4.22,4.64,3.61,2.93,6.07,16.13,20.10,16.76,14.70,17.92,18.75,18.74,24.59,25.90,19.69,24.73,14.86,12.68,12.19,14.67,10.25,14.88,11.10,12.08,15.46,13.61,11.81,14.77,14.51,15.43,13.16,14.53,13.36,11.30,13.46,11.87,13.45,10.93,13.12,11.85,11.29,11.22,14.78,12.97,12.25,11.45,12.78,13.03,10.60,12.66,14.52,13.90,14.44,13.05,13.79,13.95,14.45,11.77,11.53,14.47,11.88,12.89,8.16,8.11,7.08,6.09,8.13,8.50,2.94,1.98,8.06,6.68,5.10,5.79,7.01,3.80,7.12,6.55,7.61,5.98,5.54,10.78,10.16,11.45,8.80],
  [99.00,99.00,99.00,99.00,99.00,99.00,8.44,8.59,7.92,5.74,11.94,11.41,14.92,13.21,14.42,12.06,15.01,12.30,13.83,13.57,13.68,13.29,14.31,13.69,12.74,14.81,6.38,10.97,8.28,6.55,9.90,8.10,8.03,13.76,15.11,8.86,14.02,4.80,3.60,1.71,3.82,1.22,4.79,1.08,2.10,4.86,4.55,5.14,4.82,4.89,5.35,2.66,4.14,2.47,0.46,3.85,1.37,3.17,3.00,22.77,21.87,21.49,21.66,24.71,23.03,21.99,21.51,22.74,23.00,20.75,22.62,24.32,23.95,24.35,23.11,23.56,23.74,24.25,21.20,20.72,24.49,20.79,23.03,19.09,19.07,18.03,16.97,19.10,19.35,8.32,9.03,11.29,9.94,10.06,7.66,11.56,8.18,9.91,10.12,10.21,10.61,7.07,19.46,19.98,19.65,19.07],
  [99.00,99.00,99.00,99.00,99.00,99.00,9.24,9.37,10.36,9.95,21.69,19.71,22.35,22.30,23.24,20.66,23.11,20.44,21.87,21.59,22.68,21.64,22.76,22.60,21.72,22.46,5.36,1.03,4.40,6.39,3.85,5.32,5.59,7.22,7.69,6.08,6.52,12.40,8.64,11.89,8.51,11.69,6.95,12.45,9.78,7.23,7.62,9.30,6.92,13.14,12.41,9.10,7.66,9.64,11.28,8.04,10.39,8.57,10.31,29.77,29.43,29.31,29.83,31.85,30.52,29.18,29.16,30.12,30.36,28.59,30.01,31.34,31.34,31.51,30.58,30.62,30.80,31.27,28.15,27.49,31.77,27.26,30.62,28.50,28.66,27.59,27.08,28.79,28.46,18.13,19.13,16.83,16.58,17.74,15.71,17.87,17.39,16.24,16.82,16.13,17.65,15.67,25.93,27.53,25.64,27.27],
  [99.00,99.00,99.00,99.00,99.00,99.00,24.98,24.93,23.67,23.59,11.89,13.99,12.46,11.27,10.49,12.99,11.18,13.40,12.23,12.49,10.93,12.22,11.16,11.04,11.86,12.13,28.75,32.52,29.14,27.13,30.13,31.43,31.42,37.25,38.57,32.36,37.41,27.05,25.31,24.66,27.32,22.91,27.54,23.59,24.75,28.13,26.21,24.22,27.42,26.58,27.59,25.83,27.20,25.99,23.92,26.11,24.53,26.12,23.56,10.29,8.79,8.11,7.06,9.99,8.87,9.81,8.61,9.19,9.24,8.27,9.17,10.32,9.20,9.89,8.93,10.13,10.13,10.28,10.60,11.17,9.55,11.89,8.56,5.23,4.93,5.97,6.60,4.75,5.66,15.55,14.66,17.92,17.44,16.01,17.83,16.65,16.16,17.86,17.21,18.15,16.37,17.85,12.17,9.35,13.25,8.10],
  [19.31,9.07,13.23,8.44,9.24,24.98,99.00,0.19,1.32,2.81,13.53,10.99,13.24,13.74,14.51,11.99,14.14,11.62,12.94,12.66,14.06,12.82,13.92,13.94,13.14,13.40,6.57,8.22,5.11,3.94,5.45,9.99,10.18,15.25,16.18,11.34,14.91,12.42,5.42,9.85,8.54,7.46,6.76,9.52,6.77,8.04,5.14,3.30,6.50,12.81,12.83,7.35,7.26,8.36,8.15,5.92,7.52,6.95,5.45,20.53,20.24,20.16,20.72,22.61,21.31,19.96,19.99,20.91,21.15,19.45,20.80,22.09,22.12,22.27,21.37,21.38,21.56,22.03,18.91,18.24,22.54,18.02,21.43,19.81,20.05,19.01,18.83,20.23,19.65,10.45,11.50,7.62,7.60,8.98,7.44,8.73,9.44,7.21,7.84,7.02,8.68,7.73,16.69,18.35,16.40,18.22],
  [19.21,8.93,13.22,8.59,9.37,24.93,0.19,99.00,1.31,2.94,13.51,10.94,13.15,13.70,14.45,11.94,14.06,11.56,12.87,12.59,14.01,12.75,13.86,13.89,13.10,13.32,6.75,8.35,5.27,4.12,5.56,10.17,10.36,15.41,16.34,11.52,15.07,12.60,5.60,10.02,8.72,7.60,6.95,9.67,6.94,8.22,5.32,3.46,6.69,12.98,13.01,7.52,7.45,8.53,8.31,6.10,7.68,7.13,5.60,20.41,20.14,20.06,20.63,22.49,21.20,19.85,19.88,20.80,21.03,19.35,20.69,21.97,22.01,22.16,21.26,21.26,21.45,21.91,18.79,18.13,22.43,17.89,21.32,19.76,20.00,18.96,18.80,20.18,19.58,10.47,11.52,7.52,7.53,8.93,7.43,8.64,9.44,7.14,7.77,6.94,8.62,7.74,16.57,18.25,16.27,18.13],
  [18.10,8.14,11.91,7.92,10.36,23.67,1.32,1.31,99.00,2.19,12.21,9.68,12.02,12.42,13.20,10.68,12.87,10.32,11.67,11.39,12.75,11.52,12.63,12.63,11.83,12.16,7.15,9.34,6.09,4.58,6.63,10.59,10.75,16.06,17.06,11.92,15.79,12.20,5.33,9.45,8.61,6.83,7.05,8.98,6.49,8.30,5.31,2.99,6.79,12.52,12.65,7.24,7.42,8.22,7.69,5.98,7.17,6.93,4.94,19.42,19.07,18.97,19.51,21.50,20.16,18.82,18.81,19.76,20.00,18.25,19.65,20.99,20.98,21.16,20.22,20.27,20.45,20.92,17.79,17.14,21.41,16.94,20.26,18.51,18.75,17.70,17.51,18.92,18.36,9.16,10.21,6.46,6.32,7.67,6.12,7.52,8.13,5.94,6.56,5.79,7.41,6.43,15.60,17.17,15.37,16.98],
  [18.65,9.55,11.31,5.74,9.95,23.59,2.81,2.94,2.19,99.00,11.81,9.76,12.59,12.35,13.29,10.71,13.23,10.52,11.99,11.70,12.73,11.71,12.84,12.65,11.77,12.66,5.79,8.95,5.56,3.60,6.61,9.14,9.26,14.86,15.97,10.41,14.71,10.04,3.30,7.26,6.61,4.69,5.30,6.81,4.32,6.48,3.53,0.96,5.07,10.34,10.50,5.14,5.53,6.09,5.50,4.05,4.98,4.89,2.75,20.28,19.77,19.58,20.02,22.34,20.89,19.62,19.47,20.52,20.77,18.84,20.40,21.87,21.75,21.99,20.95,21.12,21.31,21.80,18.65,18.04,22.22,17.92,20.96,18.54,18.71,17.64,17.21,18.85,18.51,8.41,9.44,7.45,6.81,7.82,5.76,8.28,7.54,6.53,7.05,6.56,7.84,5.79,16.57,17.84,16.46,17.43],
  [9.07,9.37,1.22,11.94,21.69,11.89,13.53,13.51,12.21,11.81,99.00,3.29,5.38,1.84,3.03,2.56,4.43,3.43,3.90,3.85,2.27,3.18,3.47,2.41,1.83,4.98,16.86,20.70,17.33,15.29,18.41,19.60,19.60,25.46,26.75,20.58,25.57,15.96,13.43,13.23,15.58,11.16,15.67,12.13,12.93,16.31,14.32,12.39,15.55,15.63,16.53,14.03,15.36,14.29,12.25,14.24,12.78,14.29,11.68,11.90,10.64,10.09,10.04,13.57,11.76,11.04,10.24,11.56,11.82,9.39,11.45,13.31,12.69,13.22,11.85,12.57,12.74,13.23,10.55,10.33,13.27,10.68,11.68,7.16,7.17,6.12,5.40,7.24,7.43,3.69,2.91,7.73,6.55,4.93,6.12,6.59,4.29,6.99,6.38,7.44,5.70,6.02,9.61,8.94,10.31,7.60],
  [9.16,6.12,3.84,11.41,19.71,13.99,10.99,10.94,9.68,9.76,3.29,99.00,3.59,2.79,3.54,1.01,3.64,0.89,2.42,2.15,3.07,1.98,3.09,2.95,2.20,3.41,15.29,18.69,15.31,13.36,16.19,18.34,18.39,24.22,25.44,19.46,24.21,15.95,12.02,12.95,14.67,10.40,14.33,11.89,11.89,15.18,12.77,10.50,14.16,15.77,16.52,13.03,14.18,13.51,11.62,12.87,11.93,13.17,10.34,11.36,10.48,10.15,10.43,13.29,11.64,10.58,10.13,11.33,11.60,9.40,11.21,12.91,12.56,12.94,11.71,12.15,12.33,12.84,9.80,9.37,13.08,9.51,11.65,8.84,9.06,8.02,8.00,9.24,8.75,3.70,3.84,4.48,3.52,2.02,4.12,3.30,3.30,3.96,3.31,4.34,2.53,4.45,8.22,8.57,8.62,7.82],
  [6.09,5.71,6.45,14.92,22.35,12.46,13.24,13.15,12.02,12.59,5.38,3.59,99.00,3.67,3.03,3.30,1.48,2.72,1.49,1.62,3.42,2.23,2.17,3.21,3.55,0.46,18.32,21.32,17.99,16.17,18.65,21.51,21.58,27.35,28.52,22.68,27.27,19.51,15.20,16.50,18.03,13.87,17.50,15.45,15.24,18.44,15.86,13.43,17.32,19.35,20.09,16.38,17.43,16.92,15.10,16.06,15.35,16.46,13.60,7.88,7.19,6.99,7.49,9.87,8.32,7.14,6.88,7.97,8.23,6.26,7.85,9.45,9.21,9.52,8.39,8.69,8.88,9.38,6.28,5.80,9.71,5.92,8.38,7.28,7.72,6.86,7.75,8.01,6.82,7.24,7.18,5.70,5.79,4.96,7.38,4.51,6.89,6.11,5.55,6.23,4.76,7.87,4.64,5.25,5.11,4.99],
  [7.41,8.33,3.03,13.21,22.30,11.27,13.74,13.70,12.42,12.35,1.84,2.79,3.67,99.00,1.26,1.79,2.60,2.43,2.25,2.29,0.48,1.64,1.64,0.58,0.60,3.23,17.70,21.30,17.91,15.92,18.86,20.60,20.63,26.49,27.74,21.65,26.54,17.44,14.33,14.61,16.73,12.33,16.62,13.51,14.00,17.36,15.16,13.03,16.47,17.16,18.02,15.13,16.38,15.48,13.49,15.17,13.93,15.33,12.60,10.13,8.94,8.44,8.49,11.86,10.08,9.28,8.55,9.85,10.12,7.72,9.73,11.57,11.01,11.51,10.16,10.83,11.00,11.50,8.75,8.50,11.58,8.85,10.02,6.20,6.36,5.30,5.22,6.51,6.26,4.91,4.39,7.15,6.30,4.78,6.60,5.89,5.15,6.75,6.10,7.11,5.29,6.72,7.77,7.18,8.48,5.96],
  [6.15,8.33,4.25,14.42,23.24,10.49,14.51,14.45,13.20,13.29,3.03,3.54,3.03,1.26,99.00,2.58,1.66,2.90,1.97,2.15,0.79,1.74,0.88,0.73,1.68,2.56,18.74,22.23,18.84,16.88,19.73,21.71,21.74,27.59,28.84,22.78,27.62,18.69,15.41,15.84,17.89,13.51,17.71,14.74,15.14,18.49,16.21,14.01,17.56,18.41,19.27,16.28,17.50,16.66,14.68,16.25,15.10,16.46,13.69,8.88,7.67,7.18,7.25,10.60,8.81,8.02,7.28,8.59,8.85,6.46,8.47,10.31,9.75,10.25,8.90,9.57,9.74,10.24,7.52,7.30,10.31,7.68,8.76,5.31,5.56,4.54,4.93,5.77,5.22,6.14,5.66,7.53,6.94,5.54,7.58,6.25,6.30,7.37,6.72,7.67,5.88,7.78,6.67,5.93,7.46,4.70],
  [8.42,6.83,3.36,12.06,20.66,12.99,11.99,11.94,10.68,10.71,2.56,1.01,3.30,1.79,2.58,99.00,2.97,0.87,1.89,1.69,2.07,1.24,2.26,1.96,1.20,3.02,16.17,19.65,16.26,14.30,17.17,19.17,19.21,25.06,26.29,20.27,25.07,16.49,12.86,13.55,15.42,11.10,15.17,12.48,12.66,15.98,13.64,11.42,15.01,16.28,17.07,13.80,14.99,14.23,12.30,13.71,12.66,13.96,11.16,10.80,9.82,9.43,9.65,12.68,10.97,9.99,9.45,10.69,10.96,8.68,10.57,12.32,11.90,12.32,11.05,11.57,11.74,12.25,9.29,8.91,12.44,9.12,10.97,7.86,8.07,7.02,7.00,8.24,7.81,4.01,3.87,5.41,4.52,3.02,5.00,4.18,3.88,4.96,4.31,5.33,3.51,5.25,7.90,7.94,8.41,7.04],
  [5.52,7.11,5.60,15.01,23.11,11.18,14.14,14.06,12.87,13.23,4.43,3.64,1.48,2.60,1.66,2.97,99.00,2.77,1.25,1.53,2.23,1.73,0.96,2.05,2.70,1.04,18.86,22.09,18.72,16.83,19.49,21.96,22.01,27.83,29.03,23.08,27.80,19.46,15.63,16.52,18.31,14.02,17.94,15.44,15.52,18.81,16.36,14.02,17.77,19.24,20.04,16.67,17.81,17.14,15.23,16.49,15.57,16.80,13.97,7.84,6.86,6.51,6.82,9.71,8.02,7.02,6.50,7.73,7.99,5.76,7.61,9.36,8.94,9.36,8.10,8.60,8.78,9.28,6.35,6.02,9.48,6.31,8.02,5.96,6.35,5.45,6.28,6.62,5.60,6.95,6.68,6.77,6.55,5.42,7.73,5.52,6.84,6.93,6.31,7.13,5.47,8.09,5.19,4.97,5.89,4.21],
  [8.30,5.99,4.22,12.30,20.44,13.40,11.62,11.56,10.32,10.52,3.43,0.89,2.72,2.43,2.90,0.87,2.77,99.00,1.54,1.27,2.59,1.20,2.32,2.42,1.91,2.53,16.10,19.43,16.05,14.13,16.88,19.18,19.24,25.06,26.27,20.31,25.04,16.83,12.86,13.84,15.54,11.28,15.17,12.78,12.76,16.03,13.59,11.29,15.00,16.65,17.41,13.90,15.03,14.39,12.51,13.71,12.81,14.03,11.19,10.47,9.60,9.28,9.59,12.41,10.76,9.69,9.26,10.45,10.71,8.53,10.33,12.02,11.67,12.05,10.83,11.26,11.44,11.95,8.92,8.48,12.20,8.64,10.77,8.20,8.46,7.44,7.62,8.67,8.04,4.52,4.54,4.73,4.04,2.71,4.95,3.46,4.19,4.47,3.81,4.78,2.98,5.32,7.36,7.69,7.80,6.98],
  [6.76,6.36,4.96,13.83,21.87,12.23,12.94,12.87,11.67,11.99,3.90,2.42,1.49,2.25,1.97,1.89,1.25,1.54,99.00,0.29,2.10,0.74,1.12,1.89,2.07,1.14,17.61,20.85,17.49,15.59,18.27,20.71,20.77,26.59,27.78,21.84,26.55,18.33,14.38,15.36,17.08,12.82,16.70,14.29,14.30,17.57,15.11,12.77,16.52,18.13,18.91,15.44,16.57,15.92,14.04,15.24,14.35,15.57,12.73,8.96,8.06,7.74,8.07,10.88,9.22,8.17,7.71,8.91,9.18,6.99,8.79,10.50,10.14,10.52,9.29,9.74,9.92,10.43,7.43,7.03,10.66,7.23,9.23,7.00,7.33,6.37,6.90,7.58,6.73,5.90,5.75,5.69,5.34,4.17,6.48,4.42,5.68,5.73,5.10,5.97,4.26,6.86,6.01,6.15,6.56,5.46],
  [7.04,6.19,4.86,13.57,21.59,12.49,12.66,12.59,11.39,11.70,3.85,2.15,1.62,2.29,2.15,1.69,1.53,1.27,0.29,99.00,2.19,0.67,1.34,1.98,2.03,1.33,17.33,20.57,17.20,15.30,17.99,20.43,20.48,26.30,27.50,21.56,26.27,18.08,14.10,15.10,16.81,12.55,16.41,14.03,14.02,17.29,14.82,12.49,16.24,17.88,18.66,15.16,16.29,15.65,13.77,14.96,14.08,15.29,12.45,9.21,8.33,8.02,8.35,11.14,9.49,8.43,7.99,9.18,9.44,7.27,9.06,10.76,10.40,10.79,9.57,10.00,10.18,10.69,7.67,7.26,10.93,7.44,9.51,7.25,7.58,6.60,7.08,7.82,7.00,5.68,5.57,5.44,5.06,3.89,6.20,4.16,5.43,5.46,4.82,5.70,3.98,6.59,6.21,6.42,6.72,5.75],
  [6.93,8.35,3.48,13.68,22.68,10.93,14.06,14.01,12.75,12.73,2.27,3.07,3.42,0.48,0.79,2.07,2.23,2.59,2.10,2.19,99.00,1.61,1.29,0.22,0.98,2.97,18.12,21.68,18.29,16.31,19.22,21.04,21.07,26.93,28.18,22.10,26.97,17.92,14.76,15.08,17.18,12.79,17.05,13.99,14.45,17.81,15.58,13.42,16.91,17.64,18.50,15.58,16.83,15.94,13.95,15.60,14.39,15.78,13.03,9.66,8.46,7.96,8.01,11.38,9.60,8.81,8.07,9.38,9.64,7.24,9.26,11.10,10.53,11.03,9.68,10.36,10.53,11.02,8.29,8.06,11.10,8.42,9.54,5.82,6.01,4.95,5.03,6.18,5.83,5.39,4.88,7.31,6.56,5.08,6.99,6.04,5.60,7.00,6.35,7.34,5.53,7.14,7.37,6.71,8.11,5.48],
  [7.21,6.74,4.22,13.29,21.64,12.22,12.82,12.75,11.52,11.71,3.18,1.98,2.23,1.64,1.74,1.24,1.73,1.20,0.74,0.67,1.61,99.00,1.12,1.40,1.36,1.87,17.27,20.62,17.25,15.32,18.09,20.32,20.36,26.20,27.41,21.43,26.19,17.74,13.99,14.79,16.62,12.31,16.30,13.72,13.84,17.14,14.75,12.47,16.14,17.52,18.32,14.98,16.15,15.43,13.52,14.85,13.86,15.13,12.31,9.56,8.58,8.21,8.46,11.44,9.74,8.75,8.22,9.45,9.72,7.46,9.33,11.08,10.67,11.08,9.82,10.32,10.50,11.00,8.05,7.68,11.21,7.92,9.74,7.01,7.29,6.28,6.59,7.50,6.84,5.25,5.04,5.79,5.23,3.90,6.10,4.51,5.12,5.65,5.00,5.94,4.15,6.41,6.72,6.70,7.29,5.85],
  [6.17,7.46,4.64,14.31,22.76,11.16,13.92,13.86,12.63,12.84,3.47,3.09,2.17,1.64,0.88,2.26,0.96,2.32,1.12,1.34,1.29,1.12,99.00,1.10,1.77,1.71,18.38,21.75,18.37,16.44,19.20,21.42,21.46,27.30,28.52,22.52,27.30,18.69,15.10,15.78,17.68,13.35,17.41,14.70,14.91,18.23,15.86,13.59,17.24,18.45,19.27,16.05,17.24,16.49,14.55,15.95,14.92,16.21,13.41,8.67,7.60,7.18,7.39,10.49,8.75,7.84,7.23,8.49,8.76,6.44,8.37,10.16,9.69,10.14,8.84,9.41,9.58,10.09,7.23,6.93,10.24,7.24,8.74,5.93,6.25,5.26,5.79,6.48,5.73,6.14,5.80,6.78,6.32,5.03,7.21,5.50,6.13,6.73,6.09,7.00,5.24,7.50,6.14,5.76,6.85,4.78],
  [6.88,8.14,3.61,13.69,22.60,11.04,13.94,13.89,12.63,12.65,2.41,2.95,3.21,0.58,0.73,1.96,2.05,2.42,1.89,1.98,0.22,1.40,1.10,99.00,0.96,2.76,18.06,21.59,18.21,16.23,19.12,21.01,21.04,26.89,28.14,22.07,26.93,17.96,14.72,15.11,17.17,12.79,17.01,14.02,14.43,17.78,15.53,13.35,16.86,17.69,18.54,15.56,16.80,15.94,13.96,15.56,14.38,15.76,13.00,9.56,8.39,7.90,7.98,11.30,9.53,8.71,8.00,9.30,9.56,7.17,9.18,11.01,10.46,10.96,9.61,10.27,10.44,10.93,8.17,7.92,11.03,8.27,9.48,5.90,6.11,5.07,5.21,6.29,5.88,5.41,4.94,7.14,6.42,4.96,6.92,5.86,5.58,6.86,6.20,7.19,5.38,7.09,7.21,6.61,7.94,5.43],
  [7.81,7.88,2.93,12.74,21.72,11.86,13.14,13.10,11.83,11.77,1.83,2.20,3.55,0.60,1.68,1.20,2.70,1.91,2.07,2.03,0.98,1.36,1.77,0.96,99.00,3.15,17.14,20.71,17.33,15.34,18.27,20.06,20.09,25.95,27.20,21.12,25.99,17.02,13.78,14.16,16.22,11.83,16.07,13.07,13.48,16.83,14.60,12.45,15.93,16.76,17.60,14.61,15.85,14.98,13.00,14.62,13.43,14.81,12.05,10.42,9.29,8.83,8.93,12.20,10.44,9.58,8.91,10.20,10.46,8.10,10.08,11.89,11.38,11.85,10.52,11.14,11.32,11.82,8.99,8.70,11.94,9.00,10.40,6.78,6.95,5.89,5.80,7.11,6.81,4.47,4.05,6.60,5.72,4.19,6.02,5.35,4.63,6.16,5.51,6.54,4.72,6.16,7.88,7.49,8.53,6.36],
  [6.00,6.09,6.07,14.81,22.46,12.13,13.40,13.32,12.16,12.66,4.98,3.41,0.46,3.23,2.56,3.02,1.04,2.53,1.14,1.33,2.97,1.87,1.71,2.76,3.15,99.00,18.35,21.44,18.09,16.25,18.79,21.52,21.58,27.37,28.55,22.68,27.31,19.36,15.20,16.36,17.98,13.77,17.50,15.31,15.19,18.42,15.88,13.48,17.32,19.18,19.94,16.33,17.41,16.85,15.00,16.06,15.28,16.43,13.57,7.96,7.18,6.93,7.37,9.92,8.32,7.19,6.85,7.99,8.25,6.19,7.87,9.52,9.22,9.57,8.40,8.76,8.94,9.45,6.39,5.95,9.74,6.12,8.37,6.93,7.34,6.46,7.31,7.63,6.51,7.00,6.88,5.92,5.88,4.94,7.33,4.70,6.72,6.23,5.64,6.38,4.83,7.78,4.88,5.25,5.42,4.82],
  [24.34,15.21,16.13,6.38,5.36,28.75,6.57,6.75,7.15,5.79,16.86,15.29,18.32,17.70,18.74,16.17,18.86,16.10,17.61,17.33,18.12,17.27,18.38,18.06,17.14,18.35,99.00,4.60,2.66,2.63,4.22,3.45,3.61,9.07,10.20,4.78,8.95,7.82,3.46,6.67,3.51,6.37,1.62,7.13,4.43,2.32,2.54,4.90,1.56,8.47,8.00,3.76,2.39,4.40,5.92,2.74,5.03,3.22,5.21,26.06,25.50,25.28,25.67,28.11,26.63,25.39,25.20,26.27,26.52,24.54,26.15,27.65,27.50,27.76,26.70,26.90,27.09,27.58,24.43,23.83,27.98,23.71,26.70,23.88,23.98,22.91,22.21,24.07,23.95,13.21,14.15,13.23,12.57,13.44,11.18,14.06,12.61,12.31,12.80,12.35,13.56,10.98,22.35,23.57,22.24,23.07],
  [27.41,17.27,20.10,10.97,1.03,32.52,8.22,8.35,9.34,8.95,20.70,18.69,21.32,21.30,22.23,19.65,22.09,19.43,20.85,20.57,21.68,20.62,21.75,21.59,20.71,21.44,4.60,99.00,3.39,5.41,2.86,5.17,5.45,7.91,8.50,6.11,7.29,11.96,7.76,11.23,7.91,10.86,6.21,11.73,8.97,6.64,6.73,8.31,6.15,12.68,12.02,8.36,6.96,8.97,10.51,7.20,9.61,7.82,9.40,28.75,28.41,28.29,28.80,30.82,29.50,28.16,28.14,29.10,29.34,27.57,28.99,30.31,30.31,30.49,29.55,29.59,29.78,30.25,27.12,26.46,30.75,26.24,29.60,27.49,27.65,26.59,26.10,27.79,27.44,17.17,18.17,15.80,15.56,16.72,14.70,16.85,16.41,15.21,15.80,15.11,16.62,14.68,24.91,26.50,24.62,26.25],
  [24.08,14.17,16.76,8.28,4.40,29.14,5.11,5.27,6.09,5.56,17.33,15.31,17.99,17.91,18.84,16.26,18.72,16.05,17.49,17.20,18.29,17.25,18.37,18.21,17.33,18.09,2.66,3.39,99.00,2.07,1.66,5.43,5.67,10.19,11.08,6.75,9.81,10.41,4.77,8.93,6.06,7.93,3.99,9.18,6.19,4.95,3.76,4.95,3.81,11.03,10.62,5.89,4.79,6.73,7.83,4.44,6.93,5.32,6.24,25.50,25.11,24.97,25.46,27.58,26.21,24.89,24.83,25.82,26.06,24.24,25.71,27.08,27.04,27.24,26.27,26.35,26.53,27.01,23.87,23.23,27.49,23.03,26.30,24.10,24.27,23.20,22.73,24.40,24.06,13.82,14.84,12.54,12.21,13.34,11.32,13.54,13.04,11.88,12.45,11.80,13.27,11.31,21.69,23.19,21.46,22.90],
  [22.24,12.71,14.70,6.55,6.39,27.13,3.94,4.12,4.58,3.60,15.29,13.36,16.17,15.92,16.88,14.30,16.83,14.13,15.59,15.30,16.31,15.32,16.44,16.23,15.34,16.25,2.63,5.41,2.07,99.00,3.48,6.06,6.24,11.49,12.52,7.40,11.25,9.40,2.94,7.45,5.13,6.04,3.10,7.53,4.47,4.34,2.04,2.91,2.84,9.93,9.70,4.46,3.78,5.42,6.12,2.87,5.26,3.92,4.24,23.79,23.33,23.15,23.61,25.86,24.44,23.15,23.04,24.06,24.31,22.42,23.95,25.37,25.29,25.51,24.50,24.64,24.82,25.30,22.16,21.53,25.75,21.38,24.52,22.12,22.27,21.20,20.69,22.40,22.10,11.77,12.77,10.86,10.38,11.42,9.33,11.79,11.00,10.07,10.62,10.05,11.42,9.28,20.03,21.40,19.86,21.03],
  [24.73,14.44,17.92,9.90,3.85,30.13,5.45,5.56,6.63,6.61,18.41,16.19,18.65,18.86,19.73,17.17,19.49,16.88,18.27,17.99,19.22,18.09,19.20,19.12,18.27,18.79,4.22,2.86,1.66,3.48,99.00,6.52,6.79,10.54,11.25,7.76,10.01,12.03,6.35,10.58,7.69,9.49,5.63,10.82,7.80,6.54,5.35,6.16,5.46,12.66,12.22,7.55,6.44,8.39,9.46,6.07,8.56,6.97,7.71,25.98,25.69,25.59,26.14,28.06,26.76,25.41,25.43,26.36,26.60,24.88,26.25,27.54,27.57,27.72,26.82,26.82,27.01,27.47,24.36,23.69,27.99,23.45,26.87,25.03,25.22,24.16,23.80,25.38,24.93,15.00,16.03,13.07,12.94,14.19,12.32,14.15,14.15,12.57,13.18,12.43,14.01,12.40,22.13,23.79,21.81,23.62],
  [27.47,18.64,18.75,8.10,5.32,31.43,9.99,10.17,10.59,9.14,19.60,18.34,21.51,20.60,21.71,19.17,21.96,19.18,20.71,20.43,21.04,20.32,21.42,21.01,20.06,21.52,3.45,5.17,5.43,6.06,6.52,99.00,0.29,5.89,7.15,1.35,5.98,7.34,6.33,7.63,4.29,8.55,4.02,8.46,6.67,3.30,5.68,8.21,4.20,8.10,7.26,5.61,4.23,5.65,7.68,5.47,6.95,5.31,8.02,29.32,28.69,28.43,28.77,31.36,29.83,28.63,28.37,29.48,29.74,27.69,29.37,30.90,30.72,31.01,29.90,30.15,30.34,30.83,27.69,27.11,31.21,27.02,29.88,26.72,26.77,25.71,24.84,26.83,26.86,15.91,16.77,16.59,15.83,16.58,14.23,17.36,15.46,15.60,16.06,15.67,16.79,13.93,25.66,26.76,25.59,26.16],
  [27.53,18.77,18.74,8.03,5.59,31.42,10.18,10.36,10.75,9.26,19.60,18.39,21.58,20.63,21.74,19.21,22.01,19.24,20.77,20.48,21.07,20.36,21.46,21.04,20.09,21.58,3.61,5.45,5.67,6.24,6.79,0.29,99.00,5.86,7.15,1.17,6.01,7.12,6.39,7.50,4.21,8.52,4.08,8.36,6.67,3.29,5.77,8.32,4.27,7.89,7.03,5.59,4.24,5.57,7.61,5.53,6.91,5.30,8.05,29.40,28.76,28.49,28.82,31.43,29.90,28.70,28.43,29.55,29.81,27.75,29.44,30.98,30.79,31.08,29.97,30.23,30.42,30.91,27.77,27.20,31.28,27.12,29.95,26.73,26.77,25.71,24.82,26.83,26.88,15.91,16.76,16.70,15.91,16.64,14.28,17.46,15.48,15.69,16.14,15.77,16.86,13.97,25.76,26.82,25.70,26.21],
  [33.34,24.20,24.59,13.76,7.22,37.25,15.25,15.41,16.06,14.86,25.46,24.22,27.35,26.49,27.59,25.06,27.83,25.06,26.59,26.30,26.93,26.20,27.30,26.89,25.95,27.37,9.07,7.91,10.19,11.49,10.54,5.89,5.86,99.00,1.41,4.90,1.03,11.66,12.21,12.97,9.95,14.34,9.89,13.94,12.52,9.14,11.50,13.96,10.06,12.40,11.34,11.43,10.11,11.30,13.37,11.35,12.73,11.17,13.90,35.13,34.54,34.30,34.65,37.18,35.68,34.45,34.22,35.32,35.57,33.55,35.20,36.71,36.55,36.83,35.74,35.97,36.15,36.64,33.50,32.90,37.04,32.79,35.73,32.59,32.63,31.57,30.66,32.69,32.74,21.77,22.61,22.30,21.63,22.44,20.11,23.13,21.34,21.38,21.86,21.42,22.61,19.82,31.43,32.61,31.31,32.04],
  [34.53,25.19,25.90,15.11,7.69,38.57,16.18,16.34,17.06,15.97,26.75,25.44,28.52,27.74,28.84,26.29,29.03,26.27,27.78,27.50,28.18,27.41,28.52,28.14,27.20,28.55,10.20,8.50,11.08,12.52,11.25,7.15,7.15,1.41,99.00,6.25,1.27,13.07,13.43,14.36,11.29,15.66,11.13,15.32,13.82,10.44,12.68,15.09,11.28,13.81,12.75,12.74,11.38,12.65,14.72,12.58,14.05,12.45,15.14,36.25,35.70,35.48,35.85,38.31,36.83,35.59,35.39,36.47,36.72,34.73,36.35,37.84,37.70,37.96,36.90,37.09,37.28,37.77,34.62,34.01,38.18,33.88,36.90,33.87,33.92,32.86,31.97,33.98,34.00,23.06,23.92,23.37,22.77,23.63,21.32,24.24,22.60,22.50,23.00,22.52,23.76,21.05,32.52,33.77,32.37,33.24],
  [28.60,19.93,19.69,8.86,6.08,32.36,11.34,11.52,11.92,10.41,20.58,19.46,22.68,21.65,22.78,20.27,23.08,20.31,21.84,21.56,22.10,21.43,22.52,22.07,21.12,22.68,4.78,6.11,6.75,7.40,7.76,1.35,1.17,4.90,6.25,99.00,5.18,7.34,7.49,8.16,5.05,9.45,5.19,9.09,7.66,4.29,6.91,9.47,5.40,8.11,7.16,6.54,5.28,6.40,8.47,6.62,7.83,6.32,9.12,30.51,29.85,29.58,29.89,32.54,31.00,29.81,29.53,30.65,30.91,28.83,30.54,32.10,31.89,32.19,31.07,31.34,31.53,32.03,28.89,28.32,32.39,28.25,31.04,27.72,27.75,26.69,25.76,27.80,27.89,16.89,17.72,17.85,17.04,17.73,15.36,18.59,16.50,16.82,17.26,16.91,17.98,15.02,26.89,27.92,26.84,27.28],
  [33.29,23.93,24.73,14.02,6.52,37.41,14.91,15.07,15.79,14.71,25.57,24.21,27.27,26.54,27.62,25.07,27.80,25.04,26.55,26.27,26.97,26.19,27.30,26.93,25.99,27.31,8.95,7.29,9.81,11.25,10.01,5.98,6.01,1.03,1.27,5.18,99.00,12.24,12.21,13.34,10.19,14.52,9.92,14.27,12.66,9.28,11.44,13.84,10.07,12.99,11.95,11.59,10.21,11.55,13.61,11.37,12.92,11.29,13.94,35.00,34.46,34.23,34.62,37.06,35.59,34.34,34.15,35.22,35.47,33.49,35.11,36.58,36.45,36.71,35.65,35.84,36.02,36.51,33.36,32.75,36.93,32.62,35.65,32.68,32.73,31.67,30.82,32.81,32.79,21.88,22.75,22.11,21.51,22.39,20.09,22.99,21.40,21.25,21.75,21.26,22.52,19.84,31.26,32.52,31.11,32.01],
  [24.83,18.64,14.86,4.80,12.40,27.05,12.42,12.60,12.20,10.04,15.96,15.95,19.51,17.44,18.69,16.49,19.46,16.83,18.33,18.08,17.92,17.74,18.69,17.96,17.02,19.36,7.82,11.96,10.41,9.40,12.03,7.34,7.12,11.66,13.07,7.34,12.24,99.00,7.01,3.10,4.35,6.01,6.45,4.08,5.72,5.50,7.49,9.23,6.67,0.77,0.58,5.09,5.68,4.08,4.80,6.63,5.08,5.55,7.38,27.29,26.29,25.85,25.93,29.17,27.44,26.48,25.92,27.18,27.44,25.12,27.06,28.82,28.38,28.82,27.53,28.06,28.24,28.74,25.75,25.31,28.93,25.42,27.42,22.98,22.87,21.87,20.56,22.84,23.36,12.56,13.08,16.09,14.73,14.75,12.40,16.34,12.65,14.70,14.90,15.01,15.36,11.75,24.10,24.43,24.35,23.39],
  [21.14,12.74,12.68,3.60,8.64,25.31,5.42,5.60,5.33,3.30,13.43,12.02,15.20,14.33,15.41,12.86,15.63,12.86,14.38,14.10,14.76,13.99,15.10,14.72,13.78,15.20,3.46,7.76,4.77,2.94,6.35,6.33,6.39,12.21,13.43,7.49,12.21,7.01,99.00,4.64,3.31,3.16,2.31,4.60,1.55,3.30,1.03,2.37,2.15,7.42,7.41,1.93,2.31,2.94,3.19,0.86,2.35,1.60,1.76,23.03,22.37,22.11,22.44,25.06,23.51,22.32,22.05,23.17,23.43,21.36,23.05,24.61,24.40,24.71,23.59,23.86,24.05,24.54,21.41,20.84,24.90,20.78,23.56,20.49,20.57,19.50,18.76,20.66,20.59,9.77,10.70,10.49,9.57,10.26,7.90,11.14,9.21,9.37,9.79,9.50,10.50,7.63,19.42,20.44,19.41,19.83],
  [21.94,15.55,12.19,1.71,11.89,24.66,9.85,10.02,9.45,7.26,13.23,12.95,16.50,14.61,15.84,13.55,16.52,13.84,15.36,15.10,15.08,14.79,15.78,15.11,14.16,16.36,6.67,11.23,8.93,7.45,10.58,7.63,7.50,12.97,14.36,8.16,13.34,3.10,4.64,99.00,3.44,2.93,5.07,1.10,3.12,4.69,5.41,6.56,5.18,3.18,3.66,3.04,4.29,2.27,1.79,4.58,2.34,3.61,4.52,24.31,23.37,22.96,23.09,26.23,24.53,23.52,23.00,24.25,24.51,22.22,24.13,25.86,25.45,25.87,24.61,25.10,25.28,25.78,22.76,22.30,26.00,22.39,24.51,20.34,20.28,19.26,18.09,20.29,20.66,9.70,10.32,12.99,11.63,11.69,9.31,13.25,9.68,11.61,11.80,11.92,12.27,8.69,21.06,21.49,21.28,20.52],
  [23.83,15.99,14.67,3.82,8.51,27.32,8.54,8.72,8.61,6.61,15.58,14.67,18.03,16.73,17.89,15.42,18.31,15.54,17.08,16.81,17.18,16.62,17.68,17.17,16.22,17.98,3.51,7.91,6.06,5.13,7.69,4.29,4.21,9.95,11.29,5.05,10.19,4.35,3.31,3.44,99.00,4.42,2.11,4.19,2.80,1.28,3.40,5.67,2.33,4.97,4.60,1.66,1.36,1.36,3.42,2.63,2.81,1.72,4.52,25.91,25.14,24.82,25.07,27.90,26.29,25.17,24.80,25.97,26.23,24.07,25.85,27.48,27.20,27.55,26.37,26.72,26.91,27.41,24.30,23.77,27.72,23.76,26.32,22.74,22.75,21.70,20.72,22.79,22.94,11.91,12.71,13.65,12.60,13.07,10.65,14.21,11.59,12.45,12.81,12.63,13.44,10.22,22.41,23.22,22.47,22.46],
  [19.52,12.63,10.25,1.22,11.69,22.91,7.46,7.60,6.83,4.69,11.16,10.40,13.87,12.33,13.51,11.10,14.02,11.28,12.82,12.55,12.79,12.31,13.35,12.79,11.83,13.77,6.37,10.86,7.93,6.04,9.49,8.55,8.52,14.34,15.66,9.45,14.52,6.01,3.16,2.93,4.42,99.00,4.87,2.19,1.95,5.24,4.18,4.20,4.84,6.10,6.55,2.93,4.37,3.15,1.25,3.66,1.62,3.30,2.04,21.73,20.88,20.52,20.73,23.69,22.04,20.96,20.53,21.73,21.99,19.77,21.61,23.29,22.95,23.33,22.11,22.53,22.72,23.22,20.15,19.65,23.48,19.70,22.04,18.31,18.32,17.27,16.31,18.37,18.53,7.48,8.28,10.09,8.77,8.96,6.55,10.40,7.23,8.72,8.95,9.01,9.47,6.00,18.36,18.97,18.53,18.13],
  [23.45,14.85,14.88,4.79,6.95,27.54,6.76,6.95,7.05,5.30,15.67,14.33,17.50,16.62,17.71,15.17,17.94,15.17,16.70,16.41,17.05,16.30,17.41,17.01,16.07,17.50,1.62,6.21,3.99,3.10,5.63,4.02,4.08,9.89,11.13,5.19,9.92,6.45,2.31,5.07,2.11,4.87,99.00,5.51,2.92,1.28,1.78,4.34,0.26,7.06,6.71,2.15,0.81,2.81,4.33,1.46,3.45,1.63,4.02,25.32,24.68,24.42,24.76,27.36,25.82,24.62,24.36,25.47,25.73,23.67,25.36,26.91,26.71,27.01,25.89,26.16,26.34,26.84,23.70,23.13,27.20,23.06,25.87,22.76,22.83,21.76,20.97,22.90,22.87,11.99,12.89,12.69,11.85,12.56,10.22,13.40,11.48,11.63,12.07,11.73,12.79,9.93,21.69,22.75,21.66,22.14],
  [20.86,14.68,11.10,1.08,12.45,23.59,9.52,9.67,8.98,6.81,12.13,11.89,15.45,13.51,14.74,12.48,15.44,12.78,14.29,14.03,13.99,13.72,14.70,14.02,13.07,15.31,7.13,11.73,9.18,7.53,10.82,8.46,8.36,13.94,15.32,9.09,14.27,4.08,4.60,1.10,4.19,2.19,5.51,99.00,3.06,5.36,5.50,6.22,5.58,4.04,4.66,3.37,4.79,2.87,1.42,4.75,2.27,3.93,4.07,23.25,22.29,21.88,22.00,25.15,23.45,22.45,21.92,23.17,23.43,21.14,23.05,24.79,24.38,24.80,23.53,24.03,24.21,24.71,21.70,21.25,24.92,21.35,23.43,19.25,19.19,18.17,17.01,19.20,19.56,8.60,9.22,12.09,10.68,10.67,8.32,12.29,8.61,10.68,10.85,11.01,11.29,7.67,20.03,20.41,20.27,19.43],
  [21.04,13.35,12.08,2.10,9.78,24.75,6.77,6.94,6.49,4.32,12.93,11.89,15.24,14.00,15.14,12.66,15.52,12.76,14.30,14.02,14.45,13.84,14.91,14.43,13.48,15.19,4.43,8.97,6.19,4.47,7.80,6.67,6.67,12.52,13.82,7.66,12.66,5.72,1.55,3.12,2.80,1.95,2.92,3.06,99.00,3.38,2.46,3.52,2.89,6.05,6.17,1.14,2.45,1.85,1.66,1.78,0.80,1.37,1.80,23.11,22.35,22.03,22.30,25.11,23.50,22.37,22.01,23.18,23.44,21.29,23.06,24.69,24.41,24.75,23.58,23.93,24.11,24.61,21.50,20.97,24.92,20.97,23.53,20.07,20.10,19.05,18.16,20.17,20.24,9.24,10.10,10.94,9.83,10.28,7.86,11.44,8.85,9.70,10.03,9.90,10.66,7.44,19.62,20.42,19.69,19.69],
  [24.33,16.01,15.46,4.86,7.23,28.13,8.04,8.22,8.30,6.48,16.31,15.18,18.44,17.36,18.49,15.98,18.81,16.03,17.57,17.29,17.81,17.14,18.23,17.78,16.83,18.42,2.32,6.64,4.95,4.34,6.54,3.30,3.29,9.14,10.44,4.29,9.28,5.50,3.30,4.69,1.28,5.24,1.28,5.36,3.38,99.00,2.99,5.52,1.54,6.16,5.68,2.31,1.01,2.49,4.42,2.46,3.66,2.03,4.85,26.29,25.60,25.31,25.61,28.31,26.74,25.58,25.26,26.41,26.67,24.56,26.29,27.87,27.64,27.96,26.82,27.12,27.30,27.80,24.67,24.12,28.14,24.07,26.78,23.45,23.49,22.43,21.54,23.55,23.61,12.63,13.48,13.78,12.86,13.48,11.09,14.44,12.21,12.67,13.08,12.80,13.77,10.74,22.71,23.66,22.71,22.99],
  [21.85,13.08,13.61,4.55,7.62,26.21,5.14,5.32,5.31,3.53,14.32,12.77,15.86,15.16,16.21,13.64,16.36,13.59,15.11,14.82,15.58,14.75,15.86,15.53,14.60,15.88,2.54,6.73,3.76,2.04,5.35,5.68,5.77,11.50,12.68,6.91,11.44,7.49,1.03,5.41,3.40,4.18,1.78,5.50,2.46,2.99,99.00,2.57,1.54,7.98,7.84,2.45,2.13,3.44,4.12,0.86,3.23,1.94,2.71,23.65,23.04,22.80,23.17,25.69,24.18,22.96,22.73,23.82,24.08,22.06,23.71,25.23,25.06,25.34,24.25,24.48,24.67,25.16,22.02,21.43,25.54,21.34,24.23,21.34,21.43,20.37,19.68,21.53,21.41,10.68,11.64,10.94,10.15,10.95,8.65,11.68,10.07,9.92,10.38,10.00,11.12,8.44,19.98,21.11,19.93,20.57],
  [19.47,10.51,11.81,5.14,9.30,24.22,3.30,3.46,2.99,0.96,12.39,10.50,13.43,13.03,14.01,11.42,14.02,11.29,12.77,12.49,13.42,12.47,13.59,13.35,12.45,13.48,4.90,8.31,4.95,2.91,6.16,8.21,8.32,13.96,15.09,9.47,13.84,9.23,2.37,6.56,5.67,4.20,4.34,6.22,3.52,5.52,2.57,99.00,4.11,9.57,9.67,4.25,4.58,5.23,4.85,3.09,4.24,3.97,2.17,21.16,20.62,20.41,20.82,23.22,21.74,20.50,20.31,21.38,21.63,19.67,21.26,22.75,22.61,22.87,21.81,22.00,22.19,22.68,19.53,18.93,23.09,18.83,21.81,19.23,19.37,18.30,17.78,19.49,19.23,8.88,9.90,8.38,7.67,8.60,6.43,9.17,8.09,7.41,7.91,7.46,8.68,6.37,17.47,18.68,17.38,18.23],
  [23.28,14.62,14.77,4.82,6.92,27.42,6.50,6.69,6.79,5.07,15.55,14.16,17.32,16.47,17.56,15.01,17.77,15.00,16.52,16.24,16.91,16.14,17.24,16.86,15.93,17.32,1.56,6.15,3.81,2.84,5.46,4.20,4.27,10.06,11.28,5.40,10.07,6.67,2.15,5.18,2.33,4.84,0.26,5.58,2.89,1.54,1.54,4.11,99.00,7.26,6.93,2.21,0.99,2.94,4.36,1.31,3.47,1.66,3.88,25.13,24.50,24.24,24.59,27.17,25.64,24.43,24.18,25.29,25.54,23.50,25.17,26.71,26.52,26.81,25.71,25.96,26.15,26.64,23.50,22.93,27.01,22.85,25.69,22.62,22.70,21.63,20.86,22.78,22.73,11.87,12.79,12.47,11.64,12.38,10.05,13.19,11.34,11.42,11.87,11.52,12.59,9.77,21.49,22.56,21.45,21.98],
  [24.56,18.71,14.51,4.89,13.14,26.58,12.81,12.98,12.52,10.34,15.63,15.77,19.35,17.16,18.41,16.28,19.24,16.65,18.13,17.88,17.64,17.52,18.45,17.69,16.76,19.18,8.47,12.68,11.03,9.93,12.66,8.10,7.89,12.40,13.81,8.11,12.99,0.77,7.42,3.18,4.97,6.10,7.06,4.04,6.05,6.16,7.98,9.57,7.26,99.00,1.10,5.55,6.26,4.54,4.96,7.12,5.36,6.04,7.64,27.08,26.04,25.59,25.64,28.94,27.19,26.26,25.66,26.94,27.20,24.86,26.82,28.60,28.13,28.58,27.28,27.84,28.02,28.52,25.55,25.13,28.68,25.27,27.16,22.59,22.47,21.48,20.12,22.43,23.00,12.31,12.78,16.13,14.72,14.66,12.34,16.32,12.47,14.72,14.88,15.05,15.30,11.67,23.96,24.20,24.24,23.11],
  [25.41,19.18,15.43,5.35,12.41,27.59,12.83,13.01,12.65,10.50,16.53,16.52,20.09,18.02,19.27,17.07,20.04,17.41,18.91,18.66,18.50,18.32,19.27,18.54,17.60,19.94,8.00,12.02,10.62,9.70,12.22,7.26,7.03,11.34,12.75,7.16,11.95,0.58,7.41,3.66,4.60,6.55,6.71,4.66,6.17,5.68,7.84,9.67,6.93,1.10,99.00,5.49,5.95,4.47,5.34,6.99,5.56,5.92,7.87,27.87,26.87,26.43,26.51,29.75,28.02,27.06,26.49,27.76,28.02,25.70,27.64,29.40,28.96,29.40,28.11,28.64,28.82,29.32,26.33,25.89,29.51,26.00,28.00,23.54,23.43,22.44,21.11,23.40,23.93,13.14,13.66,16.64,15.29,15.33,12.97,16.91,13.23,15.26,15.46,15.56,15.93,12.33,24.68,25.01,24.92,23.97],
  [22.19,14.39,13.16,2.66,9.10,25.83,7.35,7.52,7.24,5.14,14.03,13.03,16.38,15.13,16.28,13.80,16.67,13.90,15.44,15.16,15.58,14.98,16.05,15.56,14.61,16.33,3.76,8.36,5.89,4.46,7.55,5.61,5.59,11.43,12.74,6.54,11.59,5.09,1.93,3.04,1.66,2.93,2.15,3.37,1.14,2.31,2.45,4.25,2.21,5.55,5.49,99.00,1.49,1.02,2.20,1.59,1.36,0.57,2.87,24.25,23.49,23.17,23.44,26.25,24.64,23.51,23.15,24.32,24.58,22.43,24.20,25.83,25.55,25.89,24.72,25.07,25.25,25.75,22.64,22.11,26.07,22.10,24.67,21.18,21.21,20.15,19.23,21.26,21.36,10.35,11.18,12.02,10.94,11.42,9.00,12.55,9.98,10.80,11.15,10.99,11.78,8.58,20.75,21.57,20.81,20.83],
  [23.33,15.04,14.53,4.14,7.66,27.20,7.26,7.45,7.42,5.53,15.36,14.18,17.43,16.38,17.50,14.99,17.81,15.03,16.57,16.29,16.83,16.15,17.24,16.80,15.85,17.41,2.39,6.96,4.79,3.78,6.44,4.23,4.24,10.11,11.38,5.28,10.21,5.68,2.31,4.29,1.36,4.37,0.81,4.79,2.45,1.01,2.13,4.58,0.99,6.26,5.95,1.49,99.00,2.02,3.68,1.49,2.85,1.08,3.84,25.29,24.59,24.30,24.61,27.30,25.74,24.57,24.26,25.40,25.66,23.56,25.28,26.87,26.64,26.95,25.81,26.11,26.30,26.80,23.67,23.11,27.14,23.07,25.78,22.49,22.53,21.47,20.61,22.60,22.63,11.67,12.54,12.79,11.86,12.48,10.09,13.44,11.23,11.67,12.08,11.81,12.76,9.74,21.71,22.66,21.71,22.00],
  [22.64,15.19,13.36,2.47,9.64,25.99,8.36,8.53,8.22,6.09,14.29,13.51,16.92,15.48,16.66,14.23,17.14,14.39,15.92,15.65,15.94,15.43,16.49,15.94,14.98,16.85,4.40,8.97,6.73,5.42,8.39,5.65,5.57,11.30,12.65,6.40,11.55,4.08,2.94,2.27,1.36,3.15,2.81,2.87,1.85,2.49,3.44,5.23,2.94,4.54,4.47,1.02,2.02,99.00,2.07,2.58,1.57,1.51,3.65,24.80,23.99,23.64,23.87,26.78,25.14,24.05,23.64,24.83,25.09,22.90,24.71,26.37,26.06,26.42,25.22,25.61,25.79,26.30,23.20,22.69,26.58,22.71,25.16,21.45,21.45,20.40,19.39,21.49,21.68,10.63,11.40,12.77,11.61,11.98,9.55,13.24,10.37,11.50,11.82,11.72,12.41,9.07,21.36,22.07,21.46,21.26],
  [20.72,13.85,11.30,0.46,11.28,23.92,8.15,8.31,7.69,5.50,12.25,11.62,15.10,13.49,14.68,12.30,15.23,12.51,14.04,13.77,13.95,13.52,14.55,13.96,13.00,15.00,5.92,10.51,7.83,6.12,9.46,7.68,7.61,13.37,14.72,8.47,13.61,4.80,3.19,1.79,3.42,1.25,4.33,1.42,1.66,4.42,4.12,4.85,4.36,4.96,5.34,2.20,3.68,2.07,99.00,3.40,0.91,2.70,2.75,22.97,22.10,21.72,21.92,24.91,23.25,22.19,21.74,22.95,23.22,20.98,22.83,24.52,24.17,24.56,23.33,23.76,23.95,24.45,21.38,20.90,24.70,20.95,23.26,19.41,19.40,18.35,17.33,19.43,19.65,8.61,9.35,11.32,10.02,10.21,7.80,11.65,8.42,9.96,10.20,10.25,10.73,7.24,19.61,20.19,19.78,19.32],
  [22.00,13.56,13.46,3.85,8.04,26.11,5.92,6.10,5.98,4.05,14.24,12.87,16.06,15.17,16.25,13.71,16.49,13.71,15.24,14.96,15.60,14.85,15.95,15.56,14.62,16.06,2.74,7.20,4.44,2.87,6.07,5.47,5.53,11.35,12.58,6.62,11.37,6.63,0.86,4.58,2.63,3.66,1.46,4.75,1.78,2.46,0.86,3.09,1.31,7.12,6.99,1.59,1.49,2.58,3.40,99.00,2.50,1.08,2.57,23.89,23.23,22.97,23.30,25.92,24.38,23.19,22.91,24.03,24.29,22.22,23.92,25.48,25.27,25.57,24.45,24.72,24.91,25.40,22.27,21.70,25.76,21.64,24.42,21.31,21.38,20.32,19.55,21.47,21.42,10.56,11.48,11.33,10.43,11.12,8.76,12.00,10.03,10.23,10.65,10.35,11.36,8.47,20.28,21.30,20.27,20.69],
  [21.08,13.75,11.87,1.37,10.39,24.53,7.52,7.68,7.17,4.98,12.78,11.93,15.35,13.93,15.10,12.66,15.57,12.81,14.35,14.08,14.39,13.86,14.92,14.38,13.43,15.28,5.03,9.61,6.93,5.26,8.56,6.95,6.91,12.73,14.05,7.83,12.92,5.08,2.35,2.34,2.81,1.62,3.45,2.27,0.80,3.66,3.23,4.24,3.47,5.36,5.56,1.36,2.85,1.57,0.91,2.50,99.00,1.82,2.31,23.23,22.42,22.07,22.30,25.20,23.57,22.47,22.07,23.26,23.52,21.33,23.14,24.80,24.49,24.85,23.65,24.04,24.22,24.73,21.63,21.12,25.01,21.15,23.59,19.93,19.94,18.89,17.93,19.99,20.14,9.10,9.90,11.29,10.08,10.42,7.99,11.71,8.81,9.99,10.28,10.23,10.86,7.50,19.80,20.50,19.92,19.70],
  [22.32,14.27,13.45,3.17,8.57,26.12,6.95,7.13,6.93,4.89,14.29,13.17,16.46,15.33,16.46,13.96,16.80,14.03,15.57,15.29,15.78,15.13,16.21,15.76,14.81,16.43,3.22,7.82,5.32,3.92,6.97,5.31,5.30,11.17,12.45,6.32,11.29,5.55,1.60,3.61,1.72,3.30,1.63,3.93,1.37,2.03,1.94,3.97,1.66,6.04,5.92,0.57,1.08,1.51,2.70,1.08,1.82,99.00,2.87,24.33,23.60,23.30,23.59,26.34,24.75,23.60,23.27,24.42,24.68,22.56,24.30,25.91,25.65,25.98,24.83,25.15,25.33,25.83,22.71,22.17,26.16,22.14,24.79,21.42,21.46,20.40,19.54,21.53,21.58,10.60,11.47,11.96,10.94,11.50,9.10,12.54,10.18,10.78,11.16,10.95,11.82,8.72,20.78,21.67,20.81,20.98],
  [19.49,11.55,10.93,3.00,10.31,23.56,5.45,5.60,4.94,2.75,11.68,10.34,13.60,12.60,13.69,11.16,13.97,11.19,12.73,12.45,13.03,12.31,13.41,13.00,12.05,13.57,5.21,9.40,6.24,4.24,7.71,8.02,8.05,13.90,15.14,9.12,13.94,7.38,1.76,4.52,4.52,2.04,4.02,4.07,1.80,4.85,2.71,2.17,3.88,7.64,7.87,2.87,3.84,3.65,2.75,2.57,2.31,2.87,99.00,21.46,20.75,20.46,20.77,23.47,21.90,20.73,20.42,21.56,21.82,19.71,21.44,23.04,22.79,23.12,21.97,22.28,22.47,22.97,19.84,19.30,23.30,19.27,21.93,18.74,18.82,17.75,17.01,18.90,18.85,8.01,8.95,9.15,8.08,8.64,6.25,9.69,7.46,7.93,8.30,8.12,8.95,5.91,17.91,18.82,17.96,18.16],
  [3.22,11.71,13.12,22.77,29.77,10.29,20.53,20.41,19.42,20.28,11.90,11.36,7.88,10.13,8.88,10.80,7.84,10.47,8.96,9.21,9.66,9.56,8.67,9.56,10.42,7.96,26.06,28.75,25.50,23.79,25.98,29.32,29.40,35.13,36.25,30.51,35.00,27.29,23.03,24.31,25.91,21.73,25.32,23.25,23.11,26.29,23.65,21.16,25.13,27.08,27.87,24.25,25.29,24.80,22.97,23.89,23.23,24.33,21.46,99.00,1.69,2.48,3.39,2.08,1.49,0.88,2.05,1.10,1.11,2.86,1.11,1.59,1.79,1.75,1.46,0.85,1.03,1.52,1.63,2.29,2.06,2.67,1.80,7.56,8.16,8.30,10.31,8.51,6.59,14.79,14.47,12.96,13.50,12.83,15.26,12.01,14.64,13.75,13.27,13.75,12.54,15.74,3.87,2.96,4.46,4.55],
  [1.64,11.70,11.85,21.87,29.43,8.79,20.24,20.14,19.07,19.77,10.64,10.48,7.19,8.94,7.67,9.82,6.86,9.60,8.06,8.33,8.46,8.58,7.60,8.39,9.29,7.18,25.50,28.41,25.11,23.33,25.69,28.69,28.76,34.54,35.70,29.85,34.46,26.29,22.37,23.37,25.14,20.88,24.68,22.29,22.35,25.60,23.04,20.62,24.50,26.04,26.87,23.49,24.59,23.99,22.10,23.23,22.42,23.60,20.75,1.69,99.00,0.79,1.76,2.93,1.16,1.02,0.41,0.93,1.19,1.28,0.82,2.72,2.09,2.59,1.24,2.05,2.18,2.64,1.93,2.64,2.64,3.30,1.19,5.88,6.48,6.64,8.67,6.83,4.91,13.74,13.33,12.62,12.96,12.12,14.51,11.57,13.70,13.25,12.72,13.31,11.94,14.92,4.08,1.94,4.97,3.08],
  [1.03,11.79,11.29,21.49,29.31,8.11,20.16,20.06,18.97,19.58,10.09,10.15,6.99,8.44,7.18,9.43,6.51,9.28,7.74,8.02,7.96,8.21,7.18,7.90,8.83,6.93,25.28,28.29,24.97,23.15,25.59,28.43,28.49,34.30,35.48,29.58,34.23,25.85,22.11,22.96,24.82,20.52,24.42,21.88,22.03,25.31,22.80,20.41,24.24,25.59,26.43,23.17,24.30,23.64,21.72,22.97,22.07,23.30,20.46,2.48,0.79,99.00,1.06,3.54,1.70,1.77,0.50,1.64,1.86,0.75,1.54,3.41,2.62,3.22,1.79,2.79,2.91,3.34,2.49,3.12,3.19,3.82,1.59,5.09,5.69,5.87,7.90,6.04,4.12,13.29,12.83,12.54,12.78,11.86,14.22,11.44,13.31,13.09,12.54,13.18,11.74,14.60,4.41,1.84,5.38,2.50],
  [1.44,12.55,11.22,21.66,29.83,7.06,20.72,20.63,19.51,20.02,10.04,10.43,7.49,8.49,7.25,9.65,6.82,9.59,8.07,8.35,8.01,8.46,7.39,7.98,8.93,7.37,25.67,28.80,25.46,23.61,26.14,28.77,28.82,34.65,35.85,29.89,34.62,25.93,22.44,23.09,25.07,20.73,24.76,22.00,22.30,25.61,23.17,20.82,24.59,25.64,26.51,23.44,24.61,23.87,21.92,23.30,22.30,23.59,20.77,3.39,1.76,1.06,99.00,4.00,2.26,2.78,1.55,2.39,2.54,1.42,2.32,4.02,3.03,3.73,2.35,3.52,3.60,3.95,3.55,4.16,3.59,4.87,2.02,4.37,4.93,5.27,7.30,5.26,3.44,13.39,12.86,13.14,13.25,12.23,14.54,11.99,13.50,13.59,13.01,13.71,12.19,14.87,5.38,2.66,6.39,2.61],
  [4.53,13.77,14.78,24.71,31.85,9.99,22.61,22.49,21.50,22.34,13.57,13.29,9.87,11.86,10.60,12.68,9.71,12.41,10.88,11.14,11.38,11.44,10.49,11.30,12.20,9.92,28.11,30.82,27.58,25.86,28.06,31.36,31.43,37.18,38.31,32.54,37.06,29.17,25.06,26.23,27.90,23.69,27.36,25.15,25.11,28.31,25.69,23.22,27.17,28.94,29.75,26.25,27.30,26.78,24.91,25.92,25.20,26.34,23.47,2.08,2.93,3.54,4.00,99.00,1.84,2.74,3.33,2.01,1.75,4.19,2.13,0.60,0.97,0.36,1.75,1.23,1.05,0.63,3.70,4.37,0.45,4.69,2.00,8.36,8.91,9.27,11.30,9.22,7.44,16.63,16.24,15.04,15.55,14.84,17.25,14.08,16.55,15.81,15.31,15.81,14.57,17.71,5.95,4.74,6.46,6.00],
  [2.70,12.68,12.97,23.03,30.52,8.87,21.31,21.20,20.16,20.89,11.76,11.64,8.32,10.08,8.81,10.97,8.02,10.76,9.22,9.49,9.60,9.74,8.75,9.53,10.44,8.32,26.63,29.50,26.21,24.44,26.76,29.83,29.90,35.68,36.83,31.00,35.59,27.44,23.51,24.53,26.29,22.04,25.82,23.45,23.50,26.74,24.18,21.74,25.64,27.19,28.02,24.64,25.74,25.14,23.25,24.38,23.57,24.75,21.90,1.49,1.16,1.70,2.26,1.84,99.00,1.47,1.53,0.47,0.38,2.37,0.54,1.77,0.94,1.53,0.09,1.30,1.36,1.70,2.61,3.35,1.51,3.90,0.31,6.62,7.18,7.48,9.51,7.51,5.67,14.89,14.47,13.70,14.08,13.26,15.66,12.67,14.86,14.37,13.84,14.41,13.07,16.08,4.91,3.08,5.68,4.17],
  [2.39,11.24,12.25,21.99,29.18,9.81,19.96,19.85,18.82,19.62,11.04,10.58,7.14,9.28,8.02,9.99,7.02,9.69,8.17,8.43,8.81,8.75,7.84,8.71,9.58,7.19,25.39,28.16,24.89,23.15,25.41,28.63,28.70,34.45,35.59,29.81,34.34,26.48,22.32,23.52,25.17,20.96,24.62,22.45,22.37,25.58,22.96,20.50,24.43,26.26,27.06,23.51,24.57,24.05,22.19,23.19,22.47,23.60,20.73,0.88,1.02,1.77,2.78,2.74,1.47,99.00,1.29,1.01,1.21,2.03,0.93,2.34,2.16,2.38,1.50,1.58,1.76,2.26,1.14,1.88,2.60,2.45,1.70,6.78,7.39,7.48,9.48,7.75,5.80,13.97,13.63,12.36,12.82,12.10,14.51,11.37,13.85,13.09,12.59,13.11,11.84,14.98,3.45,2.10,4.21,3.68],
  [1.23,11.52,11.45,21.51,29.16,8.61,19.99,19.88,18.81,19.47,10.24,10.13,6.88,8.55,7.28,9.45,6.50,9.26,7.71,7.99,8.07,8.22,7.23,8.00,8.91,6.85,25.20,28.14,24.83,23.04,25.43,28.37,28.43,34.22,35.39,29.53,34.15,25.92,22.05,23.00,24.80,20.53,24.36,21.92,22.01,25.26,22.73,20.31,24.18,25.66,26.49,23.15,24.26,23.64,21.74,22.91,22.07,23.27,20.42,2.05,0.41,0.50,1.55,3.33,1.53,1.29,99.00,1.34,1.59,0.87,1.23,3.13,2.47,2.99,1.62,2.45,2.59,3.05,2.01,2.66,3.03,3.35,1.52,5.52,6.12,6.26,8.28,6.47,4.54,13.36,12.94,12.37,12.66,11.79,14.17,11.29,13.34,12.97,12.42,13.03,11.64,14.58,4.01,1.64,4.95,2.67],
  [2.57,12.24,12.78,22.74,30.12,9.19,20.91,20.80,19.76,20.52,11.56,11.33,7.97,9.85,8.59,10.69,7.73,10.45,8.91,9.18,9.38,9.45,8.49,9.30,10.20,7.99,26.27,29.10,25.82,24.06,26.36,29.48,29.55,35.32,36.47,30.65,35.22,27.18,23.17,24.25,25.97,21.73,25.47,23.17,23.18,26.41,23.82,21.38,25.29,26.94,27.76,24.32,25.40,24.83,22.95,24.03,23.26,24.42,21.56,1.10,0.93,1.64,2.39,2.01,0.47,1.01,1.34,99.00,0.26,2.22,0.12,1.79,1.24,1.66,0.49,1.16,1.27,1.71,2.15,2.89,1.75,3.43,0.73,6.69,7.28,7.50,9.53,7.61,5.73,14.63,14.24,13.30,13.71,12.92,15.33,12.28,14.57,13.99,13.47,14.02,12.71,15.76,4.46,2.76,5.21,4.01],
  [2.81,12.45,13.03,23.00,30.36,9.24,21.15,21.03,20.00,20.77,11.82,11.60,8.23,10.12,8.85,10.96,7.99,10.71,9.18,9.44,9.64,9.72,8.76,9.56,10.46,8.25,26.52,29.34,26.06,24.31,26.60,29.74,29.81,35.57,36.72,30.91,35.47,27.44,23.43,24.51,26.23,21.99,25.73,23.43,23.44,26.67,24.08,21.63,25.54,27.20,28.02,24.58,25.66,25.09,23.22,24.29,23.52,24.68,21.82,1.11,1.19,1.86,2.54,1.75,0.38,1.21,1.59,0.26,99.00,2.46,0.38,1.55,0.98,1.40,0.35,0.98,1.07,1.48,2.34,3.08,1.49,3.59,0.69,6.88,7.45,7.71,9.74,7.79,5.92,14.90,14.50,13.54,13.96,13.18,15.59,12.53,14.83,14.24,13.72,14.27,12.96,16.02,4.66,3.02,5.38,4.27],
  [0.36,11.16,10.60,20.75,28.59,8.27,19.45,19.35,18.25,18.84,9.39,9.40,6.26,7.72,6.46,8.68,5.76,8.53,6.99,7.27,7.24,7.46,6.44,7.17,8.10,6.19,24.54,27.57,24.24,22.42,24.88,27.69,27.75,33.55,34.73,28.83,33.49,25.12,21.36,22.22,24.07,19.77,23.67,21.14,21.29,24.56,22.06,19.67,23.50,24.86,25.70,22.43,23.56,22.90,20.98,22.22,21.33,22.56,19.71,2.86,1.28,0.75,1.42,4.19,2.37,2.03,0.87,2.22,2.46,99.00,2.10,4.00,3.31,3.86,2.46,3.32,3.46,3.93,2.41,2.91,3.88,3.63,2.31,4.77,5.39,5.45,7.45,5.75,3.79,12.56,12.11,11.84,12.05,11.11,13.47,10.73,12.57,12.37,11.81,12.46,11.01,13.85,3.99,1.23,5.03,1.81],
  [2.46,12.14,12.66,22.62,30.01,9.17,20.80,20.69,19.65,20.40,11.45,11.21,7.85,9.73,8.47,10.57,7.61,10.33,8.79,9.06,9.26,9.33,8.37,9.18,10.08,7.87,26.15,28.99,25.71,23.95,26.25,29.37,29.44,35.20,36.35,30.54,35.11,27.06,23.05,24.13,25.85,21.61,25.36,23.05,23.06,26.29,23.71,21.26,25.17,26.82,27.64,24.20,25.28,24.71,22.83,23.92,23.14,24.30,21.44,1.11,0.82,1.54,2.32,2.13,0.54,0.93,1.23,0.12,0.38,2.10,99.00,1.90,1.35,1.78,0.58,1.25,1.37,1.82,2.07,2.81,1.87,3.37,0.78,6.61,7.19,7.41,9.44,7.53,5.64,14.51,14.12,13.19,13.59,12.81,15.21,12.17,14.45,13.88,13.36,13.91,12.59,15.64,4.37,2.64,5.14,3.90],
  [4.35,13.23,14.52,24.32,31.34,10.32,22.09,21.97,20.99,21.87,13.31,12.91,9.45,11.57,10.31,12.32,9.36,12.02,10.50,10.76,11.10,11.08,10.16,11.01,11.89,9.52,27.65,30.31,27.08,25.37,27.54,30.90,30.98,36.71,37.84,32.10,36.58,28.82,24.61,25.86,27.48,23.29,26.91,24.79,24.69,27.87,25.23,22.75,26.71,28.60,29.40,25.83,26.87,26.37,24.52,25.48,24.80,25.91,23.04,1.59,2.72,3.41,4.02,0.60,1.77,2.34,3.13,1.79,1.55,4.00,1.90,99.00,1.12,0.45,1.67,0.76,0.58,0.08,3.22,3.85,0.87,4.13,2.00,8.38,8.95,9.24,11.28,9.27,7.44,16.30,15.94,14.53,15.08,14.41,16.83,13.59,16.18,15.34,14.85,15.33,14.12,17.30,5.41,4.40,5.89,5.79],
  [3.63,13.40,13.90,23.95,31.34,9.20,22.12,22.01,20.98,21.75,12.69,12.56,9.21,11.01,9.75,11.90,8.94,11.67,10.14,10.40,10.53,10.67,9.69,10.46,11.38,9.22,27.50,30.31,27.04,25.29,27.57,30.72,30.79,36.55,37.70,31.89,36.45,28.38,24.40,25.45,27.20,22.95,26.71,24.38,24.41,27.64,25.06,22.61,26.52,28.13,28.96,25.55,26.64,26.06,24.17,25.27,24.49,25.65,22.79,1.79,2.09,2.62,3.03,0.97,0.94,2.16,2.47,1.24,0.98,3.31,1.35,1.12,99.00,0.73,0.85,1.12,1.04,1.09,3.26,3.98,0.58,4.43,1.04,7.39,7.94,8.30,10.33,8.25,6.47,15.83,15.40,14.51,14.94,14.16,16.56,13.51,15.78,15.22,14.70,15.25,13.94,16.99,5.57,3.99,6.23,5.10],
  [4.20,13.45,14.44,24.35,31.51,9.89,22.27,22.16,21.16,21.99,13.22,12.94,9.52,11.51,10.25,12.32,9.36,12.05,10.52,10.79,11.03,11.08,10.14,10.96,11.85,9.57,27.76,30.49,27.24,25.51,27.72,31.01,31.08,36.83,37.96,32.19,36.71,28.82,24.71,25.87,27.55,23.33,27.01,24.80,24.75,27.96,25.34,22.87,26.81,28.58,29.40,25.89,26.95,26.42,24.56,25.57,24.85,25.98,23.12,1.75,2.59,3.22,3.73,0.36,1.53,2.38,2.99,1.66,1.40,3.86,1.78,0.45,0.73,99.00,1.43,0.91,0.73,0.44,3.37,4.04,0.43,4.38,1.71,8.10,8.65,8.99,11.02,8.97,7.17,16.28,15.89,14.69,15.20,14.48,16.90,13.73,16.19,15.46,14.96,15.47,14.22,17.35,5.62,4.39,6.16,5.66],
  [2.79,12.72,13.05,23.11,30.58,8.93,21.37,21.26,20.22,20.95,11.85,11.71,8.39,10.16,8.90,11.05,8.10,10.83,9.29,9.57,9.68,9.82,8.84,9.61,10.52,8.40,26.70,29.55,26.27,24.50,26.82,29.90,29.97,35.74,36.90,31.07,35.65,27.53,23.59,24.61,26.37,22.11,25.89,23.53,23.58,26.82,24.25,21.81,25.71,27.28,28.11,24.72,25.81,25.22,23.33,24.45,23.65,24.83,21.97,1.46,1.24,1.79,2.35,1.75,0.09,1.50,1.62,0.49,0.35,2.46,0.58,1.67,0.85,1.43,99.00,1.23,1.28,1.61,2.63,3.38,1.42,3.91,0.37,6.71,7.27,7.57,9.61,7.60,5.76,14.97,14.55,13.76,14.14,13.33,15.73,12.73,14.94,14.43,13.90,14.47,13.14,16.15,4.94,3.15,5.69,4.26],
  [3.68,12.55,13.79,23.56,30.62,10.13,21.38,21.26,20.27,21.12,12.57,12.15,8.69,10.83,9.57,11.57,8.60,11.26,9.74,10.00,10.36,10.32,9.41,10.27,11.14,8.76,26.90,29.59,26.35,24.64,26.82,30.15,30.23,35.97,37.09,31.34,35.84,28.06,23.86,25.10,26.72,22.53,26.16,24.03,23.93,27.12,24.48,22.00,25.96,27.84,28.64,25.07,26.11,25.61,23.76,24.72,24.04,25.15,22.28,0.85,2.05,2.79,3.52,1.23,1.30,1.58,2.45,1.16,0.98,3.32,1.25,0.76,1.12,0.91,1.23,99.00,0.19,0.69,2.48,3.14,1.25,3.48,1.60,7.85,8.43,8.66,10.69,8.76,6.89,15.54,15.19,13.81,14.34,13.65,16.07,12.85,15.42,14.59,14.10,14.59,13.37,16.54,4.72,3.65,5.26,5.10],
  [3.82,12.73,13.95,23.74,30.80,10.13,21.56,21.45,20.45,21.31,12.74,12.33,8.88,11.00,9.74,11.74,8.78,11.44,9.92,10.18,10.53,10.50,9.58,10.44,11.32,8.94,27.09,29.78,26.53,24.82,27.01,30.34,30.42,36.15,37.28,31.53,36.02,28.24,24.05,25.28,26.91,22.72,26.34,24.21,24.11,27.30,24.67,22.19,26.15,28.02,28.82,25.25,26.30,25.79,23.95,24.91,24.22,25.33,22.47,1.03,2.18,2.91,3.60,1.05,1.36,1.76,2.59,1.27,1.07,3.46,1.37,0.58,1.04,0.73,1.28,0.19,99.00,0.50,2.66,3.32,1.10,3.65,1.64,7.94,8.52,8.77,10.81,8.85,6.99,15.72,15.36,13.99,14.52,13.84,16.26,13.04,15.60,14.78,14.29,14.78,13.55,16.73,4.90,3.83,5.43,5.25],
  [4.28,13.17,14.45,24.25,31.27,10.28,22.03,21.91,20.92,21.80,13.23,12.84,9.38,11.50,10.24,12.25,9.28,11.95,10.43,10.69,11.02,11.00,10.09,10.93,11.82,9.45,27.58,30.25,27.01,25.30,27.47,30.83,30.91,36.64,37.77,32.03,36.51,28.74,24.54,25.78,27.41,23.22,26.84,24.71,24.61,27.80,25.16,22.68,26.64,28.52,29.32,25.75,26.80,26.30,24.45,25.40,24.73,25.83,22.97,1.52,2.64,3.34,3.95,0.63,1.70,2.26,3.05,1.71,1.48,3.93,1.82,0.08,1.09,0.44,1.61,0.69,0.50,99.00,3.15,3.79,0.87,4.08,1.94,8.32,8.88,9.17,11.21,9.21,7.37,16.22,15.86,14.47,15.01,14.34,16.76,13.53,16.11,15.27,14.78,15.26,14.05,17.23,5.35,4.33,5.84,5.72],
  [2.70,10.14,11.77,21.20,28.15,10.60,18.91,18.79,17.79,18.65,10.55,9.80,6.28,8.75,7.52,9.29,6.35,8.92,7.43,7.67,8.29,8.05,7.23,8.17,8.99,6.39,24.43,27.12,23.87,22.16,24.36,27.69,27.77,33.50,34.62,28.89,33.36,25.75,21.41,22.76,24.30,20.15,23.70,21.70,21.50,24.67,22.02,19.53,23.50,25.55,26.33,22.64,23.67,23.20,21.38,22.27,21.63,22.71,19.84,1.63,1.93,2.49,3.55,3.70,2.61,1.14,2.01,2.15,2.34,2.41,2.07,3.22,3.26,3.37,2.63,2.48,2.66,3.15,99.00,0.74,3.64,1.36,2.83,7.09,7.72,7.64,9.58,8.08,6.12,13.30,13.02,11.33,11.87,11.23,13.65,10.38,13.10,12.12,11.64,12.11,10.91,14.15,2.32,1.82,3.08,3.64],
  [3.14,9.42,11.53,20.72,27.49,11.17,18.24,18.13,17.14,18.04,10.33,9.37,5.80,8.50,7.30,8.91,6.02,8.48,7.03,7.26,8.06,7.68,6.93,7.92,8.70,5.95,23.83,26.46,23.23,21.53,23.69,27.11,27.20,32.90,34.01,28.32,32.75,25.31,20.84,22.30,23.77,19.65,23.13,21.25,20.97,24.12,21.43,18.93,22.93,25.13,25.89,22.11,23.11,22.69,20.90,21.70,21.12,22.17,19.30,2.29,2.64,3.12,4.16,4.37,3.35,1.88,2.66,2.89,3.08,2.91,2.81,3.85,3.98,4.04,3.38,3.14,3.32,3.79,0.74,99.00,4.34,0.72,3.57,7.41,8.04,7.87,9.75,8.41,6.46,12.92,12.70,10.69,11.28,10.71,13.14,9.77,12.67,11.52,11.05,11.49,10.35,13.66,1.59,2.03,2.34,3.83],
  [4.21,13.76,14.47,24.49,31.77,9.55,22.54,22.43,21.41,22.22,13.27,13.08,9.71,11.58,10.31,12.44,9.48,12.20,10.66,10.93,11.10,11.21,10.24,11.03,11.94,9.74,27.98,30.75,27.49,25.75,27.99,31.21,31.28,37.04,38.18,32.39,36.93,28.93,24.90,26.00,27.72,23.48,27.20,24.92,24.92,28.14,25.54,23.09,27.01,28.68,29.51,26.07,27.14,26.58,24.70,25.76,25.01,26.16,23.30,2.06,2.64,3.19,3.59,0.45,1.51,2.60,3.03,1.75,1.49,3.88,1.87,0.87,0.58,0.43,1.42,1.25,1.10,0.87,3.64,4.34,99.00,4.72,1.62,7.94,8.48,8.86,10.89,8.79,7.03,16.38,15.97,14.95,15.42,14.66,17.07,13.96,16.32,15.69,15.18,15.70,14.43,17.51,5.93,4.51,6.51,5.68],
  [3.86,9.10,11.88,20.79,27.26,11.89,18.02,17.89,16.94,17.92,10.68,9.51,5.92,8.85,7.68,9.12,6.31,8.64,7.23,7.44,8.42,7.92,7.24,8.27,9.00,6.12,23.71,26.24,23.03,21.38,23.45,27.02,27.12,32.79,33.88,28.25,32.62,25.42,20.78,22.39,23.76,19.70,23.06,21.35,20.97,24.07,21.34,18.83,22.85,25.27,26.00,22.10,23.07,22.71,20.95,21.64,21.15,22.14,19.27,2.67,3.30,3.82,4.87,4.69,3.90,2.45,3.35,3.43,3.59,3.63,3.37,4.13,4.43,4.38,3.91,3.48,3.65,4.08,1.36,0.72,4.72,99.00,4.15,8.10,8.73,8.53,10.37,9.10,7.15,13.12,12.96,10.52,11.21,10.74,13.16,9.66,12.81,11.43,10.99,11.37,10.32,13.72,1.36,2.72,1.80,4.50],
  [2.62,12.84,12.89,23.03,30.62,8.56,21.43,21.32,20.26,20.96,11.68,11.65,8.38,10.02,8.76,10.97,8.02,10.77,9.23,9.51,9.54,9.74,8.74,9.48,10.40,8.37,26.70,29.60,26.30,24.52,26.87,29.88,29.95,35.73,36.90,31.04,35.65,27.42,23.56,24.51,26.32,22.04,25.87,23.43,23.53,26.78,24.23,21.81,25.69,27.16,28.00,24.67,25.78,25.16,23.26,24.42,23.59,24.79,21.93,1.80,1.19,1.59,2.02,2.00,0.31,1.70,1.52,0.73,0.69,2.31,0.78,2.00,1.04,1.71,0.37,1.60,1.64,1.94,2.83,3.57,1.62,4.15,99.00,6.39,6.95,7.27,9.31,7.27,5.46,14.86,14.42,13.81,14.15,13.31,15.69,12.76,14.85,14.45,13.91,14.50,13.13,16.10,5.11,3.13,5.91,4.09],
  [4.44,12.99,8.16,19.09,28.50,5.23,19.81,19.76,18.51,18.54,7.16,8.84,7.28,6.20,5.31,7.86,5.96,8.20,7.00,7.25,5.82,7.01,5.93,5.90,6.78,6.93,23.88,27.49,24.10,22.12,25.03,26.72,26.73,32.59,33.87,27.72,32.68,22.98,20.49,20.34,22.74,18.31,22.76,19.25,20.07,23.45,21.34,19.23,22.62,22.59,23.54,21.18,22.49,21.45,19.41,21.31,19.93,21.42,18.74,7.56,5.88,5.09,4.37,8.36,6.62,6.78,5.52,6.69,6.88,4.77,6.61,8.38,7.39,8.10,6.71,7.85,7.94,8.32,7.09,7.41,7.94,8.10,6.39,99.00,0.62,1.12,3.01,1.00,0.98,10.83,10.06,12.69,12.24,10.85,12.80,11.41,11.28,12.65,12.01,12.93,11.16,12.91,7.93,5.38,9.02,3.64],
  [5.05,13.43,8.11,19.07,28.66,4.93,20.05,20.00,18.75,18.71,7.17,9.06,7.72,6.36,5.56,8.07,6.35,8.46,7.33,7.58,6.01,7.29,6.25,6.11,6.95,7.34,23.98,27.65,24.27,22.27,25.22,26.77,26.77,32.63,33.92,27.75,32.73,22.87,20.57,20.28,22.75,18.32,22.83,19.19,20.10,23.49,21.43,19.37,22.70,22.47,23.43,21.21,22.53,21.45,19.40,21.38,19.94,21.46,18.82,8.16,6.48,5.69,4.93,8.91,7.18,7.39,6.12,7.28,7.45,5.39,7.19,8.95,7.94,8.65,7.27,8.43,8.52,8.88,7.72,8.04,8.48,8.73,6.95,0.62,99.00,1.07,2.61,0.37,1.60,10.86,10.05,13.02,12.50,11.08,12.95,11.75,11.37,12.93,12.28,13.23,11.44,13.02,8.54,6.01,9.63,4.26],
  [5.09,12.55,7.08,18.03,27.59,5.97,19.01,18.96,17.70,17.64,6.12,8.02,6.86,5.30,4.54,7.02,5.45,7.44,6.37,6.60,4.95,6.28,5.26,5.07,5.89,6.46,22.91,26.59,23.20,21.20,24.16,25.71,25.71,31.57,32.86,26.69,31.67,21.87,19.50,19.26,21.70,17.27,21.76,18.17,19.05,22.43,20.37,18.30,21.63,21.48,22.44,20.15,21.47,20.40,18.35,20.32,18.89,20.40,17.75,8.30,6.64,5.87,5.27,9.27,7.48,7.48,6.26,7.50,7.71,5.45,7.41,9.24,8.30,8.99,7.57,8.66,8.77,9.17,7.64,7.87,8.86,8.53,7.27,1.12,1.07,99.00,2.04,1.23,1.84,9.80,9.00,12.04,11.48,10.03,11.88,10.76,10.30,11.90,11.25,12.21,10.42,11.95,8.17,5.86,9.24,4.04],
  [7.10,13.25,6.09,16.97,27.08,6.60,18.83,18.80,17.51,17.21,5.40,8.00,7.75,5.22,4.93,7.00,6.28,7.62,6.90,7.08,5.03,6.59,5.79,5.21,5.80,7.31,22.21,26.10,22.73,20.69,23.80,24.84,24.82,30.66,31.97,25.76,30.82,20.56,18.76,18.09,20.72,16.31,20.97,17.01,18.16,21.54,19.68,17.78,20.86,20.12,21.11,19.23,20.61,19.39,17.33,19.55,17.93,19.54,17.01,10.31,8.67,7.90,7.30,11.30,9.51,9.48,8.28,9.53,9.74,7.45,9.44,11.28,10.33,11.02,9.61,10.69,10.81,11.21,9.58,9.75,10.89,10.37,9.31,3.01,2.61,2.04,99.00,2.44,3.87,9.00,8.07,12.34,11.51,9.96,11.49,11.07,9.69,11.96,11.31,12.34,10.51,11.42,9.88,7.77,10.91,5.94],
  [5.42,13.72,8.13,19.10,28.79,4.75,20.23,20.18,18.92,18.85,7.24,9.24,8.01,6.51,5.77,8.24,6.62,8.67,7.58,7.82,6.18,7.50,6.48,6.29,7.11,7.63,24.07,27.79,24.40,22.40,25.38,26.83,26.83,32.69,33.98,27.80,32.81,22.84,20.66,20.29,22.79,18.37,22.90,19.20,20.17,23.55,21.53,19.49,22.78,22.43,23.40,21.26,22.60,21.49,19.43,21.47,19.99,21.53,18.90,8.51,6.83,6.04,5.26,9.22,7.51,7.75,6.47,7.61,7.79,5.75,7.53,9.27,8.25,8.97,7.60,8.76,8.85,9.21,8.08,8.41,8.79,9.10,7.27,1.00,0.37,1.23,2.44,99.00,1.97,10.92,10.09,13.26,12.70,11.26,13.09,11.98,11.46,13.13,12.48,13.44,11.64,13.14,8.91,6.38,10.00,4.63],
  [3.45,12.49,8.50,19.35,28.46,5.66,19.65,19.58,18.36,18.51,7.43,8.75,6.82,6.26,5.22,7.81,5.60,8.04,6.73,7.00,5.83,6.84,5.73,5.88,6.81,6.51,23.95,27.44,24.06,22.10,24.93,26.86,26.88,32.74,34.00,27.89,32.79,23.36,20.59,20.66,22.94,18.53,22.87,19.56,20.24,23.61,21.41,19.23,22.73,23.00,23.93,21.36,22.63,21.68,19.65,21.42,20.14,21.58,18.85,6.59,4.91,4.12,3.44,7.44,5.67,5.80,4.54,5.73,5.92,3.79,5.64,7.44,6.47,7.17,5.76,6.89,6.99,7.37,6.12,6.46,7.03,7.15,5.46,0.98,1.60,1.84,3.87,1.97,99.00,11.05,10.34,12.37,12.05,10.74,12.80,11.11,11.40,12.45,11.81,12.70,10.97,12.97,7.03,4.43,8.13,2.74],
  [12.27,8.88,2.94,8.32,18.13,15.55,10.45,10.47,9.16,8.41,3.69,3.70,7.24,4.91,6.14,4.01,6.95,4.52,5.90,5.68,5.39,5.25,6.14,5.41,4.47,7.00,13.21,17.17,13.82,11.77,15.00,15.91,15.91,21.77,23.06,16.89,21.88,12.56,9.77,9.70,11.91,7.48,11.99,8.60,9.24,12.63,10.68,8.88,11.87,12.31,13.14,10.35,11.67,10.63,8.61,10.56,9.10,10.60,8.01,14.79,13.74,13.29,13.39,16.63,14.89,13.97,13.36,14.63,14.90,12.56,14.51,16.30,15.83,16.28,14.97,15.54,15.72,16.22,13.30,12.92,16.38,13.12,14.86,10.83,10.86,9.80,9.00,10.92,11.05,99.00,1.05,6.50,4.87,3.62,3.17,5.81,1.16,5.22,4.83,5.75,4.60,2.73,11.87,11.90,12.32,10.83],
  [11.81,9.48,1.98,9.03,19.13,14.66,11.50,11.52,10.21,9.44,2.91,3.84,7.18,4.39,5.66,3.87,6.68,4.54,5.75,5.57,4.88,5.04,5.80,4.94,4.05,6.88,14.15,18.17,14.84,12.77,16.03,16.77,16.76,22.61,23.92,17.72,22.75,13.08,10.70,10.32,12.71,8.28,12.89,9.22,10.10,13.48,11.64,9.90,12.79,12.78,13.66,11.18,12.54,11.40,9.35,11.48,9.90,11.47,8.95,14.47,13.33,12.83,12.86,16.24,14.47,13.63,12.94,14.24,14.50,12.11,14.12,15.94,15.40,15.89,14.55,15.19,15.36,15.86,13.02,12.70,15.97,12.96,14.42,10.06,10.05,9.00,8.07,10.09,10.34,1.05,99.00,7.24,5.66,4.26,4.19,6.42,2.14,6.05,5.59,6.57,5.24,3.78,11.76,11.54,12.29,10.35],
  [11.71,2.64,8.06,11.29,16.83,17.92,7.62,7.52,6.46,7.45,7.73,4.48,5.70,7.15,7.53,5.41,6.77,4.73,5.69,5.44,7.31,5.79,6.78,7.14,6.60,5.92,13.23,15.80,12.54,10.86,13.07,16.59,16.70,22.30,23.37,17.85,22.11,16.09,10.49,12.99,13.65,10.09,12.69,12.09,10.94,13.78,10.94,8.38,12.47,16.13,16.64,12.02,12.79,12.77,11.32,11.33,11.29,11.96,9.15,12.96,12.62,12.54,13.14,15.04,13.70,12.36,12.37,13.30,13.54,11.84,13.19,14.53,14.51,14.69,13.76,13.81,13.99,14.47,11.33,10.69,14.95,10.52,13.81,12.69,13.02,12.04,12.34,13.26,12.37,6.50,7.24,99.00,1.69,3.00,4.13,1.28,5.42,1.48,1.68,1.08,2.07,4.93,9.17,10.73,9.01,10.68],
  [11.87,4.28,6.68,9.94,16.58,17.44,7.60,7.53,6.32,6.81,6.55,3.52,5.79,6.30,6.94,4.52,6.55,4.04,5.34,5.06,6.56,5.23,6.32,6.42,5.72,5.88,12.57,15.56,12.21,10.38,12.94,15.83,15.91,21.63,22.77,17.04,21.51,14.73,9.57,11.63,12.60,8.77,11.85,10.68,9.83,12.86,10.15,7.67,11.64,14.72,15.29,10.94,11.86,11.61,10.02,10.43,10.08,10.94,8.08,13.50,12.96,12.78,13.25,15.55,14.08,12.82,12.66,13.71,13.96,12.05,13.59,15.08,14.94,15.20,14.14,14.34,14.52,15.01,11.87,11.28,15.42,11.21,14.15,12.24,12.50,11.48,11.51,12.70,12.05,4.87,5.66,1.69,99.00,1.62,2.50,1.63,3.76,0.45,0.24,0.93,1.08,3.29,9.85,11.03,9.87,10.70],
  [10.90,5.26,5.10,10.06,17.74,16.01,8.98,8.93,7.67,7.82,4.93,2.02,4.96,4.78,5.54,3.02,5.42,2.71,4.17,3.89,5.08,3.90,5.03,4.96,4.19,4.94,13.44,16.72,13.34,11.42,14.19,16.58,16.64,22.44,23.63,17.73,22.39,14.75,10.26,11.69,13.07,8.96,12.56,10.67,10.28,13.48,10.95,8.60,12.38,14.66,15.33,11.42,12.48,11.98,10.21,11.12,10.42,11.50,8.64,12.83,12.12,11.86,12.23,14.84,13.26,12.10,11.79,12.92,13.18,11.11,12.81,14.41,14.16,14.48,13.33,13.65,13.84,14.34,11.23,10.71,14.66,10.74,13.31,10.85,11.08,10.03,9.96,11.26,10.74,3.62,4.26,3.00,1.62,99.00,2.43,2.19,2.67,2.06,1.46,2.52,0.98,3.00,9.40,10.19,9.60,9.63],
  [13.24,6.76,5.79,7.66,15.71,17.83,7.44,7.43,6.12,5.76,6.12,4.12,7.38,6.60,7.58,5.00,7.73,4.95,6.48,6.20,6.99,6.10,7.21,6.92,6.02,7.33,11.18,14.70,11.32,9.33,12.32,14.23,14.28,20.11,21.32,15.36,20.09,12.40,7.90,9.31,10.65,6.55,10.22,8.32,7.86,11.09,8.65,6.43,10.05,12.34,12.97,9.00,10.09,9.55,7.80,8.76,7.99,9.10,6.25,15.26,14.51,14.22,14.54,17.25,15.66,14.51,14.17,15.33,15.59,13.47,15.21,16.83,16.56,16.90,15.73,16.07,16.26,16.76,13.65,13.14,17.07,13.16,15.69,12.80,12.95,11.88,11.49,13.09,12.80,3.17,4.19,4.13,2.50,2.43,99.00,4.02,2.05,2.66,2.61,3.13,2.97,0.80,11.82,12.58,11.98,11.93],
  [10.58,3.07,7.01,11.56,17.87,16.65,8.73,8.64,7.52,8.28,6.59,3.30,4.51,5.89,6.25,4.18,5.52,3.46,4.42,4.16,6.04,4.51,5.50,5.86,5.35,4.70,14.06,16.85,13.54,11.79,14.15,17.36,17.46,23.13,24.24,18.59,22.99,16.34,11.14,13.25,14.21,10.40,13.40,12.29,11.44,14.44,11.68,9.17,13.19,16.32,16.91,12.55,13.44,13.24,11.65,12.00,11.71,12.54,9.69,12.01,11.57,11.44,11.99,14.08,12.67,11.37,11.29,12.28,12.53,10.73,12.17,13.59,13.51,13.73,12.73,12.85,13.04,13.53,10.38,9.77,13.96,9.66,12.76,11.41,11.75,10.76,11.07,11.98,11.11,5.81,6.42,1.28,1.63,2.19,4.02,99.00,4.83,1.77,1.45,1.74,1.22,4.77,8.30,9.65,8.27,9.50],
  [12.30,7.87,3.80,8.18,17.39,16.16,9.44,9.44,8.13,7.54,4.29,3.30,6.89,5.15,6.30,3.88,6.84,4.19,5.68,5.43,5.60,5.12,6.13,5.58,4.63,6.72,12.61,16.41,13.04,11.00,14.15,15.46,15.48,21.34,22.60,16.50,21.40,12.65,9.21,9.68,11.59,7.23,11.48,8.61,8.85,12.21,10.07,8.09,11.34,12.47,13.23,9.98,11.23,10.37,8.42,10.03,8.81,10.18,7.46,14.64,13.70,13.31,13.50,16.55,14.86,13.85,13.34,14.57,14.83,12.57,14.45,16.18,15.78,16.19,14.94,15.42,15.60,16.11,13.10,12.67,16.32,12.81,14.85,11.28,11.37,10.30,9.69,11.46,11.40,1.16,2.14,5.42,3.76,2.67,2.05,4.83,99.00,4.09,3.74,4.62,3.61,1.75,11.51,11.81,11.86,10.91],
  [12.20,4.12,7.12,9.91,16.24,17.86,7.21,7.14,5.94,6.53,6.99,3.96,6.11,6.75,7.37,4.96,6.93,4.47,5.73,5.46,7.00,5.65,6.73,6.86,6.16,6.23,12.31,15.21,11.88,10.07,12.57,15.60,15.69,21.38,22.50,16.82,21.25,14.70,9.37,11.61,12.45,8.72,11.63,10.68,9.70,12.67,9.92,7.41,11.42,14.72,15.26,10.80,11.67,11.50,9.96,10.23,9.99,10.78,7.93,13.75,13.25,13.09,13.59,15.81,14.37,13.09,12.97,13.99,14.24,12.37,13.88,15.34,15.22,15.46,14.43,14.59,14.78,15.27,12.12,11.52,15.69,11.43,14.45,12.65,12.93,11.90,11.96,13.13,12.45,5.22,6.05,1.48,0.45,2.06,2.66,1.77,4.09,99.00,0.65,0.53,1.49,3.46,10.07,11.33,10.04,11.05],
  [11.63,4.21,6.55,10.12,16.82,17.21,7.84,7.77,6.56,7.05,6.38,3.31,5.55,6.10,6.72,4.31,6.31,3.81,5.10,4.82,6.35,5.00,6.09,6.20,5.51,5.64,12.80,15.80,12.45,10.62,13.18,16.06,16.14,21.86,23.00,17.26,21.75,14.90,9.79,11.80,12.81,8.95,12.07,10.85,10.03,13.08,10.38,7.91,11.87,14.88,15.46,11.15,12.08,11.82,10.20,10.65,10.28,11.16,8.30,13.27,12.72,12.54,13.01,15.31,13.84,12.59,12.42,13.47,13.72,11.81,13.36,14.85,14.70,14.96,13.90,14.10,14.29,14.78,11.64,11.05,15.18,10.99,13.91,12.01,12.28,11.25,11.31,12.48,11.81,4.83,5.59,1.68,0.24,1.46,2.61,1.45,3.74,0.65,99.00,1.06,0.85,3.39,9.63,10.79,9.66,10.46],
  [12.31,3.71,7.61,10.21,16.13,18.15,7.02,6.94,5.79,6.56,7.44,4.34,6.23,7.11,7.67,5.33,7.13,4.78,5.97,5.70,7.34,5.94,7.00,7.19,6.54,6.38,12.35,15.11,11.80,10.05,12.43,15.67,15.77,21.42,22.52,16.91,21.26,15.01,9.50,11.92,12.63,9.01,11.73,11.01,9.90,12.80,10.00,7.46,11.52,15.05,15.56,10.99,11.81,11.72,10.25,10.35,10.23,10.95,8.12,13.75,13.31,13.18,13.71,15.81,14.41,13.11,13.03,14.02,14.27,12.46,13.91,15.33,15.25,15.47,14.47,14.59,14.78,15.26,12.11,11.49,15.70,11.37,14.50,12.93,13.23,12.21,12.34,13.44,12.70,5.75,6.57,1.08,0.93,2.52,3.13,1.74,4.62,0.53,1.06,99.00,1.82,3.93,10.01,11.39,9.93,11.20],
  [10.82,4.28,5.98,10.61,17.65,16.37,8.68,8.62,7.41,7.84,5.70,2.53,4.76,5.29,5.88,3.51,5.47,2.98,4.26,3.98,5.53,4.15,5.24,5.38,4.72,4.83,13.56,16.62,13.27,11.42,14.01,16.79,16.86,22.61,23.76,17.98,22.52,15.36,10.50,12.27,13.44,9.47,12.79,11.29,10.66,13.77,11.12,8.68,12.59,15.30,15.93,11.78,12.76,12.41,10.73,11.36,10.86,11.82,8.95,12.54,11.94,11.74,12.19,14.57,13.07,11.84,11.64,12.71,12.96,11.01,12.59,14.12,13.94,14.22,13.14,13.37,13.55,14.05,10.91,10.35,14.43,10.32,13.13,11.16,11.44,10.42,10.51,11.64,10.97,4.60,5.24,2.07,1.08,0.98,2.97,1.22,3.61,1.49,0.85,1.82,99.00,3.67,8.96,10.01,9.06,9.63],
  [13.61,7.56,5.54,7.07,15.67,17.85,7.73,7.74,6.43,5.79,6.02,4.45,7.87,6.72,7.78,5.25,8.09,5.32,6.86,6.59,7.14,6.41,7.50,7.09,6.16,7.78,10.98,14.68,11.31,9.28,12.40,13.93,13.97,19.82,21.05,15.02,19.84,11.75,7.63,8.69,10.22,6.00,9.93,7.67,7.44,10.74,8.44,6.37,9.77,11.67,12.33,8.58,9.74,9.07,7.24,8.47,7.50,8.72,5.91,15.74,14.92,14.60,14.87,17.71,16.08,14.98,14.58,15.76,16.02,13.85,15.64,17.30,16.99,17.35,16.15,16.54,16.73,17.23,14.15,13.66,17.51,13.72,16.10,12.91,13.02,11.95,11.42,13.14,12.97,2.73,3.78,4.93,3.29,3.00,0.80,4.77,1.75,3.46,3.39,3.93,3.67,99.00,12.38,13.00,12.60,12.26],
  [4.12,7.83,10.78,19.46,25.93,12.17,16.69,16.57,15.60,16.57,9.61,8.22,4.64,7.77,6.67,7.90,5.19,7.36,6.01,6.21,7.37,6.72,6.14,7.21,7.88,4.88,22.35,24.91,21.69,20.03,22.13,25.66,25.76,31.43,32.52,26.89,31.26,24.10,19.42,21.06,22.41,18.36,21.69,20.03,19.62,22.71,19.98,17.47,21.49,23.96,24.68,20.75,21.71,21.36,19.61,20.28,19.80,20.78,17.91,3.87,4.08,4.41,5.38,5.95,4.91,3.45,4.01,4.46,4.66,3.99,4.37,5.41,5.57,5.62,4.94,4.72,4.90,5.35,2.32,1.59,5.93,1.36,5.11,7.93,8.54,8.17,9.88,8.91,7.03,11.87,11.76,9.17,9.85,9.40,11.82,8.30,11.51,10.07,9.63,10.01,8.96,12.38,99.00,2.83,1.10,4.29],
  [1.30,9.95,10.16,19.98,27.53,9.35,18.35,18.25,17.17,17.84,8.94,8.57,5.25,7.18,5.93,7.94,4.97,7.69,6.15,6.42,6.71,6.70,5.76,6.61,7.49,5.25,23.57,26.50,23.19,21.40,23.79,26.76,26.82,32.61,33.77,27.92,32.52,24.43,20.44,21.49,23.22,18.97,22.75,20.41,20.42,23.66,21.11,18.68,22.56,24.20,25.01,21.57,22.66,22.07,20.19,21.30,20.50,21.67,18.82,2.96,1.94,1.84,2.66,4.74,3.08,2.10,1.64,2.76,3.02,1.23,2.64,4.40,3.99,4.39,3.15,3.65,3.83,4.33,1.82,2.03,4.51,2.72,3.13,5.38,6.01,5.86,7.77,6.38,4.43,11.90,11.54,10.73,11.03,10.19,12.58,9.65,11.81,11.33,10.79,11.39,10.01,13.00,2.83,99.00,3.90,1.83],
  [5.18,7.40,11.45,19.65,25.64,13.25,16.40,16.27,15.37,16.46,10.31,8.62,5.11,8.48,7.46,8.41,5.89,7.80,6.56,6.72,8.11,7.29,6.85,7.94,8.53,5.42,22.24,24.62,21.46,19.86,21.81,25.59,25.70,31.31,32.37,26.84,31.11,24.35,19.41,21.28,22.47,18.53,21.66,20.27,19.69,22.71,19.93,17.38,21.45,24.24,24.92,20.81,21.71,21.46,19.78,20.27,19.92,20.81,17.96,4.46,4.97,5.38,6.39,6.46,5.68,4.21,4.95,5.21,5.38,5.03,5.14,5.89,6.23,6.16,5.69,5.26,5.43,5.84,3.08,2.34,6.51,1.80,5.91,9.02,9.63,9.24,10.91,10.00,8.13,12.32,12.29,9.01,9.87,9.60,11.98,8.27,11.86,10.04,9.66,9.93,9.06,12.60,1.10,3.90,99.00,5.39],
  [1.47,10.35,8.80,19.07,27.27,8.10,18.22,18.13,16.98,17.43,7.60,7.82,4.99,5.96,4.70,7.04,4.21,6.98,5.46,5.75,5.48,5.85,4.78,5.43,6.36,4.82,23.07,26.25,22.90,21.03,23.62,26.16,26.21,32.04,33.24,27.28,32.01,23.39,19.83,20.52,22.46,18.13,22.14,19.43,19.69,22.99,20.57,18.23,21.98,23.11,23.97,20.83,22.00,21.26,19.32,20.69,19.70,20.98,18.16,4.55,3.08,2.50,2.61,6.00,4.17,3.68,2.67,4.01,4.27,1.81,3.90,5.79,5.10,5.66,4.26,5.10,5.25,5.72,3.64,3.83,5.68,4.50,4.09,3.64,4.26,4.04,5.94,4.63,2.74,10.83,10.35,10.68,10.70,9.63,11.93,9.50,10.91,11.05,10.46,11.20,9.63,12.26,4.29,1.83,5.39,99.00]
];
