// Chosen Depots: [1, 2, 3, 4, 5, 6]
// Chosen Demand Points (Original DP No): [1, 2, 3, 4, 5, 6, 8, 9, 10, 11, 12, 15, 16, 17, 19, 20, 21, 22, 23, 24, 25, 28, 30, 31, 32, 33, 35, 37, 39, 41, 42, 46, 47, 48, 49, 50, 52, 53, 54, 56, 57, 58, 59, 60, 61, 62, 63, 65, 67, 70, 71, 72, 73, 74, 76, 77, 78, 79, 80, 81, 82, 84, 85, 88, 89, 91, 92, 93, 94, 96, 97, 99, 100, 101, 102, 103, 104, 106, 107, 108, 110, 111, 112, 113, 114, 115, 118, 119, 122, 123, 124, 126, 127, 130, 131, 132, 134, 135, 136, 138, 139, 140, 143, 144, 145, 146, 147, 150, 152, 155, 158, 159, 160, 161, 162, 163, 165, 167, 168, 171]
// Original Weights: [9, 9, 9, 6, 6, 9, 4, 8, 4, 5, 6, 7, 4, 5, 5, 6, 6, 6, 6, 5, 5, 5, 5, 6, 6, 8, 10, 9, 10, 6, 7, 6, 6, 6, 8, 3, 6, 5, 4, 5, 5, 6, 5, 5, 7, 4, 5, 7, 6, 6, 7, 7, 6, 2, 5, 6, 5, 4, 5, 7, 6, 6, 6, 6, 7, 6, 5, 7, 6, 7, 7, 6, 7, 7, 6, 7, 7, 7, 8, 7, 7, 7, 7, 7, 7, 7, 7, 8, 8, 6, 3, 3, 3, 4, 2, 4, 4, 4, 2, 3, 4, 4, 8, 8, 7, 8, 5, 7, 7, 5, 8, 7, 6, 8, 8, 8, 6, 9, 5, 8]

|W| = 6;
|D| = 120;
V = 54;
C = 3;
|K| = 2;
M = 100;
S = 0.25;
|TR| = 16;
δmax = 18.3;
Runtime = 60;

// Priority weights for selected demand points
pj = [
  9, 9, 9, 6, 6, 9, 4, 8, 4, 5, 6, 7, 4, 5, 5, 6, 6, 6, 6, 5, 5, 5, 5, 6, 6, 8, 10, 9, 10, 6, 7, 6, 6, 6, 8, 3, 6, 5, 4, 5, 5, 6, 5, 5, 7, 4, 5, 7, 6, 6, 7, 7, 6, 2, 5, 6, 5, 4, 5, 7, 6, 6, 6, 6, 7, 6, 5, 7, 6, 7, 7, 6, 7, 7, 6, 7, 7, 7, 8, 7, 7, 7, 7, 7, 7, 7, 7, 8, 8, 6, 3, 3, 3, 4, 2, 4, 4, 4, 2, 3, 4, 4, 8, 8, 7, 8, 5, 7, 7, 5, 8, 7, 6, 8, 8, 8, 6, 9, 5, 8
];

δij =
[
  [99.00,99.00,99.00,99.00,99.00,99.00,19.31,19.21,17.00,18.70,18.70,18.10,17.26,18.55,9.07,9.24,9.16,6.09,7.41,6.15,8.42,5.52,8.30,6.76,7.04,6.93,7.21,6.17,7.81,6.00,19.04,24.16,27.41,24.08,24.73,28.07,27.47,31.29,31.81,28.60,33.29,24.83,19.53,20.04,21.94,21.43,19.52,24.56,22.59,21.87,23.45,20.86,21.04,21.85,20.18,21.71,19.47,23.28,22.79,24.56,22.19,23.33,22.64,20.72,20.91,20.18,22.00,22.32,19.49,1.64,4.43,1.03,1.44,3.60,1.70,4.53,2.58,1.26,2.70,2.39,1.23,2.57,2.81,2.46,3.04,4.35,4.20,2.79,3.68,3.80,3.82,4.28,4.65,3.14,3.86,2.62,4.44,5.05,5.09,3.46,5.42,3.51,3.27,3.45,5.95,3.89,12.27,11.81,13.37,13.22,11.87,11.96,10.83,13.09,10.66,12.30,12.31,10.82,13.61,13.25,13.05,4.12,1.06,5.18,1.47,4.08],
  [99.00,99.00,99.00,99.00,99.00,99.00,9.07,8.93,6.60,10.80,10.80,8.14,11.93,9.19,9.37,6.43,6.12,5.71,8.33,8.33,6.83,7.11,5.99,6.36,6.19,8.35,6.74,7.46,7.88,6.09,11.43,14.95,17.27,14.17,14.44,19.41,18.64,22.83,23.22,19.93,23.93,18.64,11.32,12.98,15.55,13.93,12.63,15.96,14.85,14.43,14.85,14.68,13.35,13.08,12.54,13.23,10.51,14.62,14.84,18.71,14.39,15.04,15.19,13.85,13.35,11.14,13.56,14.27,11.55,11.70,13.73,11.79,12.55,12.96,12.58,13.77,10.69,12.15,12.68,11.24,11.52,12.24,12.45,12.14,10.10,13.23,13.45,12.72,12.55,13.79,12.73,13.17,13.75,9.42,9.10,12.84,12.99,13.43,12.55,13.26,13.72,12.30,13.57,12.49,13.42,13.59,8.88,9.48,3.87,4.76,4.28,3.06,6.71,5.00,3.67,7.87,3.71,4.28,7.56,4.23,3.85,7.83,10.11,7.40,10.35,8.24],
  [99.00,99.00,99.00,99.00,99.00,99.00,13.23,13.22,11.78,10.26,10.26,11.91,7.52,11.50,1.22,3.53,3.84,6.45,3.03,4.25,3.36,5.60,4.22,4.96,4.86,3.48,4.22,4.64,2.93,6.07,10.31,16.06,20.10,16.76,17.92,19.18,18.75,22.12,22.69,19.69,24.73,14.86,11.18,10.81,12.19,12.30,10.25,15.88,13.48,12.64,14.88,11.10,12.08,13.61,11.30,13.23,11.81,14.77,13.80,14.51,13.16,14.53,13.36,11.30,11.87,12.46,13.46,13.45,10.93,11.85,14.68,11.29,11.22,13.82,11.85,14.78,12.08,11.47,12.97,12.25,11.45,12.78,13.03,12.66,12.02,14.52,14.44,13.05,13.79,14.06,13.95,14.45,14.88,11.53,11.88,12.89,8.16,8.11,7.08,9.45,8.13,8.25,10.13,8.50,7.28,9.46,2.94,1.98,8.69,7.61,6.68,7.89,3.65,7.23,6.49,3.80,7.61,5.98,5.54,8.16,8.29,10.78,10.04,11.45,8.80,11.22],
  [99.00,99.00,99.00,99.00,99.00,99.00,8.44,8.59,9.40,3.42,3.42,7.92,3.46,6.34,11.94,11.29,11.41,14.92,13.21,14.42,12.06,15.01,12.30,13.83,13.57,13.68,13.29,14.31,12.74,14.81,2.69,6.49,10.97,8.28,9.90,8.38,8.10,11.16,11.75,8.86,14.02,4.80,3.53,1.05,1.71,1.80,1.22,5.48,2.79,1.90,4.79,1.08,2.10,4.55,2.11,3.85,5.14,4.82,3.24,4.89,2.66,4.14,2.47,0.46,1.82,5.17,3.85,3.17,3.00,21.87,24.62,21.49,21.66,23.74,22.17,24.71,21.64,21.74,23.03,21.99,21.51,22.74,23.00,22.62,21.35,24.32,24.35,23.11,23.56,24.20,23.74,24.25,24.77,20.72,20.79,23.03,19.09,19.07,18.03,20.31,19.10,19.10,20.98,19.35,18.24,20.36,8.32,9.03,10.03,9.10,9.94,10.86,9.71,8.91,11.10,8.18,10.21,10.61,7.07,9.62,9.99,19.46,19.95,19.65,19.07,19.95],
  [99.00,99.00,99.00,99.00,99.00,99.00,9.24,9.37,11.70,10.87,10.87,10.36,14.60,9.95,21.69,19.75,19.71,22.35,22.30,23.24,20.66,23.11,20.44,21.87,21.59,22.68,21.64,22.76,21.72,22.46,10.98,5.29,1.03,4.40,3.85,5.98,5.32,7.99,7.89,6.08,6.52,12.40,9.96,11.21,11.89,9.94,11.69,6.48,9.08,9.91,6.95,12.45,9.78,7.62,10.29,8.17,9.30,6.92,8.57,13.14,9.10,7.66,9.64,11.28,10.05,8.63,8.04,8.57,10.31,29.43,31.79,29.31,29.83,30.97,30.09,31.85,28.68,29.64,30.52,29.18,29.16,30.12,30.36,30.01,28.17,31.34,31.51,30.58,30.62,31.69,30.80,31.27,31.85,27.49,27.26,30.62,28.50,28.66,27.59,29.41,28.79,28.21,29.96,28.46,28.07,29.58,18.13,19.13,15.12,15.22,16.58,16.53,18.34,15.37,17.77,17.39,16.13,17.65,15.67,15.19,15.42,25.93,27.61,25.64,27.27,26.38],
  [99.00,99.00,99.00,99.00,99.00,99.00,24.98,24.93,22.99,22.86,22.86,23.67,20.10,23.66,11.89,13.89,13.99,12.46,11.27,10.49,12.99,11.18,13.40,12.23,12.49,10.93,12.22,11.16,11.86,12.13,22.96,28.66,32.52,29.14,30.13,31.85,31.43,34.73,35.31,32.36,37.41,27.05,23.78,23.47,24.66,24.96,22.91,28.55,26.14,25.30,27.54,23.59,24.75,26.21,23.97,25.87,24.22,27.42,26.47,26.58,25.83,27.20,25.99,23.92,24.55,24.91,26.11,26.12,23.56,8.79,9.89,8.11,7.06,9.64,7.66,9.99,10.28,7.82,8.87,9.81,8.61,9.19,9.24,9.17,10.91,10.32,9.89,8.93,10.13,8.91,10.13,10.28,10.18,11.17,11.89,8.56,5.23,4.93,5.97,4.97,4.75,5.85,4.86,5.66,5.45,4.60,15.55,14.66,19.34,18.76,17.44,18.03,15.21,18.49,16.48,16.16,18.15,16.37,17.85,19.03,18.95,12.17,9.09,13.25,8.10,12.15],
  [19.31,9.07,13.23,8.44,9.24,24.98,99.00,0.19,2.47,5.23,5.23,1.32,9.10,2.26,13.53,11.10,10.99,13.24,13.74,14.51,11.99,14.14,11.62,12.94,12.66,14.06,12.82,13.92,13.14,13.40,5.90,6.26,8.22,5.11,5.45,10.84,9.99,14.24,14.55,11.34,14.91,12.42,4.91,7.40,9.85,7.40,7.46,7.72,7.76,7.83,6.76,9.52,6.77,5.14,6.37,5.64,3.30,6.50,7.50,12.81,7.35,7.26,8.36,8.15,6.95,3.44,5.92,6.95,5.45,20.24,22.56,20.16,20.72,21.74,20.95,22.61,19.45,20.50,21.31,19.96,19.99,20.91,21.15,20.80,18.93,22.09,22.27,21.37,21.38,22.48,21.56,22.03,22.61,18.24,18.02,21.43,19.81,20.05,19.01,20.57,20.23,19.41,21.07,19.65,19.62,20.79,10.45,11.50,5.94,6.25,7.60,7.35,9.91,6.49,8.71,9.44,7.02,8.68,7.73,6.09,6.26,16.69,18.45,16.40,18.22,17.14],
  [19.21,8.93,13.22,8.59,9.37,24.93,0.19,99.00,2.33,5.36,5.36,1.31,9.20,2.38,13.51,11.06,10.94,13.15,13.70,14.45,11.94,14.06,11.56,12.87,12.59,14.01,12.75,13.86,13.10,13.32,6.04,6.44,8.35,5.27,5.56,11.02,10.17,14.42,14.72,11.52,15.07,12.60,5.06,7.55,10.02,7.57,7.60,7.91,7.94,8.00,6.95,9.67,6.94,5.32,6.53,5.82,3.46,6.69,7.68,12.98,7.52,7.45,8.53,8.31,7.12,3.62,6.10,7.13,5.60,20.14,22.44,20.06,20.63,21.62,20.85,22.49,19.34,20.40,21.20,19.85,19.88,20.80,21.03,20.69,18.81,21.97,22.16,21.26,21.26,22.37,21.45,21.91,22.49,18.13,17.89,21.32,19.76,20.00,18.96,20.50,20.18,19.34,21.00,19.58,19.58,20.72,10.47,11.52,5.84,6.19,7.53,7.25,9.88,6.44,8.63,9.44,6.94,8.62,7.74,6.01,6.17,16.57,18.35,16.27,18.13,17.01],
  [17.00,6.60,11.78,9.40,11.70,22.99,2.47,2.33,99.00,5.98,5.98,1.75,9.14,3.26,11.90,9.23,9.07,10.98,11.86,12.50,10.08,11.97,9.60,10.82,10.55,12.13,10.78,11.85,11.27,11.18,6.72,8.56,10.68,7.58,7.87,13.13,12.30,16.55,16.88,13.63,17.37,13.84,6.04,8.37,11.00,8.78,8.26,9.84,9.39,9.26,8.80,10.44,8.13,7.06,7.52,7.41,4.69,8.55,9.23,14.12,8.94,9.17,9.90,9.22,8.24,5.14,7.72,8.65,6.49,17.87,20.14,17.82,18.43,19.33,18.62,20.19,17.04,18.17,18.93,17.56,17.63,18.52,18.75,18.41,16.50,19.67,19.86,18.98,18.96,20.08,19.14,19.60,20.18,15.82,15.57,19.05,17.78,18.06,17.04,18.44,18.27,17.31,18.91,17.55,17.71,18.69,9.24,10.26,3.68,4.31,5.57,5.07,8.24,4.63,6.54,8.12,4.85,6.62,6.57,3.96,4.06,14.26,16.11,13.94,15.97,14.70],
  [18.70,10.80,10.26,3.42,10.87,22.86,5.23,5.36,5.98,99.00,0.00,4.54,4.14,3.01,10.98,9.52,9.56,12.80,11.85,12.93,10.39,13.18,10.40,11.94,11.66,12.28,11.53,12.63,11.30,12.78,0.74,5.80,9.94,6.69,8.08,9.37,8.79,12.63,13.13,9.91,14.69,8.01,0.92,2.39,5.05,3.13,2.29,5.87,4.11,3.64,4.78,4.46,2.56,3.35,1.74,3.05,2.13,4.63,4.19,8.21,3.66,4.64,4.40,3.26,2.55,2.53,3.32,3.67,0.80,19.95,22.59,19.67,19.99,21.72,20.40,22.67,19.53,19.95,21.10,19.93,19.62,20.76,21.02,20.65,19.15,22.24,22.32,21.17,21.48,22.29,21.67,22.16,22.71,18.49,18.47,21.14,18.01,18.10,17.03,19.07,18.19,17.85,19.68,18.11,17.41,19.19,7.33,8.29,6.93,6.20,7.29,7.96,7.96,6.11,8.53,6.73,7.34,8.15,5.15,6.61,6.97,17.11,18.04,17.16,17.38,17.60],
  [18.70,10.80,10.26,3.42,10.87,22.86,5.23,5.36,5.98,0.00,99.00,4.54,4.14,3.01,10.98,9.52,9.56,12.80,11.85,12.93,10.39,13.18,10.40,11.94,11.66,12.28,11.53,12.63,11.30,12.78,0.74,5.80,9.94,6.69,8.08,9.37,8.79,12.63,13.13,9.91,14.69,8.01,0.92,2.39,5.05,3.13,2.29,5.87,4.11,3.64,4.78,4.46,2.56,3.35,1.74,3.05,2.13,4.63,4.19,8.21,3.66,4.64,4.40,3.26,2.55,2.53,3.32,3.67,0.80,19.95,22.59,19.67,19.99,21.72,20.40,22.67,19.53,19.95,21.10,19.93,19.62,20.76,21.02,20.65,19.15,22.24,22.32,21.17,21.48,22.29,21.67,22.16,22.71,18.49,18.47,21.14,18.01,18.10,17.03,19.07,18.19,17.85,19.68,18.11,17.41,19.19,7.33,8.29,6.93,6.20,7.29,7.96,7.96,6.11,8.53,6.73,7.34,8.15,5.15,6.61,6.97,17.11,18.04,17.16,17.38,17.60],
  [18.10,8.14,11.91,7.92,10.36,23.67,1.32,1.31,1.75,4.54,4.54,99.00,8.14,1.60,12.21,9.79,9.68,12.02,12.42,13.20,10.68,12.87,10.32,11.67,11.39,12.75,11.52,12.63,11.83,12.16,5.26,6.87,9.34,6.09,6.63,11.41,10.59,14.83,15.18,11.92,15.79,12.20,4.45,6.87,9.45,7.13,6.83,8.10,7.69,7.60,7.05,8.98,6.49,5.31,5.94,5.67,2.99,6.79,7.50,12.52,7.24,7.42,8.22,7.69,6.62,3.39,5.98,6.93,4.94,19.07,21.44,18.97,19.51,20.61,19.75,21.50,18.33,19.30,20.16,18.82,18.81,19.76,20.00,19.65,17.82,20.99,21.16,20.22,20.27,21.33,20.45,20.92,21.50,17.14,16.94,20.26,18.51,18.75,17.70,19.29,18.92,18.12,19.79,18.36,18.30,19.50,9.16,10.21,4.76,4.97,6.32,6.16,8.59,5.19,7.46,8.13,5.79,7.41,6.43,4.85,5.06,15.60,17.26,15.37,16.98,16.06],
  [17.26,11.93,7.52,3.46,14.60,20.10,9.10,9.20,9.14,4.14,4.14,8.14,99.00,6.85,8.53,8.21,8.38,11.96,9.90,11.13,8.90,11.87,9.26,10.74,10.50,10.37,10.15,11.10,9.46,11.79,3.75,9.33,13.73,10.66,12.14,11.80,11.47,14.62,15.21,12.30,17.42,7.59,4.91,3.50,4.71,4.97,2.97,8.70,6.12,5.24,7.84,3.62,4.92,7.00,4.31,6.43,6.26,7.79,6.51,7.39,5.87,7.33,5.91,3.83,4.66,6.66,6.58,6.26,4.43,18.70,21.49,18.27,18.38,20.61,18.92,21.58,18.59,18.50,19.86,18.89,18.33,19.59,19.85,19.47,18.35,21.23,21.23,19.94,20.47,21.02,20.65,21.15,21.65,17.75,17.88,19.84,15.66,15.62,14.59,16.91,15.64,15.70,17.58,15.95,14.78,16.95,4.99,5.61,8.43,7.26,7.71,8.87,6.69,6.96,8.68,5.08,8.23,8.11,4.46,7.91,8.27,16.58,16.80,16.90,15.82,17.07],
  [18.55,9.19,11.50,6.34,9.95,23.66,2.26,2.38,3.26,3.01,3.01,1.60,6.85,99.00,11.95,9.82,9.76,12.47,12.40,13.30,10.72,13.17,10.49,11.93,11.64,12.77,11.69,12.81,11.81,12.55,3.71,5.81,8.93,5.56,6.48,10.22,9.45,13.64,14.03,10.74,14.92,10.61,2.85,5.29,7.85,5.54,5.28,6.79,6.13,6.01,5.70,7.40,4.89,3.92,4.34,4.19,1.43,5.46,5.98,10.92,5.68,5.99,6.64,6.09,5.02,1.97,4.51,5.40,3.34,19.62,22.09,19.45,19.92,21.24,20.22,22.16,18.98,19.77,20.73,19.45,19.33,20.35,20.60,20.24,18.52,21.67,21.81,20.80,20.94,21.92,21.12,21.61,22.17,17.84,17.70,20.82,18.58,18.76,17.70,19.46,18.91,18.26,20.01,18.51,18.23,19.64,8.63,9.67,5.51,5.34,6.68,6.83,8.45,5.45,7.91,7.71,6.35,7.73,5.96,5.43,5.72,16.34,17.76,16.20,17.35,16.81],
  [9.07,9.37,1.22,11.94,21.69,11.89,13.53,13.51,11.90,10.98,10.98,12.21,8.53,11.95,99.00,3.01,3.29,5.38,1.84,3.03,2.56,4.43,3.43,3.90,3.85,2.27,3.18,3.47,1.83,4.98,11.09,16.77,20.70,17.33,18.41,20.06,19.60,23.06,23.63,20.58,25.57,15.96,11.89,11.71,13.23,13.19,11.16,16.70,14.38,13.56,15.67,12.13,12.93,14.32,12.12,13.99,12.39,15.55,14.67,15.63,14.03,15.36,14.29,12.25,12.74,13.06,14.24,14.29,11.68,10.64,13.47,10.09,10.04,12.61,10.66,13.57,10.86,10.27,11.76,11.04,10.24,11.56,11.82,11.45,10.81,13.31,13.22,11.85,12.57,12.86,12.74,13.23,13.67,10.33,10.68,11.68,7.16,7.17,6.12,8.39,7.24,7.17,9.06,7.43,6.44,8.43,3.69,2.91,8.59,7.63,6.55,7.63,3.66,7.28,6.12,4.29,7.44,5.70,6.02,8.11,8.18,9.61,8.83,10.31,7.60,10.04],
  [9.24,6.43,3.53,11.29,19.75,13.89,11.10,11.06,9.23,9.52,9.52,9.79,8.21,9.82,3.01,99.00,0.32,3.79,2.64,3.49,0.90,3.73,1.07,2.55,2.29,2.96,2.03,3.11,2.05,3.59,9.82,15.14,18.74,15.36,16.26,18.87,18.30,22.07,22.59,19.41,24.19,15.78,10.38,10.81,12.81,12.20,10.29,15.39,13.35,12.63,14.29,11.74,11.81,12.76,10.95,12.55,10.52,14.13,13.56,15.59,12.95,14.13,13.41,11.50,11.68,11.23,12.84,13.10,10.29,10.59,13.33,10.23,10.49,12.45,10.94,13.42,10.39,10.50,11.75,10.71,10.23,11.45,11.71,11.33,10.14,13.05,13.07,11.83,12.29,12.92,12.47,12.97,13.48,9.54,9.70,11.75,8.76,8.97,7.91,9.66,9.13,8.46,10.24,8.71,8.52,9.83,3.46,3.55,5.73,4.93,3.70,4.66,1.59,4.63,3.12,3.14,4.55,2.74,4.38,5.31,5.32,8.43,8.67,8.86,7.88,8.92],
  [9.16,6.12,3.84,11.41,19.71,13.99,10.99,10.94,9.07,9.56,9.56,9.68,8.38,9.76,3.29,0.32,99.00,3.59,2.79,3.54,1.01,3.64,0.89,2.42,2.15,3.07,1.98,3.09,2.20,3.41,9.88,15.14,18.69,15.31,16.19,18.92,18.34,22.14,22.65,19.46,24.21,15.95,10.41,10.91,12.95,12.28,10.40,15.43,13.43,12.72,14.33,11.89,11.89,12.77,11.02,12.58,10.50,14.16,13.63,15.77,13.03,14.18,13.51,11.62,11.76,11.21,12.87,13.17,10.34,10.48,13.21,10.15,10.43,12.33,10.86,13.29,10.24,10.42,11.64,10.58,10.13,11.33,11.60,11.21,9.97,12.91,12.94,11.71,12.15,12.82,12.33,12.84,13.35,9.37,9.51,11.65,8.84,9.06,8.02,9.70,9.24,8.50,10.26,8.75,8.65,9.88,3.70,3.84,5.53,4.78,3.52,4.42,1.71,4.51,2.86,3.30,4.34,2.53,4.45,5.13,5.12,8.22,8.56,8.62,7.82,8.71],
  [6.09,5.71,6.45,14.92,22.35,12.46,13.24,13.15,10.98,12.80,12.80,12.02,11.96,12.47,5.38,3.79,3.59,99.00,3.67,3.03,3.30,1.48,2.72,1.49,1.62,3.42,2.23,2.17,3.55,0.46,13.20,18.13,21.32,17.99,18.65,22.15,21.51,25.43,25.92,22.68,27.27,19.51,13.59,14.36,16.50,15.68,13.87,18.62,16.80,16.13,17.50,15.45,15.24,15.86,14.37,15.76,13.43,17.32,16.96,19.35,16.38,17.43,16.92,15.10,15.13,14.14,16.06,16.46,13.60,7.19,9.80,6.99,7.49,8.92,7.76,9.87,6.75,7.30,8.32,7.14,6.88,7.97,8.23,7.85,6.43,9.45,9.52,8.39,8.69,9.51,8.88,9.38,9.91,5.80,5.92,8.38,7.28,7.72,6.86,7.63,8.01,6.61,8.02,6.82,7.76,7.94,7.24,7.18,7.32,7.14,5.79,5.91,5.28,7.02,4.57,6.89,6.23,4.76,7.87,7.17,6.98,4.64,5.30,5.11,4.99,5.12],
  [7.41,8.33,3.03,13.21,22.30,11.27,13.74,13.70,11.86,11.85,11.85,12.42,9.90,12.40,1.84,2.64,2.79,3.67,99.00,1.26,1.79,2.60,2.43,2.25,2.29,0.48,1.64,1.64,0.60,3.23,12.07,17.58,21.30,17.91,18.86,21.12,20.60,24.23,24.77,21.65,26.54,17.44,12.74,12.87,14.61,14.32,12.33,17.69,15.50,14.72,16.62,13.51,14.00,15.16,13.16,14.90,13.03,16.47,15.75,17.16,15.13,16.38,15.48,13.49,13.84,13.72,15.17,15.33,12.60,8.94,11.76,8.44,8.49,10.89,9.06,11.86,9.08,8.65,10.08,9.28,8.55,9.85,10.12,9.73,9.00,11.57,11.51,10.16,10.83,11.21,11.00,11.50,11.95,8.50,8.85,10.02,6.20,6.36,5.30,7.22,6.51,6.00,7.84,6.26,5.88,7.34,4.91,4.39,8.31,7.56,6.30,7.14,3.97,7.27,5.55,5.15,7.11,5.29,6.72,7.92,7.90,7.77,7.09,8.48,5.96,8.20],
  [6.15,8.33,4.25,14.42,23.24,10.49,14.51,14.45,12.50,12.93,12.93,13.20,11.13,13.30,3.03,3.49,3.54,3.03,1.26,99.00,2.58,1.66,2.90,1.97,2.15,0.79,1.74,0.88,1.68,2.56,13.18,18.61,22.23,18.84,19.73,22.25,21.71,25.38,25.92,22.78,27.62,18.69,13.81,14.05,15.84,15.48,13.51,18.79,16.66,15.89,17.71,14.74,15.14,16.21,14.29,15.98,14.01,17.56,16.90,18.41,16.28,17.50,16.66,14.68,14.99,14.71,16.25,16.46,13.69,7.67,10.50,7.18,7.25,9.63,7.80,10.60,7.83,7.39,8.81,8.02,7.28,8.59,8.85,8.47,7.78,10.31,10.25,8.90,9.57,9.94,9.74,10.24,10.69,7.30,7.68,8.76,5.31,5.56,4.54,6.18,5.77,4.97,6.76,5.22,5.27,6.34,6.14,5.66,8.87,8.27,6.94,7.60,4.98,8.02,6.02,6.30,7.67,5.88,7.78,8.54,8.47,6.67,5.82,7.46,4.70,7.09],
  [8.42,6.83,3.36,12.06,20.66,12.99,11.99,11.94,10.08,10.39,10.39,10.68,8.90,10.72,2.56,0.90,1.01,3.30,1.79,2.58,99.00,2.97,0.87,1.89,1.69,2.07,1.24,2.26,1.20,3.02,10.67,16.03,19.65,16.26,17.17,19.73,19.17,22.91,23.43,20.27,25.07,16.49,11.26,11.62,13.55,13.03,11.10,16.26,14.19,13.45,15.17,12.48,12.66,13.64,11.80,13.43,11.42,15.01,14.41,16.28,13.80,14.99,14.23,12.30,12.51,12.13,13.71,13.96,11.16,9.82,12.59,9.43,9.65,11.71,10.12,12.68,9.69,9.68,10.97,9.99,9.45,10.69,10.96,10.57,9.49,12.32,12.32,11.05,11.57,12.14,11.74,12.25,12.75,8.91,9.12,10.97,7.86,8.07,7.02,8.76,8.24,7.55,9.34,7.81,7.64,8.93,4.01,3.87,6.53,5.79,4.52,5.38,2.43,5.51,3.80,3.88,5.33,3.51,5.25,6.13,6.12,7.90,7.90,8.41,7.04,8.37],
  [5.52,7.11,5.60,15.01,23.11,11.18,14.14,14.06,11.97,13.18,13.18,12.87,11.87,13.17,4.43,3.73,3.64,1.48,2.60,1.66,2.97,99.00,2.77,1.25,1.53,2.23,1.73,0.96,2.70,1.04,13.51,18.69,22.09,18.72,19.49,22.55,21.96,25.77,26.28,23.08,27.80,19.46,14.02,14.54,16.52,15.92,14.02,19.05,17.07,16.36,17.94,15.44,15.52,16.36,14.66,16.19,14.02,17.77,17.27,19.24,16.67,17.81,17.14,15.23,15.39,14.73,16.49,16.80,13.97,6.86,9.62,6.51,6.82,8.74,7.22,9.71,6.74,6.78,8.02,7.02,6.50,7.73,7.99,7.61,6.57,9.36,9.36,8.10,8.60,9.19,8.78,9.28,9.78,6.02,6.31,8.02,5.96,6.35,5.45,6.48,6.62,5.38,6.94,5.60,6.32,6.74,6.95,6.68,8.29,7.92,6.55,6.93,5.32,7.74,5.44,6.84,7.13,5.47,8.09,8.06,7.92,5.19,4.94,5.89,4.21,5.63],
  [8.30,5.99,4.22,12.30,20.44,13.40,11.62,11.56,9.60,10.40,10.40,10.32,9.26,10.49,3.43,1.07,0.89,2.72,2.43,2.90,0.87,2.77,99.00,1.54,1.27,2.59,1.20,2.32,1.91,2.53,10.74,15.95,19.43,16.05,16.88,19.78,19.18,23.00,23.51,20.31,25.04,16.83,11.25,11.79,13.84,13.16,11.28,16.27,14.31,13.60,15.17,12.78,12.76,13.59,11.89,13.42,11.29,15.00,14.50,16.65,13.90,15.03,14.39,12.51,12.63,12.00,13.71,14.03,11.19,9.60,12.32,9.28,9.59,11.44,10.00,12.41,9.35,9.55,10.76,9.69,9.26,10.45,10.71,10.33,9.09,12.02,12.05,10.83,11.26,11.94,11.44,11.95,12.46,8.48,8.64,10.77,8.20,8.46,7.44,8.98,8.67,7.80,9.51,8.04,8.14,9.18,4.52,4.54,5.98,5.37,4.04,4.75,2.60,5.14,3.16,4.19,4.78,2.98,5.32,5.64,5.58,7.36,7.68,7.80,6.98,7.85],
  [6.76,6.36,4.96,13.83,21.87,12.23,12.94,12.87,10.82,11.94,11.94,11.67,10.74,11.93,3.90,2.55,2.42,1.49,2.25,1.97,1.89,1.25,1.54,99.00,0.29,2.10,0.74,1.12,2.07,1.14,12.28,17.45,20.85,17.49,18.27,21.31,20.71,24.54,25.05,21.84,26.55,18.33,12.77,13.33,15.36,14.70,12.82,17.80,15.85,15.14,16.70,14.29,14.30,15.11,13.43,14.95,12.77,16.52,16.04,18.13,15.44,16.57,15.92,14.04,14.17,13.48,15.24,15.57,12.73,8.06,10.79,7.74,8.07,9.91,8.46,10.88,7.84,8.02,9.22,8.17,7.71,8.91,9.18,8.79,7.61,10.50,10.52,9.29,9.74,10.40,9.92,10.43,10.94,7.03,7.23,9.23,7.00,7.33,6.37,7.64,7.58,6.50,8.13,6.73,7.16,7.87,5.90,5.75,7.14,6.70,5.34,5.80,4.12,6.51,4.27,5.68,5.97,4.26,6.86,6.88,6.76,6.01,6.14,6.56,5.46,6.48],
  [7.04,6.19,4.86,13.57,21.59,12.49,12.66,12.59,10.55,11.66,11.66,11.39,10.50,11.64,3.85,2.29,2.15,1.62,2.29,2.15,1.69,1.53,1.27,0.29,99.00,2.19,0.67,1.34,2.03,1.33,12.00,17.16,20.57,17.20,17.99,21.03,20.43,24.26,24.77,21.56,26.27,18.08,12.49,13.06,15.10,14.43,12.55,17.52,15.57,14.87,16.41,14.03,14.02,14.82,13.15,14.67,12.49,16.24,15.76,17.88,15.16,16.29,15.65,13.77,13.89,13.20,14.96,15.29,12.45,8.33,11.06,8.02,8.35,10.17,8.74,11.14,8.10,8.30,9.49,8.43,7.99,9.18,9.44,9.06,7.85,10.76,10.79,9.57,10.00,10.67,10.18,10.69,11.20,7.26,7.44,9.51,7.25,7.58,6.60,7.91,7.82,6.77,8.41,7.00,7.39,8.14,5.68,5.57,6.87,6.42,5.06,5.55,3.86,6.23,4.01,5.43,5.70,3.98,6.59,6.60,6.49,6.21,6.41,6.72,5.75,6.68],
  [6.93,8.35,3.48,13.68,22.68,10.93,14.06,14.01,12.13,12.28,12.28,12.75,10.37,12.77,2.27,2.96,3.07,3.42,0.48,0.79,2.07,2.23,2.59,2.10,2.19,99.00,1.61,1.29,0.98,2.97,12.51,17.99,21.68,18.29,19.22,21.57,21.04,24.68,25.22,22.10,26.97,17.92,13.17,13.33,15.08,14.78,12.79,18.13,15.95,15.18,17.05,13.99,14.45,15.58,13.61,15.33,13.42,16.91,16.20,17.64,15.58,16.83,15.94,13.95,14.29,14.12,15.60,15.78,13.03,8.46,11.28,7.96,8.01,10.41,8.57,11.38,8.61,8.16,9.60,8.81,8.07,9.38,9.64,9.26,8.54,11.10,11.03,9.68,10.36,10.73,10.53,11.02,11.47,8.06,8.42,9.54,5.82,6.01,4.95,6.79,6.18,5.57,7.41,5.83,5.58,6.93,5.39,4.88,8.54,7.85,6.56,7.33,4.36,7.58,5.74,5.60,7.34,5.53,7.14,8.17,8.14,7.37,6.61,8.11,5.48,7.79],
  [7.21,6.74,4.22,13.29,21.64,12.22,12.82,12.75,10.78,11.53,11.53,11.52,10.15,11.69,3.18,2.03,1.98,2.23,1.64,1.74,1.24,1.73,1.20,0.74,0.67,1.61,99.00,1.12,1.36,1.87,11.84,17.11,20.62,17.25,18.09,20.89,20.32,24.09,24.61,21.43,26.19,17.74,12.39,12.83,14.79,14.22,12.31,17.40,15.38,14.66,16.30,13.72,13.84,14.75,12.98,14.56,12.47,16.14,15.59,17.52,14.98,16.15,15.43,13.52,13.70,13.18,14.85,15.13,12.31,8.58,11.35,8.21,8.46,10.46,8.91,11.44,8.45,8.47,9.74,8.75,8.22,9.45,9.72,9.33,8.25,11.08,11.08,9.82,10.32,10.91,10.50,11.00,11.50,7.68,7.92,9.74,7.01,7.29,6.28,7.78,7.50,6.60,8.32,6.84,7.01,7.98,5.25,5.04,7.13,6.57,5.23,5.85,3.61,6.34,4.28,5.12,5.94,4.15,6.41,6.81,6.74,6.72,6.66,7.29,5.85,7.18],
  [6.17,7.46,4.64,14.31,22.76,11.16,13.92,13.86,11.85,12.63,12.63,12.63,11.10,12.81,3.47,3.11,3.09,2.17,1.64,0.88,2.26,0.96,2.32,1.12,1.34,1.29,1.12,99.00,1.77,1.71,12.93,18.23,21.75,18.37,19.20,21.99,21.42,25.17,25.69,22.52,27.30,18.69,13.49,13.88,15.78,15.29,13.35,18.50,16.45,15.71,17.41,14.70,14.91,15.86,14.06,15.66,13.59,17.24,16.67,18.45,16.05,17.24,16.49,14.55,14.77,14.30,15.95,16.21,13.41,7.60,10.40,7.18,7.39,9.52,7.86,10.49,7.59,7.43,8.75,7.84,7.23,8.49,8.76,8.37,7.45,10.16,10.14,8.84,9.41,9.92,9.58,10.09,10.57,6.93,7.24,8.74,5.93,6.25,5.26,6.66,6.48,5.49,7.19,5.73,6.05,6.87,6.14,5.80,8.19,7.67,6.32,6.88,4.69,7.45,5.32,6.13,7.00,5.24,7.50,7.89,7.80,6.14,5.70,6.85,4.78,6.58],
  [7.81,7.88,2.93,12.74,21.72,11.86,13.14,13.10,11.27,11.30,11.30,11.83,9.46,11.81,1.83,2.05,2.20,3.55,0.60,1.68,1.20,2.70,1.91,2.07,2.03,0.98,1.36,1.77,99.00,3.15,11.53,17.01,20.71,17.33,18.27,20.59,20.06,23.72,24.25,21.12,25.99,17.02,12.19,12.37,14.16,13.81,11.83,17.15,14.99,14.22,16.07,13.07,13.48,14.60,12.63,14.35,12.45,15.93,15.23,16.76,14.61,15.85,14.98,13.00,13.32,13.15,14.62,14.81,12.05,9.29,12.11,8.83,8.93,11.23,9.47,12.20,9.35,9.05,10.44,9.58,8.91,10.20,10.46,10.08,9.23,11.89,11.85,10.52,11.14,11.59,11.32,11.82,12.29,8.70,9.00,10.40,6.78,6.95,5.89,7.77,7.11,6.55,8.38,6.81,6.47,7.90,4.47,4.05,7.73,6.97,5.72,6.58,3.39,6.68,4.99,4.63,6.54,4.72,6.16,7.33,7.32,7.88,7.41,8.53,6.36,8.32],
  [6.00,6.09,6.07,14.81,22.46,12.13,13.40,13.32,11.18,12.78,12.78,12.16,11.79,12.55,4.98,3.59,3.41,0.46,3.23,2.56,3.02,1.04,2.53,1.14,1.33,2.97,1.87,1.71,3.15,99.00,13.16,18.17,21.44,18.09,18.79,22.14,21.52,25.40,25.90,22.68,27.31,19.36,13.59,14.27,16.36,15.61,13.77,18.62,16.75,16.06,17.50,15.31,15.19,15.88,14.32,15.76,13.48,17.32,16.92,19.18,16.33,17.41,16.85,15.00,15.07,14.19,16.06,16.43,13.57,7.18,9.84,6.93,7.37,8.96,7.68,9.92,6.84,7.23,8.32,7.19,6.85,7.99,8.25,7.87,6.56,9.52,9.57,8.40,8.76,9.51,8.94,9.45,9.97,5.95,6.12,8.37,6.93,7.34,6.46,7.35,7.63,6.29,7.76,6.51,7.35,7.63,7.00,6.88,7.50,7.24,5.88,6.11,5.12,7.10,4.70,6.72,6.38,4.83,7.78,7.32,7.15,4.88,5.27,5.42,4.82,5.36],
  [19.04,11.43,10.31,2.69,10.98,22.96,5.90,6.04,6.72,0.74,0.74,5.26,3.75,3.71,11.09,9.82,9.88,13.20,12.07,13.18,10.67,13.51,10.74,12.28,12.00,12.51,11.84,12.93,11.53,13.16,99.00,5.79,10.08,6.93,8.39,9.07,8.54,12.26,12.77,9.60,14.49,7.31,1.18,1.66,4.32,2.54,1.57,5.62,3.61,3.03,4.58,3.73,2.04,3.37,1.17,2.92,2.70,4.46,3.76,7.49,3.18,4.32,3.81,2.53,1.96,2.97,3.15,3.29,0.69,20.33,23.00,20.02,20.30,22.12,20.74,23.07,19.95,20.30,21.48,20.34,19.99,21.15,21.41,21.03,19.59,22.65,22.72,21.55,21.89,22.66,22.08,22.58,23.12,18.94,18.93,21.51,18.19,18.25,17.19,19.29,18.33,18.06,19.91,18.32,17.53,19.39,7.41,8.33,7.57,6.78,7.80,8.54,8.24,6.66,9.03,6.92,7.92,8.62,5.43,7.22,7.59,17.58,18.41,17.66,17.69,18.07],
  [24.16,14.95,16.06,6.49,5.29,28.66,6.26,6.44,8.56,5.80,5.80,6.87,9.33,5.81,16.77,15.14,15.14,18.13,17.58,18.61,16.03,18.69,15.95,17.45,17.16,17.99,17.11,18.23,17.01,18.17,5.79,99.00,4.48,2.34,3.93,4.59,3.74,7.99,8.32,5.08,9.15,8.10,4.88,5.93,6.86,4.69,6.41,1.94,3.96,4.72,1.79,7.27,4.49,2.45,5.01,2.90,4.70,1.69,3.45,8.74,3.90,2.59,4.60,6.02,4.77,3.99,2.75,3.34,5.15,25.31,27.84,25.10,25.51,26.99,25.86,27.91,24.74,25.41,26.44,25.19,25.01,26.07,26.33,25.96,24.29,27.44,27.56,26.51,26.69,27.63,26.88,27.37,27.93,23.61,23.49,26.51,23.76,23.87,22.80,24.78,23.97,23.56,25.37,23.81,23.21,24.91,13.13,14.09,11.32,11.07,12.37,12.63,13.63,11.13,13.62,12.51,12.13,13.37,10.86,11.23,11.52,22.13,23.43,22.01,22.91,22.61],
  [27.41,17.27,20.10,10.97,1.03,32.52,8.22,8.35,10.68,9.94,9.94,9.34,13.73,8.93,20.70,18.74,18.69,21.32,21.30,22.23,19.65,22.09,19.43,20.85,20.57,21.68,20.62,21.75,20.71,21.44,10.08,4.48,99.00,3.39,2.86,5.93,5.17,8.32,8.30,6.11,7.29,11.96,9.03,10.39,11.23,9.17,10.86,5.87,8.37,9.17,6.21,11.73,8.97,6.73,9.43,7.31,8.31,6.15,7.87,12.68,8.36,6.96,8.97,10.51,9.25,7.64,7.20,7.82,9.40,28.41,30.77,28.29,28.80,29.94,29.07,30.82,27.66,28.62,29.50,28.16,28.14,29.10,29.34,28.99,27.14,30.31,30.49,29.55,29.59,30.67,29.78,30.25,30.82,26.46,26.24,29.60,27.49,27.65,26.59,28.39,27.79,27.19,28.94,27.44,27.08,28.57,17.17,18.17,14.10,14.20,15.56,15.50,17.33,14.35,16.75,16.41,15.11,16.62,14.68,14.17,14.39,24.91,26.58,24.62,26.25,25.36],
  [24.08,14.17,16.76,8.28,4.40,29.14,5.11,5.27,7.58,6.69,6.69,6.09,10.66,5.56,17.33,15.36,15.31,17.99,17.91,18.84,16.26,18.72,16.05,17.49,17.20,18.29,17.25,18.37,17.33,18.09,6.93,2.34,3.39,99.00,1.66,6.33,5.43,9.55,9.76,6.75,9.81,10.41,5.81,7.53,8.93,6.55,7.93,4.27,6.06,6.69,3.99,9.18,6.19,3.76,6.47,4.44,4.95,3.81,5.57,11.03,5.89,4.79,6.73,7.83,6.47,4.30,4.44,5.32,6.24,25.11,27.52,24.97,25.46,26.68,25.75,27.58,24.40,25.29,26.21,24.89,24.83,25.82,26.06,25.71,23.91,27.08,27.24,26.27,26.35,27.38,26.53,27.01,27.58,23.23,23.03,26.30,24.10,24.27,23.20,25.01,24.40,23.81,25.56,24.06,23.70,25.18,13.82,14.84,10.83,10.86,12.21,12.22,13.95,11.00,13.42,13.04,11.80,13.27,11.31,10.86,11.10,21.69,23.27,21.46,22.90,22.15],
  [24.73,14.44,17.92,9.90,3.85,30.13,5.45,5.56,7.87,8.08,8.08,6.63,12.14,6.48,18.41,16.26,16.19,18.65,18.86,19.73,17.17,19.49,16.88,18.27,17.99,19.22,18.09,19.20,18.27,18.79,8.39,3.93,2.86,1.66,99.00,7.41,6.52,10.39,10.51,7.76,10.01,12.03,7.24,9.12,10.58,8.18,9.49,5.83,7.72,8.35,5.63,10.82,7.80,5.35,8.03,6.05,6.16,5.46,7.23,12.66,7.55,6.44,8.39,9.46,8.08,5.59,6.07,6.97,7.71,25.69,28.00,25.59,26.14,27.18,26.38,28.06,24.90,25.93,26.76,25.41,25.43,26.36,26.60,26.25,24.37,27.54,27.72,26.82,26.82,27.93,27.01,27.47,28.05,23.69,23.45,26.87,25.03,25.22,24.16,25.86,25.38,24.68,26.39,24.93,24.70,26.06,15.00,16.03,11.37,11.57,12.94,12.78,14.93,11.76,14.09,14.15,12.43,14.01,12.40,11.49,11.69,22.13,23.88,21.81,23.62,22.57],
  [28.07,19.41,19.18,8.38,5.98,31.85,10.84,11.02,13.13,9.37,9.37,11.41,11.80,10.22,20.06,18.87,18.92,22.15,21.12,22.25,19.73,22.55,19.78,21.31,21.03,21.57,20.89,21.99,20.59,22.14,9.07,4.59,5.93,6.33,7.41,99.00,0.90,3.42,3.82,0.54,5.64,7.07,8.55,8.38,7.73,6.89,8.94,3.53,5.71,6.57,4.65,8.64,7.13,6.38,7.96,6.39,8.94,4.86,5.39,7.84,6.03,4.75,5.91,7.98,7.32,8.28,6.09,5.79,8.58,29.32,31.93,29.04,29.36,31.06,29.77,32.01,28.85,29.33,30.46,29.27,28.99,30.12,30.38,30.00,28.45,31.56,31.66,30.53,30.81,31.65,30.99,31.49,32.04,27.78,27.71,30.50,27.20,27.23,26.18,28.33,27.29,27.11,28.97,27.37,26.46,28.43,16.37,17.21,15.68,15.28,16.50,16.93,17.30,15.28,17.76,15.97,16.38,17.44,14.49,15.52,15.84,26.35,27.41,26.30,26.74,26.83],
  [27.47,18.64,18.75,8.10,5.32,31.43,9.99,10.17,12.30,8.79,8.79,10.59,11.47,9.45,19.60,18.30,18.34,21.51,20.60,21.71,19.17,21.96,19.18,20.71,20.43,21.04,20.32,21.42,20.06,21.52,8.54,3.74,5.17,5.43,6.52,0.90,99.00,4.25,4.59,1.35,5.98,7.34,7.94,7.99,7.63,6.50,8.55,2.92,5.35,6.23,4.02,8.46,6.67,5.68,7.47,5.76,8.21,4.20,4.97,8.10,5.61,4.23,5.65,7.68,6.88,7.54,5.47,5.31,8.02,28.69,31.29,28.43,28.77,30.42,29.17,31.36,28.19,28.72,29.83,28.63,28.37,29.48,29.74,29.37,27.78,30.90,31.01,29.90,30.15,31.02,30.34,30.83,31.39,27.11,27.02,29.88,26.72,26.77,25.71,27.82,26.83,26.60,28.45,26.86,26.02,27.93,15.91,16.77,14.94,14.58,15.83,16.21,16.74,14.60,17.09,15.46,15.67,16.79,13.93,14.80,15.11,25.66,26.79,25.59,26.16,26.14],
  [31.29,22.83,22.12,11.16,7.99,34.73,14.24,14.42,16.55,12.63,12.63,14.83,14.62,13.64,23.06,22.07,22.14,25.43,24.23,25.38,22.91,25.77,23.00,24.54,24.26,24.68,24.09,25.17,23.72,25.40,12.26,7.99,8.32,9.55,10.39,3.42,4.25,99.00,0.65,2.91,4.05,8.52,11.86,11.36,10.15,9.90,11.91,6.89,8.73,9.51,8.02,11.19,10.25,9.77,11.11,9.73,12.34,8.24,8.50,9.24,9.11,8.00,8.77,10.82,10.40,11.69,9.42,8.98,11.84,32.58,35.23,32.28,32.55,34.35,32.99,35.30,32.16,32.55,33.73,32.57,32.24,33.39,33.65,33.28,31.77,34.87,34.95,33.80,34.11,34.92,34.30,34.80,35.34,31.11,31.06,33.76,30.22,30.21,29.17,31.40,30.25,30.18,32.05,30.44,29.40,31.47,19.39,20.17,19.08,18.65,19.84,20.32,20.48,18.63,21.10,19.09,19.75,20.76,17.68,18.91,19.23,29.70,30.66,29.68,29.94,30.18],
  [31.81,23.22,22.69,11.75,7.89,35.31,14.55,14.72,16.88,13.13,13.13,15.18,15.21,14.03,23.63,22.59,22.65,25.92,24.77,25.92,23.43,26.28,23.51,25.05,24.77,25.22,24.61,25.69,24.25,25.90,12.77,8.32,8.30,9.76,10.51,3.82,4.59,0.65,99.00,3.29,3.47,9.17,12.33,11.92,10.77,10.45,12.47,7.33,9.27,10.07,8.46,11.80,10.78,10.20,11.64,10.19,12.76,8.67,9.03,9.89,9.64,8.49,9.34,11.40,10.94,12.10,9.88,9.48,12.33,33.08,35.71,32.79,33.07,34.84,33.51,35.79,32.64,33.06,34.23,33.05,32.75,33.89,34.15,33.77,32.24,35.35,35.44,34.30,34.59,35.41,34.78,35.28,35.83,31.58,31.52,34.26,30.78,30.78,29.74,31.96,30.82,30.73,32.60,30.99,29.97,32.03,19.95,20.74,19.49,19.09,20.30,20.75,21.01,19.08,21.57,19.63,20.19,21.23,18.20,19.34,19.66,30.16,31.16,30.12,30.46,30.64],
  [28.60,19.93,19.69,8.86,6.08,32.36,11.34,11.52,13.63,9.91,9.91,11.92,12.30,10.74,20.58,19.41,19.46,22.68,21.65,22.78,20.27,23.08,20.31,21.84,21.56,22.10,21.43,22.52,21.12,22.68,9.60,5.08,6.11,6.75,7.76,0.54,1.35,2.91,3.29,99.00,5.18,7.34,9.09,8.89,8.16,7.40,9.45,4.06,6.21,7.07,5.19,9.09,7.66,6.91,8.49,6.93,9.47,5.40,5.91,8.11,6.54,5.28,6.40,8.47,7.84,8.81,6.62,6.32,9.12,29.85,32.47,29.58,29.89,31.60,30.31,32.54,29.39,29.86,31.00,29.81,29.53,30.65,30.91,30.54,28.98,32.10,32.19,31.07,31.34,32.19,31.53,32.03,32.58,28.32,28.25,31.04,27.72,27.75,26.69,28.86,27.80,27.63,29.49,27.89,26.97,28.95,16.89,17.72,16.21,15.81,17.04,17.46,17.83,15.81,18.30,16.50,16.91,17.98,15.02,16.05,16.37,26.89,27.94,26.84,27.28,27.37],
  [33.29,23.93,24.73,14.02,6.52,37.41,14.91,15.07,17.37,14.69,14.69,15.79,17.42,14.92,25.57,24.19,24.21,27.27,26.54,27.62,25.07,27.80,25.04,26.55,26.27,26.97,26.19,27.30,25.99,27.31,14.49,9.15,7.29,9.81,10.01,5.64,5.98,4.05,3.47,5.18,99.00,12.24,13.81,13.97,13.34,12.47,14.52,8.87,11.31,12.18,9.92,14.27,12.66,11.44,13.45,11.65,13.84,10.07,10.95,12.99,11.59,10.21,11.55,13.61,12.86,13.14,11.37,11.29,13.94,34.46,36.99,34.23,34.62,36.13,34.99,37.06,33.88,34.54,35.59,34.34,34.15,35.22,35.47,35.11,33.43,36.58,36.71,35.65,35.84,36.77,36.02,36.51,37.07,32.75,32.62,35.65,32.68,32.73,31.67,33.76,32.81,32.54,34.38,32.79,32.00,33.87,21.88,22.75,20.41,20.22,21.51,21.75,22.65,20.28,22.77,21.40,21.26,22.52,19.84,20.35,20.64,31.26,32.57,31.11,32.01,31.73],
  [24.83,18.64,14.86,4.80,12.40,27.05,12.42,12.60,13.84,8.01,8.01,12.20,7.59,10.61,15.96,15.78,15.95,19.51,17.44,18.69,16.49,19.46,16.83,18.33,18.08,17.92,17.74,18.69,17.02,19.36,7.31,8.10,11.96,10.41,12.03,7.07,7.34,8.52,9.17,7.34,12.24,99.00,7.80,5.68,3.10,5.07,6.01,6.24,4.71,4.61,6.45,4.08,5.72,7.49,6.34,6.86,9.23,6.67,5.08,0.77,5.09,5.68,4.08,4.80,5.60,8.98,6.63,5.55,7.38,26.29,29.08,25.85,25.93,28.20,26.49,29.17,26.17,26.07,27.44,26.48,25.92,27.18,27.44,27.06,25.92,28.82,28.82,27.53,28.06,28.60,28.24,28.74,29.24,25.31,25.42,27.42,22.98,22.87,21.87,24.30,22.84,23.11,24.99,23.36,21.94,24.30,12.56,13.08,14.81,13.90,14.73,15.66,14.24,13.72,15.87,12.65,15.01,15.36,11.75,14.42,14.79,24.10,24.38,24.35,23.39,24.59],
  [19.53,11.32,11.18,3.53,9.96,23.78,4.91,5.06,6.04,0.92,0.92,4.45,4.91,2.85,11.89,10.38,10.41,13.59,12.74,13.81,11.26,14.02,11.25,12.77,12.49,13.17,12.39,13.49,12.19,13.59,1.18,4.88,9.03,5.81,7.24,8.55,7.94,11.86,12.33,9.09,13.81,7.80,99.00,2.49,5.00,2.75,2.59,5.03,3.54,3.24,3.92,4.61,2.11,2.43,1.49,2.18,1.62,3.75,3.53,8.08,3.08,3.86,3.94,3.26,2.20,1.80,2.47,2.98,0.56,20.76,23.38,20.50,20.83,22.51,21.23,23.46,20.31,20.78,21.91,20.72,20.44,21.56,21.82,21.45,19.91,23.02,23.10,21.98,22.26,23.10,22.45,22.94,23.49,19.25,19.20,21.95,18.91,19.01,17.94,19.96,19.10,18.74,20.57,19.00,18.33,20.09,8.25,9.22,7.45,6.84,7.99,8.57,8.83,6.79,9.25,7.64,7.97,8.90,6.03,7.19,7.54,17.84,18.85,17.85,18.22,18.33],
  [20.04,12.98,10.81,1.05,11.21,23.47,7.40,7.55,8.37,2.39,2.39,6.87,3.50,5.29,11.71,10.81,10.91,14.36,12.87,14.05,11.62,14.54,11.79,13.33,13.06,13.33,12.83,13.88,12.37,14.27,1.66,5.93,10.39,7.53,9.12,8.38,7.99,11.36,11.92,8.89,13.97,5.68,2.49,99.00,2.66,1.49,0.56,5.20,2.67,1.85,4.35,2.12,1.44,3.78,1.13,3.12,4.11,4.33,3.02,5.84,2.38,3.83,2.61,0.88,1.17,4.17,3.19,2.76,1.95,21.39,24.11,21.04,21.26,23.23,21.74,24.19,21.10,21.30,22.55,21.47,21.04,22.24,22.50,22.12,20.78,23.79,23.84,22.63,23.03,23.73,23.22,23.72,24.25,20.14,20.18,22.56,18.87,18.88,17.83,20.04,18.92,18.82,20.69,19.08,18.09,20.11,8.04,8.84,9.13,8.27,9.19,10.03,9.22,8.11,10.38,7.76,9.39,9.92,6.49,8.75,9.12,18.83,19.47,18.98,18.66,19.32],
  [21.94,15.55,12.19,1.71,11.89,24.66,9.85,10.02,11.00,5.05,5.05,9.45,4.71,7.85,13.23,12.81,12.95,16.50,14.61,15.84,13.55,16.52,13.84,15.36,15.10,15.08,14.79,15.78,14.16,16.36,4.32,6.86,11.23,8.93,10.58,7.73,7.63,10.15,10.77,8.16,13.34,3.10,5.00,2.66,99.00,2.55,2.93,5.42,2.90,2.26,5.07,1.10,3.12,5.41,3.51,4.69,6.56,5.18,3.40,3.18,3.04,4.29,2.27,1.79,2.91,6.46,4.58,3.61,4.52,23.37,26.14,22.96,23.09,25.26,23.62,26.23,23.19,23.20,24.53,23.52,23.00,24.25,24.51,24.13,22.92,25.86,25.87,24.61,25.10,25.69,25.28,25.78,26.29,22.30,22.39,24.51,20.34,20.28,19.26,21.61,20.29,20.40,22.29,20.66,19.41,21.64,9.70,10.32,11.74,10.81,11.63,12.56,11.24,10.62,12.78,9.68,11.92,12.27,8.69,11.33,11.70,21.06,21.45,21.28,20.52,21.55],
  [21.43,13.93,12.30,1.80,9.94,24.96,7.40,7.57,8.78,3.13,3.13,7.13,4.97,5.54,13.19,12.20,12.28,15.68,14.32,15.48,13.03,15.92,13.16,14.70,14.43,14.78,14.22,15.29,13.81,15.61,2.54,4.69,9.17,6.55,8.18,6.89,6.50,9.90,10.45,7.40,12.47,5.07,2.75,1.49,2.55,99.00,2.05,3.75,1.18,0.50,2.99,2.64,0.64,2.89,1.39,2.18,4.16,3.02,1.53,5.41,0.90,2.38,1.28,1.34,0.58,3.97,2.11,1.37,2.40,22.76,25.46,22.43,22.67,24.58,23.13,25.54,22.43,22.69,23.91,22.81,22.41,23.60,23.86,23.48,22.08,25.13,25.18,23.99,24.37,25.10,24.55,25.05,25.58,21.44,21.45,23.93,20.34,20.36,19.31,21.51,20.41,20.28,22.15,20.54,19.58,21.58,9.51,10.33,10.06,9.32,10.34,11.07,10.61,9.20,11.57,9.19,10.45,11.14,7.84,9.74,10.10,20.09,20.84,20.19,20.06,20.58],
  [19.52,12.63,10.25,1.22,11.69,22.91,7.46,7.60,8.26,2.29,2.29,6.83,2.97,5.28,11.16,10.29,10.40,13.87,12.33,13.51,11.10,14.02,11.28,12.82,12.55,12.79,12.31,13.35,11.83,13.77,1.57,6.41,10.86,7.93,9.49,8.94,8.55,11.91,12.47,9.45,14.52,6.01,2.59,0.56,2.93,2.05,99.00,5.75,3.23,2.40,4.87,2.19,1.95,4.18,1.46,3.55,4.20,4.84,3.58,6.10,2.93,4.37,3.15,1.25,1.70,4.36,3.66,3.30,2.04,20.88,23.60,20.52,20.73,22.72,21.21,23.69,20.60,20.78,22.04,20.96,20.53,21.73,21.99,21.61,20.29,23.29,23.33,22.11,22.53,23.21,22.72,23.22,23.74,19.65,19.70,22.04,18.31,18.32,17.27,19.49,18.37,18.27,20.15,18.53,17.53,19.56,7.48,8.28,8.81,7.90,8.77,9.66,8.70,7.72,9.95,7.23,9.01,9.47,6.00,8.41,8.78,18.36,18.96,18.53,18.13,18.85],
  [24.56,15.96,15.88,5.48,6.48,28.55,7.72,7.91,9.84,5.87,5.87,8.10,8.70,6.79,16.70,15.39,15.43,18.62,17.69,18.79,16.26,19.05,16.27,17.80,17.52,18.13,17.40,18.50,17.15,18.62,5.62,1.94,5.87,4.27,5.83,3.53,2.92,6.89,7.33,4.06,8.87,6.24,5.03,5.20,5.42,3.75,5.75,99.00,2.70,3.58,1.13,6.05,3.82,2.89,4.58,2.87,5.46,1.35,2.23,6.92,2.85,1.37,3.19,5.02,4.05,4.83,2.56,2.45,5.10,25.80,28.41,25.53,25.86,27.54,26.26,28.48,25.32,25.82,26.94,25.75,25.47,26.59,26.85,26.48,24.92,28.03,28.13,27.01,27.28,28.13,27.47,27.96,28.51,24.25,24.18,26.99,23.81,23.87,22.80,24.91,23.94,23.68,25.53,23.94,23.13,25.01,13.01,13.90,12.19,11.76,12.97,13.42,13.83,11.75,14.24,12.54,12.86,13.91,11.01,12.01,12.34,22.82,23.89,22.79,23.25,23.30],
  [22.59,14.85,13.48,2.79,9.08,26.14,7.76,7.94,9.39,4.11,4.11,7.69,6.12,6.13,14.38,13.35,13.43,16.80,15.50,16.66,14.19,17.07,14.31,15.85,15.57,15.95,15.38,16.45,14.99,16.75,3.61,3.96,8.37,6.06,7.72,5.71,5.35,8.73,9.27,6.21,11.31,4.71,3.54,2.67,2.90,1.18,3.23,2.70,99.00,0.89,2.18,3.38,1.57,2.78,2.44,2.15,4.70,2.29,0.51,5.20,0.47,1.42,0.68,2.35,1.68,4.34,1.92,0.84,3.32,23.90,26.59,23.58,23.83,25.71,24.29,26.67,23.55,23.85,25.06,23.93,23.56,24.74,25.00,24.62,23.19,26.25,26.31,25.13,25.49,26.24,25.68,26.18,26.71,22.54,22.54,25.08,21.53,21.54,20.49,22.69,21.59,21.46,23.33,21.72,20.76,22.77,10.69,11.51,10.99,10.31,11.39,12.06,11.77,10.23,12.63,10.36,11.45,12.22,8.98,10.70,11.05,21.18,21.98,21.26,21.23,21.67],
  [21.87,14.43,12.64,1.90,9.91,25.30,7.83,8.00,9.26,3.64,3.64,7.60,5.24,6.01,13.56,12.63,12.72,16.13,14.72,15.89,13.45,16.36,13.60,15.14,14.87,15.18,14.66,15.71,14.22,16.06,3.03,4.72,9.17,6.69,8.35,6.57,6.23,9.51,10.07,7.07,12.18,4.61,3.24,1.85,2.26,0.50,2.40,3.58,0.89,99.00,2.96,2.55,1.13,3.15,1.90,2.45,4.62,3.03,1.35,4.98,0.82,2.26,0.79,1.45,1.09,4.39,2.32,1.39,2.90,23.20,25.91,22.86,23.09,25.03,23.56,25.99,22.88,23.13,24.36,23.26,22.86,24.05,24.31,23.93,22.55,25.58,25.63,24.43,24.82,25.54,25.01,25.51,26.04,21.90,21.92,24.38,20.72,20.72,19.67,21.89,20.77,20.67,22.54,20.93,19.93,21.96,9.88,10.68,10.56,9.81,10.83,11.57,11.04,9.70,12.05,9.60,10.95,11.62,8.28,10.24,10.60,20.57,21.28,20.67,20.49,21.06],
  [23.45,14.85,14.88,4.79,6.95,27.54,6.76,6.95,8.80,4.78,4.78,7.05,7.84,5.70,15.67,14.29,14.33,17.50,16.62,17.71,15.17,17.94,15.17,16.70,16.41,17.05,16.30,17.41,16.07,17.50,4.58,1.79,6.21,3.99,5.63,4.65,4.02,8.02,8.46,5.19,9.92,6.45,3.92,4.35,5.07,2.99,4.87,1.13,2.18,2.96,99.00,5.51,2.92,1.78,3.60,1.75,4.34,0.26,1.67,7.06,2.15,0.81,2.81,4.33,3.18,3.73,1.46,1.63,4.02,24.68,27.28,24.42,24.76,26.42,25.15,27.36,24.20,24.71,25.82,24.62,24.36,25.47,25.73,25.36,23.79,26.91,27.01,25.89,26.16,27.01,26.34,26.84,27.39,23.13,23.06,25.87,22.76,22.83,21.76,23.84,22.90,22.62,24.46,22.87,22.11,23.95,11.99,12.89,11.07,10.63,11.85,12.30,12.74,10.62,13.11,11.48,11.73,12.79,9.93,10.89,11.21,21.69,22.77,21.66,22.14,22.18],
  [20.86,14.68,11.10,1.08,12.45,23.59,9.52,9.67,10.44,4.46,4.46,8.98,3.62,7.40,12.13,11.74,11.89,15.45,13.51,14.74,12.48,15.44,12.78,14.29,14.03,13.99,13.72,14.70,13.07,15.31,3.73,7.27,11.73,9.18,10.82,8.64,8.46,11.19,11.80,9.09,14.27,4.08,4.61,2.12,1.10,2.64,2.19,6.05,3.38,2.55,5.51,99.00,3.06,5.50,3.18,4.79,6.22,5.58,3.88,4.04,3.37,4.79,2.87,1.42,2.80,6.24,4.75,3.93,4.07,22.29,25.06,21.88,22.00,24.18,22.53,25.15,22.13,22.11,23.45,22.45,21.92,23.17,23.43,23.05,21.86,24.79,24.80,23.53,24.03,24.61,24.21,24.71,25.22,21.25,21.35,23.43,19.25,19.19,18.17,20.52,19.20,19.31,21.20,19.56,18.32,20.55,8.60,9.22,10.91,9.92,10.68,11.66,10.18,9.71,11.80,8.61,11.01,11.29,7.67,10.47,10.85,20.03,20.38,20.27,19.43,20.52],
  [21.04,13.35,12.08,2.10,9.78,24.75,6.77,6.94,8.13,2.56,2.56,6.49,4.92,4.89,12.93,11.81,11.89,15.24,14.00,15.14,12.66,15.52,12.76,14.30,14.02,14.45,13.84,14.91,13.48,15.19,2.04,4.49,8.97,6.19,7.80,7.13,6.67,10.25,10.78,7.66,12.66,5.72,2.11,1.44,3.12,0.64,1.95,3.82,1.57,1.13,2.92,3.06,99.00,2.46,0.87,1.75,3.52,2.89,1.75,6.05,1.14,2.45,1.85,1.66,0.28,3.35,1.78,1.37,1.80,22.35,25.03,22.03,22.30,24.15,22.74,25.11,21.98,22.30,23.50,22.37,22.01,23.18,23.44,23.06,21.63,24.69,24.75,23.58,23.93,24.69,24.11,24.61,25.15,20.97,20.97,23.53,20.07,20.10,19.05,21.21,20.17,19.98,21.84,20.24,19.35,21.29,9.24,10.10,9.48,8.77,9.83,10.52,10.23,8.67,11.06,8.85,9.90,10.66,7.44,9.17,9.53,19.62,20.43,19.69,19.69,20.10],
  [21.85,13.08,13.61,4.55,7.62,26.21,5.14,5.32,7.06,3.35,3.35,5.31,7.00,3.92,14.32,12.76,12.77,15.86,15.16,16.21,13.64,16.36,13.59,15.11,14.82,15.58,14.75,15.86,14.60,15.88,3.37,2.45,6.73,3.76,5.35,6.38,5.68,9.77,10.20,6.91,11.44,7.49,2.43,3.78,5.41,2.89,4.18,2.89,2.78,3.15,1.78,5.50,2.46,99.00,2.73,0.72,2.57,1.54,2.42,7.98,2.45,2.13,3.44,4.12,2.73,1.96,0.86,1.94,2.71,23.04,25.62,22.80,23.17,24.75,23.55,25.69,22.52,23.10,24.18,22.96,22.73,23.82,24.08,23.71,22.10,25.23,25.34,24.25,24.48,25.37,24.67,25.16,25.71,21.43,21.34,24.23,21.34,21.43,20.37,22.37,21.53,21.15,22.97,21.41,20.76,22.50,10.68,11.64,9.31,8.91,10.15,10.55,11.23,8.92,11.41,10.07,10.00,11.12,8.44,9.14,9.46,19.98,21.14,19.93,20.57,20.46],
  [20.18,12.54,11.30,2.11,10.29,23.97,6.37,6.53,7.52,1.74,1.74,5.94,4.31,4.34,12.12,10.95,11.02,14.37,13.16,14.29,11.80,14.66,11.89,13.43,13.15,13.61,12.98,14.06,12.63,14.32,1.17,5.01,9.43,6.47,8.03,7.96,7.47,11.11,11.64,8.49,13.45,6.34,1.49,1.13,3.51,1.39,1.46,4.58,2.44,1.90,3.60,3.18,0.87,2.73,99.00,2.12,3.07,3.52,2.61,6.60,2.01,3.24,2.67,1.79,0.81,3.06,2.27,2.18,1.04,21.48,24.16,21.17,21.44,23.28,21.88,24.24,21.11,21.44,22.63,21.50,21.14,22.31,22.57,22.19,20.76,23.82,23.88,22.71,23.06,23.82,23.24,23.74,24.28,20.10,20.10,22.66,19.25,19.29,18.23,20.37,19.36,19.15,21.00,19.40,18.55,20.47,8.44,9.31,8.67,7.92,8.96,9.68,9.37,7.82,10.20,8.01,9.06,9.79,6.57,8.34,8.71,18.75,19.56,18.83,18.83,19.24],
  [21.71,13.23,13.23,3.85,8.17,25.87,5.64,5.82,7.41,3.05,3.05,5.67,6.43,4.19,13.99,12.55,12.58,15.76,14.90,15.98,13.43,16.19,13.42,14.95,14.67,15.33,14.56,15.66,14.35,15.76,2.92,2.90,7.31,4.44,6.05,6.39,5.76,9.73,10.19,6.93,11.65,6.86,2.18,3.12,4.69,2.18,3.55,2.87,2.15,2.45,1.75,4.79,1.75,0.72,2.12,99.00,2.77,1.58,1.86,7.32,1.77,1.81,2.79,3.41,2.04,2.28,0.33,1.32,2.31,22.93,25.54,22.67,23.01,24.67,23.41,25.61,22.46,22.96,24.07,22.88,22.61,23.73,23.98,23.61,22.05,25.17,25.26,24.14,24.41,25.26,24.60,25.10,25.65,21.39,21.33,24.12,21.05,21.13,20.06,22.12,21.22,20.89,22.73,21.15,20.43,22.23,10.32,11.25,9.41,8.92,10.11,10.60,11.00,8.90,11.37,9.77,10.03,11.05,8.19,9.20,9.53,19.97,21.02,19.95,20.40,20.45],
  [19.47,10.51,11.81,5.14,9.30,24.22,3.30,3.46,4.69,2.13,2.13,2.99,6.26,1.43,12.39,10.52,10.50,13.43,13.03,14.01,11.42,14.02,11.29,12.77,12.49,13.42,12.47,13.59,12.45,13.48,2.70,4.70,8.31,4.95,6.16,8.94,8.21,12.34,12.76,9.47,13.84,9.23,1.62,4.11,6.56,4.16,4.20,5.46,4.70,4.62,4.34,6.22,3.52,2.57,3.07,2.77,99.00,4.11,4.54,9.57,4.25,4.58,5.23,4.85,3.68,0.71,3.09,3.97,2.17,20.62,23.15,20.41,20.82,22.29,21.17,23.22,20.05,20.71,21.74,20.50,20.31,21.38,21.63,21.26,19.61,22.75,22.87,21.81,22.00,22.93,22.19,22.68,23.24,18.93,18.83,21.81,19.23,19.37,18.30,20.18,19.49,18.97,20.76,19.23,18.77,20.34,8.88,9.90,6.74,6.39,7.67,8.00,9.06,6.44,8.93,8.09,7.46,8.68,6.37,6.59,6.90,17.47,18.73,17.38,18.23,17.94],
  [23.28,14.62,14.77,4.82,6.92,27.42,6.50,6.69,8.55,4.63,4.63,6.79,7.79,5.46,15.55,14.13,14.16,17.32,16.47,17.56,15.01,17.77,15.00,16.52,16.24,16.91,16.14,17.24,15.93,17.32,4.46,1.69,6.15,3.81,5.46,4.86,4.20,8.24,8.67,5.40,10.07,6.67,3.75,4.33,5.18,3.02,4.84,1.35,2.29,3.03,0.26,5.58,2.89,1.54,3.52,1.58,4.11,99.00,1.79,7.26,2.21,0.99,2.94,4.36,3.16,3.49,1.31,1.66,3.88,24.50,27.09,24.24,24.59,26.23,24.98,27.17,24.00,24.53,25.64,24.43,24.18,25.29,25.54,25.17,23.59,26.71,26.81,25.71,25.96,26.83,26.15,26.64,27.20,22.93,22.85,25.69,22.62,22.70,21.63,23.70,22.78,22.47,24.31,22.73,21.99,23.81,11.87,12.79,10.84,10.42,11.64,12.08,12.58,10.42,12.91,11.34,11.52,12.59,9.77,10.67,10.99,21.49,22.59,21.45,21.98,21.97],
  [22.79,14.84,13.80,3.24,8.57,26.47,7.50,7.68,9.23,4.19,4.19,7.50,6.51,5.98,14.67,13.56,13.63,16.96,15.75,16.90,14.41,17.27,14.50,16.04,15.76,16.20,15.59,16.67,15.23,16.92,3.76,3.45,7.87,5.57,7.23,5.39,4.97,8.50,9.03,5.91,10.95,5.08,3.53,3.02,3.40,1.53,3.58,2.23,0.51,1.35,1.67,3.88,1.75,2.42,2.61,1.86,4.54,1.79,99.00,5.61,0.64,0.91,1.16,2.79,1.93,4.12,1.58,0.58,3.39,24.08,26.75,23.77,24.05,25.88,24.49,26.83,23.70,24.05,25.24,24.09,23.75,24.91,25.17,24.79,23.33,26.40,26.48,25.31,25.65,26.42,25.83,26.33,26.87,22.68,22.66,25.26,21.81,21.84,20.79,22.96,21.90,21.73,23.60,21.99,21.08,23.04,10.98,11.82,10.98,10.36,11.47,12.10,11.98,10.29,12.72,10.61,11.49,12.34,9.18,10.72,11.07,21.30,22.16,21.35,21.44,21.79],
  [24.56,18.71,14.51,4.89,13.14,26.58,12.81,12.98,14.12,8.21,8.21,12.52,7.39,10.92,15.63,15.59,15.77,19.35,17.16,18.41,16.28,19.24,16.65,18.13,17.88,17.64,17.52,18.45,16.76,19.18,7.49,8.74,12.68,11.03,12.66,7.84,8.10,9.24,9.89,8.11,12.99,0.77,8.08,5.84,3.18,5.41,6.10,6.92,5.20,4.98,7.06,4.04,6.05,7.98,6.60,7.32,9.57,7.26,5.61,99.00,5.55,6.26,4.54,4.96,5.90,9.37,7.12,6.04,7.64,26.04,28.84,25.59,25.64,27.96,26.21,28.94,25.97,25.80,27.19,26.26,25.66,26.94,27.20,26.82,25.73,28.60,28.58,27.28,27.84,28.34,28.02,28.52,29.01,25.13,25.27,27.16,22.59,22.47,21.48,23.93,22.43,22.75,24.63,23.00,21.52,23.92,12.31,12.78,14.91,13.95,14.72,15.70,14.07,13.74,15.83,12.47,15.05,15.30,11.67,14.49,14.86,23.96,24.15,24.24,23.11,24.45],
  [22.19,14.39,13.16,2.66,9.10,25.83,7.35,7.52,8.94,3.66,3.66,7.24,5.87,5.68,14.03,12.95,13.03,16.38,15.13,16.28,13.80,16.67,13.90,15.44,15.16,15.58,14.98,16.05,14.61,16.33,3.18,3.90,8.36,5.89,7.55,6.03,5.61,9.11,9.64,6.54,11.59,5.09,3.08,2.38,3.04,0.90,2.93,2.85,0.47,0.82,2.15,3.37,1.14,2.45,2.01,1.77,4.25,2.21,0.64,5.55,99.00,1.49,1.02,2.20,1.29,3.91,1.59,0.57,2.87,23.49,26.17,23.17,23.44,25.29,23.89,26.25,23.12,23.45,24.64,23.51,23.15,24.32,24.58,24.20,22.76,25.83,25.89,24.72,25.07,25.83,25.25,25.75,26.29,22.11,22.10,24.67,21.18,21.21,20.15,22.33,21.26,21.10,22.97,21.36,20.44,22.41,10.35,11.18,10.52,9.86,10.94,11.60,11.37,9.77,12.18,9.98,10.99,11.78,8.58,10.24,10.59,20.75,21.57,20.81,20.83,21.23],
  [23.33,15.04,14.53,4.14,7.66,27.20,7.26,7.45,9.17,4.64,4.64,7.42,7.33,5.99,15.36,14.13,14.18,17.43,16.38,17.50,14.99,17.81,15.03,16.57,16.29,16.83,16.15,17.24,15.85,17.41,4.32,2.59,6.96,4.79,6.44,4.75,4.23,8.00,8.49,5.28,10.21,5.68,3.86,3.83,4.29,2.38,4.37,1.37,1.42,2.26,0.81,4.79,2.45,2.13,3.24,1.81,4.58,0.99,0.91,6.26,1.49,99.00,2.02,3.68,2.68,4.04,1.49,1.08,3.84,24.59,27.23,24.30,24.61,26.36,25.03,27.30,24.16,24.59,25.74,24.57,24.26,25.40,25.66,25.28,23.77,26.87,26.95,25.81,26.11,26.93,26.30,26.80,27.34,23.11,23.07,25.78,22.49,22.53,21.47,23.60,22.60,22.38,24.23,22.63,21.79,23.70,11.67,12.54,11.21,10.69,11.86,12.39,12.55,10.65,13.11,11.23,11.81,12.76,9.74,10.99,11.33,21.71,22.68,21.71,22.00,22.19],
  [22.64,15.19,13.36,2.47,9.64,25.99,8.36,8.53,9.90,4.40,4.40,8.22,5.91,6.64,14.29,13.41,13.51,16.92,15.48,16.66,14.23,17.14,14.39,15.92,15.65,15.94,15.43,16.49,14.98,16.85,3.81,4.60,8.97,6.73,8.39,5.91,5.65,8.77,9.34,6.40,11.55,4.08,3.94,2.61,2.27,1.28,3.15,3.19,0.68,0.79,2.81,2.87,1.85,3.44,2.67,2.79,5.23,2.94,1.16,4.54,1.02,2.02,99.00,2.07,1.86,4.92,2.58,1.51,3.65,23.99,26.69,23.64,23.87,25.81,24.34,26.78,23.67,23.90,25.14,24.05,23.64,24.83,25.09,24.71,23.34,26.37,26.42,25.22,25.61,26.32,25.79,26.30,26.83,22.69,22.71,25.16,21.45,21.45,20.40,22.64,21.49,21.42,23.29,21.68,20.64,22.71,10.63,11.40,11.32,10.59,11.61,12.35,11.82,10.48,12.84,10.37,11.72,12.41,9.07,11.01,11.37,21.36,22.06,21.46,21.26,21.85],
  [20.72,13.85,11.30,0.46,11.28,23.92,8.15,8.31,9.22,3.26,3.26,7.69,3.83,6.09,12.25,11.50,11.62,15.10,13.49,14.68,12.30,15.23,12.51,14.04,13.77,13.95,13.52,14.55,13.00,15.00,2.53,6.02,10.51,7.83,9.46,7.98,7.68,10.82,11.40,8.47,13.61,4.80,3.26,0.88,1.79,1.34,1.25,5.02,2.35,1.45,4.33,1.42,1.66,4.12,1.79,3.41,4.85,4.36,2.79,4.96,2.20,3.68,2.07,99.00,1.39,4.83,3.40,2.70,2.75,22.10,24.83,21.72,21.92,23.95,22.41,24.91,21.84,21.98,23.25,22.19,21.74,22.95,23.22,22.83,21.53,24.52,24.56,23.33,23.76,24.43,23.95,24.45,24.97,20.90,20.95,23.26,19.41,19.40,18.35,20.62,19.43,19.40,21.28,19.65,18.58,20.67,8.61,9.35,10.01,9.13,10.02,10.89,9.92,8.96,11.20,8.42,10.25,10.73,7.24,9.62,9.99,19.61,20.17,19.78,19.32,20.10],
  [20.91,13.35,11.87,1.82,10.05,24.55,6.95,7.12,8.24,2.55,2.55,6.62,4.66,5.02,12.74,11.68,11.76,15.13,13.84,14.99,12.51,15.39,12.63,14.17,13.89,14.29,13.70,14.77,13.32,15.07,1.96,4.77,9.25,6.47,8.08,7.32,6.88,10.40,10.94,7.84,12.86,5.60,2.20,1.17,2.91,0.58,1.70,4.05,1.68,1.09,3.18,2.80,0.28,2.73,0.81,2.04,3.68,3.16,1.93,5.90,1.29,2.68,1.86,1.39,99.00,3.55,2.06,1.60,1.82,22.23,24.91,21.90,22.16,24.04,22.61,24.99,21.88,22.17,23.38,22.26,21.88,23.06,23.32,22.94,21.53,24.58,24.64,23.46,23.82,24.57,24.01,24.51,25.04,20.88,20.89,23.40,19.89,19.91,18.86,21.03,19.97,19.81,21.67,20.07,19.15,21.12,9.05,9.90,9.48,8.73,9.77,10.49,10.09,8.62,10.99,8.69,9.87,10.58,7.31,9.15,9.52,19.53,20.31,19.62,19.55,20.02],
  [20.18,11.14,12.46,5.17,8.63,24.91,3.44,3.62,5.14,2.53,2.53,3.39,6.66,1.97,13.06,11.23,11.21,14.14,13.72,14.71,12.13,14.73,12.00,13.48,13.20,14.12,13.18,14.30,13.15,14.19,2.97,3.99,7.64,4.30,5.59,8.28,7.54,11.69,12.10,8.81,13.14,8.98,1.80,4.17,6.46,3.97,4.36,4.83,4.34,4.39,3.73,6.24,3.35,1.96,3.06,2.28,0.71,3.49,4.12,9.37,3.91,4.04,4.92,4.83,3.55,99.00,2.59,3.56,2.34,21.32,23.85,21.12,21.53,22.99,21.87,23.92,20.75,21.42,22.45,21.20,21.02,22.08,22.33,21.97,20.31,23.45,23.57,22.52,22.70,23.64,22.89,23.38,23.94,19.63,19.52,22.52,19.93,20.06,19.00,20.89,20.18,19.68,21.47,19.93,19.46,21.04,9.53,10.54,7.40,7.09,8.38,8.68,9.76,7.14,9.63,8.77,8.15,9.38,7.05,7.27,7.58,18.16,19.44,18.06,18.94,18.63],
  [22.00,13.56,13.46,3.85,8.04,26.11,5.92,6.10,7.72,3.32,3.32,5.98,6.58,4.51,14.24,12.84,12.87,16.06,15.17,16.25,13.71,16.49,13.71,15.24,14.96,15.60,14.85,15.95,14.62,16.06,3.15,2.75,7.20,4.44,6.07,6.09,5.47,9.42,9.88,6.62,11.37,6.63,2.47,3.19,4.58,2.11,3.66,2.56,1.92,2.32,1.46,4.75,1.78,0.86,2.27,0.33,3.09,1.31,1.58,7.12,1.59,1.49,2.58,3.40,2.06,2.59,99.00,1.08,2.57,23.23,25.85,22.97,23.30,24.98,23.70,25.92,22.77,23.26,24.38,23.19,22.91,24.03,24.29,23.92,22.37,25.48,25.57,24.45,24.72,25.57,24.91,25.40,25.95,21.70,21.64,24.42,21.31,21.38,20.32,22.39,21.47,21.16,23.00,21.42,20.68,22.50,10.56,11.48,9.74,9.24,10.43,10.93,11.28,9.21,11.69,10.03,10.35,11.36,8.47,9.52,9.86,20.28,21.32,20.27,20.69,20.76],
  [22.32,14.27,13.45,3.17,8.57,26.12,6.95,7.13,8.65,3.67,3.67,6.93,6.26,5.40,14.29,13.10,13.17,16.46,15.33,16.46,13.96,16.80,14.03,15.57,15.29,15.78,15.13,16.21,14.81,16.43,3.29,3.34,7.82,5.32,6.97,5.79,5.31,8.98,9.48,6.32,11.29,5.55,2.98,2.76,3.61,1.37,3.30,2.45,0.84,1.39,1.63,3.93,1.37,1.94,2.18,1.32,3.97,1.66,0.58,6.04,0.57,1.08,1.51,2.70,1.60,3.56,1.08,99.00,2.87,23.60,26.26,23.30,23.59,25.38,24.02,26.34,23.20,23.58,24.75,23.60,23.27,24.42,24.68,24.30,22.82,25.91,25.98,24.83,25.15,25.94,25.33,25.83,26.38,22.17,22.14,24.79,21.42,21.46,20.40,22.55,21.53,21.32,23.18,21.58,20.71,22.64,10.60,11.47,10.42,9.82,10.94,11.54,11.53,9.76,12.20,10.18,10.95,11.82,8.72,10.16,10.51,20.78,21.69,20.81,20.98,21.27],
  [19.49,11.55,10.93,3.00,10.31,23.56,5.45,5.60,6.49,0.80,0.80,4.94,4.43,3.34,11.68,10.29,10.34,13.60,12.60,13.69,11.16,13.97,11.19,12.73,12.45,13.03,12.31,13.41,12.05,13.57,0.69,5.15,9.40,6.24,7.71,8.58,8.02,11.84,12.33,9.12,13.94,7.38,0.56,1.95,4.52,2.40,2.04,5.10,3.32,2.90,4.02,4.07,1.80,2.71,1.04,2.31,2.17,3.88,3.39,7.64,2.87,3.84,3.65,2.75,1.82,2.34,2.57,2.87,99.00,20.75,23.39,20.46,20.77,22.52,21.19,23.47,20.33,20.74,21.90,20.73,20.42,21.56,21.82,21.44,19.95,23.04,23.12,21.97,22.28,23.08,22.47,22.97,23.51,19.30,19.27,21.93,18.74,18.82,17.75,19.82,18.90,18.60,20.44,18.85,18.12,19.93,8.01,8.95,7.68,6.99,8.08,8.74,8.73,6.91,9.33,7.46,8.12,8.95,5.91,7.38,7.73,17.91,18.83,17.96,18.16,18.40],
  [1.64,11.70,11.85,21.87,29.43,8.79,20.24,20.14,17.87,19.95,19.95,19.07,18.70,19.62,10.64,10.59,10.48,7.19,8.94,7.67,9.82,6.86,9.60,8.06,8.33,8.46,8.58,7.60,9.29,7.18,20.33,25.31,28.41,25.11,25.69,29.32,28.69,32.58,33.08,29.85,34.46,26.29,20.76,21.39,23.37,22.76,20.88,25.80,23.90,23.20,24.68,22.29,22.35,23.04,21.48,22.93,20.62,24.50,24.08,26.04,23.49,24.59,23.99,22.10,22.23,21.32,23.23,23.60,20.75,99.00,2.83,0.79,1.76,1.97,1.17,2.93,1.51,0.99,1.16,1.02,0.41,0.93,1.19,0.82,2.20,2.72,2.59,1.24,2.05,2.34,2.18,2.64,3.03,2.64,3.30,1.19,5.88,6.48,6.64,4.69,6.83,5.00,4.31,4.91,7.45,5.11,13.74,13.33,14.32,14.28,12.96,12.91,12.18,14.19,11.72,13.70,13.31,11.94,14.92,14.25,14.02,4.08,1.92,4.97,3.08,3.85],
  [4.43,13.73,14.68,24.62,31.79,9.89,22.56,22.44,20.14,22.59,22.59,21.44,21.49,22.09,13.47,13.33,13.21,9.80,11.76,10.50,12.59,9.62,12.32,10.79,11.06,11.28,11.35,10.40,12.11,9.84,23.00,27.84,30.77,27.52,28.00,31.93,31.29,35.23,35.71,32.47,36.99,29.08,23.38,24.11,26.14,25.46,23.60,28.41,26.59,25.91,27.28,25.06,25.03,25.62,24.16,25.54,23.15,27.09,26.75,28.84,26.17,27.23,26.69,24.83,24.91,23.85,25.85,26.26,23.39,2.83,99.00,3.43,3.89,0.88,3.09,0.12,3.11,3.35,1.73,2.66,3.23,1.91,1.65,2.03,3.64,0.61,0.28,1.64,1.18,0.99,1.00,0.64,0.29,4.32,4.66,1.89,8.25,8.79,9.15,6.86,9.11,7.48,6.29,7.33,9.85,7.21,16.54,16.14,16.68,16.77,15.48,15.30,14.91,16.71,14.22,16.46,15.75,14.50,17.62,16.67,16.42,5.90,4.70,6.43,5.89,5.49],
  [1.03,11.79,11.29,21.49,29.31,8.11,20.16,20.06,17.82,19.67,19.67,18.97,18.27,19.45,10.09,10.23,10.15,6.99,8.44,7.18,9.43,6.51,9.28,7.74,8.02,7.96,8.21,7.18,8.83,6.93,20.02,25.10,28.29,24.97,25.59,29.04,28.43,32.28,32.79,29.58,34.23,25.85,20.50,21.04,22.96,22.43,20.52,25.53,23.58,22.86,24.42,21.88,22.03,22.80,21.17,22.67,20.41,24.24,23.77,25.59,23.17,24.30,23.64,21.72,21.90,21.12,22.97,23.30,20.46,0.79,3.43,99.00,1.06,2.63,0.80,3.54,2.17,0.37,1.70,1.77,0.50,1.64,1.86,1.54,2.80,3.41,3.22,1.79,2.79,2.77,2.91,3.34,3.67,3.12,3.82,1.59,5.09,5.69,5.87,3.91,6.04,4.22,3.54,4.12,6.67,4.32,13.29,12.83,14.22,14.12,12.78,12.81,11.82,14.01,11.55,13.31,13.18,11.74,14.60,14.12,13.91,4.41,1.71,5.38,2.50,4.25],
  [1.44,12.55,11.22,21.66,29.83,7.06,20.72,20.63,18.43,19.99,19.99,19.51,18.38,19.92,10.04,10.49,10.43,7.49,8.49,7.25,9.65,6.82,9.59,8.07,8.35,8.01,8.46,7.39,8.93,7.37,20.30,25.51,28.80,25.46,26.14,29.36,28.77,32.55,33.07,29.89,34.62,25.93,20.83,21.26,23.09,22.67,20.73,25.86,23.83,23.09,24.76,22.00,22.30,23.17,21.44,23.01,20.82,24.59,24.05,25.64,23.44,24.61,23.87,21.92,22.16,21.53,23.30,23.59,20.77,1.76,3.89,1.06,99.00,3.22,0.81,4.00,3.22,0.77,2.26,2.78,1.55,2.39,2.54,2.32,3.86,4.02,3.73,2.35,3.52,3.04,3.60,3.95,4.16,4.16,4.87,2.02,4.37,4.93,5.27,3.04,5.26,3.59,2.58,3.44,5.97,3.43,13.39,12.86,14.79,14.61,13.25,13.38,12.07,14.47,12.06,13.50,13.71,12.19,14.87,14.65,14.46,5.38,2.46,6.39,2.61,5.26],
  [3.60,12.96,13.82,23.74,30.97,9.64,21.74,21.62,19.33,21.72,21.72,20.61,20.61,21.24,12.61,12.45,12.33,8.92,10.89,9.63,11.71,8.74,11.44,9.91,10.17,10.41,10.46,9.52,11.23,8.96,22.12,26.99,29.94,26.68,27.18,31.06,30.42,34.35,34.84,31.60,36.13,28.20,22.51,23.23,25.26,24.58,22.72,27.54,25.71,25.03,26.42,24.18,24.15,24.75,23.28,24.67,22.29,26.23,25.88,27.96,25.29,26.36,25.81,23.95,24.04,22.99,24.98,25.38,22.52,1.97,0.88,2.63,3.22,99.00,2.41,0.97,2.29,2.60,0.97,1.80,2.38,1.04,0.79,1.16,2.87,0.80,0.62,0.88,0.57,0.98,0.50,0.73,1.06,3.54,3.94,1.21,7.58,8.15,8.44,6.25,8.48,6.77,5.73,6.64,9.18,6.62,15.66,15.27,15.85,15.92,14.62,14.46,14.03,15.86,13.36,15.58,14.90,13.64,16.74,15.83,15.58,5.13,3.82,5.74,5.05,4.75],
  [1.70,12.58,11.85,22.17,30.09,7.66,20.95,20.85,18.62,20.40,20.40,19.75,18.92,20.22,10.66,10.94,10.86,7.76,9.06,7.80,10.12,7.22,10.00,8.46,8.74,8.57,8.91,7.86,9.47,7.68,20.74,25.86,29.07,25.75,26.38,29.77,29.17,32.99,33.51,30.31,34.99,26.49,21.23,21.74,23.62,23.13,21.21,26.26,24.29,23.56,25.15,22.53,22.74,23.55,21.88,23.41,21.17,24.98,24.49,26.21,23.89,25.03,24.34,22.41,22.61,21.87,23.70,24.02,21.19,1.17,3.09,0.80,0.81,2.41,99.00,3.20,2.68,0.45,1.45,2.16,1.13,1.61,1.75,1.56,3.36,3.21,2.93,1.53,2.72,2.27,2.80,3.14,3.36,3.77,4.45,1.21,5.18,5.74,6.06,3.85,6.07,4.39,3.36,4.25,6.78,4.23,13.94,13.44,15.01,14.89,13.55,13.60,12.52,14.77,12.33,13.99,13.96,12.50,15.31,14.90,14.69,5.14,2.51,6.08,3.10,4.95],
  [4.53,13.77,14.78,24.71,31.85,9.99,22.61,22.49,20.19,22.67,22.67,21.50,21.58,22.16,13.57,13.42,13.29,9.87,11.86,10.60,12.68,9.71,12.41,10.88,11.14,11.38,11.44,10.49,12.20,9.92,23.07,27.91,30.82,27.58,28.06,32.01,31.36,35.30,35.79,32.54,37.06,29.17,23.46,24.19,26.23,25.54,23.69,28.48,26.67,25.99,27.36,25.15,25.11,25.69,24.24,25.61,23.22,27.17,26.83,28.94,26.25,27.30,26.78,24.91,24.99,23.92,25.92,26.34,23.47,2.93,0.12,3.54,4.00,0.97,3.20,99.00,3.18,3.46,1.84,2.74,3.33,2.01,1.75,2.13,3.69,0.60,0.36,1.75,1.23,1.10,1.05,0.63,0.19,4.37,4.69,2.00,8.36,8.91,9.27,6.98,9.22,7.59,6.40,7.44,9.97,7.33,16.63,16.24,16.74,16.84,15.55,15.36,15.00,16.78,14.29,16.55,15.81,14.57,17.71,16.74,16.48,5.95,4.79,6.46,6.00,5.53],
  [2.58,10.69,12.08,21.64,28.68,10.28,19.45,19.34,17.04,19.53,19.53,18.33,18.59,18.98,10.86,10.39,10.24,6.75,9.08,7.83,9.69,6.74,9.35,7.84,8.10,8.61,8.45,7.59,9.35,6.84,19.95,24.74,27.66,24.40,24.90,28.85,28.19,32.16,32.64,29.39,33.88,26.17,20.31,21.10,23.19,22.43,20.60,25.32,23.55,22.88,24.20,22.13,21.98,22.52,21.11,22.46,20.05,24.00,23.70,25.97,23.12,24.16,23.67,21.84,21.88,20.75,22.77,23.20,20.33,1.51,3.11,2.17,3.22,2.29,2.68,3.18,99.00,2.46,2.07,0.60,1.68,1.60,1.79,1.53,0.71,2.71,2.83,2.09,1.96,3.10,2.14,2.64,3.19,1.29,1.85,2.30,7.02,7.63,7.64,5.98,8.00,6.08,5.68,6.03,8.52,6.41,13.69,13.39,13.57,13.66,12.38,12.18,11.95,13.61,11.12,13.52,12.64,11.41,14.61,13.56,13.30,2.88,2.15,3.61,3.71,2.54],
  [1.26,12.15,11.47,21.74,29.64,7.82,20.50,20.40,18.17,19.95,19.95,19.30,18.50,19.77,10.27,10.50,10.42,7.30,8.65,7.39,9.68,6.78,9.55,8.02,8.30,8.16,8.47,7.43,9.05,7.23,20.30,25.41,28.62,25.29,25.93,29.33,28.72,32.55,33.06,29.86,34.54,26.07,20.78,21.30,23.20,22.69,20.78,25.82,23.85,23.13,24.71,22.11,22.30,23.10,21.44,22.96,20.71,24.53,24.05,25.80,23.45,24.59,23.90,21.98,22.17,21.42,23.26,23.58,20.74,0.99,3.35,0.37,0.77,2.60,0.45,3.46,2.46,99.00,1.64,2.01,0.81,1.68,1.87,1.60,3.12,3.40,3.16,1.73,2.84,2.61,2.94,3.33,3.60,3.47,4.16,1.47,5.01,5.59,5.84,3.76,5.93,4.18,3.33,4.05,6.60,4.16,13.52,13.04,14.56,14.44,13.09,13.15,12.09,14.32,11.88,13.56,13.51,12.05,14.87,14.45,14.24,4.78,2.06,5.74,2.69,4.61],
  [2.70,12.68,12.97,23.03,30.52,8.87,21.31,21.20,18.93,21.10,21.10,20.16,19.86,20.73,11.76,11.75,11.64,8.32,10.08,8.81,10.97,8.02,10.76,9.22,9.49,9.60,9.74,8.75,10.44,8.32,21.48,26.44,29.50,26.21,26.76,30.46,29.83,33.73,34.23,31.00,35.59,27.44,21.91,22.55,24.53,23.91,22.04,26.94,25.06,24.36,25.82,23.45,23.50,24.18,22.63,24.07,21.74,25.64,25.24,27.19,24.64,25.74,25.14,23.25,23.38,22.45,24.38,24.75,21.90,1.16,1.73,1.70,2.26,0.97,1.45,1.84,2.07,1.64,99.00,1.47,1.53,0.47,0.38,0.54,2.76,1.77,1.53,0.09,1.30,1.19,1.36,1.70,1.97,3.35,3.90,0.31,6.62,7.18,7.48,5.29,7.51,5.81,4.79,5.67,8.22,5.67,14.89,14.47,15.40,15.40,14.08,14.00,13.33,15.31,12.83,14.86,14.41,13.07,16.08,15.35,15.11,4.91,3.08,5.68,4.17,4.60],
  [2.39,11.24,12.25,21.99,29.18,9.81,19.96,19.85,17.56,19.93,19.93,18.82,18.89,19.45,11.04,10.71,10.58,7.14,9.28,8.02,9.99,7.02,9.69,8.17,8.43,8.81,8.75,7.84,9.58,7.19,20.34,25.19,28.16,24.89,25.41,29.27,28.63,32.57,33.05,29.81,34.34,26.48,20.72,21.47,23.52,22.81,20.96,25.75,23.93,23.26,24.62,22.45,22.37,22.96,21.50,22.88,20.50,24.43,24.09,26.26,23.51,24.57,24.05,22.19,22.26,21.20,23.19,23.60,20.73,1.02,2.66,1.77,2.78,1.80,2.16,2.74,0.60,2.01,1.47,99.00,1.29,1.01,1.21,0.93,1.30,2.34,2.38,1.50,1.58,2.54,1.76,2.26,2.78,1.88,2.45,1.70,6.78,7.39,7.48,5.67,7.75,5.88,5.31,5.80,8.33,6.08,13.97,13.63,14.07,14.12,12.82,12.67,12.29,14.06,11.57,13.85,13.11,11.84,14.98,14.04,13.79,3.45,2.22,4.21,3.68,3.13],
  [1.23,11.52,11.45,21.51,29.16,8.61,19.99,19.88,17.63,19.62,19.62,18.81,18.33,19.33,10.24,10.23,10.13,6.88,8.55,7.28,9.45,6.50,9.26,7.71,7.99,8.07,8.22,7.23,8.91,6.85,19.99,25.01,28.14,24.83,25.43,28.99,28.37,32.24,32.75,29.53,34.15,25.92,20.44,21.04,23.00,22.41,20.53,25.47,23.56,22.86,24.36,21.92,22.01,22.73,21.14,22.61,20.31,24.18,23.75,25.66,23.15,24.26,23.64,21.74,21.88,21.02,22.91,23.27,20.42,0.41,3.23,0.50,1.55,2.38,1.13,3.33,1.68,0.81,1.53,1.29,99.00,1.34,1.59,1.23,2.31,3.13,2.99,1.62,2.45,2.69,2.59,3.05,3.44,2.66,3.35,1.52,5.52,6.12,6.26,4.37,6.47,4.63,4.03,4.54,7.08,4.79,13.36,12.94,14.05,13.99,12.66,12.64,11.82,13.89,11.43,13.34,13.03,11.64,14.58,13.97,13.75,4.01,1.58,4.95,2.67,3.82],
  [2.57,12.24,12.78,22.74,30.12,9.19,20.91,20.80,18.52,20.76,20.76,19.76,19.59,20.35,11.56,11.45,11.33,7.97,9.85,8.59,10.69,7.73,10.45,8.91,9.18,9.38,9.45,8.49,10.20,7.99,21.15,26.07,29.10,25.82,26.36,30.12,29.48,33.39,33.89,30.65,35.22,27.18,21.56,22.24,24.25,23.60,21.73,26.59,24.74,24.05,25.47,23.17,23.18,23.82,22.31,23.73,21.38,25.29,24.91,26.94,24.32,25.40,24.83,22.95,23.06,22.08,24.03,24.42,21.56,0.93,1.91,1.64,2.39,1.04,1.61,2.01,1.60,1.68,0.47,1.01,1.34,99.00,0.26,0.12,2.29,1.79,1.66,0.49,1.16,1.57,1.27,1.71,2.10,2.89,3.43,0.73,6.69,7.28,7.50,5.43,7.61,5.84,4.96,5.73,8.28,5.82,14.63,14.24,15.00,15.02,13.71,13.60,13.03,14.94,12.46,14.57,14.02,12.71,15.76,14.96,14.71,4.46,2.80,5.21,4.01,4.14],
  [2.81,12.45,13.03,23.00,30.36,9.24,21.15,21.03,18.75,21.02,21.02,20.00,19.85,20.60,11.82,11.71,11.60,8.23,10.12,8.85,10.96,7.99,10.71,9.18,9.44,9.64,9.72,8.76,10.46,8.25,21.41,26.33,29.34,26.06,26.60,30.38,29.74,33.65,34.15,30.91,35.47,27.44,21.82,22.50,24.51,23.86,21.99,26.85,25.00,24.31,25.73,23.43,23.44,24.08,22.57,23.98,21.63,25.54,25.17,27.20,24.58,25.66,25.09,23.22,23.32,22.33,24.29,24.68,21.82,1.19,1.65,1.86,2.54,0.79,1.75,1.75,1.79,1.87,0.38,1.21,1.59,0.26,99.00,0.38,2.46,1.55,1.40,0.35,0.98,1.33,1.07,1.48,1.85,3.08,3.59,0.69,6.88,7.45,7.71,5.59,7.79,6.04,5.10,5.92,8.47,5.97,14.90,14.50,15.24,15.27,13.96,13.84,13.30,15.20,12.71,14.83,14.27,12.96,16.02,15.20,14.96,4.66,3.06,5.38,4.27,4.32],
  [2.46,12.14,12.66,22.62,30.01,9.17,20.80,20.69,18.41,20.65,20.65,19.65,19.47,20.24,11.45,11.33,11.21,7.85,9.73,8.47,10.57,7.61,10.33,8.79,9.06,9.26,9.33,8.37,10.08,7.87,21.03,25.96,28.99,25.71,26.25,30.00,29.37,33.28,33.77,30.54,35.11,27.06,21.45,22.12,24.13,23.48,21.61,26.48,24.62,23.93,25.36,23.05,23.06,23.71,22.19,23.61,21.26,25.17,24.79,26.82,24.20,25.28,24.71,22.83,22.94,21.97,23.92,24.30,21.44,0.82,2.03,1.54,2.32,1.16,1.56,2.13,1.53,1.60,0.54,0.93,1.23,0.12,0.38,99.00,2.23,1.90,1.78,0.58,1.25,1.68,1.37,1.82,2.22,2.81,3.37,0.78,6.61,7.19,7.41,5.35,7.53,5.75,4.90,5.64,8.19,5.75,14.51,14.12,14.89,14.91,13.59,13.49,12.91,14.83,12.34,14.45,13.91,12.59,15.64,14.84,14.60,4.37,2.67,5.14,3.90,4.06],
  [3.04,10.10,12.02,21.35,28.17,10.91,18.93,18.81,16.50,19.15,19.15,17.82,18.35,18.52,10.81,10.14,9.97,6.43,9.00,7.78,9.49,6.57,9.09,7.61,7.85,8.54,8.25,7.45,9.23,6.56,19.59,24.29,27.14,23.91,24.37,28.45,27.78,31.77,32.24,28.98,33.43,25.92,19.91,20.78,22.92,22.08,20.29,24.92,23.19,22.55,23.79,21.86,21.63,22.10,20.76,22.05,19.61,23.59,23.33,25.73,22.76,23.77,23.34,21.53,21.53,20.31,22.37,22.82,19.95,2.20,3.64,2.80,3.86,2.87,3.36,3.69,0.71,3.12,2.76,1.30,2.31,2.29,2.46,2.23,99.00,3.17,3.36,2.77,2.46,3.74,2.64,3.10,3.68,0.68,1.14,3.00,7.44,8.06,7.99,6.50,8.43,6.49,6.25,6.46,8.90,6.93,13.50,13.25,13.08,13.22,11.95,11.70,11.68,13.18,10.69,13.27,12.17,11.01,14.29,13.09,12.82,2.26,2.39,2.92,3.97,1.88],
  [4.35,13.23,14.52,24.32,31.34,10.32,22.09,21.97,19.67,22.24,22.24,20.99,21.23,21.67,13.31,13.05,12.91,9.45,11.57,10.31,12.32,9.36,12.02,10.50,10.76,11.10,11.08,10.16,11.89,9.52,22.65,27.44,30.31,27.08,27.54,31.56,30.90,34.87,35.35,32.10,36.58,28.82,23.02,23.79,25.86,25.13,23.29,28.03,26.25,25.58,26.91,24.79,24.69,25.23,23.82,25.17,22.75,26.71,26.40,28.60,25.83,26.87,26.37,24.52,24.58,23.45,25.48,25.91,23.04,2.72,0.61,3.41,4.02,0.80,3.21,0.60,2.71,3.40,1.77,2.34,3.13,1.79,1.55,1.90,3.17,99.00,0.45,1.67,0.76,1.43,0.58,0.08,0.52,3.85,4.13,2.00,8.38,8.95,9.24,7.04,9.27,7.57,6.51,7.44,9.98,7.41,16.30,15.94,16.24,16.36,15.08,14.86,14.62,16.32,13.82,16.18,15.33,14.12,17.30,16.25,15.98,5.41,4.49,5.89,5.79,4.99],
  [4.20,13.45,14.44,24.35,31.51,9.89,22.27,22.16,19.86,22.32,22.32,21.16,21.23,21.81,13.22,13.07,12.94,9.52,11.51,10.25,12.32,9.36,12.05,10.52,10.79,11.03,11.08,10.14,11.85,9.57,22.72,27.56,30.49,27.24,27.72,31.66,31.01,34.95,35.44,32.19,36.71,28.82,23.10,23.84,25.87,25.18,23.33,28.13,26.31,25.63,27.01,24.80,24.75,25.34,23.88,25.26,22.87,26.81,26.48,28.58,25.89,26.95,26.42,24.56,24.64,23.57,25.57,25.98,23.12,2.59,0.28,3.22,3.73,0.62,2.93,0.36,2.83,3.16,1.53,2.38,2.99,1.66,1.40,1.78,3.36,0.45,99.00,1.43,0.91,0.99,0.73,0.44,0.45,4.04,4.38,1.71,8.10,8.65,8.99,6.73,8.97,7.31,6.18,7.17,9.70,7.09,16.28,15.89,16.40,16.49,15.20,15.02,14.64,16.43,13.94,16.19,15.47,14.22,17.35,16.39,16.14,5.62,4.44,6.16,5.66,5.22],
  [2.79,12.72,13.05,23.11,30.58,8.93,21.37,21.26,18.98,21.17,21.17,20.22,19.94,20.80,11.85,11.83,11.71,8.39,10.16,8.90,11.05,8.10,10.83,9.29,9.57,9.68,9.82,8.84,10.52,8.40,21.55,26.51,29.55,26.27,26.82,30.53,29.90,33.80,34.30,31.07,35.65,27.53,21.98,22.63,24.61,23.99,22.11,27.01,25.13,24.43,25.89,23.53,23.58,24.25,22.71,24.14,21.81,25.71,25.31,27.28,24.72,25.81,25.22,23.33,23.46,22.52,24.45,24.83,21.97,1.24,1.64,1.79,2.35,0.88,1.53,1.75,2.09,1.73,0.09,1.50,1.62,0.49,0.35,0.58,2.77,1.67,1.43,99.00,1.23,1.12,1.28,1.61,1.88,3.38,3.91,0.37,6.71,7.27,7.57,5.38,7.60,5.90,4.87,5.76,8.31,5.76,14.97,14.55,15.46,15.46,14.14,14.05,13.41,15.38,12.90,14.94,14.47,13.14,16.15,15.41,15.17,4.94,3.16,5.69,4.26,4.62],
  [3.68,12.55,13.79,23.56,30.62,10.13,21.38,21.26,18.96,21.48,21.48,20.27,20.47,20.94,12.57,12.29,12.15,8.69,10.83,9.57,11.57,8.60,11.26,9.74,10.00,10.36,10.32,9.41,11.14,8.76,21.89,26.69,29.59,26.35,26.82,30.81,30.15,34.11,34.59,31.34,35.84,28.06,22.26,23.03,25.10,24.37,22.53,27.28,25.49,24.82,26.16,24.03,23.93,24.48,23.06,24.41,22.00,25.96,25.65,27.84,25.07,26.11,25.61,23.76,23.82,22.70,24.72,25.15,22.28,2.05,1.18,2.79,3.52,0.57,2.72,1.23,1.96,2.84,1.30,1.58,2.45,1.16,0.98,1.25,2.46,0.76,0.91,1.23,99.00,1.55,0.19,0.69,1.24,3.14,3.48,1.60,7.85,8.43,8.66,6.56,8.76,7.00,6.08,6.89,9.44,6.95,15.54,15.19,15.52,15.62,14.34,14.13,13.86,15.57,13.08,15.42,14.59,13.37,16.54,15.51,15.25,4.72,3.75,5.26,5.10,4.31],
  [3.80,13.79,14.06,24.20,31.69,8.91,22.48,22.37,20.08,22.29,22.29,21.33,21.02,21.92,12.86,12.92,12.82,9.51,11.21,9.94,12.14,9.19,11.94,10.40,10.67,10.73,10.91,9.92,11.59,9.51,22.66,27.63,30.67,27.38,27.93,31.65,31.02,34.92,35.41,32.19,36.77,28.60,23.10,23.73,25.69,25.10,23.21,28.13,26.24,25.54,27.01,24.61,24.69,25.37,23.82,25.26,22.93,26.83,26.42,28.34,25.83,26.93,26.32,24.43,24.57,23.64,25.57,25.94,23.08,2.34,0.99,2.77,3.04,0.98,2.27,1.10,3.10,2.61,1.19,2.54,2.69,1.57,1.33,1.68,3.74,1.43,0.99,1.12,1.55,99.00,1.45,1.41,1.28,4.39,4.85,1.18,7.35,7.88,8.29,5.94,8.18,6.62,5.34,6.46,8.96,6.27,16.04,15.60,16.57,16.58,15.26,15.17,14.51,16.50,14.02,16.03,15.59,14.26,17.26,16.52,16.28,5.98,4.26,6.65,5.27,5.62],
  [3.82,12.73,13.95,23.74,30.80,10.13,21.56,21.45,19.14,21.67,21.67,20.45,20.65,21.12,12.74,12.47,12.33,8.88,11.00,9.74,11.74,8.78,11.44,9.92,10.18,10.53,10.50,9.58,11.32,8.94,22.08,26.88,29.78,26.53,27.01,30.99,30.34,34.30,34.78,31.53,36.02,28.24,22.45,23.22,25.28,24.55,22.72,27.47,25.68,25.01,26.34,24.21,24.11,24.67,23.24,24.60,22.19,26.15,25.83,28.02,25.25,26.30,25.79,23.95,24.01,22.89,24.91,25.33,22.47,2.18,1.00,2.91,3.60,0.50,2.80,1.05,2.14,2.94,1.36,1.76,2.59,1.27,1.07,1.37,2.64,0.58,0.73,1.28,0.19,1.45,99.00,0.50,1.05,3.32,3.65,1.64,7.94,8.52,8.77,6.64,8.85,7.11,6.14,6.99,9.54,7.03,15.72,15.36,15.70,15.81,14.52,14.32,14.04,15.76,13.26,15.60,14.78,13.55,16.73,15.70,15.44,4.90,3.92,5.43,5.25,4.49],
  [4.28,13.17,14.45,24.25,31.27,10.28,22.03,21.91,19.60,22.16,22.16,20.92,21.15,21.61,13.23,12.97,12.84,9.38,11.50,10.24,12.25,9.28,11.95,10.43,10.69,11.02,11.00,10.09,11.82,9.45,22.58,27.37,30.25,27.01,27.47,31.49,30.83,34.80,35.28,32.03,36.51,28.74,22.94,23.72,25.78,25.05,23.22,27.96,26.18,25.51,26.84,24.71,24.61,25.16,23.74,25.10,22.68,26.64,26.33,28.52,25.75,26.80,26.30,24.45,24.51,23.38,25.40,25.83,22.97,2.64,0.64,3.34,3.95,0.73,3.14,0.63,2.64,3.33,1.70,2.26,3.05,1.71,1.48,1.82,3.10,0.08,0.44,1.61,0.69,1.41,0.50,99.00,0.58,3.79,4.08,1.94,8.32,8.88,9.17,6.98,9.21,7.50,6.45,7.37,9.92,7.35,16.22,15.86,16.18,16.29,15.01,14.80,14.54,16.25,13.75,16.11,15.26,14.05,17.23,16.18,15.92,5.35,4.41,5.84,5.72,4.93],
  [4.65,13.75,14.88,24.77,31.85,10.18,22.61,22.49,20.18,22.71,22.71,21.50,21.65,22.17,13.67,13.48,13.35,9.91,11.95,10.69,12.75,9.78,12.46,10.94,11.20,11.47,11.50,10.57,12.29,9.97,23.12,27.93,30.82,27.58,28.05,32.04,31.39,35.34,35.83,32.58,37.07,29.24,23.49,24.25,26.29,25.58,23.74,28.51,26.71,26.04,27.39,25.22,25.15,25.71,24.28,25.65,23.24,27.20,26.87,29.01,26.29,27.34,26.83,24.97,25.04,23.94,25.95,26.38,23.51,3.03,0.29,3.67,4.16,1.06,3.36,0.19,3.19,3.60,1.97,2.78,3.44,2.10,1.85,2.22,3.68,0.52,0.45,1.88,1.24,1.28,1.05,0.58,99.00,4.36,4.66,2.15,8.52,9.07,9.42,7.14,9.39,7.75,6.58,7.60,10.13,7.49,16.71,16.33,16.75,16.86,15.57,15.36,15.06,16.81,14.31,16.61,15.82,14.60,17.76,16.75,16.49,5.93,4.87,6.41,6.11,5.51],
  [3.14,9.42,11.53,20.72,27.49,11.17,18.24,18.13,15.82,18.49,18.49,17.14,17.75,17.84,10.33,9.54,9.37,5.80,8.50,7.30,8.91,6.02,8.48,7.03,7.26,8.06,7.68,6.93,8.70,5.95,18.94,23.61,26.46,23.23,23.69,27.78,27.11,31.11,31.58,28.32,32.75,25.31,19.25,20.14,22.30,21.44,19.65,24.25,22.54,21.90,23.13,21.25,20.97,21.43,20.10,21.39,18.93,22.93,22.68,25.13,22.11,23.11,22.69,20.90,20.88,19.63,21.70,22.17,19.30,2.64,4.32,3.12,4.16,3.54,3.77,4.37,1.29,3.47,3.35,1.88,2.66,2.89,3.08,2.81,0.68,3.85,4.04,3.38,3.14,4.39,3.32,3.79,4.36,99.00,0.72,3.57,7.41,8.04,7.87,6.59,8.41,6.45,6.41,6.46,8.81,7.02,12.92,12.70,12.40,12.54,11.28,11.02,11.07,12.51,10.02,12.67,11.49,10.35,13.66,12.41,12.14,1.59,2.30,2.34,3.83,1.25],
  [3.86,9.10,11.88,20.79,27.26,11.89,18.02,17.89,15.57,18.47,18.47,16.94,17.88,17.70,10.68,9.70,9.51,5.92,8.85,7.68,9.12,6.31,8.64,7.23,7.44,8.42,7.92,7.24,9.00,6.12,18.93,23.49,26.24,23.03,23.45,27.71,27.02,31.06,31.52,28.25,32.62,25.42,19.20,20.18,22.39,21.45,19.70,24.18,22.54,21.92,23.06,21.35,20.97,21.34,20.10,21.33,18.83,22.85,22.66,25.27,22.10,23.07,22.71,20.95,20.89,19.52,21.64,22.14,19.27,3.30,4.66,3.82,4.87,3.94,4.45,4.69,1.85,4.16,3.90,2.45,3.35,3.43,3.59,3.37,1.14,4.13,4.38,3.91,3.48,4.85,3.65,4.08,4.66,0.72,99.00,4.15,8.10,8.73,8.53,7.30,9.10,7.14,7.13,7.15,9.48,7.74,13.12,12.96,12.22,12.44,11.21,10.86,11.20,12.43,9.95,12.81,11.37,10.32,13.72,12.27,11.98,1.36,3.00,1.80,4.50,0.89],
  [2.62,12.84,12.89,23.03,30.62,8.56,21.43,21.32,19.05,21.14,21.14,20.26,19.84,20.82,11.68,11.75,11.65,8.38,10.02,8.76,10.97,8.02,10.77,9.23,9.51,9.54,9.74,8.74,10.40,8.37,21.51,26.51,29.60,26.30,26.87,30.50,29.88,33.76,34.26,31.04,35.65,27.42,21.95,22.56,24.51,23.93,22.04,26.99,25.08,24.38,25.87,23.43,23.53,24.23,22.66,24.12,21.81,25.69,25.26,27.16,24.67,25.78,25.16,23.26,23.40,22.52,24.42,24.79,21.93,1.19,1.89,1.59,2.02,1.21,1.21,2.00,2.30,1.47,0.31,1.70,1.52,0.73,0.69,0.78,3.00,2.00,1.71,0.37,1.60,1.18,1.64,1.94,2.15,3.57,4.15,99.00,6.39,6.95,7.27,5.04,7.27,5.60,4.52,5.46,7.99,5.41,14.86,14.42,15.50,15.48,14.15,14.10,13.34,15.39,12.91,14.85,14.50,13.13,16.10,15.44,15.21,5.11,3.10,5.91,4.09,4.82],
  [4.44,12.99,8.16,19.09,28.50,5.23,19.81,19.76,17.78,18.01,18.01,18.51,15.66,18.58,7.16,8.76,8.84,7.28,6.20,5.31,7.86,5.96,8.20,7.00,7.25,5.82,7.01,5.93,6.78,6.93,18.19,23.76,27.49,24.10,25.03,27.20,26.72,30.22,30.78,27.72,32.68,22.98,18.91,18.87,20.34,20.34,18.31,23.81,21.53,20.72,22.76,19.25,20.07,21.34,19.25,21.05,19.23,22.62,21.81,22.59,21.18,22.49,21.45,19.41,19.89,19.93,21.31,21.42,18.74,5.88,8.25,5.09,4.37,7.58,5.18,8.36,7.02,5.01,6.62,6.78,5.52,6.69,6.88,6.61,7.44,8.38,8.10,6.71,7.85,7.35,7.94,8.32,8.52,7.41,8.10,6.39,99.00,0.62,1.12,1.50,1.00,0.96,2.21,0.98,1.61,1.35,10.83,10.06,14.12,13.57,12.24,12.80,10.17,13.32,11.25,11.28,12.93,11.16,12.91,13.82,13.73,7.93,5.11,9.02,3.64,8.06],
  [5.05,13.43,8.11,19.07,28.66,4.93,20.05,20.00,18.06,18.10,18.10,18.75,15.62,18.76,7.17,8.97,9.06,7.72,6.36,5.56,8.07,6.35,8.46,7.33,7.58,6.01,7.29,6.25,6.95,7.34,18.25,23.87,27.65,24.27,25.22,27.23,26.77,30.21,30.78,27.75,32.73,22.87,19.01,18.88,20.28,20.36,18.32,23.87,21.54,20.72,22.83,19.19,20.10,21.43,19.29,21.13,19.37,22.70,21.84,22.47,21.21,22.53,21.45,19.40,19.91,20.06,21.38,21.46,18.82,6.48,8.79,5.69,4.93,8.15,5.74,8.91,7.63,5.59,7.18,7.39,6.12,7.28,7.45,7.19,8.06,8.95,8.65,7.27,8.43,7.88,8.52,8.88,9.07,8.04,8.73,6.95,0.62,99.00,1.07,1.95,0.37,1.58,2.62,1.60,1.12,1.69,10.86,10.05,14.42,13.82,12.50,13.12,10.32,13.56,11.56,11.37,13.23,11.44,13.02,14.10,14.03,8.54,5.74,9.63,4.26,8.68],
  [5.09,12.55,7.08,18.03,27.59,5.97,19.01,18.96,17.04,17.03,17.03,17.70,14.59,17.70,6.12,7.91,8.02,6.86,5.30,4.54,7.02,5.45,7.44,6.37,6.60,4.95,6.28,5.26,5.89,6.46,17.19,22.80,26.59,23.20,24.16,26.18,25.71,29.17,29.74,26.69,31.67,21.87,17.94,17.83,19.26,19.31,17.27,22.80,20.49,19.67,21.76,18.17,19.05,20.37,18.23,20.06,18.30,21.63,20.79,21.48,20.15,21.47,20.40,18.35,18.86,19.00,20.32,20.40,17.75,6.64,9.15,5.87,5.27,8.44,6.06,9.27,7.64,5.84,7.48,7.48,6.26,7.50,7.71,7.41,7.99,9.24,8.99,7.57,8.66,8.29,8.77,9.17,9.42,7.87,8.53,7.27,1.12,1.07,99.00,2.58,1.23,1.68,3.30,1.84,0.99,2.47,9.80,9.00,13.41,12.79,11.48,12.13,9.26,12.52,10.56,10.30,12.21,10.42,11.95,13.08,13.01,8.17,5.60,9.24,4.04,8.37],
  [3.46,13.26,9.45,20.31,29.41,4.97,20.57,20.50,18.44,19.07,19.07,19.29,16.91,19.46,8.39,9.66,9.70,7.63,7.22,6.18,8.76,6.48,8.98,7.64,7.91,6.79,7.78,6.66,7.77,7.35,19.29,24.78,28.39,25.01,25.86,28.33,27.82,31.40,31.96,28.86,33.76,24.30,19.96,20.04,21.61,21.51,19.49,24.91,22.69,21.89,23.84,20.52,21.21,22.37,20.37,22.12,20.18,23.70,22.96,23.93,22.33,23.60,22.64,20.62,21.03,20.89,22.39,22.55,19.82,4.69,6.86,3.91,3.04,6.25,3.85,6.98,5.98,3.76,5.29,5.67,4.37,5.43,5.59,5.35,6.50,7.04,6.73,5.38,6.56,5.94,6.64,6.98,7.14,6.59,7.30,5.04,1.50,1.95,2.58,99.00,2.25,1.23,0.72,0.97,3.06,0.43,12.01,11.30,14.76,14.32,12.97,13.40,11.15,14.11,11.90,12.37,13.60,11.89,13.93,14.51,14.39,7.36,4.34,8.46,3.15,7.41],
  [5.42,13.72,8.13,19.10,28.79,4.75,20.23,20.18,18.27,18.19,18.19,18.92,15.64,18.91,7.24,9.13,9.24,8.01,6.51,5.77,8.24,6.62,8.67,7.58,7.82,6.18,7.50,6.48,7.11,7.63,18.33,23.97,27.79,24.40,25.38,27.29,26.83,30.25,30.82,27.80,32.81,22.84,19.10,18.92,20.29,20.41,18.37,23.94,21.59,20.77,22.90,19.20,20.17,21.53,19.36,21.22,19.49,22.78,21.90,22.43,21.26,22.60,21.49,19.43,19.97,20.18,21.47,21.53,18.90,6.83,9.11,6.04,5.26,8.48,6.07,9.22,8.00,5.93,7.51,7.75,6.47,7.61,7.79,7.53,8.43,9.27,8.97,7.60,8.76,8.18,8.85,9.21,9.39,8.41,9.10,7.27,1.00,0.37,1.23,2.25,99.00,1.95,2.89,1.97,0.94,1.94,10.92,10.09,14.63,14.01,12.70,13.35,10.46,13.75,11.78,11.46,13.44,11.64,13.14,14.30,14.24,8.91,6.11,10.00,4.63,9.05],
  [3.51,12.30,8.25,19.10,28.21,5.85,19.41,19.34,17.31,17.85,17.85,18.12,15.70,18.26,7.17,8.46,8.50,6.61,6.00,4.97,7.55,5.38,7.80,6.50,6.77,5.57,6.60,5.49,6.55,6.29,18.06,23.56,27.19,23.81,24.68,27.11,26.60,30.18,30.73,27.63,32.54,23.11,18.74,18.82,20.40,20.28,18.27,23.68,21.46,20.67,22.62,19.31,19.98,21.15,19.15,20.89,18.97,22.47,21.73,22.75,21.10,22.38,21.42,19.40,19.81,19.68,21.16,21.32,18.60,5.00,7.48,4.22,3.59,6.77,4.39,7.59,6.08,4.18,5.81,5.88,4.63,5.84,6.04,5.75,6.49,7.57,7.31,5.90,7.00,6.62,7.11,7.50,7.75,6.45,7.14,5.60,0.96,1.58,1.68,1.23,1.95,99.00,1.89,0.26,2.45,1.38,10.79,10.08,13.64,13.16,11.81,12.29,9.93,12.93,10.77,11.14,12.46,10.73,12.71,13.37,13.26,6.98,4.15,8.07,2.69,7.11],
  [3.27,13.57,10.13,20.98,29.96,4.86,21.07,21.00,18.91,19.68,19.68,19.79,17.58,20.01,9.06,10.24,10.26,8.02,7.84,6.76,9.34,6.94,9.51,8.13,8.41,7.41,8.32,7.19,8.38,7.76,19.91,25.37,28.94,25.56,26.39,28.97,28.45,32.05,32.60,29.49,34.38,24.99,20.57,20.69,22.29,22.15,20.15,25.53,23.33,22.54,24.46,21.20,21.84,22.97,21.00,22.73,20.76,24.31,23.60,24.63,22.97,24.23,23.29,21.28,21.67,21.47,23.00,23.18,20.44,4.31,6.29,3.54,2.58,5.73,3.36,6.40,5.68,3.33,4.79,5.31,4.03,4.96,5.10,4.90,6.25,6.51,6.18,4.87,6.08,5.34,6.14,6.45,6.58,6.41,7.13,4.52,2.21,2.62,3.30,0.72,2.89,1.89,99.00,1.63,3.74,0.94,12.67,11.97,15.23,14.83,13.47,13.85,11.74,14.63,12.38,13.00,14.07,12.39,14.54,15.00,14.86,7.33,4.24,8.41,3.29,7.33],
  [3.45,12.49,8.50,19.35,28.46,5.66,19.65,19.58,17.55,18.11,18.11,18.36,15.95,18.51,7.43,8.71,8.75,6.82,6.26,5.22,7.81,5.60,8.04,6.73,7.00,5.83,6.84,5.73,6.81,6.51,18.32,23.81,27.44,24.06,24.93,27.37,26.86,30.44,30.99,27.89,32.79,23.36,19.00,19.08,20.66,20.54,18.53,23.94,21.72,20.93,22.87,19.56,20.24,21.41,19.40,21.15,19.23,22.73,21.99,23.00,21.36,22.63,21.68,19.65,20.07,19.93,21.42,21.58,18.85,4.91,7.33,4.12,3.44,6.64,4.25,7.44,6.03,4.05,5.67,5.80,4.54,5.73,5.92,5.64,6.46,7.44,7.17,5.76,6.89,6.46,6.99,7.37,7.60,6.46,7.15,5.46,0.98,1.60,1.84,0.97,1.97,0.26,1.63,99.00,2.55,1.14,11.05,10.34,13.87,13.40,12.05,12.52,10.19,13.18,11.00,11.40,12.70,10.97,12.97,13.60,13.49,7.03,4.15,8.13,2.74,7.15],
  [5.95,13.42,7.28,18.24,28.07,5.45,19.62,19.58,17.71,17.41,17.41,18.30,14.78,18.23,6.44,8.52,8.65,7.76,5.88,5.27,7.64,6.32,8.14,7.16,7.39,5.58,7.01,6.05,6.47,7.35,17.53,23.21,27.08,23.70,24.70,26.46,26.02,29.40,29.97,26.97,32.00,21.94,18.33,18.09,19.41,19.58,17.53,23.13,20.76,19.93,22.11,18.32,19.35,20.76,18.55,20.43,18.77,21.99,21.08,21.52,20.44,21.79,20.64,18.58,19.15,19.46,20.68,20.71,18.12,7.45,9.85,6.67,5.97,9.18,6.78,9.97,8.52,6.60,8.22,8.33,7.08,8.28,8.47,8.19,8.90,9.98,9.70,8.31,9.44,8.96,9.54,9.92,10.13,8.81,9.48,7.99,1.61,1.12,0.99,3.06,0.94,2.45,3.74,2.55,99.00,2.81,10.12,9.25,14.11,13.43,12.15,12.86,9.78,13.15,11.28,10.71,12.91,11.10,12.40,13.76,13.71,9.16,6.53,10.23,4.98,9.35],
  [3.89,13.59,9.46,20.36,29.58,4.60,20.79,20.72,18.69,19.19,19.19,19.50,16.95,19.64,8.43,9.83,9.88,7.94,7.34,6.34,8.93,6.74,9.18,7.87,8.14,6.93,7.98,6.87,7.90,7.63,19.39,24.91,28.57,25.18,26.06,28.43,27.93,31.47,32.03,28.95,33.87,24.30,20.09,20.11,21.64,21.58,19.56,25.01,22.77,21.96,23.95,20.55,21.29,22.50,20.47,22.23,20.34,23.81,23.04,23.92,22.41,23.70,22.71,20.67,21.12,21.04,22.50,22.64,19.93,5.11,7.21,4.32,3.43,6.62,4.23,7.33,6.41,4.16,5.67,6.08,4.79,5.82,5.97,5.75,6.93,7.41,7.09,5.76,6.95,6.27,7.03,7.35,7.49,7.02,7.74,5.41,1.35,1.69,2.47,0.43,1.94,1.38,0.94,1.14,2.81,99.00,12.08,11.34,15.01,14.54,13.19,13.66,11.29,14.31,12.14,12.47,13.84,12.11,14.06,14.74,14.63,7.79,4.77,8.88,3.56,7.84],
  [12.27,8.88,2.94,8.32,18.13,15.55,10.45,10.47,9.24,7.33,7.33,9.16,4.99,8.63,3.69,3.46,3.70,7.24,4.91,6.14,4.01,6.95,4.52,5.90,5.68,5.39,5.25,6.14,4.47,7.00,7.41,13.13,17.17,13.82,15.00,16.37,15.91,19.39,19.95,16.89,21.88,12.56,8.25,8.04,9.70,9.51,7.48,13.01,10.69,9.88,11.99,8.60,9.24,10.68,8.44,10.32,8.88,11.87,10.98,12.31,10.35,11.67,10.63,8.61,9.05,9.53,10.56,10.60,8.01,13.74,16.54,13.29,13.39,15.66,13.94,16.63,13.69,13.52,14.89,13.97,13.36,14.63,14.90,14.51,13.50,16.30,16.28,14.97,15.54,16.04,15.72,16.22,16.71,12.92,13.12,14.86,10.83,10.86,9.80,12.01,10.92,10.79,12.67,11.05,10.12,12.08,99.00,1.05,6.62,5.39,4.87,6.21,2.27,4.98,5.21,1.16,5.75,4.60,2.73,6.04,6.26,11.87,11.84,12.32,10.83,12.35],
  [11.81,9.48,1.98,9.03,19.13,14.66,11.50,11.52,10.26,8.29,8.29,10.21,5.61,9.67,2.91,3.55,3.84,7.18,4.39,5.66,3.87,6.68,4.54,5.75,5.57,4.88,5.04,5.80,4.05,6.88,8.33,14.09,18.17,14.84,16.03,17.21,16.77,20.17,20.74,17.72,22.75,13.08,9.22,8.84,10.32,10.33,8.28,13.90,11.51,10.68,12.89,9.22,10.10,11.64,9.31,11.25,9.90,12.79,11.82,12.78,11.18,12.54,11.40,9.35,9.90,10.54,11.48,11.47,8.95,13.33,16.14,12.83,12.86,15.27,13.44,16.24,13.39,13.04,14.47,13.63,12.94,14.24,14.50,14.12,13.25,15.94,15.89,14.55,15.19,15.60,15.36,15.86,16.33,12.70,12.96,14.42,10.06,10.05,9.00,11.30,10.09,10.08,11.97,10.34,9.25,11.34,1.05,99.00,7.51,6.31,5.66,6.98,2.77,5.91,5.83,2.14,6.57,5.24,3.78,6.94,7.13,11.76,11.46,12.29,10.35,12.23],
  [13.37,3.87,8.69,10.03,15.12,19.34,5.94,5.84,3.68,6.93,6.93,4.76,8.43,5.51,8.59,5.73,5.53,7.32,8.31,8.87,6.53,8.29,5.98,7.14,6.87,8.54,7.13,8.19,7.73,7.50,7.57,11.32,14.10,10.83,11.37,15.68,14.94,19.08,19.49,16.21,20.41,14.81,7.45,9.13,11.74,10.06,8.81,12.19,10.99,10.56,11.07,10.91,9.48,9.31,8.67,9.41,6.74,10.84,10.98,14.91,10.52,11.21,11.32,10.01,9.48,7.40,9.74,10.42,7.68,14.32,16.68,14.22,14.79,15.85,15.01,16.74,13.57,14.56,15.40,14.07,14.05,15.00,15.24,14.89,13.08,16.24,16.40,15.46,15.52,16.57,15.70,16.18,16.75,12.40,12.22,15.50,14.12,14.42,13.41,14.76,14.63,13.64,15.23,13.87,14.11,15.01,6.62,7.51,99.00,1.28,2.05,1.41,5.04,1.67,2.87,5.46,1.20,3.02,4.44,0.59,0.41,10.87,12.51,10.70,12.30,11.33],
  [13.22,4.76,7.61,9.10,15.22,18.76,6.25,6.19,4.31,6.20,6.20,4.97,7.26,5.34,7.63,4.93,4.78,7.14,7.56,8.27,5.79,7.92,5.37,6.70,6.42,7.85,6.57,7.67,6.97,7.24,6.78,11.07,14.20,10.86,11.57,15.28,14.58,18.65,19.09,15.81,20.22,13.90,6.84,8.27,10.81,9.32,7.90,11.76,10.31,9.81,10.63,9.92,8.77,8.91,7.92,8.92,6.39,10.42,10.36,13.95,9.86,10.69,10.59,9.13,8.73,7.09,9.24,9.82,6.99,14.28,16.77,14.12,14.61,15.92,14.89,16.84,13.66,14.44,15.40,14.12,13.99,15.02,15.27,14.91,13.22,16.36,16.49,15.46,15.62,16.58,15.81,16.29,16.86,12.54,12.44,15.48,13.57,13.82,12.79,14.32,14.01,13.16,14.83,13.40,13.43,14.54,5.39,6.31,1.28,99.00,1.36,1.76,3.99,0.40,2.57,4.22,1.13,2.44,3.17,0.69,1.02,11.08,12.42,11.03,12.06,11.56],
  [11.87,4.28,6.68,9.94,16.58,17.44,7.60,7.53,5.57,7.29,7.29,6.32,7.71,6.68,6.55,3.70,3.52,5.79,6.30,6.94,4.52,6.55,4.04,5.34,5.06,6.56,5.23,6.32,5.72,5.88,7.80,12.37,15.56,12.21,12.94,16.50,15.83,19.84,20.30,17.04,21.51,14.73,7.99,9.19,11.63,10.34,8.77,12.97,11.39,10.83,11.85,10.68,9.83,10.15,8.96,10.11,7.67,11.64,11.47,14.72,10.94,11.86,11.61,10.02,9.77,8.38,10.43,10.94,8.08,12.96,15.48,12.78,13.25,14.62,13.55,15.55,12.38,13.09,14.08,12.82,12.66,13.71,13.96,13.59,11.95,15.08,15.20,14.14,14.34,15.26,14.52,15.01,15.57,11.28,11.21,14.15,12.24,12.50,11.48,12.97,12.70,11.81,13.47,12.05,12.15,13.19,4.87,5.66,2.05,1.36,99.00,1.35,3.05,1.24,1.26,3.76,0.93,1.08,3.29,1.62,1.64,9.85,11.09,9.87,10.70,10.34],
  [11.96,3.06,7.89,10.86,16.53,18.03,7.35,7.25,5.07,7.96,7.96,6.16,8.87,6.83,7.63,4.66,4.42,5.91,7.14,7.60,5.38,6.93,4.75,5.80,5.55,7.33,5.85,6.88,6.58,6.11,8.54,12.63,15.50,12.22,12.78,16.93,16.21,20.32,20.75,17.46,21.75,15.66,8.57,10.03,12.56,11.07,9.66,13.42,12.06,11.57,12.30,11.66,10.52,10.55,9.68,10.60,8.00,12.08,12.10,15.70,11.60,12.39,12.35,10.89,10.49,8.68,10.93,11.54,8.74,12.91,15.30,12.81,13.38,14.46,13.60,15.36,12.18,13.15,14.00,12.67,12.64,13.60,13.84,13.49,11.70,14.86,15.02,14.05,14.13,15.17,14.32,14.80,15.36,11.02,10.86,14.10,12.80,13.12,12.13,13.40,13.35,12.29,13.85,12.52,12.86,13.66,6.21,6.98,1.41,1.76,1.35,99.00,4.30,1.96,1.59,5.11,0.65,1.93,4.54,1.41,1.12,9.51,11.10,9.38,10.90,9.98],
  [10.83,6.71,3.65,9.71,18.34,15.21,9.91,9.88,8.24,7.96,7.96,8.59,6.69,8.45,3.66,1.59,1.71,5.28,3.97,4.98,2.43,5.32,2.60,4.12,3.86,4.36,3.61,4.69,3.39,5.12,8.24,13.63,17.33,13.95,14.93,17.30,16.74,20.48,21.01,17.83,22.65,14.24,8.83,9.22,11.24,10.61,8.70,13.83,11.77,11.04,12.74,10.18,10.23,11.23,9.37,11.00,9.06,12.58,11.98,14.07,11.37,12.55,11.82,9.92,10.09,9.76,11.28,11.53,8.73,12.18,14.91,11.82,12.07,14.03,12.52,15.00,11.95,12.09,13.33,12.29,11.82,13.03,13.30,12.91,11.68,14.62,14.64,13.41,13.86,14.51,14.04,14.54,15.06,11.07,11.20,13.34,10.17,10.32,9.26,11.15,10.46,9.93,11.74,10.19,9.78,11.29,2.27,2.77,5.04,3.99,3.05,4.30,99.00,3.63,3.06,1.62,3.97,2.48,2.81,4.52,4.64,9.90,10.25,10.25,9.46,10.39],
  [13.09,5.00,7.23,8.91,15.37,18.49,6.49,6.44,4.63,6.11,6.11,5.19,6.96,5.45,7.28,4.63,4.51,7.02,7.27,8.02,5.51,7.74,5.14,6.51,6.23,7.58,6.34,7.45,6.68,7.10,6.66,11.13,14.35,11.00,11.76,15.28,14.60,18.63,19.08,15.81,20.28,13.72,6.79,8.11,10.62,9.20,7.72,11.75,10.23,9.70,10.62,9.71,8.67,8.92,7.82,8.90,6.44,10.42,10.29,13.74,9.77,10.65,10.48,8.96,8.62,7.14,9.21,9.76,6.91,14.19,16.71,14.01,14.47,15.86,14.77,16.78,13.61,14.32,15.31,14.06,13.89,14.94,15.20,14.83,13.18,16.32,16.43,15.38,15.57,16.50,15.76,16.25,16.81,12.51,12.43,15.39,13.32,13.56,12.52,14.11,13.75,12.93,14.63,13.18,13.15,14.31,4.98,5.91,1.67,0.40,1.24,1.96,3.63,99.00,2.49,3.82,1.30,2.28,2.79,1.09,1.38,11.07,12.32,11.06,11.90,11.55],
  [10.66,3.67,6.49,11.10,17.77,16.48,8.71,8.63,6.54,8.53,8.53,7.46,8.68,7.91,6.12,3.12,2.86,4.57,5.55,6.02,3.80,5.44,3.16,4.27,4.01,5.74,4.28,5.32,4.99,4.70,9.03,13.62,16.75,13.42,14.09,17.76,17.09,21.10,21.57,18.30,22.77,15.87,9.25,10.38,12.78,11.57,9.95,14.24,12.63,12.05,13.11,11.80,11.06,11.41,10.20,11.37,8.93,12.91,12.72,15.83,12.18,13.11,12.84,11.20,10.99,9.63,11.69,12.20,9.33,11.72,14.22,11.55,12.06,13.36,12.33,14.29,11.12,11.88,12.83,11.57,11.43,12.46,12.71,12.34,10.69,13.82,13.94,12.90,13.08,14.02,13.26,13.75,14.31,10.02,9.95,12.91,11.25,11.56,10.56,11.90,11.78,10.77,12.38,11.00,11.28,12.14,5.21,5.83,2.87,2.57,1.26,1.59,3.06,2.49,99.00,4.23,1.69,0.62,4.23,2.62,2.49,8.59,9.86,8.63,9.52,9.08],
  [12.30,7.87,3.80,8.18,17.39,16.16,9.44,9.44,8.12,6.73,6.73,8.13,5.08,7.71,4.29,3.14,3.30,6.89,5.15,6.30,3.88,6.84,4.19,5.68,5.43,5.60,5.12,6.13,4.63,6.72,6.92,12.51,16.41,13.04,14.15,15.97,15.46,19.09,19.63,16.50,21.40,12.65,7.64,7.76,9.68,9.19,7.23,12.54,10.36,9.60,11.48,8.61,8.85,10.07,8.01,9.77,8.09,11.34,10.61,12.47,9.98,11.23,10.37,8.42,8.69,8.77,10.03,10.18,7.46,13.70,16.46,13.31,13.50,15.58,13.99,16.55,13.52,13.56,14.86,13.85,13.34,14.57,14.83,14.45,13.27,16.18,16.19,14.94,15.42,16.03,15.60,16.11,16.61,12.67,12.81,14.85,11.28,11.37,10.30,12.37,11.46,11.14,13.00,11.40,10.71,12.47,1.16,2.14,5.46,4.22,3.76,5.11,1.62,3.82,4.23,99.00,4.62,3.61,1.75,4.88,5.10,11.51,11.78,11.86,10.91,12.00],
  [12.31,3.71,7.61,10.21,16.13,18.15,7.02,6.94,4.85,7.34,7.34,5.79,8.23,6.35,7.44,4.55,4.34,6.23,7.11,7.67,5.33,7.13,4.78,5.97,5.70,7.34,5.94,7.00,6.54,6.38,7.92,12.13,15.11,11.80,12.43,16.38,15.67,19.75,20.19,16.91,21.26,15.01,7.97,9.39,11.92,10.45,9.01,12.86,11.45,10.95,11.73,11.01,9.90,10.00,9.06,10.03,7.46,11.52,11.49,15.05,10.99,11.81,11.72,10.25,9.87,8.15,10.35,10.95,8.12,13.31,15.75,13.18,13.71,14.90,13.96,15.81,12.64,13.51,14.41,13.11,13.03,14.02,14.27,13.91,12.17,15.33,15.47,14.47,14.59,15.59,14.78,15.26,15.82,11.49,11.37,14.50,12.93,13.23,12.21,13.60,13.44,12.46,14.07,12.70,12.91,13.84,5.75,6.57,1.20,1.13,0.93,0.65,3.97,1.30,1.69,4.62,99.00,1.82,3.93,0.94,0.80,10.01,11.47,9.93,11.20,10.48],
  [10.82,4.28,5.98,10.61,17.65,16.37,8.68,8.62,6.62,8.15,8.15,7.41,8.11,7.73,5.70,2.74,2.53,4.76,5.29,5.88,3.51,5.47,2.98,4.26,3.98,5.53,4.15,5.24,4.72,4.83,8.62,13.37,16.62,13.27,14.01,17.44,16.79,20.76,21.23,17.98,22.52,15.36,8.90,9.92,12.27,11.14,9.47,13.91,12.22,11.62,12.79,11.29,10.66,11.12,9.79,11.05,8.68,12.59,12.34,15.30,11.78,12.76,12.41,10.73,10.58,9.38,11.36,11.82,8.95,11.94,14.50,11.74,12.19,13.64,12.50,14.57,11.41,12.05,13.07,11.84,11.64,12.71,12.96,12.59,11.01,14.12,14.22,13.14,13.37,14.26,13.55,14.05,14.60,10.35,10.32,13.13,11.16,11.44,10.42,11.89,11.64,10.73,12.39,10.97,11.10,12.11,4.60,5.24,3.02,2.44,1.08,1.93,2.48,2.28,0.62,3.61,1.82,99.00,3.67,2.66,2.61,8.96,10.06,9.06,9.63,9.45],
  [13.61,7.56,5.54,7.07,15.67,17.85,7.73,7.74,6.57,5.15,5.15,6.43,4.46,5.96,6.02,4.38,4.45,7.87,6.72,7.78,5.25,8.09,5.32,6.86,6.59,7.14,6.41,7.50,6.16,7.78,5.43,10.86,14.68,11.31,12.40,14.49,13.93,17.68,18.20,15.02,19.84,11.75,6.03,6.49,8.69,7.84,6.00,11.01,8.98,8.28,9.93,7.67,7.44,8.44,6.57,8.19,6.37,9.77,9.18,11.67,8.58,9.74,9.07,7.24,7.31,7.05,8.47,8.72,5.91,14.92,17.62,14.60,14.87,16.74,15.31,17.71,14.61,14.87,16.08,14.98,14.58,15.76,16.02,15.64,14.29,17.30,17.35,16.15,16.54,17.26,16.73,17.23,17.76,13.66,13.72,16.10,12.91,13.02,11.95,13.93,13.14,12.71,14.54,12.97,12.40,14.06,2.73,3.78,4.44,3.17,3.29,4.54,2.81,2.79,4.23,1.75,3.93,3.67,99.00,3.86,4.17,12.38,13.00,12.60,12.26,12.88],
  [13.25,4.23,8.16,9.62,15.19,19.03,6.09,6.01,3.96,6.61,6.61,4.85,7.91,5.43,8.11,5.31,5.13,7.17,7.92,8.54,6.13,8.06,5.64,6.88,6.60,8.17,6.81,7.89,7.33,7.32,7.22,11.23,14.17,10.86,11.49,15.52,14.80,18.91,19.34,16.05,20.35,14.42,7.19,8.75,11.33,9.74,8.41,12.01,10.70,10.24,10.89,10.47,9.17,9.14,8.34,9.20,6.59,10.67,10.72,14.49,10.24,10.99,11.01,9.62,9.15,7.27,9.52,10.16,7.38,14.25,16.67,14.12,14.65,15.83,14.90,16.74,13.56,14.45,15.35,14.04,13.97,14.96,15.20,14.84,13.09,16.25,16.39,15.41,15.51,16.52,15.70,16.18,16.75,12.41,12.27,15.44,13.82,14.10,13.08,14.51,14.30,13.37,15.00,13.60,13.76,14.74,6.04,6.94,0.59,0.69,1.62,1.41,4.52,1.09,2.62,4.88,0.94,2.66,3.86,99.00,0.37,10.91,12.41,10.80,12.14,11.38],
  [13.05,3.85,8.29,9.99,15.42,18.95,6.26,6.17,4.06,6.97,6.97,5.06,8.27,5.72,8.18,5.32,5.12,6.98,7.90,8.47,6.12,7.92,5.58,6.76,6.49,8.14,6.74,7.80,7.32,7.15,7.59,11.52,14.39,11.10,11.69,15.84,15.11,19.23,19.66,16.37,20.64,14.79,7.54,9.12,11.70,10.10,8.78,12.34,11.05,10.60,11.21,10.85,9.53,9.46,8.71,9.53,6.90,10.99,11.07,14.86,10.59,11.33,11.37,9.99,9.52,7.58,9.86,10.51,7.73,14.02,16.42,13.91,14.46,15.58,14.69,16.48,13.30,14.24,15.11,13.79,13.75,14.71,14.96,14.60,12.82,15.98,16.14,15.17,15.25,16.28,15.44,15.92,16.49,12.14,11.98,15.21,13.73,14.03,13.01,14.39,14.24,13.26,14.86,13.49,13.71,14.63,6.26,7.13,0.41,1.02,1.64,1.12,4.64,1.38,2.49,5.10,0.80,2.61,4.17,0.37,99.00,10.63,12.20,10.49,11.96,11.10],
  [4.12,7.83,10.78,19.46,25.93,12.17,16.69,16.57,14.26,17.11,17.11,15.60,16.58,16.34,9.61,8.43,8.22,4.64,7.77,6.67,7.90,5.19,7.36,6.01,6.21,7.37,6.72,6.14,7.88,4.88,17.58,22.13,24.91,21.69,22.13,26.35,25.66,29.70,30.16,26.89,31.26,24.10,17.84,18.83,21.06,20.09,18.36,22.82,21.18,20.57,21.69,20.03,19.62,19.98,18.75,19.97,17.47,21.49,21.30,23.96,20.75,21.71,21.36,19.61,19.53,18.16,20.28,20.78,17.91,4.08,5.90,4.41,5.38,5.13,5.14,5.95,2.88,4.78,4.91,3.45,4.01,4.46,4.66,4.37,2.26,5.41,5.62,4.94,4.72,5.98,4.90,5.35,5.93,1.59,1.36,5.11,7.93,8.54,8.17,7.36,8.91,6.98,7.33,7.03,9.16,7.79,11.87,11.76,10.87,11.08,9.85,9.51,9.90,11.07,8.59,11.51,10.01,8.96,12.38,10.91,10.63,99.00,3.09,1.10,4.29,0.49],
  [1.06,10.11,10.04,19.95,27.61,9.09,18.45,18.35,16.11,18.04,18.04,17.26,16.80,17.76,8.83,8.67,8.56,5.30,7.09,5.82,7.90,4.94,7.68,6.14,6.41,6.61,6.66,5.70,7.41,5.27,18.41,23.43,26.58,23.27,23.88,27.41,26.79,30.66,31.16,27.94,32.57,24.38,18.85,19.47,21.45,20.84,18.96,23.89,21.98,21.28,22.77,20.38,20.43,21.14,19.56,21.02,18.73,22.59,22.16,24.15,21.57,22.68,22.06,20.17,20.31,19.44,21.32,21.69,18.83,1.92,4.70,1.71,2.46,3.82,2.51,4.79,2.15,2.06,3.08,2.22,1.58,2.80,3.06,2.67,2.39,4.49,4.44,3.16,3.75,4.26,3.92,4.41,4.87,2.30,3.00,3.10,5.11,5.74,5.60,4.34,6.11,4.15,4.24,4.15,6.53,4.77,11.84,11.46,12.51,12.42,11.09,11.10,10.25,12.32,9.86,11.78,11.47,10.06,13.00,12.41,12.20,3.09,99.00,4.16,1.58,3.09],
  [5.18,7.40,11.45,19.65,25.64,13.25,16.40,16.27,13.94,17.16,17.16,15.37,16.90,16.20,10.31,8.86,8.62,5.11,8.48,7.46,8.41,5.89,7.80,6.56,6.72,8.11,7.29,6.85,8.53,5.42,17.66,22.01,24.62,21.46,21.81,26.30,25.59,29.68,30.12,26.84,31.11,24.35,17.85,18.98,21.28,20.19,18.53,22.79,21.26,20.67,21.66,20.27,19.69,19.93,18.83,19.95,17.38,21.45,21.35,24.24,20.81,21.71,21.46,19.78,19.62,18.06,20.27,20.81,17.96,4.97,6.43,5.38,6.39,5.74,6.08,6.46,3.61,5.74,5.68,4.21,4.95,5.21,5.38,5.14,2.92,5.89,6.16,5.69,5.26,6.65,5.43,5.84,6.41,2.34,1.80,5.91,9.02,9.63,9.24,8.46,10.00,8.07,8.41,8.13,10.23,8.88,12.32,12.29,10.70,11.03,9.87,9.38,10.25,11.06,8.63,11.86,9.93,9.06,12.60,10.80,10.49,1.10,4.16,99.00,5.39,1.13],
  [1.47,10.35,8.80,19.07,27.27,8.10,18.22,18.13,15.97,17.38,17.38,16.98,15.82,17.35,7.60,7.88,7.82,4.99,5.96,4.70,7.04,4.21,6.98,5.46,5.75,5.48,5.85,4.78,6.36,4.82,17.69,22.91,26.25,22.90,23.62,26.74,26.16,29.94,30.46,27.28,32.01,23.39,18.22,18.66,20.52,20.06,18.13,23.25,21.23,20.49,22.14,19.43,19.69,20.57,18.83,20.40,18.23,21.98,21.44,23.11,20.83,22.00,21.26,19.32,19.55,18.94,20.69,20.98,18.16,3.08,5.89,2.50,2.61,5.05,3.10,6.00,3.71,2.69,4.17,3.68,2.67,4.01,4.27,3.90,3.97,5.79,5.66,4.26,5.10,5.27,5.25,5.72,6.11,3.83,4.50,4.09,3.64,4.26,4.04,3.15,4.63,2.69,3.29,2.74,4.98,3.56,10.83,10.35,12.30,12.06,10.70,10.90,9.46,11.90,9.52,10.91,11.20,9.63,12.26,12.14,11.96,4.29,1.58,5.39,99.00,4.42],
  [4.08,8.24,11.22,19.95,26.38,12.15,17.14,17.01,14.70,17.60,17.60,16.06,17.07,16.81,10.04,8.92,8.71,5.12,8.20,7.09,8.37,5.63,7.85,6.48,6.68,7.79,7.18,6.58,8.32,5.36,18.07,22.61,25.36,22.15,22.57,26.83,26.14,30.18,30.64,27.37,31.73,24.59,18.33,19.32,21.55,20.58,18.85,23.30,21.67,21.06,22.18,20.52,20.10,20.46,19.24,20.45,17.94,21.97,21.79,24.45,21.23,22.19,21.85,20.10,20.02,18.63,20.76,21.27,18.40,3.85,5.49,4.25,5.26,4.75,4.95,5.53,2.54,4.61,4.60,3.13,3.82,4.14,4.32,4.06,1.88,4.99,5.22,4.62,4.31,5.62,4.49,4.93,5.51,1.25,0.89,4.82,8.06,8.68,8.37,7.41,9.05,7.11,7.33,7.15,9.35,7.84,12.35,12.23,11.33,11.56,10.34,9.98,10.39,11.55,9.08,12.00,10.48,9.45,12.88,11.38,11.10,0.49,3.09,1.13,4.42,99.00]
];
