// Chosen Depots: [1, 2, 3, 4, 5, 6]
// Chosen Demand Points (Original DP No): [1, 2, 3, 5, 6, 9, 10, 12, 15, 21, 22, 23, 24, 25, 27, 29, 31, 32, 34, 35, 36, 37, 38, 39, 40, 42, 43, 44, 45, 46, 47, 48, 51, 52, 53, 54, 55, 56, 57, 60, 62, 63, 65, 66, 68, 69, 71, 72, 73, 75, 76, 77, 78, 79, 81, 82, 83, 84, 85, 86, 88, 89, 90, 91, 92, 93, 95, 97, 98, 100, 101, 102, 104, 105, 106, 107, 110, 111, 112, 113, 114, 115, 116, 117, 118, 120, 121, 122, 123, 124, 125, 126, 127, 128, 129, 131, 132, 133, 135, 136, 137, 138, 140, 144, 145, 146, 148, 150, 153, 156, 158, 160, 161, 162, 163, 164, 166, 168, 169, 171]
// Original Weights: [9, 9, 9, 6, 9, 8, 4, 6, 7, 6, 6, 6, 5, 5, 7, 5, 6, 6, 7, 10, 9, 9, 8, 10, 9, 7, 7, 7, 8, 6, 6, 6, 6, 6, 5, 4, 5, 5, 5, 5, 4, 5, 7, 6, 7, 4, 7, 7, 6, 2, 5, 6, 5, 4, 7, 6, 5, 6, 6, 6, 6, 7, 6, 6, 5, 7, 7, 7, 6, 7, 7, 6, 7, 6, 7, 8, 7, 7, 7, 7, 7, 7, 7, 7, 7, 7, 6, 8, 6, 3, 2, 3, 3, 2, 2, 2, 4, 4, 4, 2, 3, 3, 4, 8, 7, 8, 6, 7, 8, 7, 8, 6, 8, 8, 8, 9, 6, 5, 8, 8]

|W| = 6;
|D| = 120;
V = 54;
C = 3;
|K| = 3;
M = 100;
S = 0.25;
|TR| = 16;
δmax = 18.3;
Runtime = 60;

// Priority weights for selected demand points
pj = [
  9, 9, 9, 6, 9, 8, 4, 6, 7, 6, 6, 6, 5, 5, 7, 5, 6, 6, 7, 10, 9, 9, 8, 10, 9, 7, 7, 7, 8, 6, 6, 6, 6, 6, 5, 4, 5, 5, 5, 5, 4, 5, 7, 6, 7, 4, 7, 7, 6, 2, 5, 6, 5, 4, 7, 6, 5, 6, 6, 6, 6, 7, 6, 6, 5, 7, 7, 7, 6, 7, 7, 6, 7, 6, 7, 8, 7, 7, 7, 7, 7, 7, 7, 7, 7, 7, 6, 8, 6, 3, 2, 3, 3, 2, 2, 2, 4, 4, 4, 2, 3, 3, 4, 8, 7, 8, 6, 7, 8, 7, 8, 6, 8, 8, 8, 9, 6, 5, 8, 8
];

δij =
[
  [99.00,99.00,99.00,99.00,99.00,99.00,19.31,19.21,17.00,18.70,18.10,18.55,9.07,9.16,6.09,8.30,6.76,7.04,6.93,7.21,6.11,6.88,6.00,19.04,24.34,27.41,27.83,24.08,22.24,24.73,21.64,27.47,27.53,33.34,34.53,31.29,31.81,28.60,21.14,19.53,20.04,21.94,23.83,21.43,19.52,21.87,20.86,21.04,21.85,23.67,19.81,22.41,19.47,23.28,22.79,25.41,22.19,23.33,22.64,20.72,20.18,22.00,21.08,22.32,19.49,20.20,1.64,4.43,2.02,1.03,1.44,3.60,4.45,2.58,2.57,2.70,2.39,1.23,2.81,0.36,2.46,3.04,4.20,2.79,3.68,3.80,3.82,4.28,2.70,3.26,4.65,4.21,0.99,3.86,2.62,4.44,6.34,5.05,5.09,7.10,6.83,5.42,3.51,3.51,3.45,5.95,3.84,3.89,11.81,13.22,11.87,11.96,10.90,13.09,11.66,12.20,12.31,13.61,13.25,13.05,4.12,4.80,1.30,1.47,4.75,4.08],
  [99.00,99.00,99.00,99.00,99.00,99.00,9.07,8.93,6.60,10.80,8.14,9.19,9.37,6.12,5.71,5.99,6.36,6.19,8.35,6.74,5.12,8.14,6.09,11.43,15.21,17.27,17.89,14.17,12.71,14.44,11.84,18.64,18.77,24.20,25.19,22.83,23.22,19.93,12.74,11.32,12.98,15.55,15.99,13.93,12.63,14.43,14.68,13.35,13.08,15.61,10.80,15.73,10.51,14.62,14.84,19.18,14.39,15.04,15.19,13.85,11.14,13.56,13.75,14.27,11.55,11.95,11.70,13.73,12.16,11.79,12.55,12.96,13.62,10.69,13.06,12.68,11.24,11.52,12.45,11.16,12.14,10.10,13.45,12.72,12.55,13.79,12.73,13.17,10.14,12.79,13.75,13.76,10.69,9.10,12.84,12.99,13.15,13.43,12.55,13.25,14.13,13.72,12.30,12.30,12.49,13.42,13.33,13.59,9.48,4.76,4.28,3.06,5.26,5.00,3.44,4.12,3.71,7.56,4.23,3.85,7.83,7.77,9.95,10.35,6.83,8.24],
  [99.00,99.00,99.00,99.00,99.00,99.00,13.23,13.22,11.78,10.26,11.91,11.50,1.22,3.84,6.45,4.22,4.96,4.86,3.48,4.22,7.61,3.61,6.07,10.31,16.13,20.10,20.23,16.76,14.70,17.92,14.51,18.75,18.74,24.59,25.90,22.12,22.69,19.69,12.68,11.18,10.81,12.19,14.67,12.30,10.25,12.64,11.10,12.08,13.61,14.68,12.12,12.75,11.81,14.77,13.80,15.43,13.16,14.53,13.36,11.30,12.46,13.46,11.87,13.45,10.93,11.77,11.85,14.68,12.28,11.29,11.22,13.82,14.68,12.08,12.81,12.97,12.25,11.45,13.03,10.60,12.66,12.02,14.44,13.05,13.79,14.06,13.95,14.45,11.77,13.49,14.88,14.47,10.77,11.88,12.89,8.16,6.62,8.11,7.08,6.09,7.39,8.13,8.25,8.25,8.50,7.28,9.15,9.46,1.98,7.61,6.68,7.89,5.10,7.23,7.29,7.12,7.61,5.54,8.16,8.29,10.78,11.46,10.16,8.80,10.15,11.22],
  [99.00,99.00,99.00,99.00,99.00,99.00,8.44,8.59,9.40,3.42,7.92,6.34,11.94,11.41,14.92,12.30,13.83,13.57,13.68,13.29,15.61,13.69,14.81,2.69,6.38,10.97,10.69,8.28,6.55,9.90,7.18,8.10,8.03,13.76,15.11,11.16,11.75,8.86,3.60,3.53,1.05,1.71,3.82,1.80,1.22,1.90,1.08,2.10,4.55,4.01,5.15,1.97,5.14,4.82,3.24,5.35,2.66,4.14,2.47,0.46,5.17,3.85,1.37,3.17,3.00,3.37,21.87,24.62,22.35,21.49,21.66,23.74,24.58,21.64,23.04,23.03,21.99,21.51,23.00,20.75,22.62,21.35,24.35,23.11,23.56,24.20,23.74,24.25,21.20,23.45,24.77,24.49,20.71,20.79,23.03,19.09,17.56,19.07,18.03,16.97,18.27,19.10,19.10,19.10,19.35,18.24,20.06,20.36,9.03,9.10,9.94,10.86,10.06,8.91,10.66,9.91,10.21,7.07,9.62,9.99,19.46,19.85,19.98,19.07,18.52,19.95],
  [99.00,99.00,99.00,99.00,99.00,99.00,9.24,9.37,11.70,10.87,10.36,9.95,21.69,19.71,22.35,20.44,21.87,21.59,22.68,21.64,22.46,22.60,22.46,10.98,5.36,1.03,1.11,4.40,6.39,3.85,6.81,5.32,5.59,7.22,7.69,7.99,7.89,6.08,8.64,9.96,11.21,11.89,8.51,9.94,11.69,9.91,12.45,9.78,7.62,8.03,8.98,11.26,9.30,6.92,8.57,12.41,9.10,7.66,9.64,11.28,8.63,8.04,10.39,8.57,10.31,9.46,29.43,31.79,29.92,29.31,29.83,30.97,31.70,28.68,30.77,30.52,29.18,29.16,30.36,28.59,30.01,28.17,31.51,30.58,30.62,31.69,30.80,31.27,28.15,30.75,31.85,31.77,28.30,27.26,30.62,28.50,27.49,28.66,27.59,27.08,28.35,28.79,28.21,28.21,28.46,28.07,29.28,29.58,19.13,15.22,16.58,16.53,17.74,15.37,16.78,16.24,16.13,15.67,15.19,15.42,25.93,25.99,27.53,27.27,24.91,26.38],
  [99.00,99.00,99.00,99.00,99.00,99.00,24.98,24.93,22.99,22.86,23.67,23.66,11.89,13.99,12.46,13.40,12.23,12.49,10.93,12.22,13.08,11.04,12.13,22.96,28.75,32.52,32.74,29.14,27.13,30.13,26.78,31.43,31.42,37.25,38.57,34.73,35.31,32.36,25.31,23.78,23.47,24.66,27.32,24.96,22.91,25.30,23.59,24.75,26.21,27.35,24.54,25.26,24.22,27.42,26.47,27.59,25.83,27.20,25.99,23.92,24.91,26.11,24.53,26.12,23.56,24.39,8.79,9.89,8.70,8.11,7.06,9.64,10.04,10.28,8.16,8.87,9.81,8.61,9.24,8.27,9.17,10.91,9.89,8.93,10.13,8.91,10.13,10.28,10.60,9.42,10.18,9.55,8.99,11.89,8.56,5.23,6.07,4.93,5.97,6.60,5.30,4.75,5.85,5.85,5.66,5.45,4.83,4.60,14.66,18.76,17.44,18.03,16.01,18.49,17.56,17.86,18.15,17.85,19.03,18.95,12.17,12.88,9.35,8.10,12.67,12.15],
  [19.31,9.07,13.23,8.44,9.24,24.98,99.00,0.19,2.47,5.23,1.32,2.26,13.53,10.99,13.24,11.62,12.94,12.66,14.06,12.82,13.27,13.94,13.40,5.90,6.57,8.22,8.81,5.11,3.94,5.45,2.91,9.99,10.18,15.25,16.18,14.24,14.55,11.34,5.42,4.91,7.40,9.85,8.54,7.40,7.46,7.83,9.52,6.77,5.14,7.98,3.35,9.64,3.30,6.50,7.50,12.83,7.35,7.26,8.36,8.15,3.44,5.92,7.52,6.95,5.45,5.16,20.24,22.56,20.73,20.16,20.72,21.74,22.46,19.45,21.59,21.31,19.96,19.99,21.15,19.45,20.80,18.93,22.27,21.37,21.38,22.48,21.56,22.03,18.91,21.52,22.61,22.54,19.13,18.02,21.43,19.81,19.10,20.05,19.01,18.83,20.03,20.23,19.41,19.41,19.65,19.62,20.49,20.79,11.50,6.25,7.60,7.35,8.98,6.49,7.67,7.21,7.02,7.73,6.09,6.26,16.69,16.75,18.35,18.22,15.66,17.14],
  [19.21,8.93,13.22,8.59,9.37,24.93,0.19,99.00,2.33,5.36,1.31,2.38,13.51,10.94,13.15,11.56,12.87,12.59,14.01,12.75,13.17,13.89,13.32,6.04,6.75,8.35,8.96,5.27,4.12,5.56,3.09,10.17,10.36,15.41,16.34,14.42,14.72,11.52,5.60,5.06,7.55,10.02,8.72,7.57,7.60,8.00,9.67,6.94,5.32,8.16,3.51,9.81,3.46,6.69,7.68,13.01,7.52,7.45,8.53,8.31,3.62,6.10,7.68,7.13,5.60,5.33,20.14,22.44,20.62,20.06,20.63,21.62,22.34,19.34,21.48,21.20,19.85,19.88,21.03,19.35,20.69,18.81,22.16,21.26,21.26,22.37,21.45,21.91,18.79,21.41,22.49,22.43,19.02,17.89,21.32,19.76,19.07,20.00,18.96,18.80,20.00,20.18,19.34,19.34,19.58,19.58,20.43,20.72,11.52,6.19,7.53,7.25,8.93,6.44,7.58,7.14,6.94,7.74,6.01,6.17,16.57,16.62,18.25,18.13,15.54,17.01],
  [17.00,6.60,11.78,9.40,11.70,22.99,2.47,2.33,99.00,5.98,1.75,3.26,11.90,9.07,10.98,9.60,10.82,10.55,12.13,10.78,10.92,11.99,11.18,6.72,8.86,10.68,11.29,7.58,6.26,7.87,5.31,12.30,12.47,17.68,18.64,16.55,16.88,13.63,7.05,6.04,8.37,11.00,10.34,8.78,8.26,9.26,10.44,8.13,7.06,9.84,4.89,10.93,4.69,8.55,9.23,14.31,8.94,9.17,9.90,9.22,5.14,7.72,8.77,8.65,6.49,6.51,17.87,20.14,18.35,17.82,18.43,19.33,20.04,17.04,19.23,18.93,17.56,17.63,18.75,17.13,18.41,16.50,19.86,18.98,18.96,20.08,19.14,19.60,16.50,19.12,20.18,20.13,16.77,15.57,19.05,17.78,17.24,18.06,17.04,17.05,18.20,18.27,17.31,17.31,17.55,17.71,18.40,18.69,10.26,4.31,5.57,5.07,7.09,4.63,5.47,5.14,4.85,6.57,3.96,4.06,14.26,14.29,16.00,15.97,13.23,14.70],
  [18.70,10.80,10.26,3.42,10.87,22.86,5.23,5.36,5.98,99.00,4.54,3.01,10.98,9.56,12.80,10.40,11.94,11.66,12.28,11.53,13.29,12.24,12.78,0.74,5.89,9.94,9.99,6.69,4.64,8.08,4.80,8.79,8.83,14.67,15.90,12.63,13.13,9.91,2.48,0.92,2.39,5.05,5.31,3.13,2.29,3.64,4.46,2.56,3.35,5.05,2.30,5.07,2.13,4.63,4.19,8.52,3.66,4.64,4.40,3.26,2.53,3.32,2.98,3.67,0.80,1.54,19.95,22.59,20.44,19.67,19.99,21.72,22.54,19.53,21.21,21.10,19.93,19.62,21.02,18.92,20.65,19.15,22.32,21.17,21.48,22.29,21.67,22.16,19.04,21.45,22.71,22.50,18.79,18.47,21.14,18.01,16.79,18.10,17.03,16.33,17.62,18.19,17.85,17.85,18.11,17.41,18.88,19.19,8.29,6.20,7.29,7.96,7.84,6.11,7.88,7.14,7.34,5.15,6.61,6.97,17.11,17.41,18.02,17.38,16.12,17.60],
  [18.10,8.14,11.91,7.92,10.36,23.67,1.32,1.31,1.75,4.54,99.00,1.60,12.21,9.68,12.02,10.32,11.67,11.39,12.75,11.52,12.10,12.63,12.16,5.26,7.15,9.34,9.85,6.09,4.58,6.63,3.71,10.59,10.75,16.06,17.06,14.83,15.18,11.92,5.33,4.45,6.87,9.45,8.61,7.13,6.83,7.60,8.98,6.49,5.31,8.10,3.16,9.33,2.99,6.79,7.50,12.65,7.24,7.42,8.22,7.69,3.39,5.98,7.17,6.93,4.94,4.85,19.07,21.44,19.56,18.97,19.51,20.61,21.35,18.33,20.41,20.16,18.82,18.81,20.00,18.25,19.65,17.82,21.16,20.22,20.27,21.33,20.45,20.92,17.79,20.39,21.50,21.41,17.95,16.94,20.26,18.51,17.78,18.75,17.70,17.51,18.71,18.92,18.12,18.12,18.36,18.30,19.20,19.50,10.21,4.97,6.32,6.16,7.67,5.19,6.44,5.94,5.79,6.43,4.85,5.06,15.60,15.70,17.17,16.98,14.57,16.06],
  [18.55,9.19,11.50,6.34,9.95,23.66,2.26,2.38,3.26,3.01,1.60,99.00,11.95,9.76,12.47,10.49,11.93,11.64,12.77,11.69,12.70,12.67,12.55,3.71,6.05,8.93,9.29,5.56,3.71,6.48,3.14,9.45,9.58,15.11,16.18,13.64,14.03,10.74,3.80,2.85,5.29,7.85,7.11,5.54,5.28,6.01,7.40,4.89,3.92,6.63,1.66,7.73,1.43,5.46,5.98,11.07,5.68,5.99,6.64,6.09,1.97,4.51,5.57,5.40,3.34,3.26,19.62,22.09,20.11,19.45,19.92,21.24,22.01,18.98,20.94,20.73,19.45,19.33,20.60,18.72,20.24,18.52,21.81,20.80,20.94,21.92,21.12,21.61,18.46,21.01,22.17,22.05,18.48,17.70,20.82,18.58,17.67,18.76,17.70,17.33,18.57,18.91,18.26,18.26,18.51,18.23,19.34,19.64,9.67,5.34,6.68,6.83,7.79,5.45,6.98,6.37,6.35,5.96,5.43,5.72,16.34,16.51,17.70,17.35,15.32,16.81],
  [9.07,9.37,1.22,11.94,21.69,11.89,13.53,13.51,11.90,10.98,12.21,11.95,99.00,3.29,5.38,3.43,3.90,3.85,2.27,3.18,6.57,2.41,4.98,11.09,16.86,20.70,20.88,17.33,15.29,18.41,15.02,19.60,19.60,25.46,26.75,23.06,23.63,20.58,13.43,11.89,11.71,13.23,15.58,13.19,11.16,13.56,12.13,12.93,14.32,15.56,12.70,13.77,12.39,15.55,14.67,16.53,14.03,15.36,14.29,12.25,13.06,14.24,12.78,14.29,11.68,12.50,10.64,13.47,11.07,10.09,10.04,12.61,13.47,10.86,11.61,11.76,11.04,10.24,11.82,9.39,11.45,10.81,13.22,11.85,12.57,12.86,12.74,13.23,10.55,12.28,13.67,13.27,9.56,10.68,11.68,7.16,5.82,7.17,6.12,5.40,6.66,7.24,7.17,7.17,7.43,6.44,8.12,8.43,2.91,7.63,6.55,7.63,4.93,7.28,7.04,6.99,7.44,6.02,8.11,8.18,9.61,10.30,8.94,7.60,9.01,10.04],
  [9.16,6.12,3.84,11.41,19.71,13.99,10.99,10.94,9.07,9.56,9.68,9.76,3.29,99.00,3.59,0.89,2.42,2.15,3.07,1.98,4.50,2.95,3.41,9.88,15.29,18.69,19.00,15.31,13.36,16.19,12.90,18.34,18.39,24.22,25.44,22.14,22.65,19.46,12.02,10.41,10.91,12.95,14.67,12.28,10.40,12.72,11.89,11.89,12.77,14.52,10.83,13.37,10.50,14.16,13.63,16.52,13.03,14.18,13.51,11.62,11.21,12.87,11.93,13.17,10.34,11.07,10.48,13.21,10.97,10.15,10.43,12.33,13.17,10.24,11.69,11.64,10.58,10.13,11.60,9.40,11.21,9.97,12.94,11.71,12.15,12.82,12.33,12.84,9.80,12.04,13.35,13.08,9.32,9.51,11.65,8.84,8.17,9.06,8.02,8.00,9.13,9.24,8.50,8.50,8.75,8.65,9.58,9.88,3.84,4.78,3.52,4.42,2.02,4.51,3.85,3.96,4.34,4.45,5.13,5.12,8.22,8.74,8.57,7.82,7.38,8.71],
  [6.09,5.71,6.45,14.92,22.35,12.46,13.24,13.15,10.98,12.80,12.02,12.47,5.38,3.59,99.00,2.72,1.49,1.62,3.42,2.23,1.20,3.21,0.46,13.20,18.32,21.32,21.75,17.99,16.17,18.65,15.55,21.51,21.58,27.35,28.52,25.43,25.92,22.68,15.20,13.59,14.36,16.50,18.03,15.68,13.87,16.13,15.45,15.24,15.86,17.83,13.76,16.89,13.43,17.32,16.96,20.09,16.38,17.43,16.92,15.10,14.14,16.06,15.35,16.46,13.60,14.27,7.19,9.80,7.68,6.99,7.49,8.92,9.74,6.75,8.48,8.32,7.14,6.88,8.23,6.26,7.85,6.43,9.52,8.39,8.69,9.51,8.88,9.38,6.28,8.65,9.91,9.71,6.03,5.92,8.38,7.28,7.55,7.72,6.86,7.75,8.50,8.01,6.61,6.61,6.82,7.76,7.67,7.94,7.18,7.14,5.79,5.91,4.96,7.02,5.58,6.11,6.23,7.87,7.17,6.98,4.64,5.19,5.25,4.99,3.83,5.12],
  [8.30,5.99,4.22,12.30,20.44,13.40,11.62,11.56,9.60,10.40,10.32,10.49,3.43,0.89,2.72,99.00,1.54,1.27,2.59,1.20,3.70,2.42,2.53,10.74,16.10,19.43,19.76,16.05,14.13,16.88,13.63,19.18,19.24,25.06,26.27,23.00,23.51,20.31,12.86,11.25,11.79,13.84,15.54,13.16,11.28,13.60,12.78,12.76,13.59,15.38,11.62,14.26,11.29,15.00,14.50,17.41,13.90,15.03,14.39,12.51,12.00,13.71,12.81,14.03,11.19,11.92,9.60,12.32,10.09,9.28,9.59,11.44,12.28,9.35,10.82,10.76,9.69,9.26,10.71,8.53,10.33,9.09,12.05,10.83,11.26,11.94,11.44,11.95,8.92,11.15,12.46,12.20,8.44,8.64,10.77,8.20,7.71,8.46,7.44,7.62,8.68,8.67,7.80,7.80,8.04,8.14,8.88,9.18,4.54,5.37,4.04,4.75,2.71,5.14,4.22,4.47,4.78,5.32,5.64,5.58,7.36,7.90,7.69,6.98,6.54,7.85],
  [6.76,6.36,4.96,13.83,21.87,12.23,12.94,12.87,10.82,11.94,11.67,11.93,3.90,2.42,1.49,1.54,99.00,0.29,2.10,0.74,2.67,1.89,1.14,12.28,17.61,20.85,21.22,17.49,15.59,18.27,15.06,20.71,20.77,26.59,27.78,24.54,25.05,21.84,14.38,12.77,13.33,15.36,17.08,14.70,12.82,15.14,14.29,14.30,15.11,16.92,13.11,15.78,12.77,16.52,16.04,18.91,15.44,16.57,15.92,14.04,13.48,15.24,14.35,15.57,12.73,13.44,8.06,10.79,8.55,7.74,8.07,9.91,10.75,7.84,9.28,9.22,8.17,7.71,9.18,6.99,8.79,7.61,10.52,9.29,9.74,10.40,9.92,10.43,7.43,9.62,10.94,10.66,6.90,7.23,9.23,7.00,6.84,7.33,6.37,6.90,7.81,7.58,6.50,6.50,6.73,7.16,7.58,7.87,5.75,6.70,5.34,5.80,4.17,6.51,5.35,5.73,5.97,6.86,6.88,6.76,6.01,6.62,6.15,5.46,5.27,6.48],
  [7.04,6.19,4.86,13.57,21.59,12.49,12.66,12.59,10.55,11.66,11.39,11.64,3.85,2.15,1.62,1.27,0.29,99.00,2.19,0.67,2.76,1.98,1.33,12.00,17.33,20.57,20.93,17.20,15.30,17.99,14.77,20.43,20.48,26.30,27.50,24.26,24.77,21.56,14.10,12.49,13.06,15.10,16.81,14.43,12.55,14.87,14.03,14.02,14.82,16.64,12.82,15.52,12.49,16.24,15.76,18.66,15.16,16.29,15.65,13.77,13.20,14.96,14.08,15.29,12.45,13.16,8.33,11.06,8.82,8.02,8.35,10.17,11.02,8.10,9.56,9.49,8.43,7.99,9.44,7.27,9.06,7.85,10.79,9.57,10.00,10.67,10.18,10.69,7.67,9.89,11.20,10.93,7.17,7.44,9.51,7.25,7.04,7.58,6.60,7.08,8.02,7.82,6.77,6.77,7.00,7.39,7.85,8.14,5.57,6.42,5.06,5.55,3.89,6.23,5.08,5.46,5.70,6.59,6.60,6.49,6.21,6.79,6.42,5.75,5.44,6.68],
  [6.93,8.35,3.48,13.68,22.68,10.93,14.06,14.01,12.13,12.28,12.75,12.77,2.27,3.07,3.42,2.59,2.10,2.19,99.00,1.61,4.62,0.22,2.97,12.51,18.12,21.68,21.95,18.29,16.31,19.22,15.90,21.04,21.07,26.93,28.18,24.68,25.22,22.10,14.76,13.17,13.33,15.08,17.18,14.78,12.79,15.18,13.99,14.45,15.58,17.10,13.75,15.58,13.42,16.91,16.20,18.50,15.58,16.83,15.94,13.95,14.12,15.60,14.39,15.78,13.03,13.82,8.46,11.28,8.91,7.96,8.01,10.41,11.28,8.61,9.50,9.60,8.81,8.07,9.64,7.24,9.26,8.54,11.03,9.68,10.36,10.73,10.53,11.02,8.29,10.10,11.47,11.10,7.35,8.42,9.54,5.82,5.13,6.01,4.95,5.03,6.10,6.18,5.57,5.57,5.83,5.58,6.62,6.93,4.88,7.85,6.56,7.33,5.08,7.58,6.80,7.00,7.34,7.14,8.17,8.14,7.37,8.08,6.71,5.48,6.82,7.79],
  [7.21,6.74,4.22,13.29,21.64,12.22,12.82,12.75,10.78,11.53,11.52,11.69,3.18,1.98,2.23,1.20,0.74,0.67,1.61,99.00,3.40,1.40,1.87,11.84,17.27,20.62,20.95,17.25,15.32,18.09,14.83,20.32,20.36,26.20,27.41,24.09,24.61,21.43,13.99,12.39,12.83,14.79,16.62,14.22,12.31,14.66,13.72,13.84,14.75,16.47,12.80,15.24,12.47,16.14,15.59,18.32,14.98,16.15,15.43,13.52,13.18,14.85,13.86,15.13,12.31,13.05,8.58,11.35,9.06,8.21,8.46,10.46,11.32,8.45,9.76,9.74,8.75,8.22,9.72,7.46,9.33,8.25,11.08,9.82,10.32,10.91,10.50,11.00,8.05,10.17,11.50,11.21,7.42,7.92,9.74,7.01,6.62,7.29,6.28,6.59,7.59,7.50,6.60,6.60,6.84,7.01,7.68,7.98,5.04,6.57,5.23,5.85,3.90,6.34,5.35,5.65,5.94,6.41,6.81,6.74,6.72,7.34,6.70,5.85,6.00,7.18],
  [6.11,5.12,7.61,15.61,22.46,13.08,13.27,13.17,10.92,13.29,12.10,12.70,6.57,4.50,1.20,3.70,2.67,2.76,4.62,3.40,99.00,4.41,1.65,13.75,18.65,21.44,21.92,18.15,16.40,18.72,15.72,21.91,22.00,27.72,28.84,25.90,26.38,23.11,15.64,14.05,14.99,17.22,18.58,16.26,14.51,16.73,16.19,15.78,16.24,18.34,14.08,17.58,13.75,17.73,17.48,20.85,16.92,17.91,17.52,15.76,14.45,16.50,15.96,16.97,14.09,14.72,6.97,9.40,7.46,6.90,7.55,8.55,9.33,6.29,8.32,8.06,6.75,6.71,7.91,6.22,7.56,5.87,9.12,8.12,8.25,9.23,8.44,8.93,5.78,8.31,9.49,9.35,5.86,5.19,8.16,8.00,8.50,8.48,7.70,8.77,9.43,8.80,7.24,7.24,7.42,8.64,8.25,8.49,8.23,7.37,6.09,5.94,5.55,7.32,5.71,6.34,6.36,8.54,7.29,7.05,3.85,4.28,5.08,5.25,2.92,4.34],
  [6.88,8.14,3.61,13.69,22.60,11.04,13.94,13.89,11.99,12.24,12.63,12.67,2.41,2.95,3.21,2.42,1.89,1.98,0.22,1.40,4.41,99.00,2.76,12.48,18.06,21.59,21.87,18.21,16.23,19.12,15.81,21.01,21.04,26.89,28.14,24.67,25.21,22.07,14.72,13.12,13.33,15.11,17.17,14.77,12.79,15.17,14.02,14.43,15.53,17.07,13.68,15.60,13.35,16.86,16.18,18.54,15.56,16.80,15.94,13.96,14.05,15.56,14.38,15.76,13.00,13.77,8.39,11.21,8.84,7.90,7.98,10.33,11.20,8.50,9.45,9.53,8.71,8.00,9.56,7.17,9.18,8.42,10.96,9.61,10.27,10.66,10.44,10.93,8.17,10.02,11.39,11.03,7.27,8.27,9.48,5.90,5.29,6.11,5.07,5.21,6.26,6.29,5.63,5.63,5.88,5.72,6.68,6.99,4.94,7.72,6.42,7.17,4.96,7.45,6.64,6.86,7.19,7.09,8.03,7.99,7.21,7.91,6.61,5.43,6.64,7.64],
  [6.00,6.09,6.07,14.81,22.46,12.13,13.40,13.32,11.18,12.78,12.16,12.55,4.98,3.41,0.46,2.53,1.14,1.33,2.97,1.87,1.65,2.76,99.00,13.16,18.35,21.44,21.84,18.09,16.25,18.79,15.66,21.52,21.58,27.37,28.55,25.40,25.90,22.68,15.20,13.59,14.27,16.36,17.98,15.61,13.77,16.06,15.31,15.19,15.88,17.79,13.81,16.77,13.48,17.32,16.92,19.94,16.33,17.41,16.85,15.00,14.19,16.06,15.28,16.43,13.57,14.26,7.18,9.84,7.67,6.93,7.37,8.96,9.79,6.84,8.45,8.32,7.19,6.85,8.25,6.19,7.87,6.56,9.57,8.40,8.76,9.51,8.94,9.45,6.39,8.69,9.97,9.74,6.01,6.12,8.37,6.93,7.12,7.34,6.46,7.31,8.08,7.63,6.29,6.29,6.51,7.35,7.36,7.63,6.88,7.24,5.88,6.11,4.94,7.10,5.74,6.23,6.38,7.78,7.32,7.15,4.88,5.48,5.25,4.82,4.13,5.36],
  [19.04,11.43,10.31,2.69,10.98,22.96,5.90,6.04,6.72,0.74,5.26,3.71,11.09,9.88,13.20,10.74,12.28,12.00,12.51,11.84,13.75,12.48,13.16,99.00,5.84,10.08,10.05,6.93,4.92,8.39,5.22,8.54,8.56,14.42,15.68,12.26,12.77,9.60,2.38,1.18,1.66,4.32,4.83,2.54,1.57,3.03,3.73,2.04,3.37,4.64,2.81,4.36,2.70,4.46,3.76,7.82,3.18,4.32,3.81,2.53,2.97,3.15,2.32,3.29,0.69,1.53,20.33,23.00,20.81,20.02,20.30,22.12,22.94,19.95,21.56,21.48,20.34,19.99,21.41,19.27,21.03,19.59,22.72,21.55,21.89,22.66,22.08,22.58,19.47,21.84,23.12,22.89,19.16,18.93,21.51,18.19,16.90,18.25,17.19,16.40,17.70,18.33,18.06,18.06,18.32,17.53,19.08,19.39,8.33,6.78,7.80,8.54,8.24,6.66,8.43,7.69,7.92,5.43,7.22,7.59,17.58,17.90,18.40,17.69,16.60,18.07],
  [24.34,15.21,16.13,6.38,5.36,28.75,6.57,6.75,8.86,5.89,7.15,6.05,16.86,15.29,18.32,16.10,17.61,17.33,18.12,17.27,18.65,18.06,18.35,5.84,99.00,4.60,4.33,2.66,2.63,4.22,3.69,3.45,3.61,9.07,10.20,7.69,8.03,4.78,3.46,4.97,5.87,6.67,3.51,4.58,6.37,4.57,7.13,4.43,2.54,2.92,4.57,6.08,4.90,1.56,3.28,8.00,3.76,2.39,4.40,5.92,4.20,2.74,5.03,3.22,5.21,4.37,25.50,28.04,25.99,25.28,25.67,27.19,27.97,24.94,26.80,26.63,25.39,25.20,26.52,24.54,26.15,24.50,27.76,26.70,26.90,27.82,27.09,27.58,24.43,26.94,28.14,27.98,24.35,23.71,26.70,23.88,22.68,23.98,22.91,22.21,23.50,24.07,23.69,23.69,23.95,23.30,24.73,25.04,14.15,11.28,12.57,12.86,13.44,11.33,12.97,12.31,12.35,10.98,11.45,11.75,22.35,22.54,23.57,23.07,21.33,22.83],
  [27.41,17.27,20.10,10.97,1.03,32.52,8.22,8.35,10.68,9.94,9.34,8.93,20.70,18.69,21.32,19.43,20.85,20.57,21.68,20.62,21.44,21.59,21.44,10.08,4.60,99.00,1.04,3.39,5.41,2.86,5.79,5.17,5.45,7.91,8.50,8.32,8.30,6.11,7.76,9.03,10.39,11.23,7.91,9.17,10.86,9.17,11.73,8.97,6.73,7.39,8.00,10.61,8.31,6.15,7.87,12.02,8.36,6.96,8.97,10.51,7.64,7.20,9.61,7.82,9.40,8.55,28.41,30.77,28.89,28.29,28.80,29.94,30.68,27.66,29.75,29.50,28.16,28.14,29.34,27.57,28.99,27.14,30.49,29.55,29.59,30.67,29.78,30.25,27.12,29.72,30.82,30.75,27.28,26.24,29.60,27.49,26.50,27.65,26.59,26.10,27.36,27.79,27.19,27.19,27.44,27.08,28.26,28.57,18.17,14.20,15.56,15.50,16.72,14.35,15.76,15.21,15.11,14.68,14.17,14.39,24.91,24.97,26.50,26.25,23.88,25.36],
  [27.83,17.89,20.23,10.69,1.11,32.74,8.81,8.96,11.29,9.99,9.85,9.29,20.88,19.00,21.75,19.76,21.22,20.93,21.95,20.95,21.92,21.87,21.84,10.05,4.33,1.04,99.00,3.77,5.64,3.65,6.20,4.27,4.55,6.94,7.60,7.27,7.26,5.13,7.68,9.06,10.20,10.80,7.41,8.89,10.69,8.84,11.38,8.76,6.68,6.93,8.20,10.16,8.53,5.88,7.50,11.31,8.04,6.59,8.55,10.23,7.84,7.04,9.34,7.52,9.39,8.53,28.88,31.28,29.36,28.73,29.21,30.45,31.20,28.17,30.20,29.98,28.66,28.60,29.83,28.00,29.47,27.67,31.00,30.04,30.11,31.15,30.30,30.77,27.64,30.22,31.35,31.25,27.74,26.79,30.07,27.76,26.69,27.90,26.83,26.26,27.54,28.02,27.49,27.49,27.75,27.29,28.56,28.86,18.27,14.61,15.96,15.99,17.06,14.74,16.21,15.64,15.57,14.89,14.63,14.87,25.45,25.54,26.96,26.64,24.42,25.91],
  [24.08,14.17,16.76,8.28,4.40,29.14,5.11,5.27,7.58,6.69,6.09,5.56,17.33,15.31,17.99,16.05,17.49,17.20,18.29,17.25,18.15,18.21,18.09,6.93,2.66,3.39,3.77,99.00,2.07,1.66,2.44,5.43,5.67,10.19,11.08,9.55,9.76,6.75,4.77,5.81,7.53,8.93,6.06,6.55,7.93,6.69,9.18,6.19,3.76,5.44,4.64,8.41,4.95,3.81,5.57,10.62,5.89,4.79,6.73,7.83,4.30,4.44,6.93,5.32,6.24,5.42,25.11,27.52,25.60,24.97,25.46,26.68,27.43,24.40,26.44,26.21,24.89,24.83,26.06,24.24,25.71,23.91,27.24,26.27,26.35,27.38,26.53,27.01,23.87,26.45,27.58,27.49,23.97,23.03,26.30,24.10,23.12,24.27,23.20,22.73,23.99,24.40,23.81,23.81,24.06,23.70,24.88,25.18,14.84,10.86,12.21,12.22,13.34,11.00,12.45,11.88,11.80,11.31,10.86,11.10,21.69,21.79,23.19,22.90,20.66,22.15],
  [22.24,12.71,14.70,6.55,6.39,27.13,3.94,4.12,6.26,4.64,4.58,3.71,15.29,13.36,16.17,14.13,15.59,15.30,16.31,15.32,16.40,16.23,16.25,4.92,2.63,5.41,5.64,2.07,99.00,3.48,1.09,6.06,6.24,11.49,12.52,10.31,10.63,7.40,2.94,3.78,5.70,7.45,5.13,4.93,6.04,5.19,7.53,4.47,2.04,4.51,2.59,7.02,2.91,2.84,4.33,9.70,4.46,3.78,5.42,6.12,2.24,2.87,5.26,3.92,4.24,3.45,23.33,25.80,23.82,23.15,23.61,24.95,25.72,22.68,24.64,24.44,23.15,23.04,24.31,22.42,23.95,22.21,25.51,24.50,24.64,25.62,24.82,25.30,22.16,24.71,25.87,25.75,22.18,21.38,24.52,22.12,21.09,22.27,21.20,20.69,21.96,22.40,21.85,21.85,22.10,21.68,22.92,23.22,12.77,9.04,10.38,10.52,11.42,9.15,10.69,10.07,10.05,9.28,9.13,9.40,20.03,20.17,21.40,21.03,19.00,20.49],
  [24.73,14.44,17.92,9.90,3.85,30.13,5.45,5.56,7.87,8.08,6.63,6.48,18.41,16.19,18.65,16.88,18.27,17.99,19.22,18.09,18.72,19.12,18.79,8.39,4.22,2.86,3.65,1.66,3.48,99.00,3.41,6.52,6.79,10.54,11.25,10.39,10.51,7.76,6.35,7.24,9.12,10.58,7.69,8.18,9.49,8.35,10.82,7.80,5.35,7.07,5.89,10.06,6.16,5.46,7.23,12.22,7.55,6.44,8.39,9.46,5.59,6.07,8.56,6.97,7.71,6.92,25.69,28.00,26.17,25.59,26.14,27.18,27.91,24.90,27.03,26.76,25.41,25.43,26.60,24.88,26.25,24.37,27.72,26.82,26.82,27.93,27.01,27.47,24.36,26.97,28.05,27.99,24.57,23.45,26.87,25.03,24.15,25.22,24.16,23.80,25.04,25.38,24.68,24.68,24.93,24.70,25.76,26.06,16.03,11.57,12.94,12.78,14.19,11.76,13.08,12.57,12.43,12.40,11.49,11.69,22.13,22.17,23.79,23.62,21.10,22.57],
  [21.64,11.84,14.51,7.18,6.81,26.78,2.91,3.09,5.31,4.80,3.71,3.14,15.02,12.90,15.55,13.63,15.06,14.77,15.90,14.83,15.72,15.81,15.66,5.22,3.69,5.79,6.20,2.44,1.09,3.41,99.00,7.09,7.28,12.38,13.35,11.33,11.63,8.43,3.61,4.04,6.25,8.24,6.15,5.69,6.51,6.00,8.20,5.16,2.89,5.54,2.53,7.86,2.78,3.90,5.28,10.69,5.33,4.80,6.33,6.78,2.27,3.75,5.96,4.82,4.56,3.88,22.68,25.10,23.17,22.53,23.03,24.26,25.01,21.98,24.01,23.78,22.47,22.40,23.63,21.81,23.28,21.49,24.81,23.84,23.93,24.95,24.11,24.59,21.45,24.03,25.16,25.06,21.54,20.63,23.87,21.72,20.78,21.89,20.83,20.42,21.67,22.04,21.41,21.41,21.65,21.35,22.48,22.78,12.62,8.42,9.77,9.80,10.93,8.56,10.01,9.44,9.37,9.00,8.43,8.68,19.29,19.40,20.76,20.47,18.26,19.74],
  [27.47,18.64,18.75,8.10,5.32,31.43,9.99,10.17,12.30,8.79,10.59,9.45,19.60,18.34,21.51,19.18,20.71,20.43,21.04,20.32,21.91,21.01,21.52,8.54,3.45,5.17,4.27,5.43,6.06,6.52,7.09,99.00,0.29,5.89,7.15,4.25,4.59,1.35,6.33,7.94,7.99,7.63,4.29,6.50,8.55,6.23,8.46,6.67,5.68,4.12,7.90,6.94,8.21,4.20,4.97,7.26,5.61,4.23,5.65,7.68,7.54,5.47,6.95,5.31,8.02,7.27,28.69,31.29,29.18,28.43,28.77,30.42,31.22,28.19,29.96,29.83,28.63,28.37,29.74,27.69,29.37,27.78,31.01,29.90,30.15,31.02,30.34,30.83,27.69,30.16,31.39,31.21,27.53,27.02,29.88,26.72,25.37,26.77,25.71,24.84,26.14,26.83,26.60,26.60,26.86,26.02,27.62,27.93,16.77,14.58,15.83,16.21,16.58,14.60,16.28,15.60,15.67,13.93,14.80,15.11,25.66,25.88,26.76,26.16,24.65,26.14],
  [27.53,18.77,18.74,8.03,5.59,31.42,10.18,10.36,12.47,8.83,10.75,9.58,19.60,18.39,21.58,19.24,20.77,20.48,21.07,20.36,22.00,21.04,21.58,8.56,3.61,5.45,4.55,5.67,6.24,6.79,7.28,0.29,99.00,5.86,7.15,4.08,4.44,1.17,6.39,8.00,7.96,7.50,4.21,6.47,8.52,6.18,8.36,6.67,5.77,4.08,8.01,6.81,8.32,4.27,4.94,7.03,5.59,4.24,5.57,7.61,7.66,5.53,6.91,5.30,8.05,7.32,28.76,31.36,29.25,28.49,28.82,30.49,31.30,28.28,30.02,29.90,28.70,28.43,29.81,27.75,29.44,27.86,31.08,29.97,30.23,31.09,30.42,30.91,27.77,30.23,31.47,31.28,27.59,27.12,29.95,26.73,25.36,26.77,25.71,24.82,26.12,26.83,26.62,26.62,26.88,26.01,27.63,27.94,16.76,14.68,15.91,16.32,16.64,14.69,16.38,15.69,15.77,13.97,14.91,15.22,25.76,25.98,26.82,26.21,24.74,26.23],
  [33.34,24.20,24.59,13.76,7.22,37.25,15.25,15.41,17.68,14.67,16.06,15.11,25.46,24.22,27.35,25.06,26.59,26.30,26.93,26.20,27.72,26.89,27.37,14.42,9.07,7.91,6.94,10.19,11.49,10.54,12.38,5.89,5.86,99.00,1.41,3.25,2.63,4.90,12.21,13.81,13.78,12.97,9.95,12.29,14.34,11.97,13.94,12.52,11.50,9.91,13.64,12.30,13.96,10.06,10.79,11.34,11.43,10.11,11.30,13.37,13.27,11.35,12.73,11.17,13.90,13.15,34.54,37.11,35.03,34.30,34.65,36.25,37.04,34.01,35.82,35.68,34.45,34.22,35.57,33.55,35.20,33.57,36.83,35.74,35.97,36.86,36.15,36.64,33.50,35.99,37.20,37.04,33.38,32.79,35.73,32.59,31.21,32.63,31.57,30.66,31.96,32.69,32.48,32.48,32.74,31.86,33.50,33.80,22.61,20.36,21.63,21.93,22.44,20.40,22.04,21.38,21.42,19.82,20.52,20.82,31.43,31.61,32.61,32.04,30.41,31.90],
  [34.53,25.19,25.90,15.11,7.69,38.57,16.18,16.34,18.64,15.90,17.06,16.18,26.75,25.44,28.52,26.27,27.78,27.50,28.18,27.41,28.84,28.14,28.55,15.68,10.20,8.50,7.60,11.08,12.52,11.25,13.35,7.15,7.15,1.41,99.00,4.63,3.99,6.25,13.43,15.03,15.11,14.36,11.29,13.61,15.66,13.30,15.32,13.82,12.68,11.22,14.76,13.68,15.09,11.28,12.10,12.75,12.74,11.38,12.65,14.72,14.39,12.58,14.05,12.45,15.14,14.37,35.70,38.24,36.19,35.48,35.85,37.38,38.17,35.14,36.99,36.83,35.59,35.39,36.72,34.73,36.35,34.69,37.96,36.90,37.09,38.02,37.28,37.77,34.62,37.14,38.33,38.18,34.54,33.88,36.90,33.87,32.52,33.92,32.86,31.97,33.28,33.98,33.74,33.74,34.00,33.17,34.76,35.07,23.92,21.47,22.77,23.01,23.63,21.53,23.15,22.50,22.52,21.05,21.61,21.90,32.52,32.69,33.77,33.24,31.50,32.99],
  [31.29,22.83,22.12,11.16,7.99,34.73,14.24,14.42,16.55,12.63,14.83,13.64,23.06,22.14,25.43,23.00,24.54,24.26,24.68,24.09,25.90,24.67,25.40,12.26,7.69,8.32,7.27,9.55,10.31,10.39,11.33,4.25,4.08,3.25,4.63,99.00,0.65,2.91,10.27,11.86,11.36,10.15,7.50,9.90,11.91,9.51,11.19,10.25,9.77,7.62,12.04,9.51,12.34,8.24,8.50,8.17,9.11,8.00,8.77,10.82,11.69,9.42,10.30,8.98,11.84,11.18,32.58,35.23,33.07,32.28,32.55,34.35,35.17,32.16,33.82,33.73,32.57,32.24,33.65,31.53,33.28,31.77,34.95,33.80,34.11,34.92,34.30,34.80,31.67,34.08,35.34,35.13,31.41,31.06,33.76,30.22,28.73,30.21,29.17,28.13,29.43,30.25,30.18,30.18,30.44,29.40,31.17,31.47,20.17,18.65,19.84,20.32,20.47,18.63,20.35,19.64,19.75,17.68,18.91,19.23,29.70,29.95,30.65,29.94,28.69,30.18],
  [31.81,23.22,22.69,11.75,7.89,35.31,14.55,14.72,16.88,13.13,15.18,14.03,23.63,22.65,25.92,23.51,25.05,24.77,25.22,24.61,26.38,25.21,25.90,12.77,8.03,8.30,7.26,9.76,10.63,10.51,11.63,4.59,4.44,2.63,3.99,0.65,99.00,3.29,10.74,12.33,11.92,10.77,8.05,10.45,12.47,10.07,11.80,10.78,10.20,8.14,12.45,10.12,12.76,8.67,9.03,8.82,9.64,8.49,9.34,11.40,12.10,9.88,10.85,9.48,12.33,11.66,33.08,35.71,33.57,32.79,33.07,34.84,35.65,32.64,34.33,34.23,33.05,32.75,34.15,32.04,33.77,32.24,35.44,34.30,34.59,35.41,34.78,35.28,32.15,34.58,35.83,35.63,31.91,31.52,34.26,30.78,29.31,30.78,29.74,28.72,30.02,30.82,30.73,30.73,30.99,29.97,31.72,32.03,20.74,19.09,20.30,20.75,20.96,19.08,20.79,20.09,20.19,18.20,19.34,19.66,30.16,30.40,31.15,30.46,29.15,30.64],
  [28.60,19.93,19.69,8.86,6.08,32.36,11.34,11.52,13.63,9.91,11.92,10.74,20.58,19.46,22.68,20.31,21.84,21.56,22.10,21.43,23.11,22.07,22.68,9.60,4.78,6.11,5.13,6.75,7.40,7.76,8.43,1.35,1.17,4.90,6.25,2.91,3.29,99.00,7.49,9.09,8.89,8.16,5.05,7.40,9.45,7.07,9.09,7.66,6.91,5.02,9.16,7.48,9.47,5.40,5.91,7.16,6.54,5.28,6.40,8.47,8.81,6.62,7.83,6.32,9.12,8.41,29.85,32.47,30.34,29.58,29.89,31.60,32.41,29.39,31.11,31.00,29.81,29.53,30.91,28.83,30.54,28.98,32.19,31.07,31.34,32.19,31.53,32.03,28.89,31.34,32.58,32.39,28.69,28.25,31.04,27.72,26.32,27.75,26.69,25.76,27.06,27.80,27.63,27.63,27.89,26.97,28.64,28.95,17.72,15.81,17.04,17.46,17.73,15.81,17.51,16.82,16.91,15.02,16.05,16.37,26.89,27.12,27.92,27.28,25.88,27.37],
  [21.14,12.74,12.68,3.60,8.64,25.31,5.42,5.60,7.05,2.48,5.33,3.80,13.43,12.02,15.20,12.86,14.38,14.10,14.76,13.99,15.64,14.72,15.20,2.38,3.46,7.76,7.68,4.77,2.94,6.35,3.61,6.33,6.39,12.21,13.43,10.27,10.74,7.49,99.00,1.61,2.77,4.64,3.31,2.09,3.16,2.46,4.60,1.55,1.03,2.87,2.17,4.31,2.37,2.15,2.18,7.41,1.93,2.31,2.94,3.19,1.98,0.86,2.35,1.60,1.76,0.94,22.37,24.98,22.86,22.11,22.44,24.12,24.92,21.90,23.64,23.51,22.32,22.05,23.43,21.36,23.05,21.51,24.71,23.59,23.86,24.70,24.05,24.54,21.41,23.85,25.09,24.90,21.21,20.78,23.56,20.49,19.25,20.57,19.50,18.76,20.06,20.66,20.33,20.33,20.59,19.87,21.36,21.67,10.70,8.38,9.57,10.08,10.26,8.36,10.08,9.37,9.50,7.63,8.69,9.02,19.42,19.68,20.44,19.83,18.42,19.91],
  [19.53,11.32,11.18,3.53,9.96,23.78,4.91,5.06,6.04,0.92,4.45,2.85,11.89,10.41,13.59,11.25,12.77,12.49,13.17,12.39,14.05,13.12,13.59,1.18,4.97,9.03,9.06,5.81,3.78,7.24,4.04,7.94,8.00,13.81,15.03,11.86,12.33,9.09,1.61,99.00,2.49,5.00,4.68,2.75,2.59,3.24,4.61,2.11,2.43,4.34,1.67,4.89,1.62,3.75,3.53,8.27,3.08,3.86,3.94,3.26,1.80,2.47,2.73,2.98,0.56,0.68,20.76,23.38,21.25,20.50,20.83,22.51,23.32,20.31,22.03,21.91,20.72,20.44,21.82,19.75,21.45,19.91,23.10,21.98,22.26,23.10,22.45,22.94,19.81,22.25,23.49,23.30,19.60,19.20,21.95,18.91,17.71,19.01,17.94,17.25,18.54,19.10,18.74,18.74,19.00,18.33,19.78,20.09,9.22,6.84,7.99,8.57,8.65,6.79,8.54,7.82,7.97,6.03,7.19,7.54,17.84,18.12,18.83,18.22,16.84,18.33],
  [20.04,12.98,10.81,1.05,11.21,23.47,7.40,7.55,8.37,2.39,6.87,5.29,11.71,10.91,14.36,11.79,13.33,13.06,13.33,12.83,14.99,13.33,14.27,1.66,5.87,10.39,10.20,7.53,5.70,9.12,6.25,7.99,7.96,13.78,15.11,11.36,11.92,8.89,2.77,2.49,99.00,2.66,3.87,1.49,0.56,1.85,2.12,1.44,3.78,3.88,4.12,2.75,4.11,4.33,3.02,6.21,2.38,3.83,2.61,0.88,4.17,3.19,1.06,2.76,1.95,2.39,21.39,24.11,21.88,21.04,21.26,23.23,24.07,21.10,22.59,22.55,21.47,21.04,22.50,20.29,22.12,20.78,23.84,22.63,23.03,23.73,23.22,23.72,20.64,22.95,24.25,23.99,20.23,20.18,22.56,18.87,17.43,18.88,17.83,16.87,18.17,18.92,18.82,18.82,19.08,18.09,19.81,20.11,8.84,8.27,9.19,10.03,9.44,8.11,9.87,9.12,9.39,6.49,8.75,9.12,18.83,19.20,19.48,18.66,17.88,19.32],
  [21.94,15.55,12.19,1.71,11.89,24.66,9.85,10.02,11.00,5.05,9.45,7.85,13.23,12.95,16.50,13.84,15.36,15.10,15.08,14.79,17.22,15.11,16.36,4.32,6.67,11.23,10.80,8.93,7.45,10.58,8.24,7.63,7.50,12.97,14.36,10.15,10.77,8.16,4.64,5.00,2.66,99.00,3.44,2.55,2.93,2.26,1.10,3.12,5.41,3.86,6.51,0.69,6.56,5.18,3.40,3.66,3.04,4.29,2.27,1.79,6.46,4.58,2.34,3.61,4.52,4.69,23.37,26.14,23.84,22.96,23.09,25.26,26.10,23.19,24.51,24.53,23.52,23.00,24.51,22.22,24.13,22.92,25.87,24.61,25.10,25.69,25.28,25.78,22.76,24.96,26.29,26.00,22.22,22.39,24.51,20.34,18.72,20.28,19.26,18.09,19.38,20.29,20.40,20.40,20.66,19.41,21.34,21.64,10.32,10.81,11.63,12.56,11.69,10.62,12.36,11.61,11.92,8.69,11.33,11.70,21.06,21.48,21.49,20.52,20.13,21.55],
  [23.83,15.99,14.67,3.82,8.51,27.32,8.54,8.72,10.34,5.31,8.61,7.11,15.58,14.67,18.03,15.54,17.08,16.81,17.18,16.62,18.58,17.17,17.98,4.83,3.51,7.91,7.41,6.06,5.13,7.69,6.15,4.29,4.21,9.95,11.29,7.50,8.05,5.05,3.31,4.68,3.87,3.44,99.00,2.40,4.42,2.03,4.19,2.80,3.40,0.63,5.46,2.77,5.67,2.33,1.15,4.60,1.66,1.36,1.36,3.42,5.22,2.63,2.81,1.72,4.52,4.04,25.14,27.82,25.63,24.82,25.07,26.95,27.77,24.78,26.36,26.29,25.17,24.80,26.23,24.07,25.85,24.42,27.55,26.37,26.72,27.48,26.91,27.41,24.30,26.67,27.95,27.72,23.97,23.76,26.32,22.74,21.29,22.75,21.70,20.72,22.02,22.79,22.68,22.68,22.94,21.95,23.67,23.98,12.71,11.50,12.60,13.24,13.07,11.42,13.18,12.45,12.63,10.22,11.86,12.21,22.41,22.72,23.22,22.46,21.42,22.89],
  [21.43,13.93,12.30,1.80,9.94,24.96,7.40,7.57,8.78,3.13,7.13,5.54,13.19,12.28,15.68,13.16,14.70,14.43,14.78,14.22,16.26,14.77,15.61,2.54,4.58,9.17,8.89,6.55,4.93,8.18,5.69,6.50,6.47,12.29,13.61,9.90,10.45,7.40,2.09,2.75,1.49,2.55,2.40,99.00,2.05,0.50,2.64,0.64,2.89,2.39,4.06,2.24,4.16,3.02,1.53,5.53,0.90,2.38,1.28,1.34,3.97,2.11,0.47,1.37,2.40,2.28,22.76,25.46,23.25,22.43,22.67,24.58,25.41,22.43,23.98,23.91,22.81,22.41,23.86,21.68,23.48,22.08,25.18,23.99,24.37,25.10,24.55,25.05,21.95,24.30,25.58,25.35,21.59,21.45,23.93,20.34,18.92,20.36,19.31,18.37,19.67,20.41,20.28,20.28,20.54,19.58,21.28,21.58,10.33,9.32,10.34,11.07,10.73,9.20,10.97,10.23,10.45,7.84,9.74,10.10,20.09,20.43,20.84,20.06,19.12,20.58],
  [19.52,12.63,10.25,1.22,11.69,22.91,7.46,7.60,8.26,2.29,6.83,5.28,11.16,10.40,13.87,11.28,12.82,12.55,12.79,12.31,14.51,12.79,13.77,1.57,6.37,10.86,10.69,7.93,6.04,9.49,6.51,8.55,8.52,14.34,15.66,11.91,12.47,9.45,3.16,2.59,0.56,2.93,4.42,2.05,99.00,2.40,2.19,1.95,4.18,4.44,4.27,3.12,4.20,4.84,3.58,6.55,2.93,4.37,3.15,1.25,4.36,3.66,1.62,3.30,2.04,2.63,20.88,23.60,21.36,20.52,20.73,22.72,23.56,20.60,22.07,22.04,20.96,20.53,21.99,19.77,21.61,20.29,23.33,22.11,22.53,23.21,22.72,23.22,20.15,22.44,23.74,23.48,19.72,19.70,22.04,18.31,16.87,18.32,17.27,16.31,17.62,18.37,18.27,18.27,18.53,17.53,19.26,19.56,8.28,7.90,8.77,9.66,8.96,7.72,9.47,8.72,9.01,6.00,8.41,8.78,18.36,18.74,18.97,18.13,17.41,18.85],
  [21.87,14.43,12.64,1.90,9.91,25.30,7.83,8.00,9.26,3.64,7.60,6.01,13.56,12.72,16.13,13.60,15.14,14.87,15.18,14.66,16.73,15.17,16.06,3.03,4.57,9.17,8.84,6.69,5.19,8.35,6.00,6.23,6.18,11.97,13.30,9.51,10.07,7.07,2.46,3.24,1.85,2.26,2.03,0.50,2.40,99.00,2.55,1.13,3.15,2.12,4.50,1.86,4.62,3.03,1.35,5.05,0.82,2.26,0.79,1.45,4.39,2.32,0.79,1.39,2.90,2.75,23.20,25.91,23.69,22.86,23.09,25.03,25.86,22.88,24.41,24.36,23.26,22.86,24.31,22.12,23.93,22.55,25.63,24.43,24.82,25.54,25.01,25.51,22.41,24.75,26.04,25.79,22.04,21.92,24.38,20.72,19.26,20.72,19.67,18.70,20.00,20.77,20.67,20.67,20.93,19.93,21.66,21.96,10.68,9.81,10.83,11.57,11.19,9.70,11.46,10.72,10.95,8.28,10.24,10.60,20.57,20.91,21.29,20.49,19.60,21.06],
  [20.86,14.68,11.10,1.08,12.45,23.59,9.52,9.67,10.44,4.46,8.98,7.40,12.13,11.89,15.45,12.78,14.29,14.03,13.99,13.72,16.19,14.02,15.31,3.73,7.13,11.73,11.38,9.18,7.53,10.82,8.20,8.46,8.36,13.94,15.32,11.19,11.80,9.09,4.60,4.61,2.12,1.10,4.19,2.64,2.19,2.55,99.00,3.06,5.50,4.51,6.22,1.68,6.22,5.58,3.88,4.66,3.37,4.79,2.87,1.42,6.24,4.75,2.27,3.93,4.07,4.43,22.29,25.06,22.76,21.88,22.00,24.18,25.03,22.13,23.43,23.45,22.45,21.92,23.43,21.14,23.05,21.86,24.80,23.53,24.03,24.61,24.21,24.71,21.70,23.88,25.22,24.92,21.14,21.35,23.43,19.25,17.64,19.19,18.17,17.01,18.30,19.20,19.31,19.31,19.56,18.32,20.24,20.55,9.22,9.92,10.68,11.66,10.67,9.71,11.43,10.68,11.01,7.67,10.47,10.85,20.03,20.45,20.41,19.43,19.11,20.52],
  [21.04,13.35,12.08,2.10,9.78,24.75,6.77,6.94,8.13,2.56,6.49,4.89,12.93,11.89,15.24,12.76,14.30,14.02,14.45,13.84,15.78,14.43,15.19,2.04,4.43,8.97,8.76,6.19,4.47,7.80,5.16,6.67,6.67,12.52,13.82,10.25,10.78,7.66,1.55,2.11,1.44,3.12,2.80,0.64,1.95,1.13,3.06,99.00,2.46,2.64,3.43,2.87,3.52,2.89,1.75,6.17,1.14,2.45,1.85,1.66,3.35,1.78,0.80,1.37,1.80,1.64,22.35,25.03,22.84,22.03,22.30,24.15,24.97,21.98,23.58,23.50,22.37,22.01,23.44,21.29,23.06,21.63,24.75,23.58,23.93,24.69,24.11,24.61,21.50,23.87,25.15,24.92,21.18,20.97,23.53,20.07,18.70,20.10,19.05,18.16,19.46,20.17,19.98,19.98,20.24,19.35,20.99,21.29,10.10,8.77,9.83,10.52,10.28,8.67,10.43,9.70,9.90,7.44,9.17,9.53,19.62,19.94,20.42,19.69,18.64,20.10],
  [21.85,13.08,13.61,4.55,7.62,26.21,5.14,5.32,7.06,3.35,5.31,3.92,14.32,12.77,15.86,13.59,15.11,14.82,15.58,14.75,16.24,15.53,15.88,3.37,2.54,6.73,6.68,3.76,2.04,5.35,2.89,5.68,5.77,11.50,12.68,9.77,10.20,6.91,1.03,2.43,3.78,5.41,3.40,2.89,4.18,3.15,5.50,2.46,99.00,2.84,2.28,4.99,2.57,1.54,2.42,7.84,2.45,2.13,3.44,4.12,1.96,0.86,3.23,1.94,2.71,1.85,23.04,25.62,23.53,22.80,23.17,24.75,25.55,22.52,24.32,24.18,22.96,22.73,24.08,22.06,23.71,22.10,25.34,24.25,24.48,25.37,24.67,25.16,22.02,24.50,25.71,25.54,21.88,21.34,24.23,21.34,20.14,21.43,20.37,19.68,20.97,21.53,21.15,21.15,21.41,20.76,22.19,22.50,11.64,8.91,10.15,10.55,10.95,8.92,10.60,9.92,10.00,8.44,9.14,9.46,19.98,20.21,21.11,20.57,18.97,20.46],
  [23.67,15.61,14.68,4.01,8.03,27.35,7.98,8.16,9.84,5.05,8.10,6.63,15.56,14.52,17.83,15.38,16.92,16.64,17.10,16.47,18.34,17.07,17.79,4.64,2.92,7.39,6.93,5.44,4.51,7.07,5.54,4.12,4.08,9.91,11.22,7.62,8.14,5.02,2.87,4.34,3.88,3.86,0.63,2.39,4.44,2.12,4.51,2.64,2.84,99.00,4.97,3.23,5.21,1.70,0.89,5.23,1.52,0.74,1.64,3.57,4.71,2.12,2.83,1.37,4.24,3.68,24.96,27.62,25.45,24.66,24.94,26.75,27.57,24.57,26.20,26.11,24.97,24.63,26.04,23.91,25.67,24.20,27.35,26.19,26.52,27.30,26.70,27.20,24.08,26.48,27.74,27.53,23.80,23.51,26.15,22.70,21.30,22.73,21.67,20.75,22.05,22.78,22.62,22.62,22.88,21.96,23.62,23.93,12.70,11.18,12.32,12.91,12.87,11.13,12.88,12.15,12.31,10.07,11.52,11.87,22.15,22.45,23.04,22.32,21.16,22.64],
  [19.81,10.80,12.12,5.15,8.98,24.54,3.35,3.51,4.89,2.30,3.16,1.66,12.70,10.83,13.76,11.62,13.11,12.82,13.75,12.80,14.08,13.68,13.81,2.81,4.57,8.00,8.20,4.64,2.59,5.89,2.53,7.90,8.01,13.64,14.76,12.04,12.45,9.16,2.17,1.67,4.12,6.51,5.46,4.06,4.27,4.50,6.22,3.43,2.28,4.97,99.00,6.30,0.33,3.82,4.34,9.54,4.09,4.32,5.08,4.83,0.38,2.85,4.17,3.77,2.23,1.82,20.95,23.48,21.44,20.74,21.16,22.62,23.40,20.37,22.25,22.07,20.82,20.64,21.96,20.00,21.59,19.93,23.20,22.14,22.33,23.26,22.52,23.01,19.86,22.37,23.57,23.42,19.79,19.15,22.14,19.55,18.50,19.69,18.63,18.10,19.37,19.82,19.30,19.30,19.56,19.09,20.36,20.67,10.20,6.72,8.00,8.31,8.93,6.76,8.40,7.74,7.78,6.69,6.90,7.21,17.79,17.99,19.01,18.56,16.77,18.27],
  [22.41,15.73,12.75,1.97,11.26,25.26,9.64,9.81,10.93,5.07,9.33,7.73,13.77,13.37,16.89,14.26,15.78,15.52,15.58,15.24,17.58,15.60,16.77,4.36,6.08,10.61,10.16,8.41,7.02,10.06,7.86,6.94,6.81,12.30,13.68,9.51,10.12,7.48,4.31,4.89,2.75,0.69,2.77,2.24,3.12,1.86,1.68,2.87,4.99,3.23,6.30,99.00,6.39,4.62,2.84,3.46,2.56,3.69,1.68,1.88,6.21,4.15,2.16,3.12,4.45,4.50,23.82,26.57,24.29,23.42,23.58,25.69,26.54,23.61,24.98,24.97,23.95,23.45,24.95,22.68,24.57,23.32,26.31,25.05,25.52,26.15,25.70,26.21,23.16,25.40,26.72,26.44,22.66,22.76,24.97,20.90,19.30,20.85,19.82,18.68,19.98,20.86,20.94,20.94,21.20,19.99,21.88,22.19,10.86,11.01,11.89,12.77,12.04,10.84,12.59,11.84,12.13,9.04,11.50,11.88,21.43,21.83,21.93,21.00,20.49,21.92],
  [19.47,10.51,11.81,5.14,9.30,24.22,3.30,3.46,4.69,2.13,2.99,1.43,12.39,10.50,13.43,11.29,12.77,12.49,13.42,12.47,13.75,13.35,13.48,2.70,4.90,8.31,8.53,4.95,2.91,6.16,2.78,8.21,8.32,13.96,15.09,12.34,12.76,9.47,2.37,1.62,4.11,6.56,5.67,4.16,4.20,4.62,6.22,3.52,2.57,5.21,0.33,6.39,99.00,4.11,4.54,9.67,4.25,4.58,5.23,4.85,0.71,3.09,4.24,3.97,2.17,1.89,20.62,23.15,21.11,20.41,20.82,22.29,23.08,20.05,21.92,21.74,20.50,20.31,21.63,19.67,21.26,19.61,22.87,21.81,22.00,22.93,22.19,22.68,19.53,22.04,23.24,23.09,19.46,18.83,21.81,19.23,18.18,19.37,18.30,17.78,19.05,19.49,18.97,18.97,19.23,18.77,20.03,20.34,9.90,6.39,7.67,8.00,8.60,6.44,8.08,7.41,7.46,6.37,6.59,6.90,17.47,17.67,18.68,18.23,16.45,17.94],
  [23.28,14.62,14.77,4.82,6.92,27.42,6.50,6.69,8.55,4.63,6.79,5.46,15.55,14.16,17.32,15.00,16.52,16.24,16.91,16.14,17.73,16.86,17.32,4.46,1.56,6.15,5.88,3.81,2.84,5.46,3.90,4.20,4.27,10.06,11.28,8.24,8.67,5.40,2.15,3.75,4.33,5.18,2.33,3.02,4.84,3.03,5.58,2.89,1.54,1.70,3.82,4.62,4.11,99.00,1.79,6.93,2.21,0.99,2.94,4.36,3.49,1.31,3.47,1.66,3.88,3.09,24.50,27.09,24.99,24.24,24.59,26.23,27.03,24.00,25.77,25.64,24.43,24.18,25.54,23.50,25.17,23.59,26.81,25.71,25.96,26.83,26.15,26.64,23.50,25.97,27.20,27.01,23.33,22.85,25.69,22.62,21.36,22.70,21.63,20.86,22.15,22.78,22.47,22.47,22.73,21.99,23.50,23.81,12.79,10.42,11.64,12.08,12.38,10.42,12.12,11.42,11.52,9.77,10.67,10.99,21.49,21.73,22.56,21.98,20.48,21.97],
  [22.79,14.84,13.80,3.24,8.57,26.47,7.50,7.68,9.23,4.19,7.50,5.98,14.67,13.63,16.96,14.50,16.04,15.76,16.20,15.59,17.48,16.18,16.92,3.76,3.28,7.87,7.50,5.57,4.33,7.23,5.28,4.97,4.94,10.79,12.10,8.50,9.03,5.91,2.18,3.53,3.02,3.40,1.15,1.53,3.58,1.35,3.88,1.75,2.42,0.89,4.34,2.84,4.54,1.79,99.00,5.42,0.64,0.91,1.16,2.79,4.12,1.58,1.99,0.58,3.39,2.89,24.08,26.75,24.57,23.77,24.05,25.88,26.70,23.70,25.32,25.24,24.09,23.75,25.17,23.03,24.79,23.33,26.48,25.31,25.65,26.42,25.83,26.33,23.22,25.60,26.87,26.65,22.92,22.66,25.26,21.81,20.42,21.84,20.79,19.88,21.18,21.90,21.73,21.73,21.99,21.08,22.74,23.04,11.82,10.36,11.47,12.10,11.99,10.29,12.05,11.32,11.49,9.18,10.72,11.07,21.30,21.60,22.16,21.44,20.31,21.79],
  [25.41,19.18,15.43,5.35,12.41,27.59,12.83,13.01,14.31,8.52,12.65,11.07,16.53,16.52,20.09,17.41,18.91,18.66,18.50,18.32,20.85,18.54,19.94,7.82,8.00,12.02,11.31,10.62,9.70,12.22,10.69,7.26,7.03,11.34,12.75,8.17,8.82,7.16,7.41,8.27,6.21,3.66,4.60,5.53,6.55,5.05,4.66,6.17,7.84,5.23,9.54,3.46,9.67,6.93,5.42,99.00,5.49,5.95,4.47,5.34,9.39,6.99,5.56,5.92,7.87,7.80,26.87,29.66,27.34,26.43,26.51,28.78,29.63,26.75,27.98,28.02,27.06,26.49,28.02,25.70,27.64,26.50,29.40,28.11,28.64,29.18,28.82,29.32,26.33,28.47,29.82,29.51,25.72,26.00,28.00,23.54,21.80,23.43,22.44,21.11,22.38,23.40,23.68,23.68,23.93,22.49,24.56,24.86,13.66,14.45,15.29,16.21,15.33,14.27,16.01,15.26,15.56,12.33,14.96,15.33,24.68,25.11,25.01,23.97,23.76,25.17],
  [22.19,14.39,13.16,2.66,9.10,25.83,7.35,7.52,8.94,3.66,7.24,5.68,14.03,13.03,16.38,13.90,15.44,15.16,15.58,14.98,16.92,15.56,16.33,3.18,3.76,8.36,8.04,5.89,4.46,7.55,5.33,5.61,5.59,11.43,12.74,9.11,9.64,6.54,1.93,3.08,2.38,3.04,1.66,0.90,2.93,0.82,3.37,1.14,2.45,1.52,4.09,2.56,4.25,2.21,0.64,5.49,99.00,1.49,1.02,2.20,3.91,1.59,1.36,0.57,2.87,2.47,23.49,26.17,23.98,23.17,23.44,25.29,26.12,23.12,24.72,24.64,23.51,23.15,24.58,22.43,24.20,22.76,25.89,24.72,25.07,25.83,25.25,25.75,22.64,25.02,26.29,26.07,22.33,22.10,24.67,21.18,19.78,21.21,20.15,19.23,20.54,21.26,21.10,21.10,21.36,20.44,22.10,22.41,11.18,9.86,10.94,11.60,11.42,9.77,11.53,10.80,10.99,8.58,10.24,10.59,20.75,21.06,21.57,20.83,19.76,21.23],
  [23.33,15.04,14.53,4.14,7.66,27.20,7.26,7.45,9.17,4.64,7.42,5.99,15.36,14.18,17.43,15.03,16.57,16.29,16.83,16.15,17.91,16.80,17.41,4.32,2.39,6.96,6.59,4.79,3.78,6.44,4.80,4.23,4.24,10.11,11.38,8.00,8.49,5.28,2.31,3.86,3.83,4.29,1.36,2.38,4.37,2.26,4.79,2.45,2.13,0.74,4.32,3.69,4.58,0.99,0.91,5.95,1.49,99.00,2.02,3.68,4.04,1.49,2.85,1.08,3.84,3.18,24.59,27.23,25.08,24.30,24.61,26.36,27.17,24.16,25.84,25.74,24.57,24.26,25.66,23.56,25.28,23.77,26.95,25.81,26.11,26.93,26.30,26.80,23.67,26.09,27.34,27.14,23.43,23.07,25.78,22.49,21.14,22.53,21.47,20.61,21.91,22.60,22.38,22.38,22.63,21.79,23.39,23.70,12.54,10.69,11.86,12.39,12.48,10.65,12.38,11.67,11.81,9.74,10.99,11.33,21.71,21.98,22.66,22.00,20.71,22.19],
  [22.64,15.19,13.36,2.47,9.64,25.99,8.36,8.53,9.90,4.40,8.22,6.64,14.29,13.51,16.92,14.39,15.92,15.65,15.94,15.43,17.52,15.94,16.85,3.81,4.40,8.97,8.55,6.73,5.42,8.39,6.33,5.65,5.57,11.30,12.65,8.77,9.34,6.40,2.94,3.94,2.61,2.27,1.36,1.28,3.15,0.79,2.87,1.85,3.44,1.64,5.08,1.68,5.23,2.94,1.16,4.47,1.02,2.02,99.00,2.07,4.92,2.58,1.57,1.51,3.65,3.40,23.99,26.69,24.47,23.64,23.87,25.81,26.65,23.67,25.19,25.14,24.05,23.64,25.09,22.90,24.71,23.34,26.42,25.22,25.61,26.32,25.79,26.30,23.20,25.53,26.83,26.58,22.82,22.71,25.16,21.45,19.97,21.45,20.40,19.39,20.70,21.49,21.42,21.42,21.68,20.64,22.40,22.71,11.40,10.59,11.61,12.35,11.98,10.48,12.25,11.50,11.72,9.07,11.01,11.37,21.36,21.70,22.07,21.26,20.39,21.85],
  [20.72,13.85,11.30,0.46,11.28,23.92,8.15,8.31,9.22,3.26,7.69,6.09,12.25,11.62,15.10,12.51,14.04,13.77,13.95,13.52,15.76,13.96,15.00,2.53,5.92,10.51,10.23,7.83,6.12,9.46,6.78,7.68,7.61,13.37,14.72,10.82,11.40,8.47,3.19,3.26,0.88,1.79,3.42,1.34,1.25,1.45,1.42,1.66,4.12,3.57,4.83,1.88,4.85,4.36,2.79,5.34,2.20,3.68,2.07,99.00,4.83,3.40,0.91,2.70,2.75,3.03,22.10,24.83,22.58,21.72,21.92,23.95,24.79,21.84,23.28,23.25,22.19,21.74,23.22,20.98,22.83,21.53,24.56,23.33,23.76,24.43,23.95,24.45,21.38,23.66,24.97,24.70,20.93,20.95,23.26,19.41,17.91,19.40,18.35,17.33,18.63,19.43,19.40,19.40,19.65,18.58,20.37,20.67,9.35,9.13,10.02,10.89,10.21,8.96,10.71,9.96,10.25,7.24,9.62,9.99,19.61,19.99,20.19,19.32,18.66,20.10],
  [20.18,11.14,12.46,5.17,8.63,24.91,3.44,3.62,5.14,2.53,3.39,1.97,13.06,11.21,14.14,12.00,13.48,13.20,14.12,13.18,14.45,14.05,14.19,2.97,4.20,7.64,7.84,4.30,2.24,5.59,2.27,7.54,7.66,13.27,14.39,11.69,12.10,8.81,1.98,1.80,4.17,6.46,5.22,3.97,4.36,4.39,6.24,3.35,1.96,4.71,0.38,6.21,0.71,3.49,4.12,9.39,3.91,4.04,4.92,4.83,99.00,2.59,4.12,3.56,2.34,1.80,21.32,23.85,21.81,21.12,21.53,22.99,23.78,20.75,22.62,22.45,21.20,21.02,22.33,20.38,21.97,20.31,23.57,22.52,22.70,23.64,22.89,23.38,20.23,22.75,23.94,23.79,20.17,19.52,22.52,19.93,18.86,20.06,19.00,18.46,19.73,20.18,19.68,19.68,19.93,19.46,20.74,21.04,10.54,7.09,8.38,8.68,9.31,7.14,8.77,8.11,8.15,7.05,7.27,7.58,18.16,18.36,19.39,18.94,17.14,18.63],
  [22.00,13.56,13.46,3.85,8.04,26.11,5.92,6.10,7.72,3.32,5.98,4.51,14.24,12.87,16.06,13.71,15.24,14.96,15.60,14.85,16.50,15.56,16.06,3.15,2.74,7.20,7.04,4.44,2.87,6.07,3.75,5.47,5.53,11.35,12.58,9.42,9.88,6.62,0.86,2.47,3.19,4.58,2.63,2.11,3.66,2.32,4.75,1.78,0.86,2.12,2.85,4.15,3.09,1.31,1.58,6.99,1.59,1.49,2.58,3.40,2.59,99.00,2.50,1.08,2.57,1.80,23.23,25.85,23.72,22.97,23.30,24.98,25.78,22.77,24.50,24.38,23.19,22.91,24.29,22.22,23.92,22.37,25.57,24.45,24.72,25.57,24.91,25.40,22.27,24.71,25.95,25.76,22.07,21.64,24.42,21.31,20.05,21.38,20.32,19.55,20.85,21.47,21.16,21.16,21.42,20.68,22.19,22.50,11.48,9.24,10.43,10.93,11.12,9.21,10.94,10.23,10.35,8.47,9.52,9.86,20.28,20.54,21.30,20.69,19.28,20.76],
  [21.08,13.75,11.87,1.37,10.39,24.53,7.52,7.68,8.77,2.98,7.17,5.57,12.78,11.93,15.35,12.81,14.35,14.08,14.39,13.86,15.96,14.38,15.28,2.32,5.03,9.61,9.34,6.93,5.26,8.56,5.96,6.95,6.91,12.73,14.05,10.30,10.85,7.83,2.35,2.73,1.06,2.34,2.81,0.47,1.62,0.79,2.27,0.80,3.23,2.83,4.17,2.16,4.24,3.47,1.99,5.56,1.36,2.85,1.57,0.91,4.12,2.50,99.00,1.82,2.31,2.36,22.42,25.12,22.90,22.07,22.30,24.24,25.07,22.10,23.62,23.57,22.47,22.07,23.52,21.33,23.14,21.77,24.85,23.65,24.04,24.75,24.22,24.73,21.63,23.96,25.25,25.01,21.25,21.15,23.59,19.93,18.49,19.94,18.89,17.93,19.23,19.99,19.88,19.88,20.14,19.15,20.87,21.18,9.90,9.10,10.08,10.86,10.42,8.97,10.73,9.99,10.23,7.50,9.54,9.91,19.80,20.15,20.50,19.70,18.83,20.29],
  [22.32,14.27,13.45,3.17,8.57,26.12,6.95,7.13,8.65,3.67,6.93,5.40,14.29,13.17,16.46,14.03,15.57,15.29,15.78,15.13,16.97,15.76,16.43,3.29,3.22,7.82,7.52,5.32,3.92,6.97,4.82,5.31,5.30,11.17,12.45,8.98,9.48,6.32,1.60,2.98,2.76,3.61,1.72,1.37,3.30,1.39,3.93,1.37,1.94,1.37,3.77,3.12,3.97,1.66,0.58,5.92,0.57,1.08,1.51,2.70,3.56,1.08,1.82,99.00,2.87,2.32,23.60,26.26,24.09,23.30,23.59,25.38,26.20,23.20,24.84,24.75,23.60,23.27,24.68,22.56,24.30,22.82,25.98,24.83,25.15,25.94,25.33,25.83,22.71,25.11,26.38,26.16,22.44,22.14,24.79,21.42,20.07,21.46,20.40,19.54,20.84,21.53,21.32,21.32,21.58,20.71,22.33,22.64,11.47,9.82,10.94,11.54,11.50,9.76,11.51,10.78,10.95,8.72,10.16,10.51,20.78,21.07,21.67,20.98,19.79,21.27],
  [19.49,11.55,10.93,3.00,10.31,23.56,5.45,5.60,6.49,0.80,4.94,3.34,11.68,10.34,13.60,11.19,12.73,12.45,13.03,12.31,14.09,13.00,13.57,0.69,5.21,9.40,9.39,6.24,4.24,7.71,4.56,8.02,8.05,13.90,15.14,11.84,12.33,9.12,1.76,0.56,1.95,4.52,4.52,2.40,2.04,2.90,4.07,1.80,2.71,4.24,2.23,4.45,2.17,3.88,3.39,7.87,2.87,3.84,3.65,2.75,2.34,2.57,2.31,2.87,99.00,0.86,20.75,23.39,21.24,20.46,20.77,22.52,23.34,20.33,22.00,21.90,20.73,20.42,21.82,19.71,21.44,19.95,23.12,21.97,22.28,23.08,22.47,22.97,19.84,22.25,23.51,23.30,19.58,19.27,21.93,18.74,17.49,18.82,17.75,17.01,18.30,18.90,18.60,18.60,18.85,18.12,19.62,19.93,8.95,6.99,8.08,8.74,8.64,6.91,8.67,7.93,8.12,5.91,7.38,7.73,17.91,18.21,18.82,18.16,16.92,18.40],
  [20.20,11.95,11.77,3.37,9.46,24.39,5.16,5.33,6.51,1.54,4.85,3.26,12.50,11.07,14.27,11.92,13.44,13.16,13.82,13.05,14.72,13.77,14.26,1.53,4.37,8.55,8.53,5.42,3.45,6.92,3.88,7.27,7.32,13.15,14.37,11.18,11.66,8.41,0.94,0.68,2.39,4.69,4.04,2.28,2.63,2.75,4.43,1.64,1.85,3.68,1.82,4.50,1.89,3.09,2.89,7.80,2.47,3.18,3.40,3.03,1.80,1.80,2.36,2.32,0.86,99.00,21.44,24.06,21.93,21.17,21.50,23.19,24.00,20.98,22.70,22.58,21.40,21.11,22.50,20.42,22.12,20.59,23.78,22.65,22.94,23.77,23.13,23.62,20.49,22.92,24.17,23.97,20.27,19.88,22.63,19.55,18.32,19.63,18.56,17.84,19.13,19.72,19.38,19.38,19.64,18.94,20.42,20.73,9.79,7.51,8.67,9.23,9.32,7.47,9.21,8.49,8.64,6.68,7.84,8.19,18.52,18.79,19.51,18.89,17.52,19.01],
  [1.64,11.70,11.85,21.87,29.43,8.79,20.24,20.14,17.87,19.95,19.07,19.62,10.64,10.48,7.19,9.60,8.06,8.33,8.46,8.58,6.97,8.39,7.18,20.33,25.50,28.41,28.88,25.11,23.33,25.69,22.68,28.69,28.76,34.54,35.70,32.58,33.08,29.85,22.37,20.76,21.39,23.37,25.14,22.76,20.88,23.20,22.29,22.35,23.04,24.96,20.95,23.82,20.62,24.50,24.08,26.87,23.49,24.59,23.99,22.10,21.32,23.23,22.42,23.60,20.75,21.44,99.00,2.83,0.49,0.79,1.76,1.97,2.83,1.51,1.36,1.16,1.02,0.41,1.19,1.28,0.82,2.20,2.59,1.24,2.05,2.34,2.18,2.64,1.93,1.64,3.03,2.64,1.17,3.30,1.19,5.88,7.89,6.48,6.64,8.67,8.31,6.83,5.00,5.00,4.91,7.45,5.13,5.11,13.33,14.28,12.96,12.91,12.12,14.19,12.66,13.25,13.31,14.92,14.25,14.02,4.08,4.54,1.94,3.08,4.96,3.85],
  [4.43,13.73,14.68,24.62,31.79,9.89,22.56,22.44,20.14,22.59,21.44,22.09,13.47,13.21,9.80,12.32,10.79,11.06,11.28,11.35,9.40,11.21,9.84,23.00,28.04,30.77,31.28,27.52,25.80,28.00,25.10,31.29,31.36,37.11,38.24,35.23,35.71,32.47,24.98,23.38,24.11,26.14,27.82,25.46,23.60,25.91,25.06,25.03,25.62,27.62,23.48,26.57,23.15,27.09,26.75,29.66,26.17,27.23,26.69,24.83,23.85,25.85,25.12,26.26,23.39,24.06,2.83,99.00,2.40,3.43,3.89,0.88,0.17,3.11,2.13,1.73,2.66,3.23,1.65,4.09,2.03,3.64,0.28,1.64,1.18,0.99,1.00,0.64,3.65,1.19,0.29,0.35,3.94,4.66,1.89,8.25,10.38,8.79,9.15,11.19,10.65,9.11,7.48,7.48,7.33,9.85,7.33,7.21,16.14,16.77,15.48,15.30,14.76,16.71,15.11,15.74,15.75,17.62,16.67,16.42,5.90,6.02,4.65,5.89,6.92,5.49],
  [2.02,12.16,12.28,22.35,29.92,8.70,20.73,20.62,18.35,20.44,19.56,20.11,11.07,10.97,7.68,10.09,8.55,8.82,8.91,9.06,7.46,8.84,7.67,20.81,25.99,28.89,29.36,25.60,23.82,26.17,23.17,29.18,29.25,35.03,36.19,33.07,33.57,30.34,22.86,21.25,21.88,23.84,25.63,23.25,21.36,23.69,22.76,22.84,23.53,25.45,21.44,24.29,21.11,24.99,24.57,27.34,23.98,25.08,24.47,22.58,21.81,23.72,22.90,24.09,21.24,21.93,0.49,2.40,99.00,1.05,1.80,1.58,2.42,1.76,0.91,0.69,1.19,0.84,0.81,1.69,0.53,2.47,2.18,0.77,1.76,1.85,1.87,2.29,2.25,1.25,2.63,2.19,1.65,3.61,0.71,6.09,8.14,6.67,6.90,8.93,8.51,7.01,5.24,5.24,5.12,7.67,5.27,5.22,13.78,14.77,13.45,13.40,12.61,14.68,13.15,13.74,13.80,15.41,14.74,14.50,4.48,4.90,2.43,3.49,5.39,4.22],
  [1.03,11.79,11.29,21.49,29.31,8.11,20.16,20.06,17.82,19.67,18.97,19.45,10.09,10.15,6.99,9.28,7.74,8.02,7.96,8.21,6.90,7.90,6.93,20.02,25.28,28.29,28.73,24.97,23.15,25.59,22.53,28.43,28.49,34.30,35.48,32.28,32.79,29.58,22.11,20.50,21.04,22.96,24.82,22.43,20.52,22.86,21.88,22.03,22.80,24.66,20.74,23.42,20.41,24.24,23.77,26.43,23.17,24.30,23.64,21.72,21.12,22.97,22.07,23.30,20.46,21.17,0.79,3.43,1.05,99.00,1.06,2.63,3.46,2.17,1.55,1.70,1.77,0.50,1.86,0.75,1.54,2.80,3.22,1.79,2.79,2.77,2.91,3.34,2.49,2.29,3.67,3.19,1.12,3.82,1.59,5.09,7.12,5.69,5.87,7.90,7.52,6.04,4.22,4.22,4.12,6.67,4.34,4.32,12.83,14.12,12.78,12.81,11.86,14.01,12.53,13.09,13.18,14.60,14.12,13.91,4.41,4.97,1.84,2.50,5.19,4.25],
  [1.44,12.55,11.22,21.66,29.83,7.06,20.72,20.63,18.43,19.99,19.51,19.92,10.04,10.43,7.49,9.59,8.07,8.35,8.01,8.46,7.55,7.98,7.37,20.30,25.67,28.80,29.21,25.46,23.61,26.14,23.03,28.77,28.82,34.65,35.85,32.55,33.07,29.89,22.44,20.83,21.26,23.09,25.07,22.67,20.73,23.09,22.00,22.30,23.17,24.94,21.16,23.58,20.82,24.59,24.05,26.51,23.44,24.61,23.87,21.92,21.53,23.30,22.30,23.59,20.77,21.50,1.76,3.89,1.80,1.06,99.00,3.22,3.96,3.22,1.76,2.26,2.78,1.55,2.54,1.42,2.32,3.86,3.73,2.35,3.52,3.04,3.60,3.95,3.55,2.90,4.16,3.59,2.06,4.87,2.02,4.37,6.49,4.93,5.27,7.30,6.78,5.26,3.59,3.59,3.44,5.97,3.50,3.43,12.86,14.61,13.25,13.38,12.23,14.47,13.07,13.59,13.71,14.87,14.65,14.46,5.38,5.99,2.66,2.61,6.10,5.26],
  [3.60,12.96,13.82,23.74,30.97,9.64,21.74,21.62,19.33,21.72,20.61,21.24,12.61,12.33,8.92,11.44,9.91,10.17,10.41,10.46,8.55,10.33,8.96,22.12,27.19,29.94,30.45,26.68,24.95,27.18,24.26,30.42,30.49,36.25,37.38,34.35,34.84,31.60,24.12,22.51,23.23,25.26,26.95,24.58,22.72,25.03,24.18,24.15,24.75,26.75,22.62,25.69,22.29,26.23,25.88,28.78,25.29,26.36,25.81,23.95,22.99,24.98,24.24,25.38,22.52,23.19,1.97,0.88,1.58,2.63,3.22,99.00,0.86,2.29,1.55,0.97,1.80,2.38,0.79,3.25,1.16,2.87,0.62,0.88,0.57,0.98,0.50,0.73,2.83,0.34,1.06,0.81,3.06,3.94,1.21,7.58,9.68,8.15,8.44,10.48,10.00,8.48,6.77,6.77,6.64,9.18,6.71,6.62,15.27,15.92,14.62,14.46,13.88,15.86,14.26,14.89,14.90,16.74,15.83,15.58,5.13,5.32,3.77,5.05,6.13,4.75],
  [4.45,13.62,14.68,24.58,31.70,10.04,22.46,22.34,20.04,22.54,21.35,22.01,13.47,13.17,9.74,12.28,10.75,11.02,11.28,11.32,9.33,11.20,9.79,22.94,27.97,30.68,31.20,27.43,25.72,27.91,25.01,31.22,31.30,37.04,38.17,35.17,35.65,32.41,24.92,23.32,24.07,26.10,27.77,25.41,23.56,25.86,25.03,24.97,25.55,27.57,23.40,26.54,23.08,27.03,26.70,29.63,26.12,27.17,26.65,24.79,23.78,25.78,25.07,26.20,23.34,24.00,2.83,0.17,2.42,3.46,3.96,0.86,99.00,3.03,2.21,1.77,2.60,3.24,1.64,4.10,2.02,3.54,0.24,1.68,1.08,1.13,0.90,0.48,3.56,1.19,0.20,0.49,3.93,4.54,1.95,8.33,10.45,8.88,9.22,11.26,10.73,9.19,7.55,7.55,7.40,9.93,7.41,7.30,16.13,16.70,15.41,15.21,14.70,16.64,15.03,15.67,15.67,17.58,16.59,16.33,5.80,5.90,4.62,5.91,6.82,5.38],
  [2.58,10.69,12.08,21.64,28.68,10.28,19.45,19.34,17.04,19.53,18.33,18.98,10.86,10.24,6.75,9.35,7.84,8.10,8.61,8.45,6.29,8.50,6.84,19.95,24.94,27.66,28.17,24.40,22.68,24.90,21.98,28.19,28.28,34.01,35.14,32.16,32.64,29.39,21.90,20.31,21.10,23.19,24.78,22.43,20.60,22.88,22.13,21.98,22.52,24.57,20.37,23.61,20.05,24.00,23.70,26.75,23.12,24.16,23.67,21.84,20.75,22.77,22.10,23.20,20.33,20.98,1.51,3.11,1.76,2.17,3.22,2.29,3.03,99.00,2.63,2.07,0.60,1.68,1.79,2.25,1.53,0.71,2.83,2.09,1.96,3.10,2.14,2.64,0.56,2.09,3.19,3.09,1.62,1.85,2.30,7.02,8.88,7.63,7.64,9.61,9.41,8.00,6.08,6.08,6.03,8.52,6.39,6.41,13.39,13.66,12.38,12.18,11.70,13.61,12.00,12.64,12.64,14.61,13.56,13.30,2.88,3.18,1.97,3.71,3.86,2.54],
  [2.57,13.06,12.81,23.04,30.77,8.16,21.59,21.48,19.23,21.21,20.41,20.94,11.61,11.69,8.48,10.82,9.28,9.56,9.50,9.76,8.32,9.45,8.45,21.56,26.80,29.75,30.20,26.44,24.64,27.03,24.01,29.96,30.02,35.82,36.99,33.82,34.33,31.11,23.64,22.03,22.59,24.51,26.36,23.98,22.07,24.41,23.43,23.58,24.32,26.20,22.25,24.98,21.92,25.77,25.32,27.98,24.72,25.84,25.19,23.28,22.62,24.50,23.62,24.84,22.00,22.70,1.36,2.13,0.91,1.55,1.76,1.55,2.21,2.63,99.00,0.72,2.04,1.61,1.10,2.30,1.15,3.34,2.00,0.77,1.99,1.29,2.01,2.27,3.15,1.28,2.41,1.83,2.47,4.48,0.41,6.12,8.25,6.66,7.03,9.06,8.52,6.98,5.36,5.36,5.20,7.72,5.20,5.09,14.37,15.60,14.27,14.25,13.38,15.50,13.99,14.57,14.64,16.14,15.58,15.36,5.40,5.80,3.25,4.02,6.31,5.12],
  [2.70,12.68,12.97,23.03,30.52,8.87,21.31,21.20,18.93,21.10,20.16,20.73,11.76,11.64,8.32,10.76,9.22,9.49,9.60,9.74,8.06,9.53,8.32,21.48,26.63,29.50,29.98,26.21,24.44,26.76,23.78,29.83,29.90,35.68,36.83,33.73,34.23,31.00,23.51,21.91,22.55,24.53,26.29,23.91,22.04,24.36,23.45,23.50,24.18,26.11,22.07,24.97,21.74,25.64,25.24,28.02,24.64,25.74,25.14,23.25,22.45,24.38,23.57,24.75,21.90,22.58,1.16,1.73,0.69,1.70,2.26,0.97,1.77,2.07,0.72,99.00,1.47,1.53,0.38,2.37,0.54,2.76,1.53,0.09,1.30,1.19,1.36,1.70,2.61,0.64,1.97,1.51,2.32,3.90,0.31,6.62,8.71,7.18,7.48,9.51,9.04,7.51,5.81,5.81,5.67,8.22,5.75,5.67,14.47,15.40,14.08,14.00,13.26,15.31,13.76,14.37,14.41,16.08,15.35,15.11,4.91,5.25,3.08,4.17,5.87,4.60],
  [2.39,11.24,12.25,21.99,29.18,9.81,19.96,19.85,17.56,19.93,18.82,19.45,11.04,10.58,7.14,9.69,8.17,8.43,8.81,8.75,6.75,8.71,7.19,20.34,25.39,28.16,28.66,24.89,23.15,25.41,22.47,28.63,28.70,34.45,35.59,32.57,33.05,29.81,22.32,20.72,21.47,23.52,25.17,22.81,20.96,23.26,22.45,22.37,22.96,24.97,20.82,23.95,20.50,24.43,24.09,27.06,23.51,24.57,24.05,22.19,21.20,23.19,22.47,23.60,20.73,21.40,1.02,2.66,1.19,1.77,2.78,1.80,2.60,0.60,2.04,1.47,99.00,1.29,1.21,2.03,0.93,1.30,2.38,1.50,1.58,2.54,1.76,2.26,1.14,1.56,2.78,2.60,1.54,2.45,1.70,6.78,8.73,7.39,7.48,9.48,9.20,7.75,5.88,5.88,5.80,8.33,6.09,6.08,13.63,14.12,12.82,12.67,12.10,14.06,12.47,13.09,13.11,14.98,14.04,13.79,3.45,3.78,2.10,3.68,4.42,3.13],
  [1.23,11.52,11.45,21.51,29.16,8.61,19.99,19.88,17.63,19.62,18.81,19.33,10.24,10.13,6.88,9.26,7.71,7.99,8.07,8.22,6.71,8.00,6.85,19.99,25.20,28.14,28.60,24.83,23.04,25.43,22.40,28.37,28.43,34.22,35.39,32.24,32.75,29.53,22.05,20.44,21.04,23.00,24.80,22.41,20.53,22.86,21.92,22.01,22.73,24.63,20.64,23.45,20.31,24.18,23.75,26.49,23.15,24.26,23.64,21.74,21.02,22.91,22.07,23.27,20.42,21.11,0.41,3.23,0.84,0.50,1.55,2.38,3.24,1.68,1.61,1.53,1.29,99.00,1.59,0.87,1.23,2.31,2.99,1.62,2.45,2.69,2.59,3.05,2.01,2.05,3.44,3.03,0.86,3.35,1.52,5.52,7.51,6.12,6.26,8.28,7.94,6.47,4.63,4.63,4.54,7.08,4.80,4.79,12.94,13.99,12.66,12.64,11.79,13.89,12.38,12.97,13.03,14.58,13.97,13.75,4.01,4.54,1.64,2.67,4.84,3.82],
  [2.81,12.45,13.03,23.00,30.36,9.24,21.15,21.03,18.75,21.02,20.00,20.60,11.82,11.60,8.23,10.71,9.18,9.44,9.64,9.72,7.91,9.56,8.25,21.41,26.52,29.34,29.83,26.06,24.31,26.60,23.63,29.74,29.81,35.57,36.72,33.65,34.15,30.91,23.43,21.82,22.50,24.51,26.23,23.86,21.99,24.31,23.43,23.44,24.08,26.04,21.96,24.95,21.63,25.54,25.17,28.02,24.58,25.66,25.09,23.22,22.33,24.29,23.52,24.68,21.82,22.50,1.19,1.65,0.81,1.86,2.54,0.79,1.64,1.79,1.10,0.38,1.21,1.59,99.00,2.46,0.38,2.46,1.40,0.35,0.98,1.33,1.07,1.48,2.34,0.46,1.85,1.49,2.30,3.59,0.69,6.88,8.95,7.45,7.71,9.74,9.30,7.79,6.04,6.04,5.92,8.47,6.04,5.97,14.50,15.27,13.96,13.84,13.18,15.20,13.63,14.24,14.27,16.02,15.20,14.96,4.66,4.95,3.02,4.27,5.63,4.32],
  [0.36,11.16,10.60,20.75,28.59,8.27,19.45,19.35,17.13,18.92,18.25,18.72,9.39,9.40,6.26,8.53,6.99,7.27,7.24,7.46,6.22,7.17,6.19,19.27,24.54,27.57,28.00,24.24,22.42,24.88,21.81,27.69,27.75,33.55,34.73,31.53,32.04,28.83,21.36,19.75,20.29,22.22,24.07,21.68,19.77,22.12,21.14,21.29,22.06,23.91,20.00,22.68,19.67,23.50,23.03,25.70,22.43,23.56,22.90,20.98,20.38,22.22,21.33,22.56,19.71,20.42,1.28,4.09,1.69,0.75,1.42,3.25,4.10,2.25,2.30,2.37,2.03,0.87,2.46,99.00,2.10,2.75,3.86,2.46,3.32,3.49,3.46,3.93,2.41,2.92,4.31,3.88,0.72,3.63,2.31,4.77,6.70,5.39,5.45,7.45,7.18,5.75,3.85,3.85,3.79,6.30,4.15,4.18,12.11,13.39,12.05,12.10,11.11,13.27,11.81,12.37,12.46,13.85,13.40,13.20,3.99,4.63,1.23,1.81,4.68,3.91],
  [2.46,12.14,12.66,22.62,30.01,9.17,20.80,20.69,18.41,20.65,19.65,20.24,11.45,11.21,7.85,10.33,8.79,9.06,9.26,9.33,7.56,9.18,7.87,21.03,26.15,28.99,29.47,25.71,23.95,26.25,23.28,29.37,29.44,35.20,36.35,33.28,33.77,30.54,23.05,21.45,22.12,24.13,25.85,23.48,21.61,23.93,23.05,23.06,23.71,25.67,21.59,24.57,21.26,25.17,24.79,27.64,24.20,25.28,24.71,22.83,21.97,23.92,23.14,24.30,21.44,22.12,0.82,2.03,0.53,1.54,2.32,1.16,2.02,1.53,1.15,0.54,0.93,1.23,0.38,2.10,99.00,2.23,1.78,0.58,1.25,1.68,1.37,1.82,2.07,0.84,2.22,1.87,1.91,3.37,0.78,6.61,8.65,7.19,7.41,9.44,9.03,7.53,5.75,5.75,5.64,8.19,5.80,5.75,14.12,14.91,13.59,13.49,12.81,14.83,13.27,13.88,13.91,15.64,14.84,14.60,4.37,4.71,2.64,3.90,5.33,4.06],
  [3.04,10.10,12.02,21.35,28.17,10.91,18.93,18.81,16.50,19.15,17.82,18.52,10.81,9.97,6.43,9.09,7.61,7.85,8.54,8.25,5.87,8.42,6.56,19.59,24.50,27.14,27.67,23.91,22.21,24.37,21.49,27.78,27.86,33.57,34.69,31.77,32.24,28.98,21.51,19.91,20.78,22.92,24.42,22.08,20.29,22.55,21.86,21.63,22.10,24.20,19.93,23.32,19.61,23.59,23.33,26.50,22.76,23.77,23.34,21.53,20.31,22.37,21.77,22.82,19.95,20.59,2.20,3.64,2.47,2.80,3.86,2.87,3.54,0.71,3.34,2.76,1.30,2.31,2.46,2.75,2.23,99.00,3.36,2.77,2.46,3.74,2.64,3.10,0.35,2.72,3.68,3.67,2.05,1.14,3.00,7.44,9.22,8.06,7.99,9.92,9.80,8.43,6.49,6.49,6.46,8.90,6.89,6.93,13.25,13.22,11.95,11.70,11.35,13.18,11.54,12.19,12.17,14.29,13.09,12.82,2.26,2.49,2.15,3.97,3.28,1.88],
  [4.20,13.45,14.44,24.35,31.51,9.89,22.27,22.16,19.86,22.32,21.16,21.81,13.22,12.94,9.52,12.05,10.52,10.79,11.03,11.08,9.12,10.96,9.57,22.72,27.76,30.49,31.00,27.24,25.51,27.72,24.81,31.01,31.08,36.83,37.96,34.95,35.44,32.19,24.71,23.10,23.84,25.87,27.55,25.18,23.33,25.63,24.80,24.75,25.34,27.35,23.20,26.31,22.87,26.81,26.48,29.40,25.89,26.95,26.42,24.56,23.57,25.57,24.85,25.98,23.12,23.78,2.59,0.28,2.18,3.22,3.73,0.62,0.24,2.83,2.00,1.53,2.38,2.99,1.40,3.86,1.78,3.36,99.00,1.43,0.91,0.99,0.73,0.44,3.37,0.94,0.45,0.43,3.69,4.38,1.71,8.10,10.22,8.65,8.99,11.02,10.51,8.97,7.31,7.31,7.17,9.70,7.20,7.09,15.89,16.49,15.20,15.02,14.48,16.43,14.83,15.46,15.47,17.35,16.39,16.14,5.62,5.75,4.39,5.66,6.64,5.22],
  [2.79,12.72,13.05,23.11,30.58,8.93,21.37,21.26,18.98,21.17,20.22,20.80,11.85,11.71,8.39,10.83,9.29,9.57,9.68,9.82,8.12,9.61,8.40,21.55,26.70,29.55,30.04,26.27,24.50,26.82,23.84,29.90,29.97,35.74,36.90,33.80,34.30,31.07,23.59,21.98,22.63,24.61,26.37,23.99,22.11,24.43,23.53,23.58,24.25,26.19,22.14,25.05,21.81,25.71,25.31,28.11,24.72,25.81,25.22,23.33,22.52,24.45,23.65,24.83,21.97,22.65,1.24,1.64,0.77,1.79,2.35,0.88,1.68,2.09,0.77,0.09,1.50,1.62,0.35,2.46,0.58,2.77,1.43,99.00,1.23,1.12,1.28,1.61,2.63,0.56,1.88,1.42,2.40,3.91,0.37,6.71,8.80,7.27,7.57,9.61,9.13,7.60,5.90,5.90,5.76,8.31,5.84,5.76,14.55,15.46,14.14,14.05,13.33,15.38,13.83,14.43,14.47,16.15,15.41,15.17,4.94,5.27,3.15,4.26,5.90,4.62],
  [3.68,12.55,13.79,23.56,30.62,10.13,21.38,21.26,18.96,21.48,20.27,20.94,12.57,12.15,8.69,11.26,9.74,10.00,10.36,10.32,8.25,10.27,8.76,21.89,26.90,29.59,30.11,26.35,24.64,26.82,23.93,30.15,30.23,35.97,37.09,34.11,34.59,31.34,23.86,22.26,23.03,25.10,26.72,24.37,22.53,24.82,24.03,23.93,24.48,26.52,22.33,25.52,22.00,25.96,25.65,28.64,25.07,26.11,25.61,23.76,22.70,24.72,24.04,25.15,22.28,22.94,2.05,1.18,1.76,2.79,3.52,0.57,1.08,1.96,1.99,1.30,1.58,2.45,0.98,3.32,1.25,2.46,0.91,1.23,99.00,1.55,0.19,0.69,2.48,0.71,1.24,1.25,3.02,3.48,1.60,7.85,9.90,8.43,8.66,10.69,10.27,8.76,7.00,7.00,6.89,9.44,7.02,6.95,15.19,15.62,14.34,14.13,13.65,15.57,13.95,14.59,14.59,16.54,15.51,15.25,4.72,4.85,3.65,5.10,5.74,4.31],
  [3.80,13.79,14.06,24.20,31.69,8.91,22.48,22.37,20.08,22.29,21.33,21.92,12.86,12.82,9.51,11.94,10.40,10.67,10.73,10.91,9.23,10.66,9.51,22.66,27.82,30.67,31.15,27.38,25.62,27.93,24.95,31.02,31.09,36.86,38.02,34.92,35.41,32.19,24.70,23.10,23.73,25.69,27.48,25.10,23.21,25.54,24.61,24.69,25.37,27.30,23.26,26.15,22.93,26.83,26.42,29.18,25.83,26.93,26.32,24.43,23.64,25.57,24.75,25.94,23.08,23.77,2.34,0.99,1.85,2.77,3.04,0.98,1.13,3.10,1.29,1.19,2.54,2.69,1.33,3.49,1.68,3.74,0.99,1.12,1.55,99.00,1.45,1.41,3.66,1.03,1.28,0.65,3.50,4.85,1.18,7.35,9.50,7.88,8.29,10.32,9.73,8.18,6.62,6.62,6.46,8.96,6.40,6.27,15.60,16.58,15.26,15.17,14.45,16.50,14.94,15.55,15.59,17.26,16.52,16.28,5.98,6.23,4.27,5.27,6.96,5.62],
  [3.82,12.73,13.95,23.74,30.80,10.13,21.56,21.45,19.14,21.67,20.45,21.12,12.74,12.33,8.88,11.44,9.92,10.18,10.53,10.50,8.44,10.44,8.94,22.08,27.09,29.78,30.30,26.53,24.82,27.01,24.11,30.34,30.42,36.15,37.28,34.30,34.78,31.53,24.05,22.45,23.22,25.28,26.91,24.55,22.72,25.01,24.21,24.11,24.67,26.70,22.52,25.70,22.19,26.15,25.83,28.82,25.25,26.30,25.79,23.95,22.89,24.91,24.22,25.33,22.47,23.13,2.18,1.00,1.87,2.91,3.60,0.50,0.90,2.14,2.01,1.36,1.76,2.59,1.07,3.46,1.37,2.64,0.73,1.28,0.19,1.45,99.00,0.50,2.66,0.73,1.05,1.10,3.18,3.65,1.64,7.94,10.01,8.52,8.77,10.81,10.37,8.85,7.11,7.11,6.99,9.54,7.10,7.03,15.36,15.81,14.52,14.32,13.84,15.76,14.14,14.78,14.78,16.73,15.70,15.44,4.90,5.02,3.83,5.25,5.92,4.49],
  [4.28,13.17,14.45,24.25,31.27,10.28,22.03,21.91,19.60,22.16,20.92,21.61,13.23,12.84,9.38,11.95,10.43,10.69,11.02,11.00,8.93,10.93,9.45,22.58,27.58,30.25,30.77,27.01,25.30,27.47,24.59,30.83,30.91,36.64,37.77,34.80,35.28,32.03,24.54,22.94,23.72,25.78,27.41,25.05,23.22,25.51,24.71,24.61,25.16,27.20,23.01,26.21,22.68,26.64,26.33,29.32,25.75,26.80,26.30,24.45,23.38,25.40,24.73,25.83,22.97,23.62,2.64,0.64,2.29,3.34,3.95,0.73,0.48,2.64,2.27,1.70,2.26,3.05,1.48,3.93,1.82,3.10,0.44,1.61,0.69,1.41,0.50,99.00,3.15,1.06,0.58,0.87,3.67,4.08,1.94,8.32,10.41,8.88,9.17,11.21,10.74,9.21,7.50,7.50,7.37,9.92,7.44,7.35,15.86,16.29,15.01,14.80,14.34,16.25,14.62,15.27,15.26,17.23,16.18,15.92,5.35,5.43,4.33,5.72,6.37,4.93],
  [2.70,10.14,11.77,21.20,28.15,10.60,18.91,18.79,16.50,19.04,17.79,18.46,10.55,9.80,6.28,8.92,7.43,7.67,8.29,8.05,5.78,8.17,6.39,19.47,24.43,27.12,27.64,23.87,22.16,24.36,21.45,27.69,27.77,33.50,34.62,31.67,32.15,28.89,21.41,19.81,20.64,22.76,24.30,21.95,20.15,22.41,21.70,21.50,22.02,24.08,19.86,23.16,19.53,23.50,23.22,26.33,22.64,23.67,23.20,21.38,20.23,22.27,21.63,22.71,19.84,20.49,1.93,3.65,2.25,2.49,3.55,2.83,3.56,0.56,3.15,2.61,1.14,2.01,2.34,2.41,2.07,0.35,3.37,2.63,2.48,3.66,2.66,3.15,99.00,2.65,3.71,3.64,1.70,1.36,2.83,7.09,8.88,7.72,7.64,9.58,9.45,8.08,6.14,6.14,6.12,8.55,6.54,6.58,13.02,13.15,11.87,11.65,11.23,13.10,11.48,12.12,12.11,14.15,13.03,12.77,2.32,2.65,1.82,3.64,3.31,1.99],
  [3.26,12.79,13.49,23.45,30.75,9.42,21.52,21.41,19.12,21.45,20.39,21.01,12.28,12.04,8.65,11.15,9.62,9.89,10.10,10.17,8.31,10.02,8.69,21.84,26.94,29.72,30.22,26.45,24.71,26.97,24.03,30.16,30.23,35.99,37.14,34.08,34.58,31.34,23.85,22.25,22.95,24.96,26.67,24.30,22.44,24.75,23.88,23.87,24.50,26.48,22.37,25.40,22.04,25.97,25.60,28.47,25.02,26.09,25.53,23.66,22.75,24.71,23.96,25.11,22.25,22.92,1.64,1.19,1.25,2.29,2.90,0.34,1.19,2.09,1.28,0.64,1.56,2.05,0.46,2.92,0.84,2.72,0.94,0.56,0.71,1.03,0.73,1.06,2.65,99.00,1.39,1.05,2.75,3.83,0.91,7.26,9.35,7.83,8.11,10.15,9.68,8.16,6.44,6.44,6.31,8.86,6.40,6.31,14.96,15.68,14.37,14.23,13.61,15.61,14.03,14.65,14.67,16.46,15.60,15.35,4.96,5.20,3.47,4.72,5.96,4.60],
  [4.65,13.75,14.88,24.77,31.85,10.18,22.61,22.49,20.18,22.71,21.50,22.17,13.67,13.35,9.91,12.46,10.94,11.20,11.47,11.50,9.49,11.39,9.97,23.12,28.14,30.82,31.35,27.58,25.87,28.05,25.16,31.39,31.47,37.20,38.33,35.34,35.83,32.58,25.09,23.49,24.25,26.29,27.95,25.58,23.74,26.04,25.22,25.15,25.71,27.74,23.57,26.72,23.24,27.20,26.87,29.82,26.29,27.34,26.83,24.97,23.94,25.95,25.25,26.38,23.51,24.17,3.03,0.29,2.63,3.67,4.16,1.06,0.20,3.19,2.41,1.97,2.78,3.44,1.85,4.31,2.22,3.68,0.45,1.88,1.24,1.28,1.05,0.58,3.71,1.39,99.00,0.64,4.12,4.66,2.15,8.52,10.65,9.07,9.42,11.46,10.93,9.39,7.75,7.75,7.60,10.13,7.61,7.49,16.33,16.86,15.57,15.36,14.88,16.81,15.19,15.83,15.82,17.76,16.75,16.49,5.93,6.01,4.81,6.11,6.95,5.51],
  [4.21,13.76,14.47,24.49,31.77,9.55,22.54,22.43,20.13,22.50,21.41,22.05,13.27,13.08,9.71,12.20,10.66,10.93,11.10,11.21,9.35,11.03,9.74,22.89,27.98,30.75,31.25,27.49,25.75,27.99,25.06,31.21,31.28,37.04,38.18,35.13,35.63,32.39,24.90,23.30,23.99,26.00,27.72,25.35,23.48,25.79,24.92,24.92,25.54,27.53,23.42,26.44,23.09,27.01,26.65,29.51,26.07,27.14,26.58,24.70,23.79,25.76,25.01,26.16,23.30,23.97,2.64,0.35,2.19,3.19,3.59,0.81,0.49,3.09,1.83,1.51,2.60,3.03,1.49,3.88,1.87,3.67,0.43,1.42,1.25,0.65,1.10,0.87,3.64,1.05,0.64,99.00,3.78,4.72,1.62,7.94,10.08,8.48,8.86,10.89,10.33,8.79,7.18,7.18,7.03,9.55,7.01,6.89,15.97,16.72,15.42,15.26,14.66,16.65,15.06,15.69,15.70,17.51,16.63,16.38,5.93,6.10,4.51,5.68,6.94,5.54],
  [0.99,10.69,10.77,20.71,28.30,8.99,19.13,19.02,16.77,18.79,17.95,18.48,9.56,9.32,6.03,8.44,6.90,7.17,7.35,7.42,5.86,7.27,6.01,19.16,24.35,27.28,27.74,23.97,22.18,24.57,21.54,27.53,27.59,33.38,34.54,31.41,31.91,28.69,21.21,19.60,20.23,22.22,23.97,21.59,19.72,22.04,21.14,21.18,21.88,23.80,19.79,22.66,19.46,23.33,22.92,25.72,22.33,23.43,22.82,20.93,20.17,22.07,21.25,22.44,19.58,20.27,1.17,3.94,1.65,1.12,2.06,3.06,3.93,1.62,2.47,2.32,1.54,0.86,2.30,0.72,1.91,2.05,3.69,2.40,3.02,3.50,3.18,3.67,1.70,2.75,4.12,3.78,99.00,2.91,2.35,5.41,7.26,6.03,6.02,8.00,7.79,6.40,4.47,4.47,4.43,6.90,4.84,4.88,12.21,13.14,11.81,11.79,10.95,13.04,11.53,12.11,12.17,13.76,13.11,12.89,3.32,3.94,0.78,2.14,4.08,3.21],
  [3.86,9.10,11.88,20.79,27.26,11.89,18.02,17.89,15.57,18.47,16.94,17.70,10.68,9.51,5.92,8.64,7.23,7.44,8.42,7.92,5.19,8.27,6.12,18.93,23.71,26.24,26.79,23.03,21.38,23.45,20.63,27.02,27.12,32.79,33.88,31.06,31.52,28.25,20.78,19.20,20.18,22.39,23.76,21.45,19.70,21.92,21.35,20.97,21.34,23.51,19.15,22.76,18.83,22.85,22.66,26.00,22.10,23.07,22.71,20.95,19.52,21.64,21.15,22.14,19.27,19.88,3.30,4.66,3.61,3.82,4.87,3.94,4.54,1.85,4.48,3.90,2.45,3.35,3.59,3.63,3.37,1.14,4.38,3.91,3.48,4.85,3.65,4.08,1.36,3.83,4.66,4.72,2.91,99.00,4.15,8.10,9.73,8.73,8.53,10.37,10.38,9.10,7.14,7.14,7.15,9.48,7.66,7.74,12.96,12.44,11.21,10.86,10.74,12.43,10.75,11.43,11.37,13.72,12.27,11.98,1.36,1.37,2.72,4.50,2.38,0.89],
  [2.62,12.84,12.89,23.03,30.62,8.56,21.43,21.32,19.05,21.14,20.26,20.82,11.68,11.65,8.38,10.77,9.23,9.51,9.54,9.74,8.16,9.48,8.37,21.51,26.70,29.60,30.07,26.30,24.52,26.87,23.87,29.88,29.95,35.73,36.90,33.76,34.26,31.04,23.56,21.95,22.56,24.51,26.32,23.93,22.04,24.38,23.43,23.53,24.23,26.15,22.14,24.97,21.81,25.69,25.26,28.00,24.67,25.78,25.16,23.26,22.52,24.42,23.59,24.79,21.93,22.63,1.19,1.89,0.71,1.59,2.02,1.21,1.95,2.30,0.41,0.31,1.70,1.52,0.69,2.31,0.78,3.00,1.71,0.37,1.60,1.18,1.64,1.94,2.83,0.91,2.15,1.62,2.35,4.15,99.00,6.39,8.50,6.95,7.27,9.31,8.80,7.27,5.60,5.60,5.46,7.99,5.51,5.41,14.42,15.48,14.15,14.10,13.31,15.39,13.86,14.45,14.50,16.10,15.44,15.21,5.11,5.48,3.13,4.09,6.05,4.82],
  [4.44,12.99,8.16,19.09,28.50,5.23,19.81,19.76,17.78,18.01,18.51,18.58,7.16,8.84,7.28,8.20,7.00,7.25,5.82,7.01,8.00,5.90,6.93,18.19,23.88,27.49,27.76,24.10,22.12,25.03,21.72,26.72,26.73,32.59,33.87,30.22,30.78,27.72,20.49,18.91,18.87,20.34,22.74,20.34,18.31,20.72,19.25,20.07,21.34,22.70,19.55,20.90,19.23,22.62,21.81,23.54,21.18,22.49,21.45,19.41,19.93,21.31,19.93,21.42,18.74,19.55,5.88,8.25,6.09,5.09,4.37,7.58,8.33,7.02,6.12,6.62,6.78,5.52,6.88,4.77,6.61,7.44,8.10,6.71,7.85,7.35,7.94,8.32,7.09,7.26,8.52,7.94,5.41,8.10,6.39,99.00,2.18,0.62,1.12,3.01,2.43,1.00,0.96,0.96,0.98,1.61,1.08,1.35,10.06,13.57,12.24,12.80,10.85,13.32,12.33,12.65,12.93,12.91,13.82,13.73,7.93,8.72,5.38,3.64,8.15,8.06],
  [6.34,13.15,6.62,17.56,27.49,6.07,19.10,19.07,17.24,16.79,17.78,17.67,5.82,8.17,7.55,7.71,6.84,7.04,5.13,6.62,8.50,5.29,7.12,16.90,22.68,26.50,26.69,23.12,21.09,24.15,20.78,25.37,25.36,31.21,32.52,28.73,29.31,26.32,19.25,17.71,17.43,18.72,21.29,18.92,16.87,19.26,17.64,18.70,20.14,21.30,18.50,19.30,18.18,21.36,20.42,21.80,19.78,21.14,19.97,17.91,18.86,20.05,18.49,20.07,17.49,18.32,7.89,10.38,8.14,7.12,6.49,9.68,10.45,8.88,8.25,8.71,8.73,7.51,8.95,6.70,8.65,9.22,10.22,8.80,9.90,9.50,10.01,10.41,8.88,9.35,10.65,10.08,7.26,9.73,8.50,2.18,99.00,1.78,1.25,0.84,0.98,1.64,2.91,2.91,3.05,0.70,3.23,3.46,8.60,12.95,11.68,12.45,10.17,12.66,11.92,12.12,12.47,11.81,13.30,13.27,9.31,10.13,7.08,5.26,9.33,9.53],
  [5.05,13.43,8.11,19.07,28.66,4.93,20.05,20.00,18.06,18.10,18.75,18.76,7.17,9.06,7.72,8.46,7.33,7.58,6.01,7.29,8.48,6.11,7.34,18.25,23.98,27.65,27.90,24.27,22.27,25.22,21.89,26.77,26.77,32.63,33.92,30.21,30.78,27.75,20.57,19.01,18.88,20.28,22.75,20.36,18.32,20.72,19.19,20.10,21.43,22.73,19.69,20.85,19.37,22.70,21.84,23.43,21.21,22.53,21.45,19.40,20.06,21.38,19.94,21.46,18.82,19.63,6.48,8.79,6.67,5.69,4.93,8.15,8.88,7.63,6.66,7.18,7.39,6.12,7.45,5.39,7.19,8.06,8.65,7.27,8.43,7.88,8.52,8.88,7.72,7.83,9.07,8.48,6.03,8.73,6.95,0.62,1.78,99.00,1.07,2.61,1.85,0.37,1.58,1.58,1.60,1.12,1.50,1.69,10.05,13.82,12.50,13.12,11.08,13.56,12.64,12.93,13.23,13.02,14.10,14.03,8.54,9.33,6.01,4.26,8.74,8.68],
  [5.09,12.55,7.08,18.03,27.59,5.97,19.01,18.96,17.04,17.03,17.70,17.70,6.12,8.02,6.86,7.44,6.37,6.60,4.95,6.28,7.70,5.07,6.46,17.19,22.91,26.59,26.83,23.20,21.20,24.16,20.83,25.71,25.71,31.57,32.86,29.17,29.74,26.69,19.50,17.94,17.83,19.26,21.70,19.31,17.27,19.67,18.17,19.05,20.37,21.67,18.63,19.82,18.30,21.63,20.79,22.44,20.15,21.47,20.40,18.35,19.00,20.32,18.89,20.40,17.75,18.56,6.64,9.15,6.90,5.87,5.27,8.44,9.22,7.64,7.03,7.48,7.48,6.26,7.71,5.45,7.41,7.99,8.99,7.57,8.66,8.29,8.77,9.17,7.64,8.11,9.42,8.86,6.02,8.53,7.27,1.12,1.25,1.07,99.00,2.04,1.89,1.23,1.68,1.68,1.84,0.99,2.19,2.47,9.00,12.79,11.48,12.13,10.03,12.52,11.63,11.90,12.21,11.95,13.08,13.01,8.17,8.98,5.86,4.04,8.26,8.37],
  [7.10,13.25,6.09,16.97,27.08,6.60,18.83,18.80,17.05,16.33,17.51,17.33,5.40,8.00,7.75,7.62,6.90,7.08,5.03,6.59,8.77,5.21,7.31,16.40,22.21,26.10,26.26,22.73,20.69,23.80,20.42,24.84,24.82,30.66,31.97,28.13,28.72,25.76,18.76,17.25,16.87,18.09,20.72,18.37,16.31,18.70,17.01,18.16,19.68,20.75,18.10,18.68,17.78,20.86,19.88,21.11,19.23,20.61,19.39,17.33,18.46,19.55,17.93,19.54,17.01,17.84,8.67,11.19,8.93,7.90,7.30,10.48,11.26,9.61,9.06,9.51,9.48,8.28,9.74,7.45,9.44,9.92,11.02,9.61,10.69,10.32,10.81,11.21,9.58,10.15,11.46,10.89,8.00,10.37,9.31,3.01,0.84,2.61,2.04,99.00,1.30,2.44,3.71,3.71,3.87,1.50,4.07,4.29,8.07,12.74,11.51,12.36,9.96,12.43,11.81,11.96,12.34,11.42,13.13,13.12,9.88,10.70,7.77,5.94,9.83,10.13],
  [6.83,14.13,7.39,18.27,28.35,5.30,20.03,20.00,18.20,17.62,18.71,18.57,6.66,9.13,8.50,8.68,7.81,8.02,6.10,7.59,9.43,6.26,8.08,17.70,23.50,27.36,27.54,23.99,21.96,25.04,21.67,26.14,26.12,31.96,33.28,29.43,30.02,27.06,20.06,18.54,18.17,19.38,22.02,19.67,17.62,20.00,18.30,19.46,20.97,22.05,19.37,19.98,19.05,22.15,21.18,22.38,20.54,21.91,20.70,18.63,19.73,20.85,19.23,20.84,18.30,19.13,8.31,10.65,8.51,7.52,6.78,10.00,10.73,9.41,8.52,9.04,9.20,7.94,9.30,7.18,9.03,9.80,10.51,9.13,10.27,9.73,10.37,10.74,9.45,9.68,10.93,10.33,7.79,10.38,8.80,2.43,0.98,1.85,1.89,1.30,99.00,1.55,3.33,3.33,3.40,0.91,3.33,3.49,9.37,13.90,12.64,13.42,11.11,13.60,12.89,13.08,13.44,12.68,14.26,14.23,10.06,10.87,7.69,5.89,10.14,10.25],
  [5.42,13.72,8.13,19.10,28.79,4.75,20.23,20.18,18.27,18.19,18.92,18.91,7.24,9.24,8.01,8.67,7.58,7.82,6.18,7.50,8.80,6.29,7.63,18.33,24.07,27.79,28.02,24.40,22.40,25.38,22.04,26.83,26.83,32.69,33.98,30.25,30.82,27.80,20.66,19.10,18.92,20.29,22.79,20.41,18.37,20.77,19.20,20.17,21.53,22.78,19.82,20.86,19.49,22.78,21.90,23.40,21.26,22.60,21.49,19.43,20.18,21.47,19.99,21.53,18.90,19.72,6.83,9.11,7.01,6.04,5.26,8.48,9.19,8.00,6.98,7.51,7.75,6.47,7.79,5.75,7.53,8.43,8.97,7.60,8.76,8.18,8.85,9.21,8.08,8.16,9.39,8.79,6.40,9.10,7.27,1.00,1.64,0.37,1.23,2.44,1.55,99.00,1.95,1.95,1.97,0.94,1.78,1.94,10.09,14.01,12.70,13.35,11.26,13.75,12.86,13.13,13.44,13.14,14.30,14.24,8.91,9.70,6.38,4.63,9.10,9.05],
  [3.51,12.30,8.25,19.10,28.21,5.85,19.41,19.34,17.31,17.85,18.12,18.26,7.17,8.50,6.61,7.80,6.50,6.77,5.57,6.60,7.24,5.63,6.29,18.06,23.69,27.19,27.49,23.81,21.85,24.68,21.41,26.60,26.62,32.48,33.74,30.18,30.73,27.63,20.33,18.74,18.82,20.40,22.68,20.28,18.27,20.67,19.31,19.98,21.15,22.62,19.30,20.94,18.97,22.47,21.73,23.68,21.10,22.38,21.42,19.40,19.68,21.16,19.88,21.32,18.60,19.38,5.00,7.48,5.24,4.22,3.59,6.77,7.55,6.08,5.36,5.81,5.88,4.63,6.04,3.85,5.75,6.49,7.31,5.90,7.00,6.62,7.11,7.50,6.14,6.44,7.75,7.18,4.47,7.14,5.60,0.96,2.91,1.58,1.68,3.71,3.33,1.95,99.00,0.00,0.26,2.45,1.08,1.38,10.08,13.16,11.81,12.29,10.49,12.93,11.85,12.21,12.46,12.71,13.37,13.26,6.98,7.77,4.42,2.69,7.23,7.11],
  [3.51,12.30,8.25,19.10,28.21,5.85,19.41,19.34,17.31,17.85,18.12,18.26,7.17,8.50,6.61,7.80,6.50,6.77,5.57,6.60,7.24,5.63,6.29,18.06,23.69,27.19,27.49,23.81,21.85,24.68,21.41,26.60,26.62,32.48,33.74,30.18,30.73,27.63,20.33,18.74,18.82,20.40,22.68,20.28,18.27,20.67,19.31,19.98,21.15,22.62,19.30,20.94,18.97,22.47,21.73,23.68,21.10,22.38,21.42,19.40,19.68,21.16,19.88,21.32,18.60,19.38,5.00,7.48,5.24,4.22,3.59,6.77,7.55,6.08,5.36,5.81,5.88,4.63,6.04,3.85,5.75,6.49,7.31,5.90,7.00,6.62,7.11,7.50,6.14,6.44,7.75,7.18,4.47,7.14,5.60,0.96,2.91,1.58,1.68,3.71,3.33,1.95,0.00,99.00,0.26,2.45,1.08,1.38,10.08,13.16,11.81,12.29,10.49,12.93,11.85,12.21,12.46,12.71,13.37,13.26,6.98,7.77,4.42,2.69,7.23,7.11],
  [3.45,12.49,8.50,19.35,28.46,5.66,19.65,19.58,17.55,18.11,18.36,18.51,7.43,8.75,6.82,8.04,6.73,7.00,5.83,6.84,7.42,5.88,6.51,18.32,23.95,27.44,27.75,24.06,22.10,24.93,21.65,26.86,26.88,32.74,34.00,30.44,30.99,27.89,20.59,19.00,19.08,20.66,22.94,20.54,18.53,20.93,19.56,20.24,21.41,22.88,19.56,21.20,19.23,22.73,21.99,23.93,21.36,22.63,21.68,19.65,19.93,21.42,20.14,21.58,18.85,19.64,4.91,7.33,5.12,4.12,3.44,6.64,7.40,6.03,5.20,5.67,5.80,4.54,5.92,3.79,5.64,6.46,7.17,5.76,6.89,6.46,6.99,7.37,6.12,6.31,7.60,7.03,4.43,7.15,5.46,0.98,3.05,1.60,1.84,3.87,3.40,1.97,0.26,0.26,99.00,2.55,0.86,1.14,10.34,13.40,12.05,12.52,10.74,13.18,12.08,12.45,12.70,12.97,13.60,13.49,7.03,7.82,4.43,2.74,7.32,7.15],
  [5.95,13.42,7.28,18.24,28.07,5.45,19.62,19.58,17.71,17.41,18.30,18.23,6.44,8.65,7.76,8.14,7.16,7.39,5.58,7.01,8.64,5.72,7.35,17.53,23.30,27.08,27.29,23.70,21.68,24.70,21.35,26.02,26.01,31.86,33.17,29.40,29.97,26.97,19.87,18.33,18.09,19.41,21.95,19.58,17.53,19.93,18.32,19.35,20.76,21.96,19.09,19.99,18.77,21.99,21.08,22.49,20.44,21.79,20.64,18.58,19.46,20.68,19.15,20.71,18.12,18.94,7.45,9.85,7.67,6.67,5.97,9.18,9.93,8.52,7.72,8.22,8.33,7.08,8.47,6.30,8.19,8.90,9.70,8.31,9.44,8.96,9.54,9.92,8.55,8.86,10.13,9.55,6.90,9.48,7.99,1.61,0.70,1.12,0.99,1.50,0.91,0.94,2.45,2.45,2.55,99.00,2.60,2.81,9.25,13.43,12.15,12.86,10.66,13.15,12.35,12.58,12.91,12.40,13.76,13.71,9.16,9.97,6.79,4.98,9.25,9.35],
  [3.84,13.33,9.15,20.06,29.28,4.83,20.49,20.43,18.40,18.88,19.20,19.34,8.12,9.58,7.67,8.88,7.58,7.85,6.62,7.68,8.25,6.68,7.36,19.08,24.73,28.26,28.56,24.88,22.92,25.76,22.48,27.62,27.63,33.50,34.76,31.17,31.72,28.64,21.36,19.78,19.81,21.34,23.67,21.28,19.26,21.66,20.24,20.99,22.19,23.62,20.36,21.88,20.03,23.50,22.74,24.56,22.10,23.39,22.40,20.37,20.74,22.19,20.87,22.33,19.62,20.42,5.13,7.33,5.27,4.34,3.50,6.71,7.41,6.39,5.20,5.75,6.09,4.80,6.04,4.15,5.80,6.89,7.20,5.84,7.02,6.40,7.10,7.44,6.54,6.40,7.61,7.01,4.84,7.66,5.51,1.08,3.23,1.50,2.19,4.07,3.33,1.78,1.08,1.08,0.86,2.60,99.00,0.31,11.03,14.24,12.89,13.37,11.57,14.02,12.93,13.30,13.55,13.75,14.45,14.34,7.66,8.43,4.95,3.40,8.02,7.73],
  [3.89,13.59,9.46,20.36,29.58,4.60,20.79,20.72,18.69,19.19,19.50,19.64,8.43,9.88,7.94,9.18,7.87,8.14,6.93,7.98,8.49,6.99,7.63,19.39,25.04,28.57,28.86,25.18,23.22,26.06,22.78,27.93,27.94,33.80,35.07,31.47,32.03,28.95,21.67,20.09,20.11,21.64,23.98,21.58,19.56,21.96,20.55,21.29,22.50,23.93,20.67,22.19,20.34,23.81,23.04,24.86,22.41,23.70,22.71,20.67,21.04,22.50,21.18,22.64,19.93,20.73,5.11,7.21,5.22,4.32,3.43,6.62,7.30,6.41,5.09,5.67,6.08,4.79,5.97,4.18,5.75,6.93,7.09,5.76,6.95,6.27,7.03,7.35,6.58,6.31,7.49,6.89,4.88,7.74,5.41,1.35,3.46,1.69,2.47,4.29,3.49,1.94,1.38,1.38,1.14,2.81,0.31,99.00,11.34,14.54,13.19,13.66,11.87,14.31,13.22,13.59,13.84,14.06,14.74,14.63,7.79,8.54,5.05,3.56,8.18,7.84],
  [11.81,9.48,1.98,9.03,19.13,14.66,11.50,11.52,10.26,8.29,10.21,9.67,2.91,3.84,7.18,4.54,5.75,5.57,4.88,5.04,8.23,4.94,6.88,8.33,14.15,18.17,18.27,14.84,12.77,16.03,12.62,16.77,16.76,22.61,23.92,20.17,20.74,17.72,10.70,9.22,8.84,10.32,12.71,10.33,8.28,10.68,9.22,10.10,11.64,12.70,10.20,10.86,9.90,12.79,11.82,13.66,11.18,12.54,11.40,9.35,10.54,11.48,9.90,11.47,8.95,9.79,13.33,16.14,13.78,12.83,12.86,15.27,16.13,13.39,14.37,14.47,13.63,12.94,14.50,12.11,14.12,13.25,15.89,14.55,15.19,15.60,15.36,15.86,13.02,14.96,16.33,15.97,12.21,12.96,14.42,10.06,8.60,10.05,9.00,8.07,9.37,10.09,10.08,10.08,10.34,9.25,11.03,11.34,99.00,6.31,5.66,6.98,4.26,5.91,6.39,6.05,6.57,3.78,6.94,7.13,11.76,12.36,11.54,10.35,11.01,12.23],
  [13.22,4.76,7.61,9.10,15.22,18.76,6.25,6.19,4.31,6.20,4.97,5.34,7.63,4.78,7.14,5.37,6.70,6.42,7.85,6.57,7.37,7.72,7.24,6.78,11.28,14.20,14.61,10.86,9.04,11.57,8.42,14.58,14.68,20.36,21.47,18.65,19.09,15.81,8.38,6.84,8.27,10.81,11.50,9.32,7.90,9.81,9.92,8.77,8.91,11.18,6.72,11.01,6.39,10.42,10.36,14.45,9.86,10.69,10.59,9.13,7.09,9.24,9.10,9.82,6.99,7.51,14.28,16.77,14.77,14.12,14.61,15.92,16.70,13.66,15.60,15.40,14.12,13.99,15.27,13.39,14.91,13.22,16.49,15.46,15.62,16.58,15.81,16.29,13.15,15.68,16.86,16.72,13.14,12.44,15.48,13.57,12.95,13.82,12.79,12.74,13.90,14.01,13.16,13.16,13.40,13.43,14.24,14.54,6.31,99.00,1.36,1.76,2.79,0.40,1.70,1.03,1.13,3.17,0.69,1.02,11.08,11.31,12.36,12.06,10.07,11.56],
  [11.87,4.28,6.68,9.94,16.58,17.44,7.60,7.53,5.57,7.29,6.32,6.68,6.55,3.52,5.79,4.04,5.34,5.06,6.56,5.23,6.09,6.42,5.88,7.80,12.57,15.56,15.96,12.21,10.38,12.94,9.77,15.83,15.91,21.63,22.77,19.84,20.30,17.04,9.57,7.99,9.19,11.63,12.60,10.34,8.77,10.83,10.68,9.83,10.15,12.32,8.00,11.89,7.67,11.64,11.47,15.29,10.94,11.86,11.61,10.02,8.38,10.43,10.08,10.94,8.08,8.67,12.96,15.48,13.45,12.78,13.25,14.62,15.41,12.38,14.27,14.08,12.82,12.66,13.96,12.05,13.59,11.95,15.20,14.14,14.34,15.26,14.52,15.01,11.87,14.37,15.57,15.42,11.81,11.21,14.15,12.24,11.68,12.50,11.48,11.51,12.64,12.70,11.81,11.81,12.05,12.15,12.89,13.19,5.66,1.36,99.00,1.35,1.62,1.24,0.84,0.45,0.93,3.29,1.62,1.64,9.85,10.13,11.03,10.70,8.85,10.34],
  [11.96,3.06,7.89,10.86,16.53,18.03,7.35,7.25,5.07,7.96,6.16,6.83,7.63,4.42,5.91,4.75,5.80,5.55,7.33,5.85,5.94,7.17,6.11,8.54,12.86,15.50,15.99,12.22,10.52,12.78,9.80,16.21,16.32,21.93,23.01,20.32,20.75,17.46,10.08,8.57,10.03,12.56,13.24,11.07,9.66,11.57,11.66,10.52,10.55,12.91,8.31,12.77,8.00,12.08,12.10,16.21,11.60,12.39,12.35,10.89,8.68,10.93,10.86,11.54,8.74,9.23,12.91,15.30,13.40,12.81,13.38,14.46,15.21,12.18,14.25,14.00,12.67,12.64,13.84,12.10,13.49,11.70,15.02,14.05,14.13,15.17,14.32,14.80,11.65,14.23,15.36,15.26,11.79,10.86,14.10,12.80,12.45,13.12,12.13,12.36,13.42,13.35,12.29,12.29,12.52,12.86,13.37,13.66,6.98,1.76,1.35,99.00,2.80,1.96,0.60,1.09,0.65,4.54,1.41,1.12,9.51,9.68,11.01,10.90,8.49,9.98],
  [10.90,5.26,5.10,10.06,17.74,16.01,8.98,8.93,7.09,7.84,7.67,7.79,4.93,2.02,4.96,2.71,4.17,3.89,5.08,3.90,5.55,4.96,4.94,8.24,13.44,16.72,17.06,13.34,11.42,14.19,10.93,16.58,16.64,22.44,23.63,20.47,20.96,17.73,10.26,8.65,9.44,11.69,13.07,10.73,8.96,11.19,10.67,10.28,10.95,12.87,8.93,12.04,8.60,12.38,11.99,15.33,11.42,12.48,11.98,10.21,9.31,11.12,10.42,11.50,8.64,9.32,12.12,14.76,12.61,11.86,12.23,13.88,14.70,11.70,13.38,13.26,12.10,11.79,13.18,11.11,12.81,11.35,14.48,13.33,13.65,14.45,13.84,14.34,11.23,13.61,14.88,14.66,10.95,10.74,13.31,10.85,10.17,11.08,10.03,9.96,11.11,11.26,10.49,10.49,10.74,10.66,11.57,11.87,4.26,2.79,1.62,2.80,99.00,2.49,2.19,2.06,2.52,3.00,3.20,3.25,9.40,9.79,10.19,9.63,8.45,9.89],
  [13.09,5.00,7.23,8.91,15.37,18.49,6.49,6.44,4.63,6.11,5.19,5.45,7.28,4.51,7.02,5.14,6.51,6.23,7.58,6.34,7.32,7.45,7.10,6.66,11.33,14.35,14.74,11.00,9.15,11.76,8.56,14.60,14.69,20.40,21.53,18.63,19.08,15.81,8.36,6.79,8.11,10.62,11.42,9.20,7.72,9.70,9.71,8.67,8.92,11.13,6.76,10.84,6.44,10.42,10.29,14.27,9.77,10.65,10.48,8.96,7.14,9.21,8.97,9.76,6.91,7.47,14.19,16.71,14.68,14.01,14.47,15.86,16.64,13.61,15.50,15.31,14.06,13.89,15.20,13.27,14.83,13.18,16.43,15.38,15.57,16.50,15.76,16.25,13.10,15.61,16.81,16.65,13.04,12.43,15.39,13.32,12.66,13.56,12.52,12.43,13.60,13.75,12.93,12.93,13.18,13.15,14.02,14.31,5.91,0.40,1.24,1.96,2.49,99.00,1.77,1.03,1.30,2.79,1.09,1.38,11.07,11.33,12.26,11.90,10.07,11.55],
  [11.66,3.44,7.29,10.66,16.78,17.56,7.67,7.58,5.47,7.88,6.44,6.98,7.04,3.85,5.58,4.22,5.35,5.08,6.80,5.35,5.71,6.64,5.74,8.43,12.97,15.76,16.21,12.45,10.69,13.08,10.01,16.28,16.38,22.04,23.15,20.35,20.79,17.51,10.08,8.54,9.87,12.36,13.18,10.97,9.47,11.46,11.43,10.43,10.60,12.88,8.40,12.59,8.08,12.12,12.05,16.01,11.53,12.38,12.25,10.71,8.77,10.94,10.73,11.51,8.67,9.21,12.66,15.11,13.15,12.53,13.07,14.26,15.03,12.00,13.99,13.76,12.47,12.38,13.63,11.81,13.27,11.54,14.83,13.83,13.95,14.94,14.14,14.62,11.48,14.03,15.19,15.06,11.53,10.75,13.86,12.33,11.92,12.64,11.63,11.81,12.89,12.86,11.85,11.85,12.08,12.35,12.93,13.22,6.39,1.70,0.84,0.60,2.19,1.77,99.00,0.75,0.65,4.12,1.59,1.42,9.39,9.61,10.75,10.55,8.37,9.86],
  [12.20,4.12,7.12,9.91,16.24,17.86,7.21,7.14,5.14,7.14,5.94,6.37,6.99,3.96,6.11,4.47,5.73,5.46,7.00,5.65,6.34,6.86,6.23,7.69,12.31,15.21,15.64,11.88,10.07,12.57,9.44,15.60,15.69,21.38,22.50,19.64,20.09,16.82,9.37,7.82,9.12,11.61,12.45,10.23,8.72,10.72,10.68,9.70,9.92,12.15,7.74,11.84,7.41,11.42,11.32,15.26,10.80,11.67,11.50,9.96,8.11,10.23,9.99,10.78,7.93,8.49,13.25,15.74,13.74,13.09,13.59,14.89,15.67,12.64,14.57,14.37,13.09,12.97,14.24,12.37,13.88,12.19,15.46,14.43,14.59,15.55,14.78,15.27,12.12,14.65,15.83,15.69,12.11,11.43,14.45,12.65,12.12,12.93,11.90,11.96,13.08,13.13,12.21,12.21,12.45,12.58,13.30,13.59,6.05,1.03,0.45,1.09,2.06,1.03,0.75,99.00,0.53,3.46,1.18,1.19,10.07,10.31,11.33,11.05,9.06,10.55],
  [12.31,3.71,7.61,10.21,16.13,18.15,7.02,6.94,4.85,7.34,5.79,6.35,7.44,4.34,6.23,4.78,5.97,5.70,7.34,5.94,6.36,7.19,6.38,7.92,12.35,15.11,15.57,11.80,10.05,12.43,9.37,15.67,15.77,21.42,22.52,19.75,20.19,16.91,9.50,7.97,9.39,11.92,12.63,10.45,9.01,10.95,11.01,9.90,10.00,12.31,7.78,12.13,7.46,11.52,11.49,15.56,10.99,11.81,11.72,10.25,8.15,10.35,10.23,10.95,8.12,8.64,13.31,15.75,13.80,13.18,13.71,14.90,15.67,12.64,14.64,14.41,13.11,13.03,14.27,12.46,13.91,12.17,15.47,14.47,14.59,15.59,14.78,15.26,12.11,14.67,15.82,15.70,12.17,11.37,14.50,12.93,12.47,13.23,12.21,12.34,13.44,13.44,12.46,12.46,12.70,12.91,13.55,13.84,6.57,1.13,0.93,0.65,2.52,1.30,0.65,0.53,99.00,3.93,0.94,0.80,10.01,10.21,11.39,11.20,8.99,10.48],
  [13.61,7.56,5.54,7.07,15.67,17.85,7.73,7.74,6.57,5.15,6.43,5.96,6.02,4.45,7.87,5.32,6.86,6.59,7.14,6.41,8.54,7.09,7.78,5.43,10.98,14.68,14.89,11.31,9.28,12.40,9.00,13.93,13.97,19.82,21.05,17.68,18.20,15.02,7.63,6.03,6.49,8.69,10.22,7.84,6.00,8.28,7.67,7.44,8.44,10.07,6.69,9.04,6.37,9.77,9.18,12.33,8.58,9.74,9.07,7.24,7.05,8.47,7.50,8.72,5.91,6.68,14.92,17.62,15.41,14.60,14.87,16.74,17.58,14.61,16.14,16.08,14.98,14.58,16.02,13.85,15.64,14.29,17.35,16.15,16.54,17.26,16.73,17.23,14.15,16.46,17.76,17.51,13.76,13.72,16.10,12.91,11.81,13.02,11.95,11.42,12.68,13.14,12.71,12.71,12.97,12.40,13.75,14.06,3.78,3.17,3.29,4.54,3.00,2.79,4.12,3.46,3.93,99.00,3.86,4.17,12.38,12.79,13.00,12.26,11.45,12.88],
  [13.25,4.23,8.16,9.62,15.19,19.03,6.09,6.01,3.96,6.61,4.85,5.43,8.11,5.13,7.17,5.64,6.88,6.60,8.17,6.81,7.29,8.03,7.32,7.22,11.45,14.17,14.63,10.86,9.13,11.49,8.43,14.80,14.91,20.52,21.61,18.91,19.34,16.05,8.69,7.19,8.75,11.33,11.86,9.74,8.41,10.24,10.47,9.17,9.14,11.52,6.90,11.50,6.59,10.67,10.72,14.96,10.24,10.99,11.01,9.62,7.27,9.52,9.54,10.16,7.38,7.84,14.25,16.67,14.74,14.12,14.65,15.83,16.59,13.56,15.58,15.35,14.04,13.97,15.20,13.40,14.84,13.09,16.39,15.41,15.51,16.52,15.70,16.18,13.03,15.60,16.75,16.63,13.11,12.27,15.44,13.82,13.30,14.10,13.08,13.13,14.26,14.30,13.37,13.37,13.60,13.76,14.45,14.74,6.94,0.69,1.62,1.41,3.20,1.09,1.59,1.18,0.94,3.86,99.00,0.37,10.91,11.09,12.33,12.14,9.89,11.38],
  [13.05,3.85,8.29,9.99,15.42,18.95,6.26,6.17,4.06,6.97,5.06,5.72,8.18,5.12,6.98,5.58,6.76,6.49,8.14,6.74,7.05,7.99,7.15,7.59,11.75,14.39,14.87,11.10,9.40,11.69,8.68,15.11,15.22,20.82,21.90,19.23,19.66,16.37,9.02,7.54,9.12,11.70,12.21,10.10,8.78,10.60,10.85,9.53,9.46,11.87,7.21,11.88,6.90,10.99,11.07,15.33,10.59,11.33,11.37,9.99,7.58,9.86,9.91,10.51,7.73,8.19,14.02,16.42,14.50,13.91,14.46,15.58,16.33,13.30,15.36,15.11,13.79,13.75,14.96,13.20,14.60,12.82,16.14,15.17,15.25,16.28,15.44,15.92,12.77,15.35,16.49,16.38,12.89,11.98,15.21,13.73,13.27,14.03,13.01,13.12,14.23,14.24,13.26,13.26,13.49,13.71,14.34,14.63,7.13,1.02,1.64,1.12,3.25,1.38,1.42,1.19,0.80,4.17,0.37,99.00,10.63,10.79,12.11,11.96,9.60,11.10],
  [4.12,7.83,10.78,19.46,25.93,12.17,16.69,16.57,14.26,17.11,15.60,16.34,9.61,8.22,4.64,7.36,6.01,6.21,7.37,6.72,3.85,7.21,4.88,17.58,22.35,24.91,25.45,21.69,20.03,22.13,19.29,25.66,25.76,31.43,32.52,29.70,30.16,26.89,19.42,17.84,18.83,21.06,22.41,20.09,18.36,20.57,20.03,19.62,19.98,22.15,17.79,21.43,17.47,21.49,21.30,24.68,20.75,21.71,21.36,19.61,18.16,20.28,19.80,20.78,17.91,18.52,4.08,5.90,4.48,4.41,5.38,5.13,5.80,2.88,5.40,4.91,3.45,4.01,4.66,3.99,4.37,2.26,5.62,4.94,4.72,5.98,4.90,5.35,2.32,4.96,5.93,5.93,3.32,1.36,5.11,7.93,9.31,8.54,8.17,9.88,10.06,8.91,6.98,6.98,7.03,9.16,7.66,7.79,11.76,11.08,9.85,9.51,9.40,11.07,9.39,10.07,10.01,12.38,10.91,10.63,99.00,0.82,2.83,4.29,1.03,0.49],
  [4.80,7.77,11.46,19.85,25.99,12.88,16.75,16.62,14.29,17.41,15.70,16.51,10.30,8.74,5.19,7.90,6.62,6.79,8.08,7.34,4.28,7.91,5.48,17.90,22.54,24.97,25.54,21.79,20.17,22.17,19.40,25.88,25.98,31.61,32.69,29.95,30.40,27.12,19.68,18.12,19.20,21.48,22.72,20.43,18.74,20.91,20.45,19.94,20.21,22.45,17.99,21.83,17.67,21.73,21.60,25.11,21.06,21.98,21.70,19.99,18.36,20.54,20.15,21.07,18.21,18.79,4.54,6.02,4.90,4.97,5.99,5.32,5.90,3.18,5.80,5.25,3.78,4.54,4.95,4.63,4.71,2.49,5.75,5.27,4.85,6.23,5.02,5.43,2.65,5.20,6.01,6.10,3.94,1.37,5.48,8.72,10.13,9.33,8.98,10.70,10.87,9.70,7.77,7.77,7.82,9.97,8.43,8.54,12.36,11.31,10.13,9.68,9.79,11.33,9.61,10.31,10.21,12.79,11.09,10.79,0.82,99.00,3.53,5.08,1.37,0.73],
  [1.30,9.95,10.16,19.98,27.53,9.35,18.35,18.25,16.00,18.02,17.17,17.70,8.94,8.57,5.25,7.69,6.15,6.42,6.71,6.70,5.08,6.61,5.25,18.40,23.57,26.50,26.96,23.19,21.40,23.79,20.76,26.76,26.82,32.61,33.77,30.65,31.15,27.92,20.44,18.83,19.48,21.49,23.22,20.84,18.97,21.29,20.41,20.42,21.11,23.04,19.01,21.93,18.68,22.56,22.16,25.01,21.57,22.66,22.07,20.19,19.39,21.30,20.50,21.67,18.82,19.51,1.94,4.65,2.43,1.84,2.66,3.77,4.62,1.97,3.25,3.08,2.10,1.64,3.02,1.23,2.64,2.15,4.39,3.15,3.65,4.27,3.83,4.33,1.82,3.47,4.81,4.51,0.78,2.72,3.13,5.38,7.08,6.01,5.86,7.77,7.69,6.38,4.42,4.42,4.43,6.79,4.95,5.05,11.54,12.36,11.03,11.01,10.19,12.26,10.75,11.33,11.39,13.00,12.33,12.11,2.83,3.53,99.00,1.83,3.46,2.81],
  [1.47,10.35,8.80,19.07,27.27,8.10,18.22,18.13,15.97,17.38,16.98,17.35,7.60,7.82,4.99,6.98,5.46,5.75,5.48,5.85,5.25,5.43,4.82,17.69,23.07,26.25,26.64,22.90,21.03,23.62,20.47,26.16,26.21,32.04,33.24,29.94,30.46,27.28,19.83,18.22,18.66,20.52,22.46,20.06,18.13,20.49,19.43,19.69,20.57,22.32,18.56,21.00,18.23,21.98,21.44,23.97,20.83,22.00,21.26,19.32,18.94,20.69,19.70,20.98,18.16,18.89,3.08,5.89,3.49,2.50,2.61,5.05,5.91,3.71,4.02,4.17,3.68,2.67,4.27,1.81,3.90,3.97,5.66,4.26,5.10,5.27,5.25,5.72,3.64,4.72,6.11,5.68,2.14,4.50,4.09,3.64,5.26,4.26,4.04,5.94,5.89,4.63,2.69,2.69,2.74,4.98,3.40,3.56,10.35,12.06,10.70,10.90,9.63,11.90,10.55,11.05,11.20,12.26,12.14,11.96,4.29,5.08,1.83,99.00,4.62,4.42],
  [4.75,6.83,10.15,18.52,24.91,12.67,15.66,15.54,13.23,16.12,14.57,15.32,9.01,7.38,3.83,6.54,5.27,5.44,6.82,6.00,2.92,6.64,4.13,16.60,21.33,23.88,24.42,20.66,19.00,21.10,18.26,24.65,24.74,30.41,31.50,28.69,29.15,25.88,18.42,16.84,17.88,20.13,21.42,19.12,17.41,19.60,19.11,18.64,18.97,21.16,16.77,20.49,16.45,20.48,20.31,23.76,19.76,20.71,20.39,18.66,17.14,19.28,18.83,19.79,16.92,17.52,4.96,6.92,5.39,5.19,6.10,6.13,6.82,3.86,6.31,5.87,4.42,4.84,5.63,4.68,5.33,3.28,6.64,5.90,5.74,6.96,5.92,6.37,3.31,5.96,6.95,6.94,4.08,2.38,6.05,8.15,9.33,8.74,8.26,9.83,10.14,9.10,7.23,7.23,7.32,9.25,8.02,8.18,11.01,10.07,8.85,8.49,8.45,10.07,8.37,9.06,8.99,11.45,9.89,9.60,1.03,1.37,3.46,4.62,99.00,1.49],
  [4.08,8.24,11.22,19.95,26.38,12.15,17.14,17.01,14.70,17.60,16.06,16.81,10.04,8.71,5.12,7.85,6.48,6.68,7.79,7.18,4.34,7.64,5.36,18.07,22.83,25.36,25.91,22.15,20.49,22.57,19.74,26.14,26.23,31.90,32.99,30.18,30.64,27.37,19.91,18.33,19.32,21.55,22.89,20.58,18.85,21.06,20.52,20.10,20.46,22.64,18.27,21.92,17.94,21.97,21.79,25.17,21.23,22.19,21.85,20.10,18.63,20.76,20.29,21.27,18.40,19.01,3.85,5.49,4.22,4.25,5.26,4.75,5.38,2.54,5.12,4.60,3.13,3.82,4.32,3.91,4.06,1.88,5.22,4.62,4.31,5.62,4.49,4.93,1.99,4.60,5.51,5.54,3.21,0.89,4.82,8.06,9.53,8.68,8.37,10.13,10.25,9.05,7.11,7.11,7.15,9.35,7.73,7.84,12.23,11.56,10.34,9.98,9.89,11.55,9.86,10.55,10.48,12.88,11.38,11.10,0.49,0.73,2.81,4.42,1.49,99.00]
];
