// Chosen Depots: [1, 2, 3, 4, 5, 6]
// Chosen Demand Points (Original DP No): [2, 5, 7, 8, 11, 13, 16, 18, 20, 24, 26, 28, 31, 32, 33, 35, 36, 37, 40, 45, 46, 47, 48, 49, 55, 57, 59, 61, 67, 68, 71, 72, 73, 74, 75, 76, 79, 80, 82, 88, 91, 92, 93, 97, 98, 101, 104, 105, 109, 110, 113, 115, 117, 118, 120, 121, 124, 126, 127, 129, 130, 132, 133, 134, 135, 139, 142, 143, 146, 147, 152, 153, 154, 155, 158, 159, 160, 166, 168, 170]
// Original Weights: [9, 6, 8, 4, 5, 6, 4, 4, 6, 5, 4, 5, 6, 6, 8, 10, 9, 9, 9, 8, 6, 6, 6, 8, 5, 5, 5, 7, 6, 7, 7, 7, 6, 2, 2, 5, 4, 5, 6, 6, 6, 5, 7, 7, 6, 7, 7, 6, 7, 7, 7, 7, 7, 7, 7, 6, 3, 3, 3, 2, 4, 4, 4, 4, 4, 4, 8, 8, 8, 5, 7, 8, 4, 5, 8, 7, 6, 6, 5, 8]

|W| = 6;
|D| = 80;
V = 54;
C = 3;
|K| = 2;
M = 100;
S = 0.25;
|TR| = 14;
δmax = 18.3;
Runtime = 40;

// Priority weights for selected demand points
pj = [
  9, 6, 8, 4, 5, 6, 4, 4, 6, 5, 4, 5, 6, 6, 8, 10, 9, 9, 9, 8, 6, 6, 6, 8, 5, 5, 5, 7, 6, 7, 7, 7, 6, 2, 2, 5, 4, 5, 6, 6, 6, 5, 7, 7, 6, 7, 7, 6, 7, 7, 7, 7, 7, 7, 7, 6, 3, 3, 3, 2, 4, 4, 4, 4, 4, 4, 8, 8, 8, 5, 7, 8, 4, 5, 8, 7, 6, 6, 5, 8
];

δij =
[
  [99.00,99.00,99.00,99.00,99.00,99.00,19.21,18.70,18.65,17.26,9.24,7.40,7.41,8.48,5.52,6.93,9.54,6.17,6.00,19.04,24.16,27.41,27.83,24.08,21.64,34.53,31.29,31.81,28.60,33.29,23.83,19.52,22.59,23.45,20.18,19.81,19.47,23.28,22.79,24.56,25.41,22.19,20.72,20.91,22.00,1.64,1.03,1.44,3.60,2.58,2.57,2.39,2.81,0.36,3.63,4.20,3.80,4.28,3.26,4.65,4.21,0.99,4.44,5.05,5.09,6.83,3.46,3.51,3.51,3.27,3.45,12.27,11.71,13.37,11.96,10.83,10.66,11.66,10.88,12.30,12.31,10.82,13.61,1.30,1.47,4.61],
  [99.00,99.00,99.00,99.00,99.00,99.00,8.93,10.80,9.55,11.93,6.43,5.89,8.33,9.26,7.11,8.35,8.34,7.46,6.09,11.43,14.95,17.27,17.89,14.17,11.84,25.19,22.83,23.22,19.93,23.93,15.99,12.63,14.85,14.85,12.54,10.80,10.51,14.62,14.84,18.71,19.18,14.39,13.85,13.35,13.56,11.70,11.79,12.55,12.96,10.69,13.06,11.24,12.45,11.16,13.40,13.45,13.79,13.17,12.79,13.75,13.76,10.69,12.99,13.43,12.55,14.13,13.26,12.30,12.30,13.57,12.49,8.88,2.64,3.87,3.06,6.71,3.67,3.44,9.26,7.87,3.71,4.28,7.56,9.95,10.35,7.19],
  [99.00,99.00,99.00,99.00,99.00,99.00,13.22,10.26,11.31,7.52,3.53,4.86,3.03,1.80,5.60,3.48,1.62,4.64,6.07,10.31,16.06,20.10,20.23,16.76,14.51,25.90,22.12,22.69,19.69,24.73,14.67,10.25,13.48,14.88,11.30,12.12,11.81,14.77,13.80,14.51,15.43,13.16,11.30,11.87,13.46,11.85,11.29,11.22,13.82,12.08,12.81,12.25,13.03,10.60,13.90,14.44,14.06,14.45,13.49,14.88,14.47,10.77,8.16,8.11,7.08,7.39,9.45,8.25,8.25,10.13,8.50,2.94,8.06,8.69,7.89,3.65,6.49,7.29,1.17,3.80,7.61,5.98,5.54,10.16,8.80,10.52],
  [99.00,99.00,99.00,99.00,99.00,99.00,8.59,3.42,5.74,3.46,11.29,13.26,13.21,12.48,15.01,13.68,11.09,14.31,14.81,2.69,6.49,10.97,10.69,8.28,7.18,15.11,11.16,11.75,8.86,14.02,3.82,1.22,2.79,4.79,2.11,5.15,5.14,4.82,3.24,4.89,5.35,2.66,0.46,1.82,3.85,21.87,21.49,21.66,23.74,21.64,23.04,21.99,23.00,20.75,23.95,24.35,24.20,24.25,23.45,24.77,24.49,20.71,19.09,19.07,18.03,18.27,20.31,19.10,19.10,20.98,19.35,8.32,11.29,10.03,10.86,9.71,11.10,10.66,9.98,8.18,10.21,10.61,7.07,19.98,19.07,18.95],
  [99.00,99.00,99.00,99.00,99.00,99.00,9.37,10.87,9.95,14.60,19.75,21.20,22.30,22.10,23.11,22.68,20.51,22.76,22.46,10.98,5.29,1.03,1.11,4.40,6.81,7.69,7.99,7.89,6.08,6.52,8.51,11.69,9.08,6.95,10.29,8.98,9.30,6.92,8.57,13.14,12.41,9.10,11.28,10.05,8.04,29.43,29.31,29.83,30.97,28.68,30.77,29.18,30.36,28.59,31.34,31.51,31.69,31.27,30.75,31.85,31.77,28.30,28.50,28.66,27.59,28.35,29.41,28.21,28.21,29.96,28.46,18.13,16.83,15.12,16.53,18.34,17.77,16.78,19.92,17.39,16.13,17.65,15.67,27.53,27.27,25.31],
  [99.00,99.00,99.00,99.00,99.00,99.00,24.93,22.86,23.59,20.10,13.89,12.87,11.27,11.44,11.18,10.93,13.02,11.16,12.13,22.96,28.66,32.52,32.74,29.14,26.78,38.57,34.73,35.31,32.36,37.41,27.32,22.91,26.14,27.54,23.97,24.54,24.22,27.42,26.47,26.58,27.59,25.83,23.92,24.55,26.11,8.79,8.11,7.06,9.64,10.28,8.16,9.81,9.24,8.27,9.20,9.89,8.91,10.28,9.42,10.18,9.55,8.99,5.23,4.93,5.97,5.30,4.97,5.85,5.85,4.86,5.66,15.55,17.92,19.34,18.03,15.21,16.48,17.56,13.77,16.16,18.15,16.37,17.85,9.35,8.10,12.61],
  [19.21,8.93,13.22,8.59,9.37,24.93,99.00,5.36,2.94,9.20,11.06,12.20,13.70,13.80,14.06,14.01,12.24,13.86,13.32,6.04,6.44,8.35,8.96,5.27,3.09,16.34,14.42,14.72,11.52,15.07,8.72,7.60,7.94,6.95,6.53,3.51,3.46,6.69,7.68,12.98,13.01,7.52,8.31,7.12,6.10,20.14,20.06,20.63,21.62,19.34,21.48,19.85,21.03,19.35,22.01,22.16,22.37,21.91,21.41,22.49,22.43,19.02,19.76,20.00,18.96,20.00,20.50,19.34,19.34,21.00,19.58,10.47,7.52,5.84,7.25,9.88,8.63,7.58,12.07,9.44,6.94,8.62,7.74,18.25,18.13,15.94],
  [18.70,10.80,10.26,3.42,10.87,22.86,5.36,99.00,2.43,4.14,9.52,11.30,11.85,11.44,13.18,12.28,9.88,12.63,12.78,0.74,5.80,9.94,9.99,6.69,4.80,15.90,12.63,13.13,9.91,14.69,5.31,2.29,4.11,4.78,1.74,2.30,2.13,4.63,4.19,8.21,8.52,3.66,3.26,2.55,3.32,19.95,19.67,19.99,21.72,19.53,21.21,19.93,21.02,18.92,22.00,22.32,22.29,22.16,21.45,22.71,22.50,18.79,18.01,18.10,17.03,17.62,19.07,17.85,17.85,19.68,18.11,7.33,8.37,6.93,7.96,7.96,8.53,7.88,9.12,6.73,7.34,8.15,5.15,18.02,17.38,16.56],
  [18.65,9.55,11.31,5.74,9.95,23.59,2.94,2.43,99.00,6.34,9.80,11.32,12.35,12.19,13.23,12.73,10.60,12.84,12.66,3.12,5.57,8.95,9.24,5.56,3.21,15.97,13.29,13.70,10.41,14.71,6.61,4.69,5.60,5.30,3.75,1.25,0.96,5.07,5.47,10.34,10.50,5.14,5.50,4.44,4.05,19.77,19.58,20.02,21.42,19.17,21.07,19.62,20.77,18.84,21.75,21.99,22.07,21.80,21.18,22.36,22.22,18.61,18.54,18.71,17.64,18.46,19.46,18.26,18.26,20.02,18.51,8.41,7.45,5.80,7.08,8.39,8.06,7.18,10.14,7.54,6.56,7.84,5.79,17.84,17.43,15.97],
  [17.26,11.93,7.52,3.46,14.60,20.10,9.20,4.14,6.34,99.00,8.21,10.23,9.90,9.08,11.87,10.37,7.75,11.10,11.79,3.75,9.33,13.73,13.62,10.66,8.93,18.54,14.62,15.21,12.30,17.42,7.25,2.97,6.12,7.84,4.31,6.44,6.26,7.79,6.51,7.39,8.17,5.87,3.83,4.66,6.58,18.70,18.27,18.38,20.61,18.59,19.83,18.89,19.85,17.54,20.79,21.23,21.02,21.15,20.31,21.65,21.34,17.56,15.66,15.62,14.59,14.81,16.91,15.70,15.70,17.58,15.95,4.99,9.29,8.43,8.87,6.69,8.68,8.52,6.57,5.08,8.23,8.11,4.46,16.84,15.82,16.13],
  [9.24,6.43,3.53,11.29,19.75,13.89,11.06,9.52,9.80,8.21,99.00,2.03,2.64,3.04,3.73,2.96,1.92,3.11,3.59,9.82,15.14,18.74,19.04,15.36,12.96,25.41,22.07,22.59,19.41,24.19,14.59,10.29,13.35,14.29,10.95,10.85,10.52,14.13,13.56,15.59,16.36,12.95,11.50,11.68,12.84,10.59,10.23,10.49,12.45,10.39,11.78,10.71,11.71,9.49,12.67,13.07,12.92,12.97,12.16,13.48,13.20,9.43,8.76,8.97,7.91,8.97,9.66,8.46,8.46,10.24,8.71,3.46,4.74,5.73,4.66,1.59,3.12,4.08,3.01,3.14,4.55,2.74,4.38,8.69,7.88,8.02],
  [7.40,5.89,4.86,13.26,21.20,12.87,12.20,11.30,11.32,10.23,2.03,99.00,2.48,3.62,1.91,2.46,3.35,1.72,1.56,11.66,16.79,20.18,20.54,16.81,14.38,27.13,23.92,24.42,21.21,25.90,16.47,12.23,15.24,16.05,12.81,12.44,12.11,15.88,15.42,17.62,18.38,14.83,13.46,13.56,14.60,8.67,8.37,8.72,10.49,8.39,9.90,8.73,9.77,7.62,10.73,11.10,11.01,10.99,10.21,11.51,11.25,7.50,7.64,7.97,6.98,8.37,8.31,7.16,7.16,8.80,7.40,5.47,5.06,6.48,5.16,3.56,3.61,4.69,4.72,5.16,5.30,3.58,6.26,6.75,6.12,6.01],
  [7.41,8.33,3.03,13.21,22.30,11.27,13.70,11.85,12.35,9.90,2.64,2.48,99.00,1.34,2.60,0.48,2.14,1.64,3.23,12.07,17.58,21.30,21.56,17.91,15.53,27.74,24.23,24.77,21.65,26.54,16.73,12.33,15.50,16.62,13.16,13.35,13.03,16.47,15.75,17.16,18.02,15.13,13.49,13.84,15.17,8.94,8.44,8.49,10.89,9.08,9.98,9.28,10.12,7.72,11.01,11.51,11.21,11.50,10.57,11.95,11.58,7.83,6.20,6.36,5.30,6.34,7.22,6.00,6.00,7.84,6.26,4.91,7.15,8.31,7.14,3.97,5.55,6.59,3.47,5.15,7.11,5.29,6.72,7.18,5.96,7.54],
  [8.48,9.26,1.80,12.48,22.10,11.44,13.80,11.44,12.19,9.08,3.04,3.62,1.34,99.00,3.93,1.73,1.59,2.98,4.55,11.58,17.22,21.11,21.30,17.73,15.40,27.25,23.59,24.15,21.09,26.06,16.11,11.68,14.90,16.16,12.62,13.11,12.79,16.03,15.18,16.21,17.11,14.55,12.79,13.25,14.72,10.05,9.50,9.45,12.02,10.29,11.02,10.46,11.24,8.80,12.11,12.64,12.27,12.65,11.70,13.08,12.68,8.98,6.63,6.67,5.61,6.27,7.83,6.62,6.62,8.50,6.87,4.20,7.77,8.73,7.70,3.92,6.15,7.11,2.52,4.72,7.56,5.77,6.42,8.37,7.01,8.88],
  [5.52,7.11,5.60,15.01,23.11,11.18,14.06,13.18,13.23,11.87,3.73,1.91,2.60,3.93,99.00,2.23,4.41,0.96,1.04,13.51,18.69,22.09,22.46,18.72,16.29,29.03,25.77,26.28,23.08,27.80,18.31,14.02,17.07,17.94,14.66,14.35,14.02,17.77,17.27,19.24,20.04,16.67,15.23,15.39,16.49,6.86,6.51,6.82,8.74,6.74,8.06,7.02,7.99,5.76,8.94,9.36,9.19,9.28,8.44,9.78,9.48,5.70,5.96,6.35,5.45,7.05,6.48,5.38,5.38,6.94,5.60,6.95,6.77,8.29,6.93,5.32,5.44,6.51,5.83,6.84,7.13,5.47,8.09,4.97,4.21,4.95],
  [6.93,8.35,3.48,13.68,22.68,10.93,14.01,12.28,12.73,10.37,2.96,2.46,0.48,1.73,2.23,99.00,2.62,1.29,2.97,12.51,17.99,21.68,21.95,18.29,15.90,28.18,24.68,25.22,22.10,26.97,17.18,12.79,15.95,17.05,13.61,13.75,13.42,16.91,16.20,17.64,18.50,15.58,13.95,14.29,15.60,8.46,7.96,8.01,10.41,8.61,9.50,8.81,9.64,7.24,10.53,11.03,10.73,11.02,10.10,11.47,11.10,7.35,5.82,6.01,4.95,6.10,6.79,5.57,5.57,7.41,5.83,5.39,7.31,8.54,7.33,4.36,5.74,6.80,3.95,5.60,7.34,5.53,7.14,6.71,5.48,7.16],
  [9.54,8.34,1.62,11.09,20.51,13.02,12.24,9.88,10.60,7.75,1.92,3.35,2.14,1.59,4.41,2.62,99.00,3.51,4.69,10.05,15.66,19.52,19.72,16.14,13.81,25.73,22.14,22.69,19.60,24.54,14.64,10.23,13.42,14.62,11.11,11.53,11.21,14.49,13.69,15.02,15.88,13.06,11.37,11.77,13.18,11.04,10.57,10.63,12.98,11.10,12.11,11.33,12.21,9.84,13.13,13.61,13.33,13.57,12.67,14.04,13.69,9.92,8.14,8.22,7.15,7.86,9.27,8.04,8.04,9.91,8.30,2.77,6.55,7.33,6.41,2.38,4.95,5.81,1.43,3.15,6.20,4.49,4.84,9.25,8.09,9.21],
  [6.17,7.46,4.64,14.31,22.76,11.16,13.86,12.63,12.84,11.10,3.11,1.72,1.64,2.98,0.96,1.29,3.51,99.00,1.71,12.93,18.23,21.75,22.08,18.37,15.95,28.52,25.17,25.69,22.52,27.30,17.68,13.35,16.45,17.41,14.06,13.92,13.59,17.24,16.67,18.45,19.27,16.05,14.55,14.77,15.95,7.60,7.18,7.39,9.52,7.59,8.74,7.84,8.76,6.44,9.69,10.14,9.92,10.09,9.21,10.57,10.24,6.46,5.93,6.25,5.26,6.69,6.66,5.49,5.49,7.19,5.73,6.14,6.78,8.19,6.88,4.69,5.32,6.40,4.93,6.13,7.00,5.24,7.50,5.76,4.78,5.90],
  [6.00,6.09,6.07,14.81,22.46,12.13,13.32,12.78,12.66,11.79,3.59,1.56,3.23,4.55,1.04,2.97,4.69,1.71,99.00,13.16,18.17,21.44,21.84,18.09,15.66,28.55,25.40,25.90,22.68,27.31,17.98,13.77,16.75,17.50,14.32,13.81,13.48,17.32,16.92,19.18,19.94,16.33,15.00,15.07,16.06,7.18,6.93,7.37,8.96,6.84,8.45,7.19,8.25,6.19,9.22,9.57,9.51,9.45,8.69,9.97,9.74,6.01,6.93,7.34,6.46,8.08,7.35,6.29,6.29,7.76,6.51,7.00,5.92,7.50,6.11,5.12,4.70,5.74,6.12,6.72,6.38,4.83,7.78,5.25,4.82,4.53],
  [19.04,11.43,10.31,2.69,10.98,22.96,6.04,0.74,3.12,3.75,9.82,11.66,12.07,11.58,13.51,12.51,10.05,12.93,13.16,99.00,5.79,10.08,10.05,6.93,5.22,15.68,12.26,12.77,9.60,14.49,4.83,1.57,3.61,4.58,1.17,2.81,2.70,4.46,3.76,7.49,7.82,3.18,2.53,1.96,3.15,20.33,20.02,20.30,22.12,19.95,21.56,20.34,21.41,19.27,22.38,22.72,22.66,22.58,21.84,23.12,22.89,19.16,18.19,18.25,17.19,17.70,19.29,18.06,18.06,19.91,18.32,7.41,8.97,7.57,8.54,8.24,9.03,8.43,9.20,6.92,7.92,8.62,5.43,18.40,17.69,17.04],
  [24.16,14.95,16.06,6.49,5.29,28.66,6.44,5.80,5.57,9.33,15.14,16.79,17.58,17.22,18.69,17.99,15.66,18.23,18.17,5.79,99.00,4.48,4.29,2.34,3.36,10.40,7.99,8.32,5.08,9.15,3.77,6.41,3.96,1.79,5.01,4.37,4.70,1.69,3.45,8.74,8.29,3.90,6.02,4.77,2.75,25.31,25.10,25.51,26.99,24.74,26.61,25.19,26.33,24.36,27.31,27.56,27.63,27.37,26.74,27.93,27.78,24.16,23.76,23.87,22.80,23.42,24.78,23.56,23.56,25.37,23.81,13.13,13.00,11.32,12.63,13.63,13.62,12.75,14.92,12.51,12.13,13.37,10.86,23.38,22.91,21.54],
  [27.41,17.27,20.10,10.97,1.03,32.52,8.35,9.94,8.95,13.73,18.74,20.18,21.30,21.11,22.09,21.68,19.52,21.75,21.44,10.08,4.48,99.00,1.04,3.39,5.79,8.50,8.32,8.30,6.11,7.29,7.91,10.86,8.37,6.21,9.43,8.00,8.31,6.15,7.87,12.68,12.02,8.36,10.51,9.25,7.20,28.41,28.29,28.80,29.94,27.66,29.75,28.16,29.34,27.57,30.31,30.49,30.67,30.25,29.72,30.82,30.75,27.28,27.49,27.65,26.59,27.36,28.39,27.19,27.19,28.94,27.44,17.17,15.80,14.10,15.50,17.33,16.75,15.76,18.94,16.41,15.11,16.62,14.68,26.50,26.25,24.29],
  [27.83,17.89,20.23,10.69,1.11,32.74,8.96,9.99,9.24,13.62,19.04,20.54,21.56,21.30,22.46,21.95,19.72,22.08,21.84,10.05,4.29,1.04,99.00,3.77,6.20,7.60,7.27,7.26,5.13,6.37,7.41,10.69,8.00,5.90,9.30,8.20,8.53,5.88,7.50,12.02,11.31,8.04,10.23,9.03,7.04,28.88,28.73,29.21,30.45,28.17,30.20,28.66,29.83,28.00,30.81,31.00,31.15,30.77,30.22,31.35,31.25,27.74,27.76,27.90,26.83,27.54,28.70,27.49,27.49,29.26,27.75,17.29,16.31,14.60,15.99,17.59,17.18,16.21,19.08,16.59,15.57,17.02,14.89,26.96,26.64,24.83],
  [24.08,14.17,16.76,8.28,4.40,29.14,5.27,6.69,5.56,10.66,15.36,16.81,17.91,17.73,18.72,18.29,16.14,18.37,18.09,6.93,2.34,3.39,3.77,99.00,2.44,11.08,9.55,9.76,6.75,9.81,6.06,7.93,6.06,3.99,6.47,4.64,4.95,3.81,5.57,11.03,10.62,5.89,7.83,6.47,4.44,25.11,24.97,25.46,26.68,24.40,26.44,24.89,26.06,24.24,27.04,27.24,27.38,27.01,26.45,27.58,27.49,23.97,24.10,24.27,23.20,23.99,25.01,23.81,23.81,25.56,24.06,13.82,12.54,10.83,12.22,13.95,13.42,12.45,15.59,13.04,11.80,13.27,11.31,23.19,22.90,21.07],
  [21.64,11.84,14.51,7.18,6.81,26.78,3.09,4.80,3.21,8.93,12.96,14.38,15.53,15.40,16.29,15.90,13.81,15.95,15.66,5.22,3.36,5.79,6.20,2.44,99.00,13.35,11.33,11.63,8.43,12.08,6.15,6.51,5.66,4.16,5.12,2.53,2.78,3.90,5.28,10.86,10.69,5.33,6.78,5.41,3.75,22.68,22.53,23.03,24.26,21.98,24.01,22.47,23.63,21.81,24.61,24.81,24.95,24.59,24.03,25.16,25.06,21.54,21.72,21.89,20.83,21.67,22.60,21.41,21.41,23.15,21.65,11.59,10.12,8.42,9.80,11.58,10.98,10.01,13.34,10.75,9.37,10.84,9.00,20.76,20.47,18.67],
  [34.53,25.19,25.90,15.11,7.69,38.57,16.34,15.90,15.97,18.54,25.41,27.13,27.74,27.25,29.03,28.18,25.73,28.52,28.55,15.68,10.40,8.50,7.60,11.08,13.35,99.00,4.63,3.99,6.25,1.27,11.29,15.66,12.44,11.13,14.62,14.76,15.09,11.28,12.10,13.81,12.75,12.74,14.72,14.02,12.58,35.70,35.48,35.85,37.38,35.14,36.99,35.59,36.72,34.73,37.70,37.96,38.02,37.77,37.14,38.33,38.18,34.54,33.87,33.92,32.86,33.28,34.96,33.74,33.74,35.58,34.00,23.06,23.37,21.68,23.01,23.86,24.02,23.15,24.82,22.60,22.52,23.76,21.05,33.77,33.24,31.92],
  [31.29,22.83,22.12,11.16,7.99,34.73,14.42,12.63,13.29,14.62,22.07,23.92,24.23,23.59,25.77,24.68,22.14,25.17,25.40,12.26,7.99,8.32,7.27,9.55,11.33,4.63,99.00,0.65,2.91,4.05,7.50,11.91,8.73,8.02,11.11,12.04,12.34,8.24,8.50,9.24,8.17,9.11,10.82,10.40,9.42,32.58,32.28,32.55,34.35,32.16,33.82,32.57,33.65,31.53,34.63,34.95,34.92,34.80,34.08,35.34,35.13,31.41,30.22,30.21,29.17,29.43,31.40,30.18,30.18,32.05,30.44,19.39,20.71,19.08,20.32,20.48,21.10,20.35,21.11,19.09,19.75,20.76,17.68,30.65,29.94,29.13],
  [31.81,23.22,22.69,11.75,7.89,35.31,14.72,13.13,13.70,15.21,22.59,24.42,24.77,24.15,26.28,25.22,22.69,25.69,25.90,12.77,8.32,8.30,7.26,9.76,11.63,3.99,0.65,99.00,3.29,3.47,8.05,12.47,9.27,8.46,11.64,12.45,12.76,8.67,9.03,9.89,8.82,9.64,11.40,10.94,9.88,33.08,32.79,33.07,34.84,32.64,34.33,33.05,34.15,32.04,35.12,35.44,35.41,35.28,34.58,35.83,35.63,31.91,30.78,30.78,29.74,30.02,31.96,30.73,30.73,32.60,30.99,19.95,21.13,19.49,20.75,21.01,21.57,20.79,21.67,19.63,20.19,21.23,18.20,31.15,30.46,29.58],
  [28.60,19.93,19.69,8.86,6.08,32.36,11.52,9.91,10.41,12.30,19.41,21.21,21.65,21.09,23.08,22.10,19.60,22.52,22.68,9.60,5.08,6.11,5.13,6.75,8.43,6.25,2.91,3.29,99.00,5.18,5.05,9.45,6.21,5.19,8.49,9.16,9.47,5.40,5.91,8.11,7.16,6.54,8.47,7.84,6.62,29.85,29.58,29.89,31.60,29.39,31.11,29.81,30.91,28.83,31.89,32.19,32.19,32.03,31.34,32.58,32.39,28.69,27.72,27.75,26.69,27.06,28.86,27.63,27.63,29.49,27.89,16.89,17.85,16.21,17.46,17.83,18.30,17.51,18.64,16.50,16.91,17.98,15.02,27.92,27.28,26.31],
  [33.29,23.93,24.73,14.02,6.52,37.41,15.07,14.69,14.71,17.42,24.19,25.90,26.54,26.06,27.80,26.97,24.54,27.30,27.31,14.49,9.15,7.29,6.37,9.81,12.08,1.27,4.05,3.47,5.18,99.00,10.19,14.52,11.31,9.92,13.45,13.51,13.84,10.07,10.95,12.99,11.95,11.59,13.61,12.86,11.37,34.46,34.23,34.62,36.13,33.88,35.75,34.34,35.47,33.49,36.45,36.71,36.77,36.51,35.88,37.07,36.93,33.30,32.68,32.73,31.67,32.12,33.76,32.54,32.54,34.38,32.79,21.88,22.11,20.41,21.75,22.65,22.77,21.89,23.65,21.40,21.26,22.52,19.84,32.52,32.01,30.66],
  [23.83,15.99,14.67,3.82,8.51,27.32,8.72,5.31,6.61,7.25,14.59,16.47,16.73,16.11,18.31,17.18,14.64,17.68,17.98,4.83,3.77,7.91,7.41,6.06,6.15,11.29,7.50,8.05,5.05,10.19,99.00,4.42,1.24,2.11,3.67,5.46,5.67,2.33,1.15,4.97,4.60,1.66,3.42,2.91,2.63,25.14,24.82,25.07,26.95,24.78,26.36,25.17,26.23,24.07,27.20,27.55,27.48,27.41,26.67,27.95,27.72,23.97,22.74,22.75,21.70,22.02,23.91,22.68,22.68,24.55,22.94,11.91,13.65,12.13,13.24,13.00,13.84,13.18,13.63,11.59,12.63,13.44,10.22,23.22,22.46,21.86],
  [19.52,12.63,10.25,1.22,11.69,22.91,7.60,2.29,4.69,2.97,10.29,12.23,12.33,11.68,14.02,12.79,10.23,13.35,13.77,1.57,6.41,10.86,10.69,7.93,6.51,15.66,11.91,12.47,9.45,14.52,4.42,99.00,3.23,4.87,1.46,4.27,4.20,4.84,3.58,6.10,6.55,2.93,1.25,1.70,3.66,20.88,20.52,20.73,22.72,20.60,22.07,20.96,21.99,19.77,22.95,23.33,23.21,23.22,22.44,23.74,23.48,19.72,18.31,18.32,17.27,17.62,19.49,18.27,18.27,20.15,18.53,7.48,10.09,8.81,9.66,8.70,9.95,9.47,9.21,7.23,9.01,9.47,6.00,18.97,18.13,17.85],
  [22.59,14.85,13.48,2.79,9.08,26.14,7.94,4.11,5.60,6.12,13.35,15.24,15.50,14.90,17.07,15.95,13.42,16.45,16.75,3.61,3.96,8.37,8.00,6.06,5.66,12.44,8.73,9.27,6.21,11.31,1.24,3.23,99.00,2.18,2.44,4.53,4.70,2.29,0.51,5.20,5.08,0.47,2.35,1.68,1.92,23.90,23.58,23.83,25.71,23.55,25.13,23.93,25.00,22.83,25.97,26.31,26.24,26.18,25.43,26.71,26.48,22.74,21.53,21.54,20.49,20.85,22.69,21.46,21.46,23.33,21.72,10.69,12.48,10.99,12.06,11.77,12.63,11.99,12.43,10.36,11.45,12.22,8.98,21.98,21.23,20.64],
  [23.45,14.85,14.88,4.79,6.95,27.54,6.95,4.78,5.30,7.84,14.29,16.05,16.62,16.16,17.94,17.05,14.62,17.41,17.50,4.58,1.79,6.21,5.90,3.99,4.16,11.13,8.02,8.46,5.19,9.92,2.11,4.87,2.18,99.00,3.60,4.06,4.34,0.26,1.67,7.06,6.71,2.15,4.33,3.18,1.46,24.68,24.42,24.76,26.42,24.20,25.95,24.62,25.73,23.67,26.71,27.01,27.01,26.84,26.15,27.39,27.20,23.52,22.76,22.83,21.76,22.26,23.84,22.62,22.62,24.46,22.87,11.99,12.69,11.07,12.30,12.74,13.11,12.33,13.77,11.48,11.73,12.79,9.93,22.75,22.14,21.12],
  [20.18,12.54,11.30,2.11,10.29,23.97,6.53,1.74,3.75,4.31,10.95,12.81,13.16,12.62,14.66,13.61,11.11,14.06,14.32,1.17,5.01,9.43,9.30,6.47,5.12,14.62,11.11,11.64,8.49,13.45,3.67,1.46,2.44,3.60,99.00,3.05,3.07,3.52,2.61,6.60,6.83,2.01,1.79,0.81,2.27,21.48,21.17,21.44,23.28,21.11,22.71,21.50,22.57,20.42,23.54,23.88,23.82,23.74,23.00,24.28,24.05,20.31,19.25,19.29,18.23,18.69,20.37,19.15,19.15,21.00,19.40,8.44,10.10,8.67,9.68,9.37,10.20,9.58,10.21,8.01,9.06,9.79,6.57,19.56,18.83,18.20],
  [19.81,10.80,12.12,5.15,8.98,24.54,3.51,2.30,1.25,6.44,10.85,12.44,13.35,13.11,14.35,13.75,11.53,13.92,13.81,2.81,4.37,8.00,8.20,4.64,2.53,14.76,12.04,12.45,9.16,13.51,5.46,4.27,4.53,4.06,3.05,99.00,0.33,3.82,4.34,9.48,9.54,4.09,4.83,3.60,2.85,20.95,20.74,21.16,22.62,20.37,22.25,20.82,21.96,20.00,22.94,23.20,23.26,23.01,22.37,23.57,23.42,19.79,19.55,19.69,18.63,19.37,20.51,19.30,19.30,21.09,19.56,9.18,8.69,7.05,8.31,9.39,9.26,8.40,10.95,8.41,7.78,9.01,6.69,19.01,18.56,17.20],
  [19.47,10.51,11.81,5.14,9.30,24.22,3.46,2.13,0.96,6.26,10.52,12.11,13.03,12.79,14.02,13.42,11.21,13.59,13.48,2.70,4.70,8.31,8.53,4.95,2.78,15.09,12.34,12.76,9.47,13.84,5.67,4.20,4.70,4.34,3.07,0.33,99.00,4.11,4.54,9.57,9.67,4.25,4.85,3.68,3.09,20.62,20.41,20.82,22.29,20.05,21.92,20.50,21.63,19.67,22.61,22.87,22.93,22.68,22.04,23.24,23.09,19.46,19.23,19.37,18.30,19.05,20.18,18.97,18.97,20.76,19.23,8.88,8.38,6.74,8.00,9.06,8.93,8.08,10.64,8.09,7.46,8.68,6.37,18.68,18.23,16.88],
  [23.28,14.62,14.77,4.82,6.92,27.42,6.69,4.63,5.07,7.79,14.13,15.88,16.47,16.03,17.77,16.91,14.49,17.24,17.32,4.46,1.69,6.15,5.88,3.81,3.90,11.28,8.24,8.67,5.40,10.07,2.33,4.84,2.29,0.26,3.52,3.82,4.11,99.00,1.79,7.26,6.93,2.21,4.36,3.16,1.31,24.50,24.24,24.59,26.23,24.00,25.77,24.43,25.54,23.50,26.52,26.81,26.83,26.64,25.97,27.20,27.01,23.33,22.62,22.70,21.63,22.15,23.70,22.47,22.47,24.31,22.73,11.87,12.47,10.84,12.08,12.58,12.91,12.12,13.66,11.34,11.52,12.59,9.77,22.56,21.98,20.91],
  [22.79,14.84,13.80,3.24,8.57,26.47,7.68,4.19,5.47,6.51,13.56,15.42,15.75,15.18,17.27,16.20,13.69,16.67,16.92,3.76,3.45,7.87,7.50,5.57,5.28,12.10,8.50,9.03,5.91,10.95,1.15,3.58,0.51,1.67,2.61,4.34,4.54,1.79,99.00,5.61,5.42,0.64,2.79,1.93,1.58,24.08,23.77,24.05,25.88,23.70,25.32,24.09,25.17,23.03,26.14,26.48,26.42,26.33,25.60,26.87,26.65,22.92,21.81,21.84,20.79,21.18,22.96,21.73,21.73,23.60,21.99,10.98,12.51,10.98,12.10,11.98,12.72,12.05,12.74,10.61,11.49,12.34,9.18,22.16,21.44,20.75],
  [24.56,18.71,14.51,4.89,13.14,26.58,12.98,8.21,10.34,7.39,15.59,17.62,17.16,16.21,19.24,17.64,15.02,18.45,19.18,7.49,8.74,12.68,12.02,11.03,10.86,13.81,9.24,9.89,8.11,12.99,4.97,6.10,5.20,7.06,6.60,9.48,9.57,7.26,5.61,99.00,1.10,5.55,4.96,5.90,7.12,26.04,25.59,25.64,27.96,25.97,27.13,26.26,27.20,24.86,28.13,28.58,28.34,28.52,27.66,29.01,28.68,24.91,22.59,22.47,21.48,21.38,23.93,22.75,22.75,24.63,23.00,12.31,16.13,14.91,15.70,14.07,15.83,15.46,13.72,12.47,15.05,15.30,11.67,24.20,23.11,23.49],
  [25.41,19.18,15.43,5.35,12.41,27.59,13.01,8.52,10.50,8.17,16.36,18.38,18.02,17.11,20.04,18.50,15.88,19.27,19.94,7.82,8.29,12.02,11.31,10.62,10.69,12.75,8.17,8.82,7.16,11.95,4.60,6.55,5.08,6.71,6.83,9.54,9.67,6.93,5.42,1.10,99.00,5.49,5.34,6.07,6.99,26.87,26.43,26.51,28.78,26.75,27.98,27.06,28.02,25.70,28.96,29.40,29.18,29.32,28.47,29.82,29.51,25.72,23.54,23.43,22.44,22.38,24.87,23.68,23.68,25.56,23.93,13.14,16.64,15.35,16.21,14.82,16.43,16.01,14.61,13.23,15.56,15.93,12.33,25.01,23.97,24.20],
  [22.19,14.39,13.16,2.66,9.10,25.83,7.52,3.66,5.14,5.87,12.95,14.83,15.13,14.55,16.67,15.58,13.06,16.05,16.33,3.18,3.90,8.36,8.04,5.89,5.33,12.74,9.11,9.64,6.54,11.59,1.66,2.93,0.47,2.15,2.01,4.09,4.25,2.21,0.64,5.55,5.49,99.00,2.20,1.29,1.59,23.49,23.17,23.44,25.29,23.12,24.72,23.51,24.58,22.43,25.55,25.89,25.83,25.75,25.02,26.29,26.07,22.33,21.18,21.21,20.15,20.54,22.33,21.10,21.10,22.97,21.36,10.35,12.02,10.52,11.60,11.37,12.18,11.53,12.10,9.98,10.99,11.78,8.58,21.57,20.83,20.20],
  [20.72,13.85,11.30,0.46,11.28,23.92,8.31,3.26,5.50,3.83,11.50,13.46,13.49,12.79,15.23,13.95,11.37,14.55,15.00,2.53,6.02,10.51,10.23,7.83,6.78,14.72,10.82,11.40,8.47,13.61,3.42,1.25,2.35,4.33,1.79,4.83,4.85,4.36,2.79,4.96,5.34,2.20,99.00,1.39,3.40,22.10,21.72,21.92,23.95,21.84,23.28,22.19,23.22,20.98,24.17,24.56,24.43,24.45,23.66,24.97,24.70,20.93,19.41,19.40,18.35,18.63,20.62,19.40,19.40,21.28,19.65,8.61,11.32,10.01,10.89,9.92,11.20,10.71,10.29,8.42,10.25,10.73,7.24,20.19,19.32,19.10],
  [20.91,13.35,11.87,1.82,10.05,24.55,7.12,2.55,4.44,4.66,11.68,13.56,13.84,13.25,15.39,14.29,11.77,14.77,15.07,1.96,4.77,9.25,9.03,6.47,5.41,14.02,10.40,10.94,7.84,12.86,2.91,1.70,1.68,3.18,0.81,3.60,3.68,3.16,1.93,5.90,6.07,1.29,1.39,99.00,2.06,22.23,21.90,22.16,24.04,21.88,23.45,22.26,23.32,21.16,24.29,24.64,24.57,24.51,23.76,25.04,24.81,21.06,19.89,19.91,18.86,19.26,21.03,19.81,19.81,21.67,20.07,9.05,10.91,9.48,10.49,10.09,10.99,10.39,10.81,8.69,9.87,10.58,7.31,20.31,19.55,18.99],
  [22.00,13.56,13.46,3.85,8.04,26.11,6.10,3.32,4.05,6.58,12.84,14.60,15.17,14.72,16.49,15.60,13.18,15.95,16.06,3.15,2.75,7.20,7.04,4.44,3.75,12.58,9.42,9.88,6.62,11.37,2.63,3.66,1.92,1.46,2.27,2.85,3.09,1.31,1.58,7.12,6.99,1.59,3.40,2.06,99.00,23.23,22.97,23.30,24.98,22.77,24.50,23.19,24.29,22.22,25.27,25.57,25.57,25.40,24.71,25.95,25.76,22.07,21.31,21.38,20.32,20.85,22.39,21.16,21.16,23.00,21.42,10.56,11.33,9.74,10.93,11.28,11.69,10.94,12.35,10.03,10.35,11.36,8.47,21.30,20.69,19.71],
  [1.64,11.70,11.85,21.87,29.43,8.79,20.14,19.95,19.77,18.70,10.59,8.67,8.94,10.05,6.86,8.46,11.04,7.60,7.18,20.33,25.31,28.41,28.88,25.11,22.68,35.70,32.58,33.08,29.85,34.46,25.14,20.88,23.90,24.68,21.48,20.95,20.62,24.50,24.08,26.04,26.87,23.49,22.10,22.23,23.23,99.00,0.79,1.76,1.97,1.51,1.36,1.02,1.19,1.28,2.09,2.59,2.34,2.64,1.64,3.03,2.64,1.17,5.88,6.48,6.64,8.31,4.69,5.00,5.00,4.31,4.91,13.74,12.62,14.32,12.91,12.18,11.72,12.66,12.40,13.70,13.31,11.94,14.92,1.94,3.08,4.69],
  [1.03,11.79,11.29,21.49,29.31,8.11,20.06,19.67,19.58,18.27,10.23,8.37,8.44,9.50,6.51,7.96,10.57,7.18,6.93,20.02,25.10,28.29,28.73,24.97,22.53,35.48,32.28,32.79,29.58,34.23,24.82,20.52,23.58,24.42,21.17,20.74,20.41,24.24,23.77,25.59,26.43,23.17,21.72,21.90,22.97,0.79,99.00,1.06,2.63,2.17,1.55,1.77,1.86,0.75,2.62,3.22,2.77,3.34,2.29,3.67,3.19,1.12,5.09,5.69,5.87,7.52,3.91,4.22,4.22,3.54,4.12,13.29,12.54,14.22,12.81,11.82,11.55,12.53,11.90,13.31,13.18,11.74,14.60,1.84,2.50,4.97],
  [1.44,12.55,11.22,21.66,29.83,7.06,20.63,19.99,20.02,18.38,10.49,8.72,8.49,9.45,6.82,8.01,10.63,7.39,7.37,20.30,25.51,28.80,29.21,25.46,23.03,35.85,32.55,33.07,29.89,34.62,25.07,20.73,23.83,24.76,21.44,21.16,20.82,24.59,24.05,25.64,26.51,23.44,21.92,22.16,23.30,1.76,1.06,99.00,3.22,3.22,1.76,2.78,2.54,1.42,3.03,3.73,3.04,3.95,2.90,4.16,3.59,2.06,4.37,4.93,5.27,6.78,3.04,3.59,3.59,2.58,3.44,13.39,13.14,14.79,13.38,12.07,12.06,13.07,11.91,13.50,13.71,12.19,14.87,2.66,2.61,5.92],
  [3.60,12.96,13.82,23.74,30.97,9.64,21.62,21.72,21.42,20.61,12.45,10.49,10.89,12.02,8.74,10.41,12.98,9.52,8.96,22.12,26.99,29.94,30.45,26.68,24.26,37.38,34.35,34.84,31.60,36.13,26.95,22.72,25.71,26.42,23.28,22.62,22.29,26.23,25.88,27.96,28.78,25.29,23.95,24.04,24.98,1.97,2.63,3.22,99.00,2.29,1.55,1.80,0.79,3.25,0.55,0.62,0.98,0.73,0.34,1.06,0.81,3.06,7.58,8.15,8.44,10.00,6.25,6.77,6.77,5.73,6.64,15.66,14.14,15.85,14.46,14.03,13.36,14.26,14.36,15.58,14.90,13.64,16.74,3.77,5.05,5.77],
  [2.58,10.69,12.08,21.64,28.68,10.28,19.34,19.53,19.17,18.59,10.39,8.39,9.08,10.29,6.74,8.61,11.10,7.59,6.84,19.95,24.74,27.66,28.17,24.40,21.98,35.14,32.16,32.64,29.39,33.88,24.78,20.60,23.55,24.20,21.11,20.37,20.05,24.00,23.70,25.97,26.75,23.12,21.84,21.88,22.77,1.51,2.17,3.22,2.29,99.00,2.63,0.60,1.79,2.25,2.70,2.83,3.10,2.64,2.09,3.19,3.09,1.62,7.02,7.63,7.64,9.41,5.98,6.08,6.08,5.68,6.03,13.69,11.87,13.57,12.18,11.95,11.12,12.00,12.50,13.52,12.64,11.41,14.61,1.97,3.71,3.52],
  [2.57,13.06,12.81,23.04,30.77,8.16,21.48,21.21,21.07,19.83,11.78,9.90,9.98,11.02,8.06,9.50,12.11,8.74,8.45,21.56,26.61,29.75,30.20,26.44,24.01,36.99,33.82,34.33,31.11,35.75,26.36,22.07,25.13,25.95,22.71,22.25,21.92,25.77,25.32,27.13,27.98,24.72,23.28,23.45,24.50,1.36,1.55,1.76,1.55,2.63,99.00,2.04,1.10,2.30,1.28,2.00,1.29,2.27,1.28,2.41,1.83,2.47,6.12,6.66,7.03,8.52,4.74,5.36,5.36,4.19,5.20,14.84,13.97,15.66,14.25,13.37,13.03,13.99,13.44,14.86,14.64,13.24,16.14,3.25,4.02,6.02],
  [2.39,11.24,12.25,21.99,29.18,9.81,19.85,19.93,19.62,18.89,10.71,8.73,9.28,10.46,7.02,8.81,11.33,7.84,7.19,20.34,25.19,28.16,28.66,24.89,22.47,35.59,32.57,33.05,29.81,34.34,25.17,20.96,23.93,24.62,21.50,20.82,20.50,24.43,24.09,26.26,27.06,23.51,22.19,22.26,23.19,1.02,1.77,2.78,1.80,0.60,2.04,99.00,1.21,2.03,2.16,2.38,2.54,2.26,1.56,2.78,2.60,1.54,6.78,7.39,7.48,9.20,5.67,5.88,5.88,5.31,5.80,13.97,12.36,14.07,12.67,12.29,11.57,12.47,12.73,13.85,13.11,11.84,14.98,2.10,3.68,4.09],
  [2.81,12.45,13.03,23.00,30.36,9.24,21.03,21.02,20.77,19.85,11.71,9.77,10.12,11.24,7.99,9.64,12.21,8.76,8.25,21.41,26.33,29.34,29.83,26.06,23.63,36.72,33.65,34.15,30.91,35.47,26.23,21.99,25.00,25.73,22.57,21.96,21.63,25.54,25.17,27.20,28.02,24.58,23.22,23.32,24.29,1.19,1.86,2.54,0.79,1.79,1.10,1.21,99.00,2.46,0.98,1.40,1.33,1.48,0.46,1.85,1.49,2.30,6.88,7.45,7.71,9.30,5.59,6.04,6.04,5.10,5.92,14.90,13.54,15.24,13.84,13.30,12.71,13.63,13.58,14.83,14.27,12.96,16.02,3.02,4.27,5.30],
  [0.36,11.16,10.60,20.75,28.59,8.27,19.35,18.92,18.84,17.54,9.49,7.62,7.72,8.80,5.76,7.24,9.84,6.44,6.19,19.27,24.36,27.57,28.00,24.24,21.81,34.73,31.53,32.04,28.83,33.49,24.07,19.77,22.83,23.67,20.42,20.00,19.67,23.50,23.03,24.86,25.70,22.43,20.98,21.16,22.22,1.28,0.75,1.42,3.25,2.25,2.30,2.03,2.46,99.00,3.31,3.86,3.49,3.93,2.92,4.31,3.88,0.72,4.77,5.39,5.45,7.18,3.75,3.85,3.85,3.51,3.79,12.56,11.84,13.51,12.10,11.08,10.83,11.81,11.18,12.57,12.46,11.01,13.85,1.23,1.81,4.51],
  [3.63,13.40,13.90,23.95,31.34,9.20,22.01,22.00,21.75,20.79,12.67,10.73,11.01,12.11,8.94,10.53,13.13,9.69,9.22,22.38,27.31,30.31,30.81,27.04,24.61,37.70,34.63,35.12,31.89,36.45,27.20,22.95,25.97,26.71,23.54,22.94,22.61,26.52,26.14,28.13,28.96,25.55,24.17,24.29,25.27,2.09,2.62,3.03,0.55,2.70,1.28,2.16,0.98,3.31,99.00,0.73,0.43,1.09,0.61,1.13,0.58,3.24,7.39,7.94,8.30,9.79,6.01,6.62,6.62,5.45,6.47,15.83,14.51,16.22,14.82,14.25,13.69,14.61,14.48,15.78,15.25,13.94,16.99,3.99,5.10,6.22],
  [4.20,13.45,14.44,24.35,31.51,9.89,22.16,22.32,21.99,21.23,13.07,11.10,11.51,12.64,9.36,11.03,13.61,10.14,9.57,22.72,27.56,30.49,31.00,27.24,24.81,37.96,34.95,35.44,32.19,36.71,27.55,23.33,26.31,27.01,23.88,23.20,22.87,26.81,26.48,28.58,29.40,25.89,24.56,24.64,25.57,2.59,3.22,3.73,0.62,2.83,2.00,2.38,1.40,3.86,0.73,99.00,0.99,0.44,0.94,0.45,0.43,3.69,8.10,8.65,8.99,10.51,6.73,7.31,7.31,6.18,7.17,16.28,14.69,16.40,15.02,14.64,13.94,14.83,14.98,16.19,15.47,14.22,17.35,4.39,5.66,6.26],
  [3.80,13.79,14.06,24.20,31.69,8.91,22.37,22.29,22.07,21.02,12.92,11.01,11.21,12.27,9.19,10.73,13.33,9.92,9.51,22.66,27.63,30.67,31.15,27.38,24.95,38.02,34.92,35.41,32.19,36.77,27.48,23.21,26.24,27.01,23.82,23.26,22.93,26.83,26.42,28.34,29.18,25.83,24.43,24.57,25.57,2.34,2.77,3.04,0.98,3.10,1.29,2.54,1.33,3.49,0.43,0.99,99.00,1.41,1.03,1.28,0.65,3.50,7.35,7.88,8.29,9.73,5.94,6.62,6.62,5.34,6.46,16.04,14.87,16.57,15.17,14.51,14.02,14.94,14.67,16.03,15.59,14.26,17.26,4.27,5.27,6.62],
  [4.28,13.17,14.45,24.25,31.27,10.28,21.91,22.16,21.80,21.15,12.97,10.99,11.50,12.65,9.28,11.02,13.57,10.09,9.45,22.58,27.37,30.25,30.77,27.01,24.59,37.77,34.80,35.28,32.03,36.51,27.41,23.22,26.18,26.84,23.74,23.01,22.68,26.64,26.33,28.52,29.32,25.75,24.45,24.51,25.40,2.64,3.34,3.95,0.73,2.64,2.27,2.26,1.48,3.93,1.09,0.44,1.41,99.00,1.06,0.58,0.87,3.67,8.32,8.88,9.17,10.74,6.98,7.50,7.50,6.45,7.37,16.22,14.47,16.18,14.80,14.54,13.75,14.62,14.96,16.11,15.26,14.05,17.23,4.33,5.72,5.99],
  [3.26,12.79,13.49,23.45,30.75,9.42,21.41,21.45,21.18,20.31,12.16,10.21,10.57,11.70,8.44,10.10,12.67,9.21,8.69,21.84,26.74,29.72,30.22,26.45,24.03,37.14,34.08,34.58,31.34,35.88,26.67,22.44,25.43,26.15,23.00,22.37,22.04,25.97,25.60,27.66,28.47,25.02,23.66,23.76,24.71,1.64,2.29,2.90,0.34,2.09,1.28,1.56,0.46,2.92,0.61,0.94,1.03,1.06,99.00,1.39,1.05,2.75,7.26,7.83,8.11,9.68,5.94,6.44,6.44,5.43,6.31,15.35,13.92,15.63,14.23,13.74,13.12,14.03,14.04,15.28,14.67,13.38,16.46,3.47,4.72,5.61],
  [4.65,13.75,14.88,24.77,31.85,10.18,22.49,22.71,22.36,21.65,13.48,11.51,11.95,13.08,9.78,11.47,14.04,10.57,9.97,23.12,27.93,30.82,31.35,27.58,25.16,38.33,35.34,35.83,32.58,37.07,27.95,23.74,26.71,27.39,24.28,23.57,23.24,27.20,26.87,29.01,29.82,26.29,24.97,25.04,25.95,3.03,3.67,4.16,1.06,3.19,2.41,2.78,1.85,4.31,1.13,0.45,1.28,0.58,1.39,99.00,0.64,4.12,8.52,9.07,9.42,10.93,7.14,7.75,7.75,6.58,7.60,16.71,15.04,16.75,15.36,15.06,14.31,15.19,15.42,16.61,15.82,14.60,17.76,4.81,6.11,6.57],
  [4.21,13.76,14.47,24.49,31.77,9.55,22.43,22.50,22.22,21.34,13.20,11.25,11.58,12.68,9.48,11.10,13.69,10.24,9.74,22.89,27.78,30.75,31.25,27.49,25.06,38.18,35.13,35.63,32.39,36.93,27.72,23.48,26.48,27.20,24.05,23.42,23.09,27.01,26.65,28.68,29.51,26.07,24.70,24.81,25.76,2.64,3.19,3.59,0.81,3.09,1.83,2.60,1.49,3.88,0.58,0.43,0.65,0.87,1.05,0.64,99.00,3.78,7.94,8.48,8.86,10.33,6.54,7.18,7.18,5.96,7.03,16.38,14.95,16.66,15.26,14.79,14.16,15.06,15.04,16.32,15.70,14.43,17.51,4.51,5.68,6.57],
  [0.99,10.69,10.77,20.71,28.30,8.99,19.02,18.79,18.61,17.56,9.43,7.50,7.83,8.98,5.70,7.35,9.92,6.46,6.01,19.16,24.16,27.28,27.74,23.97,21.54,34.54,31.41,31.91,28.69,33.30,23.97,19.72,22.74,23.52,20.31,19.79,19.46,23.33,22.92,24.91,25.72,22.33,20.93,21.06,22.07,1.17,1.12,2.06,3.06,1.62,2.47,1.54,2.30,0.72,3.24,3.69,3.50,3.67,2.75,4.12,3.78,99.00,5.41,6.03,6.02,7.79,4.45,4.47,4.47,4.23,4.43,12.60,11.51,13.19,11.79,11.01,10.57,11.53,11.29,12.54,12.17,10.78,13.76,0.78,2.14,3.87],
  [4.44,12.99,8.16,19.09,28.50,5.23,19.76,18.01,18.54,15.66,8.76,7.64,6.20,6.63,5.96,5.82,8.14,5.93,6.93,18.19,23.76,27.49,27.76,24.10,21.72,33.87,30.22,30.78,27.72,32.68,22.74,18.31,21.53,22.76,19.25,19.55,19.23,22.62,21.81,22.59,23.54,21.18,19.41,19.89,21.31,5.88,5.09,4.37,7.58,7.02,6.12,6.78,6.88,4.77,7.39,8.10,7.35,8.32,7.26,8.52,7.94,5.41,99.00,0.62,1.12,2.43,1.50,0.96,0.96,2.21,0.98,10.83,12.69,14.12,12.80,10.17,11.25,12.33,9.12,11.28,12.93,11.16,12.91,5.38,3.64,8.20],
  [5.05,13.43,8.11,19.07,28.66,4.93,20.00,18.10,18.71,15.62,8.97,7.97,6.36,6.67,6.35,6.01,8.22,6.25,7.34,18.25,23.87,27.65,27.90,24.27,21.89,33.92,30.21,30.78,27.75,32.73,22.75,18.32,21.54,22.83,19.29,19.69,19.37,22.70,21.84,22.47,23.43,21.21,19.40,19.91,21.38,6.48,5.69,4.93,8.15,7.63,6.66,7.39,7.45,5.39,7.94,8.65,7.88,8.88,7.83,9.07,8.48,6.03,0.62,99.00,1.07,1.85,1.95,1.58,1.58,2.62,1.60,10.86,13.02,14.42,13.12,10.32,11.56,12.64,9.11,11.37,13.23,11.44,13.02,6.01,4.26,8.80],
  [5.09,12.55,7.08,18.03,27.59,5.97,18.96,17.03,17.64,14.59,7.91,6.98,5.30,5.61,5.45,4.95,7.15,5.26,6.46,17.19,22.80,26.59,26.83,23.20,20.83,32.86,29.17,29.74,26.69,31.67,21.70,17.27,20.49,21.76,18.23,18.63,18.30,21.63,20.79,21.48,22.44,20.15,18.35,18.86,20.32,6.64,5.87,5.27,8.44,7.64,7.03,7.48,7.71,5.45,8.30,8.99,8.29,9.17,8.11,9.42,8.86,6.02,1.12,1.07,99.00,1.89,2.58,1.68,1.68,3.30,1.84,9.80,12.04,13.41,12.13,9.26,10.56,11.63,8.06,10.30,12.21,10.42,11.95,5.86,4.04,8.37],
  [6.83,14.13,7.39,18.27,28.35,5.30,20.00,17.62,18.46,14.81,8.97,8.37,6.34,6.27,7.05,6.10,7.86,6.69,8.08,17.70,23.42,27.36,27.54,23.99,21.67,33.28,29.43,30.02,27.06,32.12,22.02,17.62,20.85,22.26,18.69,19.37,19.05,22.15,21.18,21.38,22.38,20.54,18.63,19.26,20.85,8.31,7.52,6.78,10.00,9.41,8.52,9.20,9.30,7.18,9.79,10.51,9.73,10.74,9.68,10.93,10.33,7.79,2.43,1.85,1.89,99.00,3.80,3.33,3.33,4.43,3.40,10.29,13.38,14.64,13.42,10.14,11.83,12.89,8.50,10.96,13.44,11.62,12.68,7.69,5.89,10.25],
  [3.46,13.26,9.45,20.31,29.41,4.97,20.50,19.07,19.46,16.91,9.66,8.31,7.22,7.83,6.48,6.79,9.27,6.66,7.35,19.29,24.78,28.39,28.70,25.01,22.60,34.96,31.40,31.96,28.86,33.76,23.91,19.49,22.69,23.84,20.37,20.51,20.18,23.70,22.96,23.93,24.87,22.33,20.62,21.03,22.39,4.69,3.91,3.04,6.25,5.98,4.74,5.67,5.59,3.75,6.01,6.73,5.94,6.98,5.94,7.14,6.54,4.45,1.50,1.95,2.58,3.80,99.00,1.23,1.23,0.72,0.97,12.01,13.24,14.76,13.40,11.15,11.90,12.98,10.34,12.37,13.60,11.89,13.93,4.61,3.15,7.74],
  [3.51,12.30,8.25,19.10,28.21,5.85,19.34,17.85,18.26,15.70,8.46,7.16,6.00,6.62,5.38,5.57,8.04,5.49,6.29,18.06,23.56,27.19,27.49,23.81,21.41,33.74,30.18,30.73,27.63,32.54,22.68,18.27,21.46,22.62,19.15,19.30,18.97,22.47,21.73,22.75,23.68,21.10,19.40,19.81,21.16,5.00,4.22,3.59,6.77,6.08,5.36,5.88,6.04,3.85,6.62,7.31,6.62,7.50,6.44,7.75,7.18,4.47,0.96,1.58,1.68,3.33,1.23,99.00,0.00,1.89,0.26,10.79,12.15,13.64,12.29,9.93,10.77,11.85,9.13,11.14,12.46,10.73,12.71,4.42,2.69,7.27],
  [3.51,12.30,8.25,19.10,28.21,5.85,19.34,17.85,18.26,15.70,8.46,7.16,6.00,6.62,5.38,5.57,8.04,5.49,6.29,18.06,23.56,27.19,27.49,23.81,21.41,33.74,30.18,30.73,27.63,32.54,22.68,18.27,21.46,22.62,19.15,19.30,18.97,22.47,21.73,22.75,23.68,21.10,19.40,19.81,21.16,5.00,4.22,3.59,6.77,6.08,5.36,5.88,6.04,3.85,6.62,7.31,6.62,7.50,6.44,7.75,7.18,4.47,0.96,1.58,1.68,3.33,1.23,0.00,99.00,1.89,0.26,10.79,12.15,13.64,12.29,9.93,10.77,11.85,9.13,11.14,12.46,10.73,12.71,4.42,2.69,7.27],
  [3.27,13.57,10.13,20.98,29.96,4.86,21.00,19.68,20.02,17.58,10.24,8.80,7.84,8.50,6.94,7.41,9.91,7.19,7.76,19.91,25.37,28.94,29.26,25.56,23.15,35.58,32.05,32.60,29.49,34.38,24.55,20.15,23.33,24.46,21.00,21.09,20.76,24.31,23.60,24.63,25.56,22.97,21.28,21.67,23.00,4.31,3.54,2.58,5.73,5.68,4.19,5.31,5.10,3.51,5.45,6.18,5.34,6.45,5.43,6.58,5.96,4.23,2.21,2.62,3.30,4.43,0.72,1.89,1.89,99.00,1.63,12.67,13.68,15.23,13.85,11.74,12.38,13.44,11.02,13.00,14.07,12.39,14.54,4.52,3.29,7.75],
  [3.45,12.49,8.50,19.35,28.46,5.66,19.58,18.11,18.51,15.95,8.71,7.40,6.26,6.87,5.60,5.83,8.30,5.73,6.51,18.32,23.81,27.44,27.75,24.06,21.65,34.00,30.44,30.99,27.89,32.79,22.94,18.53,21.72,22.87,19.40,19.56,19.23,22.73,21.99,23.00,23.93,21.36,19.65,20.07,21.42,4.91,4.12,3.44,6.64,6.03,5.20,5.80,5.92,3.79,6.47,7.17,6.46,7.37,6.31,7.60,7.03,4.43,0.98,1.60,1.84,3.40,0.97,0.26,0.26,1.63,99.00,11.05,12.37,13.87,12.52,10.19,11.00,12.08,9.39,11.40,12.70,10.97,12.97,4.43,2.74,7.34],
  [12.27,8.88,2.94,8.32,18.13,15.55,10.47,7.33,8.41,4.99,3.46,5.47,4.91,4.20,6.95,5.39,2.77,6.14,7.00,7.41,13.13,17.17,17.29,13.82,11.59,23.06,19.39,19.95,16.89,21.88,11.91,7.48,10.69,11.99,8.44,9.18,8.88,11.87,10.98,12.31,13.14,10.35,8.61,9.05,10.56,13.74,13.29,13.39,15.66,13.69,14.84,13.97,14.90,12.56,15.83,16.28,16.04,16.22,15.35,16.71,16.38,12.60,10.83,10.86,9.80,10.29,12.01,10.79,10.79,12.67,11.05,99.00,6.50,6.62,6.21,2.27,5.21,5.65,1.79,1.16,5.75,4.60,2.73,11.90,10.83,11.48],
  [11.71,2.64,8.06,11.29,16.83,17.92,7.52,8.37,7.45,9.29,4.74,5.06,7.15,7.77,6.77,7.31,6.55,6.78,5.92,8.97,13.00,15.80,16.31,12.54,10.12,23.37,20.71,21.13,17.85,22.11,13.65,10.09,12.48,12.69,10.10,8.69,8.38,12.47,12.51,16.13,16.64,12.02,11.32,10.91,11.33,12.62,12.54,13.14,14.14,11.87,13.97,12.36,13.54,11.84,14.51,14.69,14.87,14.47,13.92,15.04,14.95,11.51,12.69,13.02,12.04,13.38,13.24,12.15,12.15,13.68,12.37,6.50,99.00,1.71,0.43,4.51,1.62,0.86,7.19,5.42,1.08,2.07,4.93,10.73,10.68,8.56],
  [13.37,3.87,8.69,10.03,15.12,19.34,5.84,6.93,5.80,8.43,5.73,6.48,8.31,8.73,8.29,8.54,7.33,8.19,7.50,7.57,11.32,14.10,14.60,10.83,8.42,21.68,19.08,19.49,16.21,20.41,12.13,8.81,10.99,11.07,8.67,7.05,6.74,10.84,10.98,14.91,15.35,10.52,10.01,9.48,9.74,14.32,14.22,14.79,15.85,13.57,15.66,14.07,15.24,13.51,16.22,16.40,16.57,16.18,15.63,16.75,16.66,13.19,14.12,14.42,13.41,14.64,14.76,13.64,13.64,15.23,13.87,6.62,1.71,99.00,1.41,5.04,2.87,1.79,7.68,5.46,1.20,3.02,4.44,12.42,12.30,10.26],
  [11.96,3.06,7.89,10.86,16.53,18.03,7.25,7.96,7.08,8.87,4.66,5.16,7.14,7.70,6.93,7.33,6.41,6.88,6.11,8.54,12.63,15.50,15.99,12.22,9.80,23.01,20.32,20.75,17.46,21.75,13.24,9.66,12.06,12.30,9.68,8.31,8.00,12.08,12.10,15.70,16.21,11.60,10.89,10.49,10.93,12.91,12.81,13.38,14.46,12.18,14.25,12.67,13.84,12.10,14.82,15.02,15.17,14.80,14.23,15.36,15.26,11.79,12.80,13.12,12.13,13.42,13.40,12.29,12.29,13.85,12.52,6.21,0.43,1.41,99.00,4.30,1.59,0.60,6.99,5.11,0.65,1.93,4.54,11.01,10.90,8.91],
  [10.83,6.71,3.65,9.71,18.34,15.21,9.88,7.96,8.39,6.69,1.59,3.56,3.97,3.92,5.32,4.36,2.38,4.69,5.12,8.24,13.63,17.33,17.59,13.95,11.58,23.86,20.48,21.01,17.83,22.65,13.00,8.70,11.77,12.74,9.37,9.39,9.06,12.58,11.98,14.07,14.82,11.37,9.92,10.09,11.28,12.18,11.82,12.07,14.03,11.95,13.37,12.29,13.30,11.08,14.25,14.64,14.51,14.54,13.74,15.06,14.79,11.01,10.17,10.32,9.26,10.14,11.15,9.93,9.93,11.74,10.19,2.27,4.51,5.04,4.30,99.00,3.06,3.70,2.69,1.62,3.97,2.48,2.81,10.27,9.46,9.46],
  [10.66,3.67,6.49,11.10,17.77,16.48,8.63,8.53,8.06,8.68,3.12,3.61,5.55,6.15,5.44,5.74,4.95,5.32,4.70,9.03,13.62,16.75,17.18,13.42,10.98,24.02,21.10,21.57,18.30,22.77,13.84,9.95,12.63,13.11,10.20,9.26,8.93,12.91,12.72,15.83,16.43,12.18,11.20,10.99,11.69,11.72,11.55,12.06,13.36,11.12,13.03,11.57,12.71,10.83,13.69,13.94,14.02,13.75,13.12,14.31,14.16,10.57,11.25,11.56,10.56,11.83,11.90,10.77,10.77,12.38,11.00,5.21,1.62,2.87,1.59,3.06,99.00,1.08,5.68,4.23,1.69,0.62,4.23,9.79,9.52,8.03],
  [11.66,3.44,7.29,10.66,16.78,17.56,7.58,7.88,7.18,8.52,4.08,4.69,6.59,7.11,6.51,6.80,5.81,6.40,5.74,8.43,12.75,15.76,16.21,12.45,10.01,23.15,20.35,20.79,17.51,21.89,13.18,9.47,11.99,12.33,9.58,8.40,8.08,12.12,12.05,15.46,16.01,11.53,10.71,10.39,10.94,12.66,12.53,13.07,14.26,12.00,13.99,12.47,13.63,11.81,14.61,14.83,14.94,14.62,14.03,15.19,15.06,11.53,12.33,12.64,11.63,12.89,12.98,11.85,11.85,13.44,12.08,5.65,0.86,1.79,0.60,3.70,1.08,99.00,6.39,4.56,0.65,1.34,4.12,10.75,10.55,8.80],
  [10.88,9.26,1.17,9.98,19.92,13.77,12.07,9.12,10.14,6.57,3.01,4.72,3.47,2.52,5.83,3.95,1.43,4.93,6.12,9.20,14.92,18.94,19.08,15.59,13.34,24.82,21.11,21.67,18.64,23.65,13.63,9.21,12.43,13.77,10.21,10.95,10.64,13.66,12.74,13.72,14.61,12.10,10.29,10.81,12.35,12.40,11.90,11.91,14.36,12.50,13.44,12.73,13.58,11.18,14.48,14.98,14.67,14.96,14.04,15.42,15.04,11.29,9.12,9.11,8.06,8.50,10.34,9.13,9.13,11.02,9.39,1.79,7.19,7.68,6.99,2.69,5.68,6.39,99.00,2.63,6.65,5.13,4.37,10.63,9.41,10.64],
  [12.30,7.87,3.80,8.18,17.39,16.16,9.44,6.73,7.54,5.08,3.14,5.16,5.15,4.72,6.84,5.60,3.15,6.13,6.72,6.92,12.51,16.41,16.59,13.04,10.75,22.60,19.09,19.63,16.50,21.40,11.59,7.23,10.36,11.48,8.01,8.41,8.09,11.34,10.61,12.47,13.23,9.98,8.42,8.69,10.03,13.70,13.31,13.50,15.58,13.52,14.86,13.85,14.83,12.57,15.78,16.19,16.03,16.11,15.28,16.61,16.32,12.54,11.28,11.37,10.30,10.96,12.37,11.14,11.14,13.00,11.40,1.16,5.42,5.46,5.11,1.62,4.23,4.56,2.63,99.00,4.62,3.61,1.75,11.81,10.91,11.07],
  [12.31,3.71,7.61,10.21,16.13,18.15,6.94,7.34,6.56,8.23,4.55,5.30,7.11,7.56,7.13,7.34,6.20,7.00,6.38,7.92,12.13,15.11,15.57,11.80,9.37,22.52,19.75,20.19,16.91,21.26,12.63,9.01,11.45,11.73,9.06,7.78,7.46,11.52,11.49,15.05,15.56,10.99,10.25,9.87,10.35,13.31,13.18,13.71,14.90,12.64,14.64,13.11,14.27,12.46,15.25,15.47,15.59,15.26,14.67,15.82,15.70,12.17,12.93,13.23,12.21,13.44,13.60,12.46,12.46,14.07,12.70,5.75,1.08,1.20,0.65,3.97,1.69,0.65,6.65,4.62,99.00,1.82,3.93,11.39,11.20,9.42],
  [10.82,4.28,5.98,10.61,17.65,16.37,8.62,8.15,7.84,8.11,2.74,3.58,5.29,5.77,5.47,5.53,4.49,5.24,4.83,8.62,13.37,16.62,17.02,13.27,10.84,23.76,20.76,21.23,17.98,22.52,13.44,9.47,12.22,12.79,9.79,9.01,8.68,12.59,12.34,15.30,15.93,11.78,10.73,10.58,11.36,11.94,11.74,12.19,13.64,11.41,13.24,11.84,12.96,11.01,13.94,14.22,14.26,14.05,13.38,14.60,14.43,10.78,11.16,11.44,10.42,11.62,11.89,10.73,10.73,12.39,10.97,4.60,2.07,3.02,1.93,2.48,0.62,1.34,5.13,3.61,1.82,99.00,3.67,10.01,9.63,8.42],
  [13.61,7.56,5.54,7.07,15.67,17.85,7.74,5.15,5.79,4.46,4.38,6.26,6.72,6.42,8.09,7.14,4.84,7.50,7.78,5.43,10.86,14.68,14.89,11.31,9.00,21.05,17.68,18.20,15.02,19.84,10.22,6.00,8.98,9.93,6.57,6.69,6.37,9.77,9.18,11.67,12.33,8.58,7.24,7.31,8.47,14.92,14.60,14.87,16.74,14.61,16.14,14.98,16.02,13.85,16.99,17.35,17.26,17.23,16.46,17.76,17.51,13.76,12.91,13.02,11.95,12.68,13.93,12.71,12.71,14.54,12.97,2.73,4.93,4.44,4.54,2.81,4.23,4.12,4.37,1.75,3.93,3.67,99.00,13.00,12.26,11.88],
  [1.30,9.95,10.16,19.98,27.53,9.35,18.25,18.02,17.84,16.84,8.69,6.75,7.18,8.37,4.97,6.71,9.25,5.76,5.25,18.40,23.38,26.50,26.96,23.19,20.76,33.77,30.65,31.15,27.92,32.52,23.22,18.97,21.98,22.75,19.56,19.01,18.68,22.56,22.16,24.20,25.01,21.57,20.19,20.31,21.30,1.94,1.84,2.66,3.77,1.97,3.25,2.10,3.02,1.23,3.99,4.39,4.27,4.33,3.47,4.81,4.51,0.78,5.38,6.01,5.86,7.69,4.61,4.42,4.42,4.52,4.43,11.90,10.73,12.42,11.01,10.27,9.79,10.75,10.63,11.81,11.39,10.01,13.00,99.00,1.83,3.31],
  [1.47,10.35,8.80,19.07,27.27,8.10,18.13,17.38,17.43,15.82,7.88,6.12,5.96,7.01,4.21,5.48,8.09,4.78,4.82,17.69,22.91,26.25,26.64,22.90,20.47,33.24,29.94,30.46,27.28,32.01,22.46,18.13,21.23,22.14,18.83,18.56,18.23,21.98,21.44,23.11,23.97,20.83,19.32,19.55,20.69,3.08,2.50,2.61,5.05,3.71,4.02,3.68,4.27,1.81,5.10,5.66,5.27,5.72,4.72,6.11,5.68,2.14,3.64,4.26,4.04,5.89,3.15,2.69,2.69,3.29,2.74,10.83,10.68,12.30,10.90,9.46,9.52,10.55,9.41,10.91,11.20,9.63,12.26,1.83,99.00,4.62],
  [4.61,7.19,10.52,18.95,25.31,12.61,15.94,16.56,15.97,16.13,8.02,6.01,7.54,8.88,4.95,7.16,9.21,5.90,4.53,17.04,21.54,24.29,24.83,21.07,18.67,31.92,29.13,29.58,26.31,30.66,21.86,17.85,20.64,21.12,18.20,17.20,16.88,20.91,20.75,23.49,24.20,20.20,19.10,18.99,19.71,4.69,4.97,5.92,5.77,3.52,6.02,4.09,5.30,4.51,6.22,6.26,6.62,5.99,5.61,6.57,6.57,3.87,8.20,8.80,8.37,10.25,7.74,7.27,7.27,7.75,7.34,11.48,8.56,10.26,8.91,9.46,8.03,8.80,10.64,11.07,9.42,8.42,11.88,3.31,4.62,99.00]
];
