// Chosen Depots: [1, 2, 3, 4, 5, 6]
// Chosen Demand Points (Original DP No): [2, 3, 6, 7, 8, 9, 10, 11, 12, 15, 17, 19, 20, 21, 22, 25, 27, 33, 38, 39, 40, 41, 42, 43, 44, 45, 46, 48, 49, 50, 54, 56, 57, 58, 59, 60, 61, 62, 63, 64, 71, 72, 73, 75, 77, 78, 79, 85, 89, 90, 91, 92, 93, 96, 99, 100, 102, 103, 104, 106, 109, 111, 113, 115, 117, 118, 119, 120, 123, 124, 125, 126, 128, 129, 130, 132, 133, 137, 140, 142, 147, 148, 149, 151, 154, 155, 156, 157, 158, 159, 160, 161, 162, 164, 165, 166, 167, 168, 170, 171]
// Original Weights: [9, 9, 9, 8, 4, 8, 4, 5, 6, 7, 5, 5, 6, 6, 6, 5, 7, 8, 8, 10, 9, 6, 7, 7, 7, 8, 6, 6, 8, 3, 4, 5, 5, 6, 5, 5, 7, 4, 5, 6, 7, 7, 6, 2, 6, 5, 4, 6, 7, 6, 6, 5, 7, 7, 6, 7, 6, 7, 7, 7, 7, 7, 7, 7, 7, 7, 8, 7, 6, 3, 2, 3, 2, 2, 4, 4, 4, 3, 4, 8, 5, 6, 6, 8, 4, 5, 7, 7, 8, 7, 6, 8, 8, 9, 6, 6, 9, 5, 8, 8]

|W| = 6;
|D| = 100;
V = 54;
C = 3;
|K| = 2;
M = 100;
S = 0.25;
|TR| = 15;
δmax = 18.3;
Runtime = 50;

// Priority weights for selected demand points
pj = [
  9, 9, 9, 8, 4, 8, 4, 5, 6, 7, 5, 5, 6, 6, 6, 5, 7, 8, 8, 10, 9, 6, 7, 7, 7, 8, 6, 6, 8, 3, 4, 5, 5, 6, 5, 5, 7, 4, 5, 6, 7, 7, 6, 2, 6, 5, 4, 6, 7, 6, 6, 5, 7, 7, 6, 7, 6, 7, 7, 7, 7, 7, 7, 7, 7, 7, 8, 7, 6, 3, 2, 3, 2, 2, 4, 4, 4, 3, 4, 8, 5, 6, 6, 8, 4, 5, 7, 7, 8, 7, 6, 8, 8, 9, 6, 6, 9, 5, 8, 8
];

δij =
[
  [99.00,99.00,99.00,99.00,99.00,99.00,19.21,17.00,18.10,18.65,17.26,18.55,9.07,9.24,9.16,6.09,6.15,8.42,5.52,8.30,6.76,7.21,6.11,24.16,22.24,24.73,21.64,28.07,27.47,27.53,33.34,34.53,31.29,28.60,33.29,24.83,21.94,21.43,19.52,24.56,22.59,21.87,23.45,20.86,21.04,24.33,19.47,23.28,22.79,25.41,23.33,22.64,20.72,19.49,4.43,2.02,1.03,1.44,3.60,4.53,1.26,2.70,1.23,2.57,2.81,2.46,3.63,2.79,3.80,4.28,3.26,4.65,3.14,4.21,2.62,4.44,6.34,5.05,7.10,6.83,3.46,3.51,3.51,3.84,11.81,11.71,10.83,10.90,13.24,10.58,10.88,12.30,12.20,11.63,12.31,10.82,13.61,13.25,13.05,4.80,1.06,1.30,5.18,1.47,4.61,4.08],
  [99.00,99.00,99.00,99.00,99.00,99.00,8.93,6.60,8.14,9.55,11.93,9.19,9.37,6.43,6.12,5.71,8.33,6.83,7.11,5.99,6.36,6.74,5.12,14.95,12.71,14.44,11.84,19.41,18.64,18.77,24.20,25.19,22.83,19.93,23.93,18.64,15.55,13.93,12.63,15.96,14.85,14.43,14.85,14.68,13.35,16.01,10.51,14.62,14.84,19.18,15.04,15.19,13.85,11.55,13.73,12.16,11.79,12.55,12.96,13.77,12.15,12.68,11.52,12.24,12.45,12.14,13.40,12.72,13.79,13.17,12.79,13.75,9.42,13.76,12.84,12.99,13.15,13.43,13.25,14.13,13.26,12.30,12.30,13.33,9.48,2.64,6.71,5.26,6.76,3.07,9.26,7.87,4.12,4.21,3.71,4.28,7.56,4.23,3.85,7.77,10.11,9.95,7.40,10.35,7.19,8.24],
  [99.00,99.00,99.00,99.00,99.00,99.00,13.22,11.78,11.91,11.31,7.52,11.50,1.22,3.53,3.84,6.45,4.25,3.36,5.60,4.22,4.96,4.22,7.61,16.06,14.70,17.92,14.51,19.18,18.75,18.74,24.59,25.90,22.12,19.69,24.73,14.86,12.19,12.30,10.25,15.88,13.48,12.64,14.88,11.10,12.08,15.46,11.81,14.77,13.80,15.43,14.53,13.36,11.30,10.93,14.68,12.28,11.29,11.22,13.82,14.78,11.47,12.97,11.45,12.78,13.03,12.66,13.90,13.05,14.06,14.45,13.49,14.88,11.53,14.47,12.89,8.16,6.62,8.11,6.09,7.39,9.45,8.25,8.25,9.15,1.98,8.06,3.65,5.10,5.79,7.01,1.17,3.80,7.12,6.55,7.61,5.98,5.54,8.16,8.29,11.46,10.04,10.16,11.45,8.80,10.52,11.22],
  [99.00,99.00,99.00,99.00,99.00,99.00,8.59,9.40,7.92,5.74,3.46,6.34,11.94,11.29,11.41,14.92,14.42,12.06,15.01,12.30,13.83,13.29,15.61,6.49,6.55,9.90,7.18,8.38,8.10,8.03,13.76,15.11,11.16,8.86,14.02,4.80,1.71,1.80,1.22,5.48,2.79,1.90,4.79,1.08,2.10,4.86,5.14,4.82,3.24,5.35,4.14,2.47,0.46,3.00,24.62,22.35,21.49,21.66,23.74,24.71,21.74,23.03,21.51,22.74,23.00,22.62,23.95,23.11,24.20,24.25,23.45,24.77,20.72,24.49,23.03,19.09,17.56,19.07,16.97,18.27,20.31,19.10,19.10,20.06,9.03,11.29,9.71,10.06,7.66,11.56,9.98,8.18,9.91,10.12,10.21,10.61,7.07,9.62,9.99,19.85,19.95,19.98,19.65,19.07,18.95,19.95],
  [99.00,99.00,99.00,99.00,99.00,99.00,9.37,11.70,10.36,9.95,14.60,9.95,21.69,19.75,19.71,22.35,23.24,20.66,23.11,20.44,21.87,21.64,22.46,5.29,6.39,3.85,6.81,5.98,5.32,5.59,7.22,7.69,7.99,6.08,6.52,12.40,11.89,9.94,11.69,6.48,9.08,9.91,6.95,12.45,9.78,7.23,9.30,6.92,8.57,12.41,7.66,9.64,11.28,10.31,31.79,29.92,29.31,29.83,30.97,31.85,29.64,30.52,29.16,30.12,30.36,30.01,31.34,30.58,31.69,31.27,30.75,31.85,27.49,31.77,30.62,28.50,27.49,28.66,27.08,28.35,29.41,28.21,28.21,29.28,19.13,16.83,18.34,17.74,15.71,17.87,19.92,17.39,16.24,16.82,16.13,17.65,15.67,15.19,15.42,25.99,27.61,27.53,25.64,27.27,25.31,26.38],
  [99.00,99.00,99.00,99.00,99.00,99.00,24.93,22.99,23.67,23.59,20.10,23.66,11.89,13.89,13.99,12.46,10.49,12.99,11.18,13.40,12.23,12.22,13.08,28.66,27.13,30.13,26.78,31.85,31.43,31.42,37.25,38.57,34.73,32.36,37.41,27.05,24.66,24.96,22.91,28.55,26.14,25.30,27.54,23.59,24.75,28.13,24.22,27.42,26.47,27.59,27.20,25.99,23.92,23.56,9.89,8.70,8.11,7.06,9.64,9.99,7.82,8.87,8.61,9.19,9.24,9.17,9.20,8.93,8.91,10.28,9.42,10.18,11.17,9.55,8.56,5.23,6.07,4.93,6.60,5.30,4.97,5.85,5.85,4.83,14.66,17.92,15.21,16.01,17.83,16.65,13.77,16.16,17.86,17.21,18.15,16.37,17.85,19.03,18.95,12.88,9.09,9.35,13.25,8.10,12.61,12.15],
  [19.21,8.93,13.22,8.59,9.37,24.93,99.00,2.33,1.31,2.94,9.20,2.38,13.51,11.06,10.94,13.15,14.45,11.94,14.06,11.56,12.87,12.75,13.17,6.44,4.12,5.56,3.09,11.02,10.17,10.36,15.41,16.34,14.42,11.52,15.07,12.60,10.02,7.57,7.60,7.91,7.94,8.00,6.95,9.67,6.94,8.22,3.46,6.69,7.68,13.01,7.45,8.53,8.31,5.60,22.44,20.62,20.06,20.63,21.62,22.49,20.40,21.20,19.88,20.80,21.03,20.69,22.01,21.26,22.37,21.91,21.41,22.49,18.13,22.43,21.32,19.76,19.07,20.00,18.80,20.00,20.50,19.34,19.34,20.43,11.52,7.52,9.88,8.93,7.43,8.64,12.07,9.44,7.14,7.77,6.94,8.62,7.74,6.01,6.17,16.62,18.35,18.25,16.27,18.13,15.94,17.01],
  [17.00,6.60,11.78,9.40,11.70,22.99,2.33,99.00,1.75,3.81,9.14,3.26,11.90,9.23,9.07,10.98,12.50,10.08,11.97,9.60,10.82,10.78,10.92,8.56,6.26,7.87,5.31,13.13,12.30,12.47,17.68,18.64,16.55,13.63,17.37,13.84,11.00,8.78,8.26,9.84,9.39,9.26,8.80,10.44,8.13,10.05,4.69,8.55,9.23,14.31,9.17,9.90,9.22,6.49,20.14,18.35,17.82,18.43,19.33,20.19,18.17,18.93,17.63,18.52,18.75,18.41,19.72,18.98,20.08,19.60,19.12,20.18,15.82,20.13,19.05,17.78,17.24,18.06,17.05,18.20,18.44,17.31,17.31,18.40,10.26,5.29,8.24,7.09,6.07,6.48,10.67,8.12,5.14,5.79,4.85,6.62,6.57,3.96,4.06,14.29,16.11,16.00,13.94,15.97,13.63,14.70],
  [18.10,8.14,11.91,7.92,10.36,23.67,1.31,1.75,99.00,2.19,8.14,1.60,12.21,9.79,9.68,12.02,13.20,10.68,12.87,10.32,11.67,11.52,12.10,6.87,4.58,6.63,3.71,11.41,10.59,10.75,16.06,17.06,14.83,11.92,15.79,12.20,9.45,7.13,6.83,8.10,7.69,7.60,7.05,8.98,6.49,8.30,2.99,6.79,7.50,12.65,7.42,8.22,7.69,4.94,21.44,19.56,18.97,19.51,20.61,21.50,19.30,20.16,18.81,19.76,20.00,19.65,20.98,20.22,21.33,20.92,20.39,21.50,17.14,21.41,20.26,18.51,17.78,18.75,17.51,18.71,19.29,18.12,18.12,19.20,10.21,6.46,8.59,7.67,6.12,7.52,10.76,8.13,5.94,6.56,5.79,7.41,6.43,4.85,5.06,15.70,17.26,17.17,15.37,16.98,14.98,16.06],
  [18.65,9.55,11.31,5.74,9.95,23.59,2.94,3.81,2.19,99.00,6.34,0.59,11.81,9.80,9.76,12.59,13.29,10.71,13.23,10.52,11.99,11.71,12.87,5.57,3.60,6.61,3.21,9.88,9.14,9.26,14.86,15.97,13.29,10.41,14.71,10.04,7.26,4.97,4.69,6.41,5.60,5.44,5.30,6.81,4.32,6.48,0.96,5.07,5.47,10.50,5.53,6.09,5.50,2.75,22.27,20.26,19.58,20.02,21.42,22.34,19.89,20.89,19.47,20.52,20.77,20.40,21.75,20.95,22.07,21.80,21.18,22.36,18.04,22.22,20.96,18.54,17.58,18.71,17.21,18.46,19.46,18.26,18.26,19.33,9.44,7.45,8.39,7.82,5.76,8.28,10.14,7.54,6.53,7.05,6.56,7.84,5.79,5.67,5.97,16.76,17.89,17.84,16.46,17.43,15.97,17.04],
  [17.26,11.93,7.52,3.46,14.60,20.10,9.20,9.14,8.14,6.34,99.00,6.85,8.53,8.21,8.38,11.96,11.13,8.90,11.87,9.26,10.74,10.15,12.78,9.33,8.67,12.14,8.93,11.80,11.47,11.42,17.20,18.54,14.62,12.30,17.42,7.59,4.71,4.97,2.97,8.70,6.12,5.24,7.84,3.62,4.92,8.17,6.26,7.79,6.51,8.17,7.33,5.91,3.83,4.43,21.49,19.17,18.27,18.38,20.61,21.58,18.50,19.86,18.33,19.59,19.85,19.47,20.79,19.94,21.02,21.15,20.31,21.65,17.75,21.34,19.84,15.66,14.10,15.62,13.51,14.81,16.91,15.70,15.70,16.64,5.61,9.29,6.69,7.37,5.21,9.23,6.57,5.08,7.81,7.83,8.23,8.11,4.46,7.91,8.27,17.06,16.80,16.84,16.90,15.82,16.13,17.07],
  [18.55,9.19,11.50,6.34,9.95,23.66,2.38,3.26,1.60,0.59,6.85,99.00,11.95,9.82,9.76,12.47,13.30,10.72,13.17,10.49,11.93,11.69,12.70,5.81,3.71,6.48,3.14,10.22,9.45,9.58,15.11,16.18,13.64,10.74,14.92,10.61,7.85,5.54,5.28,6.79,6.13,6.01,5.70,7.40,4.89,6.91,1.43,5.46,5.98,11.07,5.99,6.64,6.09,3.34,22.09,20.11,19.45,19.92,21.24,22.16,19.77,20.73,19.33,20.35,20.60,20.24,21.58,20.80,21.92,21.61,21.01,22.17,17.84,22.05,20.82,18.58,17.67,18.76,17.33,18.57,19.46,18.26,18.26,19.34,9.67,7.19,8.45,7.79,5.85,8.08,10.33,7.71,6.37,6.92,6.35,7.73,5.96,5.43,5.72,16.51,17.76,17.70,16.20,17.35,15.74,16.81],
  [9.07,9.37,1.22,11.94,21.69,11.89,13.51,11.90,12.21,11.81,8.53,11.95,99.00,3.01,3.29,5.38,3.03,2.56,4.43,3.43,3.90,3.18,6.57,16.77,15.29,18.41,15.02,20.06,19.60,19.60,25.46,26.75,23.06,20.58,25.57,15.96,13.23,13.19,11.16,16.70,14.38,13.56,15.67,12.13,12.93,16.31,12.39,15.55,14.67,16.53,15.36,14.29,12.25,11.68,13.47,11.07,10.09,10.04,12.61,13.57,10.27,11.76,10.24,11.56,11.82,11.45,12.69,11.85,12.86,13.23,12.28,13.67,10.33,13.27,11.68,7.16,5.82,7.17,5.40,6.66,8.39,7.17,7.17,8.12,2.91,7.73,3.66,4.93,6.12,6.59,1.96,4.29,6.99,6.38,7.44,5.70,6.02,8.11,8.18,10.30,8.83,8.94,10.31,7.60,9.37,10.04],
  [9.24,6.43,3.53,11.29,19.75,13.89,11.06,9.23,9.79,9.80,8.21,9.82,3.01,99.00,0.32,3.79,3.49,0.90,3.73,1.07,2.55,2.03,4.75,15.14,13.39,16.26,12.96,18.87,18.30,18.35,24.19,25.41,22.07,19.41,24.19,15.78,12.81,12.20,10.29,15.39,13.35,12.63,14.29,11.74,11.81,15.12,10.52,14.13,13.56,16.36,14.13,13.41,11.50,10.29,13.33,11.07,10.23,10.49,12.45,13.42,10.50,11.75,10.23,11.45,11.71,11.33,12.67,11.83,12.92,12.97,12.16,13.48,9.54,13.20,11.75,8.76,8.02,8.97,7.82,8.97,9.66,8.46,8.46,9.52,3.55,4.74,1.59,2.14,4.11,3.58,3.01,3.14,4.14,3.50,4.55,2.74,4.38,5.31,5.32,8.97,8.67,8.69,8.86,7.88,8.02,8.92],
  [9.16,6.12,3.84,11.41,19.71,13.99,10.94,9.07,9.68,9.76,8.38,9.76,3.29,0.32,99.00,3.59,3.54,1.01,3.64,0.89,2.42,1.98,4.50,15.14,13.36,16.19,12.90,18.92,18.34,18.39,24.22,25.44,22.14,19.46,24.21,15.95,12.95,12.28,10.40,15.43,13.43,12.72,14.33,11.89,11.89,15.18,10.50,14.16,13.63,16.52,14.18,13.51,11.62,10.34,13.21,10.97,10.15,10.43,12.33,13.29,10.42,11.64,10.13,11.33,11.60,11.21,12.56,11.71,12.82,12.84,12.04,13.35,9.37,13.08,11.65,8.84,8.17,9.06,8.00,9.13,9.70,8.50,8.50,9.58,3.84,4.48,1.71,2.02,4.12,3.30,3.33,3.30,3.96,3.31,4.34,2.53,4.45,5.13,5.12,8.74,8.56,8.57,8.62,7.82,7.80,8.71],
  [6.09,5.71,6.45,14.92,22.35,12.46,13.15,10.98,12.02,12.59,11.96,12.47,5.38,3.79,3.59,99.00,3.03,3.30,1.48,2.72,1.49,2.23,1.20,18.13,16.17,18.65,15.55,22.15,21.51,21.58,27.35,28.52,25.43,22.68,27.27,19.51,16.50,15.68,13.87,18.62,16.80,16.13,17.50,15.45,15.24,18.44,13.43,17.32,16.96,20.09,17.43,16.92,15.10,13.60,9.80,7.68,6.99,7.49,8.92,9.87,7.30,8.32,6.88,7.97,8.23,7.85,9.21,8.39,9.51,9.38,8.65,9.91,5.80,9.71,8.38,7.28,7.55,7.72,7.75,8.50,7.63,6.61,6.61,7.67,7.18,5.70,5.28,4.96,7.38,4.51,6.44,6.89,6.11,5.55,6.23,4.76,7.87,7.17,6.98,5.19,5.30,5.25,5.11,4.99,4.24,5.12],
  [6.15,8.33,4.25,14.42,23.24,10.49,14.45,12.50,13.20,13.29,11.13,13.30,3.03,3.49,3.54,3.03,99.00,2.58,1.66,2.90,1.97,1.74,4.19,18.61,16.88,19.73,16.44,22.25,21.71,21.74,27.59,28.84,25.38,22.78,27.62,18.69,15.84,15.48,13.51,18.79,16.66,15.89,17.71,14.74,15.14,18.49,14.01,17.56,16.90,19.27,17.50,16.66,14.68,13.69,10.50,8.12,7.18,7.25,9.63,10.60,7.39,8.81,7.28,8.59,8.85,8.47,9.75,8.90,9.94,10.24,9.31,10.69,7.30,10.31,8.76,5.31,4.90,5.56,4.93,5.87,6.18,4.97,4.97,6.04,5.66,7.53,4.98,5.54,7.58,6.25,4.73,6.30,7.37,6.72,7.67,5.88,7.78,8.54,8.47,7.40,5.82,5.93,7.46,4.70,6.50,7.09],
  [8.42,6.83,3.36,12.06,20.66,12.99,11.94,10.08,10.68,10.71,8.90,10.72,2.56,0.90,1.01,3.30,2.58,99.00,2.97,0.87,1.89,1.24,4.38,16.03,14.30,17.17,13.86,19.73,19.17,19.21,25.06,26.29,22.91,20.27,25.07,16.49,13.55,13.03,11.10,16.26,14.19,13.45,15.17,12.48,12.66,15.98,11.42,15.01,14.41,17.07,14.99,14.23,12.30,11.16,12.59,10.29,9.43,9.65,11.71,12.68,9.68,10.97,9.45,10.69,10.96,10.57,11.90,11.05,12.14,12.25,11.41,12.75,8.91,12.44,10.97,7.86,7.17,8.07,7.00,8.12,8.76,7.55,7.55,8.62,3.87,5.41,2.43,3.02,5.00,4.18,3.16,3.88,4.96,4.31,5.33,3.51,5.25,6.13,6.12,8.49,7.90,7.94,8.41,7.04,7.54,8.37],
  [5.52,7.11,5.60,15.01,23.11,11.18,14.06,11.97,12.87,13.23,11.87,13.17,4.43,3.73,3.64,1.48,1.66,2.97,99.00,2.77,1.25,1.73,2.56,18.69,16.83,19.49,16.29,22.55,21.96,22.01,27.83,29.03,25.77,23.08,27.80,19.46,16.52,15.92,14.02,19.05,17.07,16.36,17.94,15.44,15.52,18.81,14.02,17.77,17.27,20.04,17.81,17.14,15.23,13.97,9.62,7.34,6.51,6.82,8.74,9.71,6.78,8.02,6.50,7.73,7.99,7.61,8.94,8.10,9.19,9.28,8.44,9.78,6.02,9.48,8.02,5.96,6.08,6.35,6.28,7.05,6.48,5.38,5.38,6.45,6.68,6.77,5.32,5.42,7.73,5.52,5.83,6.84,6.93,6.31,7.13,5.47,8.09,8.06,7.92,5.87,4.94,4.97,5.89,4.21,4.95,5.63],
  [8.30,5.99,4.22,12.30,20.44,13.40,11.56,9.60,10.32,10.52,9.26,10.49,3.43,1.07,0.89,2.72,2.90,0.87,2.77,99.00,1.54,1.20,3.70,15.95,14.13,16.88,13.63,19.78,19.18,19.24,25.06,26.27,23.00,20.31,25.04,16.83,13.84,13.16,11.28,16.27,14.31,13.60,15.17,12.78,12.76,16.03,11.29,15.00,14.50,17.41,15.03,14.39,12.51,11.19,12.32,10.09,9.28,9.59,11.44,12.41,9.55,10.76,9.26,10.45,10.71,10.33,11.67,10.83,11.94,11.95,11.15,12.46,8.48,12.20,10.77,8.20,7.71,8.46,7.62,8.68,8.98,7.80,7.80,8.88,4.54,4.73,2.60,2.71,4.95,3.46,3.91,4.19,4.47,3.81,4.78,2.98,5.32,5.64,5.58,7.90,7.68,7.69,7.80,6.98,6.96,7.85],
  [6.76,6.36,4.96,13.83,21.87,12.23,12.87,10.82,11.67,11.99,10.74,11.93,3.90,2.55,2.42,1.49,1.97,1.89,1.25,1.54,99.00,0.74,2.67,17.45,15.59,18.27,15.06,21.31,20.71,20.77,26.59,27.78,24.54,21.84,26.55,18.33,15.36,14.70,12.82,17.80,15.85,15.14,16.70,14.29,14.30,17.57,12.77,16.52,16.04,18.91,16.57,15.92,14.04,12.73,10.79,8.55,7.74,8.07,9.91,10.88,8.02,9.22,7.71,8.91,9.18,8.79,10.14,9.29,10.40,10.43,9.62,10.94,7.03,10.66,9.23,7.00,6.84,7.33,6.90,7.81,7.64,6.50,6.50,7.58,5.75,5.69,4.12,4.17,6.48,4.42,4.98,5.68,5.73,5.10,5.97,4.26,6.86,6.88,6.76,6.62,6.14,6.15,6.56,5.46,5.67,6.48],
  [7.21,6.74,4.22,13.29,21.64,12.22,12.75,10.78,11.52,11.71,10.15,11.69,3.18,2.03,1.98,2.23,1.74,1.24,1.73,1.20,0.74,99.00,3.40,17.11,15.32,18.09,14.83,20.89,20.32,20.36,26.20,27.41,24.09,21.43,26.19,17.74,14.79,14.22,12.31,17.40,15.38,14.66,16.30,13.72,13.84,17.14,12.47,16.14,15.59,18.32,16.15,15.43,13.52,12.31,11.35,9.06,8.21,8.46,10.46,11.44,8.47,9.74,8.22,9.45,9.72,9.33,10.67,9.82,10.91,11.00,10.17,11.50,7.68,11.21,9.74,7.01,6.62,7.29,6.59,7.59,7.78,6.60,6.60,7.68,5.04,5.79,3.61,3.90,6.10,4.51,4.25,5.12,5.65,5.00,5.94,4.15,6.41,6.81,6.74,7.34,6.66,6.70,7.29,5.85,6.39,7.18],
  [6.11,5.12,7.61,15.61,22.46,13.08,13.17,10.92,12.10,12.87,12.78,12.70,6.57,4.75,4.50,1.20,4.19,4.38,2.56,3.70,2.67,3.40,99.00,18.44,16.40,18.72,15.72,22.58,21.91,22.00,27.72,28.84,25.90,23.11,27.59,20.27,17.22,16.26,14.51,19.05,17.35,16.73,17.92,16.19,15.78,18.91,13.75,17.73,17.48,20.85,17.91,17.52,15.76,14.09,9.40,7.46,6.90,7.55,8.55,9.47,7.25,8.06,6.71,7.67,7.91,7.56,8.89,8.12,9.23,8.93,8.31,9.49,5.20,9.35,8.16,8.00,8.50,8.48,8.77,9.43,8.16,7.24,7.24,8.25,8.23,5.65,6.12,5.55,7.97,4.62,7.54,7.74,6.34,5.86,6.36,5.15,8.54,7.29,7.05,4.28,5.19,5.08,4.13,5.25,3.35,4.34],
  [24.16,14.95,16.06,6.49,5.29,28.66,6.44,8.56,6.87,5.57,9.33,5.81,16.77,15.14,15.14,18.13,18.61,16.03,18.69,15.95,17.45,17.11,18.44,99.00,2.32,3.93,3.36,4.59,3.74,3.92,9.30,10.40,7.99,5.08,9.15,8.10,6.86,4.69,6.41,1.94,3.96,4.72,1.79,7.27,4.49,2.62,4.70,1.69,3.45,8.29,2.59,4.60,6.02,5.15,27.84,25.80,25.10,25.51,26.99,27.91,25.41,26.44,25.01,26.07,26.33,25.96,27.31,26.51,27.63,27.37,26.74,27.93,23.61,27.78,26.51,23.76,22.59,23.87,22.13,23.42,24.78,23.56,23.56,24.61,14.09,13.00,13.63,13.27,11.03,13.85,14.92,12.51,12.10,12.60,12.13,13.37,10.86,11.23,11.52,22.32,23.43,23.38,22.01,22.91,21.54,22.61],
  [22.24,12.71,14.70,6.55,6.39,27.13,4.12,6.26,4.58,3.60,8.67,3.71,15.29,13.39,13.36,16.17,16.88,14.30,16.83,14.13,15.59,15.32,16.40,2.32,99.00,3.48,1.09,6.91,6.06,6.24,11.49,12.52,10.31,7.40,11.25,9.40,7.45,4.93,6.04,3.89,4.75,5.19,3.10,7.53,4.47,4.34,2.91,2.84,4.33,9.70,3.78,5.42,6.12,4.24,25.80,23.82,23.15,23.61,24.95,25.86,23.47,24.44,23.04,24.06,24.31,23.95,25.29,24.50,25.62,25.30,24.71,25.87,21.53,25.75,24.52,22.12,21.09,22.27,20.69,21.96,23.06,21.85,21.85,22.92,12.77,10.86,11.95,11.42,9.33,11.79,13.54,11.00,10.07,10.62,10.05,11.42,9.28,9.13,9.40,20.17,21.46,21.40,19.86,21.03,19.42,20.49],
  [24.73,14.44,17.92,9.90,3.85,30.13,5.56,7.87,6.63,6.61,12.14,6.48,18.41,16.26,16.19,18.65,19.73,17.17,19.49,16.88,18.27,18.09,18.72,3.93,3.48,99.00,3.41,7.41,6.52,6.79,10.54,11.25,10.39,7.76,10.01,12.03,10.58,8.18,9.49,5.83,7.72,8.35,5.63,10.82,7.80,6.54,6.16,5.46,7.23,12.22,6.44,8.39,9.46,7.71,28.00,26.17,25.59,26.14,27.18,28.06,25.93,26.76,25.43,26.36,26.60,26.25,27.57,26.82,27.93,27.47,26.97,28.05,23.69,27.99,26.87,25.03,24.15,25.22,23.80,25.04,25.86,24.68,24.68,25.76,16.03,13.07,14.93,14.19,12.32,14.15,16.74,14.15,12.57,13.18,12.43,14.01,12.40,11.49,11.69,22.17,23.88,23.79,21.81,23.62,21.50,22.57],
  [21.64,11.84,14.51,7.18,6.81,26.78,3.09,5.31,3.71,3.21,8.93,3.14,15.02,12.96,12.90,15.55,16.44,13.86,16.29,13.63,15.06,14.83,15.72,3.36,1.09,3.41,99.00,7.95,7.09,7.28,12.38,13.35,11.33,8.43,12.08,10.36,8.24,5.69,6.51,4.98,5.66,6.00,4.16,8.20,5.16,5.41,2.78,3.90,5.28,10.69,4.80,6.33,6.78,4.56,25.10,23.17,22.53,23.03,24.26,25.16,22.86,23.78,22.40,23.39,23.63,23.28,24.61,23.84,24.95,24.59,24.03,25.16,20.81,25.06,23.87,21.72,20.78,21.89,20.42,21.67,22.60,21.41,21.41,22.48,12.62,10.12,11.58,10.93,8.96,11.11,13.34,10.75,9.44,10.02,9.37,10.84,9.00,8.43,8.68,19.40,20.83,20.76,19.07,20.47,18.67,19.74],
  [28.07,19.41,19.18,8.38,5.98,31.85,11.02,13.13,11.41,9.88,11.80,10.22,20.06,18.87,18.92,22.15,22.25,19.73,22.55,19.78,21.31,20.89,22.58,4.59,6.91,7.41,7.95,99.00,0.90,0.67,5.40,6.74,3.42,0.54,5.64,7.07,7.73,6.89,8.94,3.53,5.71,6.57,4.65,8.64,7.13,3.76,8.94,4.86,5.39,6.93,4.75,5.91,7.98,8.58,31.93,29.81,29.04,29.36,31.06,32.01,29.33,30.46,28.99,30.12,30.38,30.00,31.35,30.53,31.65,31.49,30.80,32.04,27.78,31.85,30.50,27.20,25.81,27.23,25.25,26.55,28.33,27.11,27.11,28.12,17.21,17.32,17.30,17.20,14.83,18.05,18.12,15.97,16.28,16.73,16.38,17.44,14.49,15.52,15.84,26.59,27.41,27.38,26.30,26.74,25.77,26.83],
  [27.47,18.64,18.75,8.10,5.32,31.43,10.17,12.30,10.59,9.14,11.47,9.45,19.60,18.30,18.34,21.51,21.71,19.17,21.96,19.18,20.71,20.32,21.91,3.74,6.06,6.52,7.09,0.90,99.00,0.29,5.89,7.15,4.25,1.35,5.98,7.34,7.63,6.50,8.55,2.92,5.35,6.23,4.02,8.46,6.67,3.30,8.21,4.20,4.97,7.26,4.23,5.65,7.68,8.02,31.29,29.18,28.43,28.77,30.42,31.36,28.72,29.83,28.37,29.48,29.74,29.37,30.72,29.90,31.02,30.83,30.16,31.39,27.11,31.21,29.88,26.72,25.37,26.77,24.84,26.14,27.82,26.60,26.60,27.62,16.77,16.59,16.74,16.58,14.23,17.36,17.67,15.46,15.60,16.06,15.67,16.79,13.93,14.80,15.11,25.88,26.79,26.76,25.59,26.16,25.08,26.14],
  [27.53,18.77,18.74,8.03,5.59,31.42,10.36,12.47,10.75,9.26,11.42,9.58,19.60,18.35,18.39,21.58,21.74,19.21,22.01,19.24,20.77,20.36,22.00,3.92,6.24,6.79,7.28,0.67,0.29,99.00,5.86,7.15,4.08,1.17,6.01,7.12,7.50,6.47,8.52,2.96,5.30,6.18,4.08,8.36,6.67,3.29,8.32,4.27,4.94,7.03,4.24,5.57,7.61,8.05,31.36,29.25,28.49,28.82,30.49,31.43,28.78,29.90,28.43,29.55,29.81,29.44,30.79,29.97,31.09,30.91,30.23,31.47,27.20,31.28,29.95,26.73,25.36,26.77,24.82,26.12,27.84,26.62,26.62,27.63,16.76,16.70,16.78,16.64,14.28,17.46,17.67,15.48,15.69,16.14,15.77,16.86,13.97,14.91,15.22,25.98,26.85,26.82,25.70,26.21,25.17,26.23],
  [33.34,24.20,24.59,13.76,7.22,37.25,15.41,17.68,16.06,14.86,17.20,15.11,25.46,24.19,24.22,27.35,27.59,25.06,27.83,25.06,26.59,26.20,27.72,9.30,11.49,10.54,12.38,5.40,5.89,5.86,99.00,1.41,3.25,4.90,1.03,11.66,12.97,12.29,14.34,8.80,11.11,11.97,9.89,13.94,12.52,9.14,13.96,10.06,10.79,11.34,10.11,11.30,13.37,13.90,37.11,35.03,34.30,34.65,36.25,37.18,34.59,35.68,34.22,35.32,35.57,35.20,36.55,35.74,36.86,36.64,35.99,37.20,32.90,37.04,35.73,32.59,31.21,32.63,30.66,31.96,33.71,32.48,32.48,33.50,22.61,22.30,22.63,22.44,20.11,23.13,23.52,21.34,21.38,21.86,21.42,22.61,19.82,20.52,20.82,31.61,32.64,32.61,31.31,32.04,30.83,31.90],
  [34.53,25.19,25.90,15.11,7.69,38.57,16.34,18.64,17.06,15.97,18.54,16.18,26.75,25.41,25.44,28.52,28.84,26.29,29.03,26.27,27.78,27.41,28.84,10.40,12.52,11.25,13.35,6.74,7.15,7.15,1.41,99.00,4.63,6.25,1.27,13.07,14.36,13.61,15.66,10.06,12.44,13.30,11.13,15.32,13.82,10.44,15.09,11.28,12.10,12.75,11.38,12.65,14.72,15.14,38.24,36.19,35.48,35.85,37.38,38.31,35.77,36.83,35.39,36.47,36.72,36.35,37.70,36.90,38.02,37.77,37.14,38.33,34.01,38.18,36.90,33.87,32.52,33.92,31.97,33.28,34.96,33.74,33.74,34.76,23.92,23.37,23.86,23.63,21.32,24.24,24.82,22.60,22.50,23.00,22.52,23.76,21.05,21.61,21.90,32.69,33.81,33.77,32.37,33.24,31.92,32.99],
  [31.29,22.83,22.12,11.16,7.99,34.73,14.42,16.55,14.83,13.29,14.62,13.64,23.06,22.07,22.14,25.43,25.38,22.91,25.77,23.00,24.54,24.09,25.90,7.99,10.31,10.39,11.33,3.42,4.25,4.08,3.25,4.63,99.00,2.91,4.05,8.52,10.15,9.90,11.91,6.89,8.73,9.51,8.02,11.19,10.25,6.99,12.34,8.24,8.50,8.17,8.00,8.77,10.82,11.84,35.23,33.07,32.28,32.55,34.35,35.30,32.55,33.73,32.24,33.39,33.65,33.28,34.63,33.80,34.92,34.80,34.08,35.34,31.11,35.13,33.76,30.22,28.73,30.21,28.13,29.43,31.40,30.18,30.18,31.17,20.17,20.71,20.48,20.47,18.07,21.41,21.11,19.09,19.64,20.07,19.75,20.76,17.68,18.91,19.23,29.95,30.66,30.65,29.68,29.94,29.13,30.18],
  [28.60,19.93,19.69,8.86,6.08,32.36,11.52,13.63,11.92,10.41,12.30,10.74,20.58,19.41,19.46,22.68,22.78,20.27,23.08,20.31,21.84,21.43,23.11,5.08,7.40,7.76,8.43,0.54,1.35,1.17,4.90,6.25,2.91,99.00,5.18,7.34,8.16,7.40,9.45,4.06,6.21,7.07,5.19,9.09,7.66,4.29,9.47,5.40,5.91,7.16,5.28,6.40,8.47,9.12,32.47,30.34,29.58,29.89,31.60,32.54,29.86,31.00,29.53,30.65,30.91,30.54,31.89,31.07,32.19,32.03,31.34,32.58,28.32,32.39,31.04,27.72,26.32,27.75,25.76,27.06,28.86,27.63,27.63,28.64,17.72,17.85,17.83,17.73,15.36,18.59,18.64,16.50,16.82,17.26,16.91,17.98,15.02,16.05,16.37,27.12,27.94,27.92,26.84,27.28,26.31,27.37],
  [33.29,23.93,24.73,14.02,6.52,37.41,15.07,17.37,15.79,14.71,17.42,14.92,25.57,24.19,24.21,27.27,27.62,25.07,27.80,25.04,26.55,26.19,27.59,9.15,11.25,10.01,12.08,5.64,5.98,6.01,1.03,1.27,4.05,5.18,99.00,12.24,13.34,12.47,14.52,8.87,11.31,12.18,9.92,14.27,12.66,9.28,13.84,10.07,10.95,11.95,10.21,11.55,13.61,13.94,36.99,34.95,34.23,34.62,36.13,37.06,34.54,35.59,34.15,35.22,35.47,35.11,36.45,35.65,36.77,36.51,35.88,37.07,32.75,36.93,35.65,32.68,31.35,32.73,30.82,32.12,33.76,32.54,32.54,33.56,22.75,22.11,22.65,22.39,20.09,22.99,23.65,21.40,21.25,21.75,21.26,22.52,19.84,20.35,20.64,31.42,32.57,32.52,31.11,32.01,30.66,31.73],
  [24.83,18.64,14.86,4.80,12.40,27.05,12.60,13.84,12.20,10.04,7.59,10.61,15.96,15.78,15.95,19.51,18.69,16.49,19.46,16.83,18.33,17.74,20.27,8.10,9.40,12.03,10.36,7.07,7.34,7.12,11.66,13.07,8.52,7.34,12.24,99.00,3.10,5.07,6.01,6.24,4.71,4.61,6.45,4.08,5.72,5.50,9.23,6.67,5.08,0.58,5.68,4.08,4.80,7.38,29.08,26.76,25.85,25.93,28.20,29.17,26.07,27.44,25.92,27.18,27.44,27.06,28.38,27.53,28.60,28.74,27.89,29.24,25.31,28.93,27.42,22.98,21.24,22.87,20.56,21.83,24.30,23.11,23.11,24.00,13.08,16.09,14.24,14.75,12.40,16.34,14.03,12.65,14.70,14.90,15.01,15.36,11.75,14.42,14.79,24.54,24.38,24.43,24.35,23.39,23.62,24.59],
  [21.94,15.55,12.19,1.71,11.89,24.66,10.02,11.00,9.45,7.26,4.71,7.85,13.23,12.81,12.95,16.50,15.84,13.55,16.52,13.84,15.36,14.79,17.22,6.86,7.45,10.58,8.24,7.73,7.63,7.50,12.97,14.36,10.15,8.16,13.34,3.10,99.00,2.55,2.93,5.42,2.90,2.26,5.07,1.10,3.12,4.69,6.56,5.18,3.40,3.66,4.29,2.27,1.79,4.52,26.14,23.84,22.96,23.09,25.26,26.23,23.20,24.53,23.00,24.25,24.51,24.13,25.45,24.61,25.69,25.78,24.96,26.29,22.30,26.00,24.51,20.34,18.72,20.28,18.09,19.38,21.61,20.40,20.40,21.34,10.32,12.99,11.24,11.69,9.31,13.25,11.28,9.68,11.61,11.80,11.92,12.27,8.69,11.33,11.70,21.48,21.45,21.49,21.28,20.52,20.57,21.55],
  [21.43,13.93,12.30,1.80,9.94,24.96,7.57,8.78,7.13,4.97,4.97,5.54,13.19,12.20,12.28,15.68,15.48,13.03,15.92,13.16,14.70,14.22,16.26,4.69,4.93,8.18,5.69,6.89,6.50,6.47,12.29,13.61,9.90,7.40,12.47,5.07,2.55,99.00,2.05,3.75,1.18,0.50,2.99,2.64,0.64,3.20,4.16,3.02,1.53,5.53,2.38,1.28,1.34,2.40,25.46,23.25,22.43,22.67,24.58,25.54,22.69,23.91,22.41,23.60,23.86,23.48,24.83,23.99,25.10,25.05,24.30,25.58,21.44,25.35,23.93,20.34,18.92,20.36,18.37,19.67,21.51,20.28,20.28,21.28,10.33,11.50,10.61,10.73,8.30,11.96,11.25,9.19,10.23,10.54,10.45,11.14,7.84,9.74,10.10,20.43,20.84,20.84,20.19,20.06,19.56,20.58],
  [19.52,12.63,10.25,1.22,11.69,22.91,7.60,8.26,6.83,4.69,2.97,5.28,11.16,10.29,10.40,13.87,13.51,11.10,14.02,11.28,12.82,12.31,14.51,6.41,6.04,9.49,6.51,8.94,8.55,8.52,14.34,15.66,11.91,9.45,14.52,6.01,2.93,2.05,99.00,5.75,3.23,2.40,4.87,2.19,1.95,5.24,4.20,4.84,3.58,6.55,4.37,3.15,1.25,2.04,23.60,21.36,20.52,20.73,22.72,23.69,20.78,22.04,20.53,21.73,21.99,21.61,22.95,22.11,23.21,23.22,22.44,23.74,19.65,23.48,22.04,18.31,16.87,18.32,16.31,17.62,19.49,18.27,18.27,19.26,8.28,10.09,8.70,8.96,6.55,10.40,9.21,7.23,8.72,8.95,9.01,9.47,6.00,8.41,8.78,18.74,18.96,18.97,18.53,18.13,17.85,18.85],
  [24.56,15.96,15.88,5.48,6.48,28.55,7.91,9.84,8.10,6.41,8.70,6.79,16.70,15.39,15.43,18.62,18.79,16.26,19.05,16.27,17.80,17.40,19.05,1.94,3.89,5.83,4.98,3.53,2.92,2.96,8.80,10.06,6.89,4.06,8.87,6.24,5.42,3.75,5.75,99.00,2.70,3.58,1.13,6.05,3.82,0.77,5.46,1.35,2.23,6.40,1.37,3.19,5.02,5.10,28.41,26.29,25.53,25.86,27.54,28.48,25.82,26.94,25.47,26.59,26.85,26.48,27.83,27.01,28.13,27.96,27.28,28.51,24.25,28.33,26.99,23.81,22.49,23.87,21.97,23.27,24.91,23.68,23.68,24.70,13.90,13.81,13.83,13.68,11.32,14.53,14.79,12.54,12.76,13.20,12.86,13.91,11.01,12.01,12.34,23.07,23.89,23.86,22.79,23.25,22.25,23.30],
  [22.59,14.85,13.48,2.79,9.08,26.14,7.94,9.39,7.69,5.60,6.12,6.13,14.38,13.35,13.43,16.80,16.66,14.19,17.07,14.31,15.85,15.38,17.35,3.96,4.75,7.72,5.66,5.71,5.35,5.30,11.11,12.44,8.73,6.21,11.31,4.71,2.90,1.18,3.23,2.70,99.00,0.89,2.18,3.38,1.57,2.07,4.70,2.29,0.51,5.08,1.42,0.68,2.35,3.32,26.59,24.39,23.58,23.83,25.71,26.67,23.85,25.06,23.56,24.74,25.00,24.62,25.97,25.13,26.24,26.18,25.43,26.71,22.54,26.48,25.08,21.53,20.10,21.54,19.55,20.85,22.69,21.46,21.46,22.46,11.51,12.48,11.77,11.84,9.42,13.00,12.43,10.36,11.25,11.60,11.45,12.22,8.98,10.70,11.05,21.50,21.98,21.98,21.26,21.23,20.64,21.67],
  [21.87,14.43,12.64,1.90,9.91,25.30,8.00,9.26,7.60,5.44,5.24,6.01,13.56,12.63,12.72,16.13,15.89,13.45,16.36,13.60,15.14,14.66,16.73,4.72,5.19,8.35,6.00,6.57,6.23,6.18,11.97,13.30,9.51,7.07,12.18,4.61,2.26,0.50,2.40,3.58,0.89,99.00,2.96,2.55,1.13,2.97,4.62,3.03,1.35,5.05,2.26,0.79,1.45,2.90,25.91,23.69,22.86,23.09,25.03,25.99,23.13,24.36,22.86,24.05,24.31,23.93,25.27,24.43,25.54,25.51,24.75,26.04,21.90,25.79,24.38,20.72,19.26,20.72,18.70,20.00,21.89,20.67,20.67,21.66,10.68,11.99,11.04,11.19,8.76,12.45,11.61,9.60,10.72,11.03,10.95,11.62,8.28,10.24,10.60,20.91,21.28,21.29,20.67,20.49,20.03,21.06],
  [23.45,14.85,14.88,4.79,6.95,27.54,6.95,8.80,7.05,5.30,7.84,5.70,15.67,14.29,14.33,17.50,17.71,15.17,17.94,15.17,16.70,16.30,17.92,1.79,3.10,5.63,4.16,4.65,4.02,4.08,9.89,11.13,8.02,5.19,9.92,6.45,5.07,2.99,4.87,1.13,2.18,2.96,99.00,5.51,2.92,1.28,4.34,0.26,1.67,6.71,0.81,2.81,4.33,4.02,27.28,25.17,24.42,24.76,26.42,27.36,24.71,25.82,24.36,25.47,25.73,25.36,26.71,25.89,27.01,26.84,26.15,27.39,23.13,27.20,25.87,22.76,21.47,22.83,20.97,22.26,23.84,22.62,22.62,23.64,12.89,12.69,12.74,12.56,10.22,13.40,13.77,11.48,11.63,12.07,11.73,12.79,9.93,10.89,11.21,21.94,22.77,22.75,21.66,22.14,21.12,22.18],
  [20.86,14.68,11.10,1.08,12.45,23.59,9.67,10.44,8.98,6.81,3.62,7.40,12.13,11.74,11.89,15.45,14.74,12.48,15.44,12.78,14.29,13.72,16.19,7.27,7.53,10.82,8.20,8.64,8.46,8.36,13.94,15.32,11.19,9.09,14.27,4.08,1.10,2.64,2.19,6.05,3.38,2.55,5.51,99.00,3.06,5.36,6.22,5.58,3.88,4.66,4.79,2.87,1.42,4.07,25.06,22.76,21.88,22.00,24.18,25.15,22.11,23.45,21.92,23.17,23.43,23.05,24.38,23.53,24.61,24.71,23.88,25.22,21.25,24.92,23.43,19.25,17.64,19.19,17.01,18.30,20.52,19.31,19.31,20.24,9.22,12.09,10.18,10.67,8.32,12.29,10.18,8.61,10.68,10.85,11.01,11.29,7.67,10.47,10.85,20.45,20.38,20.41,20.27,19.43,19.54,20.52],
  [21.04,13.35,12.08,2.10,9.78,24.75,6.94,8.13,6.49,4.32,4.92,4.89,12.93,11.81,11.89,15.24,15.14,12.66,15.52,12.76,14.30,13.84,15.78,4.49,4.47,7.80,5.16,7.13,6.67,6.67,12.52,13.82,10.25,7.66,12.66,5.72,3.12,0.64,1.95,3.82,1.57,1.13,2.92,3.06,99.00,3.38,3.52,2.89,1.75,6.17,2.45,1.85,1.66,1.80,25.03,22.84,22.03,22.30,24.15,25.11,22.30,23.50,22.01,23.18,23.44,23.06,24.41,23.58,24.69,24.61,23.87,25.15,20.97,24.92,23.53,20.07,18.70,20.10,18.16,19.46,21.21,19.98,19.98,20.99,10.10,10.94,10.23,10.28,7.86,11.44,11.00,8.85,9.70,10.03,9.90,10.66,7.44,9.17,9.53,19.94,20.43,20.42,19.69,19.69,19.07,20.10],
  [24.33,16.01,15.46,4.86,7.23,28.13,8.22,10.05,8.30,6.48,8.17,6.91,16.31,15.12,15.18,18.44,18.49,15.98,18.81,16.03,17.57,17.14,18.91,2.62,4.34,6.54,5.41,3.76,3.30,3.29,9.14,10.44,6.99,4.29,9.28,5.50,4.69,3.20,5.24,0.77,2.07,2.97,1.28,5.36,3.38,99.00,5.52,1.54,1.67,5.68,1.01,2.49,4.42,4.85,28.23,26.08,25.31,25.61,27.36,28.31,25.59,26.74,25.26,26.41,26.67,26.29,27.64,26.82,27.93,27.80,27.09,28.35,24.12,28.14,26.78,23.45,22.08,23.49,21.54,22.84,24.57,23.35,23.35,24.36,13.48,13.78,13.55,13.48,11.09,14.44,14.38,12.21,12.67,13.08,12.80,13.77,10.74,11.98,12.32,22.98,23.68,23.66,22.71,22.99,22.14,23.19],
  [19.47,10.51,11.81,5.14,9.30,24.22,3.46,4.69,2.99,0.96,6.26,1.43,12.39,10.52,10.50,13.43,14.01,11.42,14.02,11.29,12.77,12.47,13.75,4.70,2.91,6.16,2.78,8.94,8.21,8.32,13.96,15.09,12.34,9.47,13.84,9.23,6.56,4.16,4.20,5.46,4.70,4.62,4.34,6.22,3.52,5.52,99.00,4.11,4.54,9.67,4.58,5.23,4.85,2.17,23.15,21.11,20.41,20.82,22.29,23.22,20.71,21.74,20.31,21.38,21.63,21.26,22.61,21.81,22.93,22.68,22.04,23.24,18.93,23.09,21.81,19.23,18.18,19.37,17.78,19.05,20.18,18.97,18.97,20.03,9.90,8.38,9.06,8.60,6.43,9.17,10.64,8.09,7.41,7.91,7.46,8.68,6.37,6.59,6.90,17.67,18.73,18.68,17.38,18.23,16.88,17.94],
  [23.28,14.62,14.77,4.82,6.92,27.42,6.69,8.55,6.79,5.07,7.79,5.46,15.55,14.13,14.16,17.32,17.56,15.01,17.77,15.00,16.52,16.14,17.73,1.69,2.84,5.46,3.90,4.86,4.20,4.27,10.06,11.28,8.24,5.40,10.07,6.67,5.18,3.02,4.84,1.35,2.29,3.03,0.26,5.58,2.89,1.54,4.11,99.00,1.79,6.93,0.99,2.94,4.36,3.88,27.09,24.99,24.24,24.59,26.23,27.17,24.53,25.64,24.18,25.29,25.54,25.17,26.52,25.71,26.83,26.64,25.97,27.20,22.93,27.01,25.69,22.62,21.36,22.70,20.86,22.15,23.70,22.47,22.47,23.50,12.79,12.47,12.58,12.38,10.05,13.19,13.66,11.34,11.42,11.87,11.52,12.59,9.77,10.67,10.99,21.73,22.59,22.56,21.45,21.98,20.91,21.97],
  [22.79,14.84,13.80,3.24,8.57,26.47,7.68,9.23,7.50,5.47,6.51,5.98,14.67,13.56,13.63,16.96,16.90,14.41,17.27,14.50,16.04,15.59,17.48,3.45,4.33,7.23,5.28,5.39,4.97,4.94,10.79,12.10,8.50,5.91,10.95,5.08,3.40,1.53,3.58,2.23,0.51,1.35,1.67,3.88,1.75,1.67,4.54,1.79,99.00,5.42,0.91,1.16,2.79,3.39,26.75,24.57,23.77,24.05,25.88,26.83,24.05,25.24,23.75,24.91,25.17,24.79,26.14,25.31,26.42,26.33,25.60,26.87,22.68,26.65,25.26,21.81,20.42,21.84,19.88,21.18,22.96,21.73,21.73,22.74,11.82,12.51,11.98,11.99,9.58,13.08,12.74,10.61,11.32,11.69,11.49,12.34,9.18,10.72,11.07,21.60,22.16,22.16,21.35,21.44,20.75,21.79],
  [25.41,19.18,15.43,5.35,12.41,27.59,13.01,14.31,12.65,10.50,8.17,11.07,16.53,16.36,16.52,20.09,19.27,17.07,20.04,17.41,18.91,18.32,20.85,8.29,9.70,12.22,10.69,6.93,7.26,7.03,11.34,12.75,8.17,7.16,11.95,0.58,3.66,5.53,6.55,6.40,5.08,5.05,6.71,4.66,6.17,5.68,9.67,6.93,5.42,99.00,5.95,4.47,5.34,7.87,29.66,27.34,26.43,26.51,28.78,29.75,26.65,28.02,26.49,27.76,28.02,27.64,28.96,28.11,29.18,29.32,28.47,29.82,25.89,29.51,28.00,23.54,21.80,23.43,21.11,22.38,24.87,23.68,23.68,24.56,13.66,16.64,14.82,15.33,12.97,16.91,14.61,13.23,15.26,15.46,15.56,15.93,12.33,14.96,15.33,25.11,24.96,25.01,24.92,23.97,24.20,25.17],
  [23.33,15.04,14.53,4.14,7.66,27.20,7.45,9.17,7.42,5.53,7.33,5.99,15.36,14.13,14.18,17.43,17.50,14.99,17.81,15.03,16.57,16.15,17.91,2.59,3.78,6.44,4.80,4.75,4.23,4.24,10.11,11.38,8.00,5.28,10.21,5.68,4.29,2.38,4.37,1.37,1.42,2.26,0.81,4.79,2.45,1.01,4.58,0.99,0.91,5.95,99.00,2.02,3.68,3.84,27.23,25.08,24.30,24.61,26.36,27.30,24.59,25.74,24.26,25.40,25.66,25.28,26.64,25.81,26.93,26.80,26.09,27.34,23.11,27.14,25.78,22.49,21.14,22.53,20.61,21.91,23.60,22.38,22.38,23.39,12.54,12.79,12.55,12.48,10.09,13.44,13.44,11.23,11.67,12.08,11.81,12.76,9.74,10.99,11.33,21.98,22.68,22.66,21.71,22.00,21.14,22.19],
  [22.64,15.19,13.36,2.47,9.64,25.99,8.53,9.90,8.22,6.09,5.91,6.64,14.29,13.41,13.51,16.92,16.66,14.23,17.14,14.39,15.92,15.43,17.52,4.60,5.42,8.39,6.33,5.91,5.65,5.57,11.30,12.65,8.77,6.40,11.55,4.08,2.27,1.28,3.15,3.19,0.68,0.79,2.81,2.87,1.85,2.49,5.23,2.94,1.16,4.47,2.02,99.00,2.07,3.65,26.69,24.47,23.64,23.87,25.81,26.78,23.90,25.14,23.64,24.83,25.09,24.71,26.06,25.22,26.32,26.30,25.53,26.83,22.69,26.58,25.16,21.45,19.97,21.45,19.39,20.70,22.64,21.42,21.42,22.40,11.40,12.77,11.82,11.98,9.55,13.24,12.34,10.37,11.50,11.82,11.72,12.41,9.07,11.01,11.37,21.70,22.06,22.07,21.46,21.26,20.82,21.85],
  [20.72,13.85,11.30,0.46,11.28,23.92,8.31,9.22,7.69,5.50,3.83,6.09,12.25,11.50,11.62,15.10,14.68,12.30,15.23,12.51,14.04,13.52,15.76,6.02,6.12,9.46,6.78,7.98,7.68,7.61,13.37,14.72,10.82,8.47,13.61,4.80,1.79,1.34,1.25,5.02,2.35,1.45,4.33,1.42,1.66,4.42,4.85,4.36,2.79,5.34,3.68,2.07,99.00,2.75,24.83,22.58,21.72,21.92,23.95,24.91,21.98,23.25,21.74,22.95,23.22,22.83,24.17,23.33,24.43,24.45,23.66,24.97,20.90,24.70,23.26,19.41,17.91,19.40,17.33,18.63,20.62,19.40,19.40,20.37,9.35,11.32,9.92,10.21,7.80,11.65,10.29,8.42,9.96,10.20,10.25,10.73,7.24,9.62,9.99,19.99,20.17,20.19,19.78,19.32,19.10,20.10],
  [19.49,11.55,10.93,3.00,10.31,23.56,5.60,6.49,4.94,2.75,4.43,3.34,11.68,10.29,10.34,13.60,13.69,11.16,13.97,11.19,12.73,12.31,14.09,5.15,4.24,7.71,4.56,8.58,8.02,8.05,13.90,15.14,11.84,9.12,13.94,7.38,4.52,2.40,2.04,5.10,3.32,2.90,4.02,4.07,1.80,4.85,2.17,3.88,3.39,7.87,3.84,3.65,2.75,99.00,23.39,21.24,20.46,20.77,22.52,23.47,20.74,21.90,20.42,21.56,21.82,21.44,22.79,21.97,23.08,22.97,22.25,23.51,19.30,23.30,21.93,18.74,17.49,18.82,17.01,18.30,19.82,18.60,18.60,19.62,8.95,9.15,8.73,8.64,6.25,9.69,9.80,7.46,7.93,8.30,8.12,8.95,5.91,7.38,7.73,18.21,18.83,18.82,17.96,18.16,17.36,18.40],
  [4.43,13.73,14.68,24.62,31.79,9.89,22.44,20.14,21.44,22.27,21.49,22.09,13.47,13.33,13.21,9.80,10.50,12.59,9.62,12.32,10.79,11.35,9.40,27.84,25.80,28.00,25.10,31.93,31.29,31.36,37.11,38.24,35.23,32.47,36.99,29.08,26.14,25.46,23.60,28.41,26.59,25.91,27.28,25.06,25.03,28.23,23.15,27.09,26.75,29.66,27.23,26.69,24.83,23.39,99.00,2.40,3.43,3.89,0.88,0.12,3.35,1.73,3.23,1.91,1.65,2.03,0.86,1.64,0.99,0.64,1.19,0.29,4.32,0.35,1.89,8.25,10.38,8.79,11.19,10.65,6.86,7.48,7.48,7.33,16.14,14.98,14.91,14.76,17.17,14.01,15.23,16.46,15.74,15.24,15.75,14.50,17.62,16.67,16.42,6.02,4.70,4.65,6.43,5.89,6.54,5.49],
  [2.02,12.16,12.28,22.35,29.92,8.70,20.62,18.35,19.56,20.26,19.17,20.11,11.07,11.07,10.97,7.68,8.12,10.29,7.34,10.09,8.55,9.06,7.46,25.80,23.82,26.17,23.17,29.81,29.18,29.25,35.03,36.19,33.07,30.34,34.95,26.76,23.84,23.25,21.36,26.29,24.39,23.69,25.17,22.76,22.84,26.08,21.11,24.99,24.57,27.34,25.08,24.47,22.58,21.24,2.40,99.00,1.05,1.80,1.58,2.51,1.08,0.69,0.84,0.61,0.81,0.53,1.63,0.77,1.85,2.29,1.25,2.63,2.98,2.19,0.71,6.09,8.14,6.67,8.93,8.51,4.82,5.24,5.24,5.27,13.78,13.11,12.66,12.61,14.99,12.06,12.85,14.18,13.74,13.21,13.80,12.43,15.41,14.74,14.50,4.90,2.41,2.43,5.33,3.49,5.10,4.22],
  [1.03,11.79,11.29,21.49,29.31,8.11,20.06,17.82,18.97,19.58,18.27,19.45,10.09,10.23,10.15,6.99,7.18,9.43,6.51,9.28,7.74,8.21,6.90,25.10,23.15,25.59,22.53,29.04,28.43,28.49,34.30,35.48,32.28,29.58,34.23,25.85,22.96,22.43,20.52,25.53,23.58,22.86,24.42,21.88,22.03,25.31,20.41,24.24,23.77,26.43,24.30,23.64,21.72,20.46,3.43,1.05,99.00,1.06,2.63,3.54,0.37,1.70,0.50,1.64,1.86,1.54,2.62,1.79,2.77,3.34,2.29,3.67,3.12,3.19,1.59,5.09,7.12,5.69,7.90,7.52,3.91,4.22,4.22,4.34,12.83,12.54,11.82,11.86,14.22,11.44,11.90,13.31,13.09,12.54,13.18,11.74,14.60,14.12,13.91,4.97,1.71,1.84,5.38,2.50,4.97,4.25],
  [1.44,12.55,11.22,21.66,29.83,7.06,20.63,18.43,19.51,20.02,18.38,19.92,10.04,10.49,10.43,7.49,7.25,9.65,6.82,9.59,8.07,8.46,7.55,25.51,23.61,26.14,23.03,29.36,28.77,28.82,34.65,35.85,32.55,29.89,34.62,25.93,23.09,22.67,20.73,25.86,23.83,23.09,24.76,22.00,22.30,25.61,20.82,24.59,24.05,26.51,24.61,23.87,21.92,20.77,3.89,1.80,1.06,99.00,3.22,4.00,0.77,2.26,1.55,2.39,2.54,2.32,3.03,2.35,3.04,3.95,2.90,4.16,4.16,3.59,2.02,4.37,6.49,4.93,7.30,6.78,3.04,3.59,3.59,3.50,12.86,13.14,12.07,12.23,14.54,11.99,11.91,13.50,13.59,13.01,13.71,12.19,14.87,14.65,14.46,5.99,2.46,2.66,6.39,2.61,5.92,5.26],
  [3.60,12.96,13.82,23.74,30.97,9.64,21.62,19.33,20.61,21.42,20.61,21.24,12.61,12.45,12.33,8.92,9.63,11.71,8.74,11.44,9.91,10.46,8.55,26.99,24.95,27.18,24.26,31.06,30.42,30.49,36.25,37.38,34.35,31.60,36.13,28.20,25.26,24.58,22.72,27.54,25.71,25.03,26.42,24.18,24.15,27.36,22.29,26.23,25.88,28.78,26.36,25.81,23.95,22.52,0.88,1.58,2.63,3.22,99.00,0.97,2.60,0.97,2.38,1.04,0.79,1.16,0.55,0.88,0.98,0.73,0.34,1.06,3.54,0.81,1.21,7.58,9.68,8.15,10.48,10.00,6.25,6.77,6.77,6.71,15.27,14.14,14.03,13.88,16.29,13.16,14.36,15.58,14.89,14.38,14.90,13.64,16.74,15.83,15.58,5.32,3.82,3.77,5.74,5.05,5.77,4.75],
  [4.53,13.77,14.78,24.71,31.85,9.99,22.49,20.19,21.50,22.34,21.58,22.16,13.57,13.42,13.29,9.87,10.60,12.68,9.71,12.41,10.88,11.44,9.47,27.91,25.86,28.06,25.16,32.01,31.36,31.43,37.18,38.31,35.30,32.54,37.06,29.17,26.23,25.54,23.69,28.48,26.67,25.99,27.36,25.15,25.11,28.31,23.22,27.17,26.83,29.75,27.30,26.78,24.91,23.47,0.12,2.51,3.54,4.00,0.97,99.00,3.46,1.84,3.33,2.01,1.75,2.13,0.97,1.75,1.10,0.63,1.29,0.19,4.37,0.45,2.00,8.36,10.49,8.91,11.30,10.76,6.98,7.59,7.59,7.44,16.24,15.04,15.00,14.84,17.25,14.08,15.33,16.55,15.81,15.31,15.81,14.57,17.71,16.74,16.48,6.05,4.79,4.74,6.46,6.00,6.59,5.53],
  [1.26,12.15,11.47,21.74,29.64,7.82,20.40,18.17,19.30,19.89,18.50,19.77,10.27,10.50,10.42,7.30,7.39,9.68,6.78,9.55,8.02,8.47,7.25,25.41,23.47,25.93,22.86,29.33,28.72,28.78,34.59,35.77,32.55,29.86,34.54,26.07,23.20,22.69,20.78,25.82,23.85,23.13,24.71,22.11,22.30,25.59,20.71,24.53,24.05,26.65,24.59,23.90,21.98,20.74,3.35,1.08,0.37,0.77,2.60,3.46,99.00,1.64,0.81,1.68,1.87,1.60,2.51,1.73,2.61,3.33,2.27,3.60,3.47,3.09,1.47,5.01,7.08,5.59,7.88,7.44,3.76,4.18,4.18,4.20,13.04,12.88,12.09,12.15,14.50,11.78,12.10,13.56,13.42,12.85,13.51,12.05,14.87,14.45,14.24,5.33,2.06,2.20,5.74,2.69,5.35,4.61],
  [2.70,12.68,12.97,23.03,30.52,8.87,21.20,18.93,20.16,20.89,19.86,20.73,11.76,11.75,11.64,8.32,8.81,10.97,8.02,10.76,9.22,9.74,8.06,26.44,24.44,26.76,23.78,30.46,29.83,29.90,35.68,36.83,33.73,31.00,35.59,27.44,24.53,23.91,22.04,26.94,25.06,24.36,25.82,23.45,23.50,26.74,21.74,25.64,25.24,28.02,25.74,25.14,23.25,21.90,1.73,0.69,1.70,2.26,0.97,1.84,1.64,99.00,1.53,0.47,0.38,0.54,0.94,0.09,1.19,1.70,0.64,1.97,3.35,1.51,0.31,6.62,8.71,7.18,9.51,9.04,5.29,5.81,5.81,5.75,14.47,13.70,13.33,13.26,15.66,12.67,13.54,14.86,14.37,13.84,14.41,13.07,16.08,15.35,15.11,5.25,3.08,3.08,5.68,4.17,5.55,4.60],
  [1.23,11.52,11.45,21.51,29.16,8.61,19.88,17.63,18.81,19.47,18.33,19.33,10.24,10.23,10.13,6.88,7.28,9.45,6.50,9.26,7.71,8.22,6.71,25.01,23.04,25.43,22.40,28.99,28.37,28.43,34.22,35.39,32.24,29.53,34.15,25.92,23.00,22.41,20.53,25.47,23.56,22.86,24.36,21.92,22.01,25.26,20.31,24.18,23.75,26.49,24.26,23.64,21.74,20.42,3.23,0.84,0.50,1.55,2.38,3.33,0.81,1.53,99.00,1.34,1.59,1.23,2.47,1.62,2.69,3.05,2.05,3.44,2.66,3.03,1.52,5.52,7.51,6.12,8.28,7.94,4.37,4.63,4.63,4.80,12.94,12.37,11.82,11.79,14.17,11.29,12.01,13.34,12.97,12.42,13.03,11.64,14.58,13.97,13.75,4.54,1.58,1.64,4.95,2.67,4.60,3.82],
  [2.57,12.24,12.78,22.74,30.12,9.19,20.80,18.52,19.76,20.52,19.59,20.35,11.56,11.45,11.33,7.97,8.59,10.69,7.73,10.45,8.91,9.45,7.67,26.07,24.06,26.36,23.39,30.12,29.48,29.55,35.32,36.47,33.39,30.65,35.22,27.18,24.25,23.60,21.73,26.59,24.74,24.05,25.47,23.17,23.18,26.41,21.38,25.29,24.91,27.76,25.40,24.83,22.95,21.56,1.91,0.61,1.64,2.39,1.04,2.01,1.68,0.47,1.34,99.00,0.26,0.12,1.24,0.49,1.57,1.71,0.72,2.10,2.89,1.75,0.73,6.69,8.75,7.28,9.53,9.12,5.43,5.84,5.84,5.88,14.24,13.30,13.03,12.92,15.33,12.28,13.32,14.57,13.99,13.47,14.02,12.71,15.76,14.96,14.71,4.78,2.80,2.76,5.21,4.01,5.10,4.14],
  [2.81,12.45,13.03,23.00,30.36,9.24,21.03,18.75,20.00,20.77,19.85,20.60,11.82,11.71,11.60,8.23,8.85,10.96,7.99,10.71,9.18,9.72,7.91,26.33,24.31,26.60,23.63,30.38,29.74,29.81,35.57,36.72,33.65,30.91,35.47,27.44,24.51,23.86,21.99,26.85,25.00,24.31,25.73,23.43,23.44,26.67,21.63,25.54,25.17,28.02,25.66,25.09,23.22,21.82,1.65,0.81,1.86,2.54,0.79,1.75,1.87,0.38,1.59,0.26,99.00,0.38,0.98,0.35,1.33,1.48,0.46,1.85,3.08,1.49,0.69,6.88,8.95,7.45,9.74,9.30,5.59,6.04,6.04,6.04,14.50,13.54,13.30,13.18,15.59,12.53,13.58,14.83,14.24,13.72,14.27,12.96,16.02,15.20,14.96,4.95,3.06,3.02,5.38,4.27,5.30,4.32],
  [2.46,12.14,12.66,22.62,30.01,9.17,20.69,18.41,19.65,20.40,19.47,20.24,11.45,11.33,11.21,7.85,8.47,10.57,7.61,10.33,8.79,9.33,7.56,25.96,23.95,26.25,23.28,30.00,29.37,29.44,35.20,36.35,33.28,30.54,35.11,27.06,24.13,23.48,21.61,26.48,24.62,23.93,25.36,23.05,23.06,26.29,21.26,25.17,24.79,27.64,25.28,24.71,22.83,21.44,2.03,0.53,1.54,2.32,1.16,2.13,1.60,0.54,1.23,0.12,0.38,99.00,1.35,0.58,1.68,1.82,0.84,2.22,2.81,1.87,0.78,6.61,8.65,7.19,9.44,9.03,5.35,5.75,5.75,5.80,14.12,13.19,12.91,12.81,15.21,12.17,13.20,14.45,13.88,13.36,13.91,12.59,15.64,14.84,14.60,4.71,2.67,2.64,5.14,3.90,5.01,4.06],
  [3.63,13.40,13.90,23.95,31.34,9.20,22.01,19.72,20.98,21.75,20.79,21.58,12.69,12.67,12.56,9.21,9.75,11.90,8.94,11.67,10.14,10.67,8.89,27.31,25.29,27.57,24.61,31.35,30.72,30.79,36.55,37.70,34.63,31.89,36.45,28.38,25.45,24.83,22.95,27.83,25.97,25.27,26.71,24.38,24.41,27.64,22.61,26.52,26.14,28.96,26.64,26.06,24.17,22.79,0.86,1.63,2.62,3.03,0.55,0.97,2.51,0.94,2.47,1.24,0.98,1.35,99.00,0.85,0.43,1.09,0.61,1.13,3.98,0.58,1.04,7.39,9.52,7.94,10.33,9.79,6.01,6.62,6.62,6.47,15.40,14.51,14.25,14.16,16.56,13.51,14.48,15.78,15.22,14.70,15.25,13.94,16.99,16.18,15.94,5.81,4.00,3.99,6.23,5.10,6.22,5.21],
  [2.79,12.72,13.05,23.11,30.58,8.93,21.26,18.98,20.22,20.95,19.94,20.80,11.85,11.83,11.71,8.39,8.90,11.05,8.10,10.83,9.29,9.82,8.12,26.51,24.50,26.82,23.84,30.53,29.90,29.97,35.74,36.90,33.80,31.07,35.65,27.53,24.61,23.99,22.11,27.01,25.13,24.43,25.89,23.53,23.58,26.82,21.81,25.71,25.31,28.11,25.81,25.22,23.33,21.97,1.64,0.77,1.79,2.35,0.88,1.75,1.73,0.09,1.62,0.49,0.35,0.58,0.85,99.00,1.12,1.61,0.56,1.88,3.38,1.42,0.37,6.71,8.80,7.27,9.61,9.13,5.38,5.90,5.90,5.84,14.55,13.76,13.41,13.33,15.73,12.73,13.63,14.94,14.43,13.90,14.47,13.14,16.15,15.41,15.17,5.27,3.16,3.15,5.69,4.26,5.58,4.62],
  [3.80,13.79,14.06,24.20,31.69,8.91,22.37,20.08,21.33,22.07,21.02,21.92,12.86,12.92,12.82,9.51,9.94,12.14,9.19,11.94,10.40,10.91,9.23,27.63,25.62,27.93,24.95,31.65,31.02,31.09,36.86,38.02,34.92,32.19,36.77,28.60,25.69,25.10,23.21,28.13,26.24,25.54,27.01,24.61,24.69,27.93,22.93,26.83,26.42,29.18,26.93,26.32,24.43,23.08,0.99,1.85,2.77,3.04,0.98,1.10,2.61,1.19,2.69,1.57,1.33,1.68,0.43,1.12,99.00,1.41,1.03,1.28,4.39,0.65,1.18,7.35,9.50,7.88,10.32,9.73,5.94,6.62,6.62,6.40,15.60,14.87,14.51,14.45,16.84,13.84,14.67,16.03,15.55,15.03,15.59,14.26,17.26,16.52,16.28,6.23,4.26,4.27,6.65,5.27,6.62,5.62],
  [4.28,13.17,14.45,24.25,31.27,10.28,21.91,19.60,20.92,21.80,21.15,21.61,13.23,12.97,12.84,9.38,10.24,12.25,9.28,11.95,10.43,11.00,8.93,27.37,25.30,27.47,24.59,31.49,30.83,30.91,36.64,37.77,34.80,32.03,36.51,28.74,25.78,25.05,23.22,27.96,26.18,25.51,26.84,24.71,24.61,27.80,22.68,26.64,26.33,29.32,26.80,26.30,24.45,22.97,0.64,2.29,3.34,3.95,0.73,0.63,3.33,1.70,3.05,1.71,1.48,1.82,1.09,1.61,1.41,99.00,1.06,0.58,3.79,0.87,1.94,8.32,10.41,8.88,11.21,10.74,6.98,7.50,7.50,7.44,15.86,14.47,14.54,14.34,16.76,13.53,14.96,16.11,15.27,14.78,15.26,14.05,17.23,16.18,15.92,5.43,4.41,4.33,5.84,5.72,5.99,4.93],
  [3.26,12.79,13.49,23.45,30.75,9.42,21.41,19.12,20.39,21.18,20.31,21.01,12.28,12.16,12.04,8.65,9.31,11.41,8.44,11.15,9.62,10.17,8.31,26.74,24.71,26.97,24.03,30.80,30.16,30.23,35.99,37.14,34.08,31.34,35.88,27.89,24.96,24.30,22.44,27.28,25.43,24.75,26.15,23.88,23.87,27.09,22.04,25.97,25.60,28.47,26.09,25.53,23.66,22.25,1.19,1.25,2.29,2.90,0.34,1.29,2.27,0.64,2.05,0.72,0.46,0.84,0.61,0.56,1.03,1.06,99.00,1.39,3.37,1.05,0.91,7.26,9.35,7.83,10.15,9.68,5.94,6.44,6.44,6.40,14.96,13.92,13.74,13.61,16.02,12.93,14.04,15.28,14.65,14.13,14.67,13.38,16.46,15.60,15.35,5.20,3.51,3.47,5.62,4.72,5.61,4.60],
  [4.65,13.75,14.88,24.77,31.85,10.18,22.49,20.18,21.50,22.36,21.65,22.17,13.67,13.48,13.35,9.91,10.69,12.75,9.78,12.46,10.94,11.50,9.49,27.93,25.87,28.05,25.16,32.04,31.39,31.47,37.20,38.33,35.34,32.58,37.07,29.24,26.29,25.58,23.74,28.51,26.71,26.04,27.39,25.22,25.15,28.35,23.24,27.20,26.87,29.82,27.34,26.83,24.97,23.51,0.29,2.63,3.67,4.16,1.06,0.19,3.60,1.97,3.44,2.10,1.85,2.22,1.13,1.88,1.28,0.58,1.39,99.00,4.36,0.64,2.15,8.52,10.65,9.07,11.46,10.93,7.14,7.75,7.75,7.61,16.33,15.04,15.06,14.88,17.29,14.09,15.42,16.61,15.83,15.34,15.82,14.60,17.76,16.75,16.49,6.01,4.87,4.81,6.41,6.11,6.57,5.51],
  [3.14,9.42,11.53,20.72,27.49,11.17,18.13,15.82,17.14,18.04,17.75,17.84,10.33,9.54,9.37,5.80,7.30,8.91,6.02,8.48,7.03,7.68,5.20,23.61,21.53,23.69,20.81,27.78,27.11,27.20,32.90,34.01,31.11,28.32,32.75,25.31,22.30,21.44,19.65,24.25,22.54,21.90,23.13,21.25,20.97,24.12,18.93,22.93,22.68,25.89,23.11,22.69,20.90,19.30,4.32,2.98,3.12,4.16,3.54,4.37,3.47,3.35,2.66,2.89,3.08,2.81,3.98,3.38,4.39,3.79,3.37,4.36,99.00,4.34,3.57,7.41,9.08,8.04,9.75,9.72,6.59,6.45,6.45,6.95,12.70,10.69,11.07,10.71,13.14,9.77,11.85,12.67,11.52,11.05,11.49,10.35,13.66,12.41,12.14,1.92,2.30,2.03,2.34,3.83,2.24,1.25],
  [4.21,13.76,14.47,24.49,31.77,9.55,22.43,20.13,21.41,22.22,21.34,22.05,13.27,13.20,13.08,9.71,10.31,12.44,9.48,12.20,10.66,11.21,9.35,27.78,25.75,27.99,25.06,31.85,31.21,31.28,37.04,38.18,35.13,32.39,36.93,28.93,26.00,25.35,23.48,28.33,26.48,25.79,27.20,24.92,24.92,28.14,23.09,27.01,26.65,29.51,27.14,26.58,24.70,23.30,0.35,2.19,3.19,3.59,0.81,0.45,3.09,1.51,3.03,1.75,1.49,1.87,0.58,1.42,0.65,0.87,1.05,0.64,4.34,99.00,1.62,7.94,10.08,8.48,10.89,10.33,6.54,7.18,7.18,7.01,15.97,14.95,14.79,14.66,17.07,13.96,15.04,16.32,15.69,15.18,15.70,14.43,17.51,16.63,16.38,6.10,4.54,4.51,6.51,5.68,6.57,5.54],
  [2.62,12.84,12.89,23.03,30.62,8.56,21.32,19.05,20.26,20.96,19.84,20.82,11.68,11.75,11.65,8.38,8.76,10.97,8.02,10.77,9.23,9.74,8.16,26.51,24.52,26.87,23.87,30.50,29.88,29.95,35.73,36.90,33.76,31.04,35.65,27.42,24.51,23.93,22.04,26.99,25.08,24.38,25.87,23.43,23.53,26.78,21.81,25.69,25.26,28.00,25.78,25.16,23.26,21.93,1.89,0.71,1.59,2.02,1.21,2.00,1.47,0.31,1.52,0.73,0.69,0.78,1.04,0.37,1.18,1.94,0.91,2.15,3.57,1.62,99.00,6.39,8.50,6.95,9.31,8.80,5.04,5.60,5.60,5.51,14.42,13.81,13.34,13.31,15.69,12.76,13.49,14.85,14.45,13.91,14.50,13.13,16.10,15.44,15.21,5.48,3.10,3.13,5.91,4.09,5.74,4.82],
  [4.44,12.99,8.16,19.09,28.50,5.23,19.76,17.78,18.51,18.54,15.66,18.58,7.16,8.76,8.84,7.28,5.31,7.86,5.96,8.20,7.00,7.01,8.00,23.76,22.12,25.03,21.72,27.20,26.72,26.73,32.59,33.87,30.22,27.72,32.68,22.98,20.34,20.34,18.31,23.81,21.53,20.72,22.76,19.25,20.07,23.45,19.23,22.62,21.81,23.54,22.49,21.45,19.41,18.74,8.25,6.09,5.09,4.37,7.58,8.36,5.01,6.62,5.52,6.69,6.88,6.61,7.39,6.71,7.35,8.32,7.26,8.52,7.41,7.94,6.39,99.00,2.18,0.62,3.01,2.43,1.50,0.96,0.96,1.08,10.06,12.69,10.17,10.85,12.80,11.41,9.12,11.28,12.65,12.01,12.93,11.16,12.91,13.82,13.73,8.72,5.11,5.38,9.02,3.64,8.20,8.06],
  [6.34,13.15,6.62,17.56,27.49,6.07,19.07,17.24,17.78,17.58,14.10,17.67,5.82,8.02,8.17,7.55,4.90,7.17,6.08,7.71,6.84,6.62,8.50,22.59,21.09,24.15,20.78,25.81,25.37,25.36,31.21,32.52,28.73,26.32,31.35,21.24,18.72,18.92,16.87,22.49,20.10,19.26,21.47,17.64,18.70,22.08,18.18,21.36,20.42,21.80,21.14,19.97,17.91,17.49,10.38,8.14,7.12,6.49,9.68,10.49,7.08,8.71,7.51,8.75,8.95,8.65,9.52,8.80,9.50,10.41,9.35,10.65,9.08,10.08,8.50,2.18,99.00,1.78,0.84,0.98,3.67,2.91,2.91,3.23,8.60,12.41,9.23,10.17,11.83,11.13,7.70,10.10,12.12,11.47,12.47,10.66,11.81,13.30,13.27,10.13,6.83,7.08,10.36,5.26,9.47,9.53],
  [5.05,13.43,8.11,19.07,28.66,4.93,20.00,18.06,18.75,18.71,15.62,18.76,7.17,8.97,9.06,7.72,5.56,8.07,6.35,8.46,7.33,7.29,8.48,23.87,22.27,25.22,21.89,27.23,26.77,26.77,32.63,33.92,30.21,27.75,32.73,22.87,20.28,20.36,18.32,23.87,21.54,20.72,22.83,19.19,20.10,23.49,19.37,22.70,21.84,23.43,22.53,21.45,19.40,18.82,8.79,6.67,5.69,4.93,8.15,8.91,5.59,7.18,6.12,7.28,7.45,7.19,7.94,7.27,7.88,8.88,7.83,9.07,8.04,8.48,6.95,0.62,1.78,99.00,2.61,1.85,1.95,1.58,1.58,1.50,10.05,13.02,10.32,11.08,12.95,11.75,9.11,11.37,12.93,12.28,13.23,11.44,13.02,14.10,14.03,9.33,5.74,6.01,9.63,4.26,8.80,8.68],
  [7.10,13.25,6.09,16.97,27.08,6.60,18.80,17.05,17.51,17.21,13.51,17.33,5.40,7.82,8.00,7.75,4.93,7.00,6.28,7.62,6.90,6.59,8.77,22.13,20.69,23.80,20.42,25.25,24.84,24.82,30.66,31.97,28.13,25.76,30.82,20.56,18.09,18.37,16.31,21.97,19.55,18.70,20.97,17.01,18.16,21.54,17.78,20.86,19.88,21.11,20.61,19.39,17.33,17.01,11.19,8.93,7.90,7.30,10.48,11.30,7.88,9.51,8.28,9.53,9.74,9.44,10.33,9.61,10.32,11.21,10.15,11.46,9.75,10.89,9.31,3.01,0.84,2.61,99.00,1.30,4.50,3.71,3.71,4.07,8.07,12.34,8.93,9.96,11.49,11.07,7.21,9.69,11.96,11.31,12.34,10.51,11.42,13.13,13.12,10.70,7.52,7.77,10.91,5.94,10.00,10.13],
  [6.83,14.13,7.39,18.27,28.35,5.30,20.00,18.20,18.71,18.46,14.81,18.57,6.66,8.97,9.13,8.50,5.87,8.12,7.05,8.68,7.81,7.59,9.43,23.42,21.96,25.04,21.67,26.55,26.14,26.12,31.96,33.28,29.43,27.06,32.12,21.83,19.38,19.67,17.62,23.27,20.85,20.00,22.26,18.30,19.46,22.84,19.05,22.15,21.18,22.38,21.91,20.70,18.63,18.30,10.65,8.51,7.52,6.78,10.00,10.76,7.44,9.04,7.94,9.12,9.30,9.03,9.79,9.13,9.73,10.74,9.68,10.93,9.72,10.33,8.80,2.43,0.98,1.85,1.30,99.00,3.80,3.33,3.33,3.33,9.37,13.38,10.14,11.11,12.72,12.11,8.50,10.96,13.08,12.43,13.44,11.62,12.68,14.26,14.23,10.87,7.43,7.69,11.13,5.89,10.25,10.25],
  [3.46,13.26,9.45,20.31,29.41,4.97,20.50,18.44,19.29,19.46,16.91,19.46,8.39,9.66,9.70,7.63,6.18,8.76,6.48,8.98,7.64,7.78,8.16,24.78,23.06,25.86,22.60,28.33,27.82,27.84,33.71,34.96,31.40,28.86,33.76,24.30,21.61,21.51,19.49,24.91,22.69,21.89,23.84,20.52,21.21,24.57,20.18,23.70,22.96,24.87,23.60,22.64,20.62,19.82,6.86,4.82,3.91,3.04,6.25,6.98,3.76,5.29,4.37,5.43,5.59,5.35,6.01,5.38,5.94,6.98,5.94,7.14,6.59,6.54,5.04,1.50,3.67,1.95,4.50,3.80,99.00,1.23,1.23,0.46,11.30,13.24,11.15,11.68,13.76,11.99,10.34,12.37,13.37,12.73,13.60,11.89,13.93,14.51,14.39,8.11,4.34,4.61,8.46,3.15,7.74,7.41],
  [3.51,12.30,8.25,19.10,28.21,5.85,19.34,17.31,18.12,18.26,15.70,18.26,7.17,8.46,8.50,6.61,4.97,7.55,5.38,7.80,6.50,6.60,7.24,23.56,21.85,24.68,21.41,27.11,26.60,26.62,32.48,33.74,30.18,27.63,32.54,23.11,20.40,20.28,18.27,23.68,21.46,20.67,22.62,19.31,19.98,23.35,18.97,22.47,21.73,23.68,22.38,21.42,19.40,18.60,7.48,5.24,4.22,3.59,6.77,7.59,4.18,5.81,4.63,5.84,6.04,5.75,6.62,5.90,6.62,7.50,6.44,7.75,6.45,7.18,5.60,0.96,2.91,1.58,3.71,3.33,1.23,99.00,0.00,1.08,10.08,12.15,9.93,10.49,12.54,10.89,9.13,11.14,12.21,11.57,12.46,10.73,12.71,13.37,13.26,7.77,4.15,4.42,8.07,2.69,7.27,7.11],
  [3.51,12.30,8.25,19.10,28.21,5.85,19.34,17.31,18.12,18.26,15.70,18.26,7.17,8.46,8.50,6.61,4.97,7.55,5.38,7.80,6.50,6.60,7.24,23.56,21.85,24.68,21.41,27.11,26.60,26.62,32.48,33.74,30.18,27.63,32.54,23.11,20.40,20.28,18.27,23.68,21.46,20.67,22.62,19.31,19.98,23.35,18.97,22.47,21.73,23.68,22.38,21.42,19.40,18.60,7.48,5.24,4.22,3.59,6.77,7.59,4.18,5.81,4.63,5.84,6.04,5.75,6.62,5.90,6.62,7.50,6.44,7.75,6.45,7.18,5.60,0.96,2.91,1.58,3.71,3.33,1.23,0.00,99.00,1.08,10.08,12.15,9.93,10.49,12.54,10.89,9.13,11.14,12.21,11.57,12.46,10.73,12.71,13.37,13.26,7.77,4.15,4.42,8.07,2.69,7.27,7.11],
  [3.84,13.33,9.15,20.06,29.28,4.83,20.43,18.40,19.20,19.33,16.64,19.34,8.12,9.52,9.58,7.67,6.04,8.62,6.45,8.88,7.58,7.68,8.25,24.61,22.92,25.76,22.48,28.12,27.62,27.63,33.50,34.76,31.17,28.64,33.56,24.00,21.34,21.28,19.26,24.70,22.46,21.66,23.64,20.24,20.99,24.36,20.03,23.50,22.74,24.56,23.39,22.40,20.37,19.62,7.33,5.27,4.34,3.50,6.71,7.44,4.20,5.75,4.80,5.88,6.04,5.80,6.47,5.84,6.40,7.44,6.40,7.61,6.95,7.01,5.51,1.08,3.23,1.50,4.07,3.33,0.46,1.08,1.08,99.00,11.03,13.23,10.98,11.57,13.60,11.97,10.08,12.16,13.30,12.66,13.55,11.81,13.75,14.45,14.34,8.43,4.68,4.95,8.76,3.40,8.01,7.73],
  [11.81,9.48,1.98,9.03,19.13,14.66,11.52,10.26,10.21,9.44,5.61,9.67,2.91,3.55,3.84,7.18,5.66,3.87,6.68,4.54,5.75,5.04,8.23,14.09,12.77,16.03,12.62,17.21,16.77,16.76,22.61,23.92,20.17,17.72,22.75,13.08,10.32,10.33,8.28,13.90,11.51,10.68,12.89,9.22,10.10,13.48,9.90,12.79,11.82,13.66,12.54,11.40,9.35,8.95,16.14,13.78,12.83,12.86,15.27,16.24,13.04,14.47,12.94,14.24,14.50,14.12,15.40,14.55,15.60,15.86,14.96,16.33,12.70,15.97,14.42,10.06,8.60,10.05,8.07,9.37,11.30,10.08,10.08,11.03,99.00,7.24,2.77,4.26,4.19,6.42,0.96,2.14,6.05,5.59,6.57,5.24,3.78,6.94,7.13,12.36,11.46,11.54,12.29,10.35,11.41,12.23],
  [11.71,2.64,8.06,11.29,16.83,17.92,7.52,5.29,6.46,7.45,9.29,7.19,7.73,4.74,4.48,5.70,7.53,5.41,6.77,4.73,5.69,5.79,5.65,13.00,10.86,13.07,10.12,17.32,16.59,16.70,22.30,23.37,20.71,17.85,22.11,16.09,12.99,11.50,10.09,13.81,12.48,11.99,12.69,12.09,10.94,13.78,8.38,12.47,12.51,16.64,12.79,12.77,11.32,9.15,14.98,13.11,12.54,13.14,14.14,15.04,12.88,13.70,12.37,13.30,13.54,13.19,14.51,13.76,14.87,14.47,13.92,15.04,10.69,14.95,13.81,12.69,12.41,13.02,12.34,13.38,13.24,12.15,12.15,13.23,7.24,99.00,4.51,3.00,4.13,1.28,7.19,5.42,1.48,1.68,1.08,2.07,4.93,1.80,1.48,9.32,10.83,10.73,9.01,10.68,8.56,9.63],
  [10.83,6.71,3.65,9.71,18.34,15.21,9.88,8.24,8.59,8.39,6.69,8.45,3.66,1.59,1.71,5.28,4.98,2.43,5.32,2.60,4.12,3.61,6.12,13.63,11.95,14.93,11.58,17.30,16.74,16.78,22.63,23.86,20.48,17.83,22.65,14.24,11.24,10.61,8.70,13.83,11.77,11.04,12.74,10.18,10.23,13.55,9.06,12.58,11.98,14.82,12.55,11.82,9.92,8.73,14.91,12.66,11.82,12.07,14.03,15.00,12.09,13.33,11.82,13.03,13.30,12.91,14.25,13.41,14.51,14.54,13.74,15.06,11.07,14.79,13.34,10.17,9.23,10.32,8.93,10.14,11.15,9.93,9.93,10.98,2.77,4.51,99.00,1.51,2.63,3.65,2.69,1.62,3.47,2.93,3.97,2.48,2.81,4.52,4.64,10.39,10.25,10.27,10.25,9.46,9.46,10.39],
  [10.90,5.26,5.10,10.06,17.74,16.01,8.93,7.09,7.67,7.82,7.37,7.79,4.93,2.14,2.02,4.96,5.54,3.02,5.42,2.71,4.17,3.90,5.55,13.27,11.42,14.19,10.93,17.20,16.58,16.64,22.44,23.63,20.47,17.73,22.39,14.75,11.69,10.73,8.96,13.68,11.84,11.19,12.56,10.67,10.28,13.48,8.60,12.38,11.99,15.33,12.48,11.98,10.21,8.64,14.76,12.61,11.86,12.23,13.88,14.84,12.15,13.26,11.79,12.92,13.18,12.81,14.16,13.33,14.45,14.34,13.61,14.88,10.71,14.66,13.31,10.85,10.17,11.08,9.96,11.11,11.68,10.49,10.49,11.57,4.26,3.00,1.51,99.00,2.43,2.19,4.20,2.67,2.06,1.46,2.52,0.98,3.00,3.20,3.25,9.79,10.21,10.19,9.60,9.63,8.89,9.89],
  [13.24,6.76,5.79,7.66,15.71,17.83,7.43,6.07,6.12,5.76,5.21,5.85,6.12,4.11,4.12,7.38,7.58,5.00,7.73,4.95,6.48,6.10,7.97,11.03,9.33,12.32,8.96,14.83,14.23,14.28,20.11,21.32,18.07,15.36,20.09,12.40,9.31,8.30,6.55,11.32,9.42,8.76,10.22,8.32,7.86,11.09,6.43,10.05,9.58,12.97,10.09,9.55,7.80,6.25,17.17,14.99,14.22,14.54,16.29,17.25,14.50,15.66,14.17,15.33,15.59,15.21,16.56,15.73,16.84,16.76,16.02,17.29,13.14,17.07,15.69,12.80,11.83,12.95,11.49,12.72,13.76,12.54,12.54,13.60,4.19,4.13,2.63,2.43,99.00,4.02,4.65,2.05,2.66,2.61,3.13,2.97,0.80,3.09,3.39,12.19,12.59,12.58,11.98,11.93,11.30,12.31],
  [10.58,3.07,7.01,11.56,17.87,16.65,8.64,6.48,7.52,8.28,9.23,8.08,6.59,3.58,3.30,4.51,6.25,4.18,5.52,3.46,4.42,4.51,4.62,13.85,11.79,14.15,11.11,18.05,17.36,17.46,23.13,24.24,21.41,18.59,22.99,16.34,13.25,11.96,10.40,14.53,13.00,12.45,13.40,12.29,11.44,14.44,9.17,13.19,13.08,16.91,13.44,13.24,11.65,9.69,14.01,12.06,11.44,11.99,13.16,14.08,11.78,12.67,11.29,12.28,12.53,12.17,13.51,12.73,13.84,13.53,12.93,14.09,9.77,13.96,12.76,11.41,11.13,11.75,11.07,12.11,11.99,10.89,10.89,11.97,6.42,1.28,3.65,2.19,4.02,99.00,6.24,4.83,1.77,1.45,1.74,1.22,4.77,2.68,2.47,8.54,9.74,9.65,8.27,9.50,7.72,8.78],
  [10.88,9.26,1.17,9.98,19.92,13.77,12.07,10.67,10.76,10.14,6.57,10.33,1.96,3.01,3.33,6.44,4.73,3.16,5.83,3.91,4.98,4.25,7.54,14.92,13.54,16.74,13.34,18.12,17.67,17.67,23.52,24.82,21.11,18.64,23.65,14.03,11.28,11.25,9.21,14.79,12.43,11.61,13.77,10.18,11.00,14.38,10.64,13.66,12.74,14.61,13.44,12.34,10.29,9.80,15.23,12.85,11.90,11.91,14.36,15.33,12.10,13.54,12.01,13.32,13.58,13.20,14.48,13.63,14.67,14.96,14.04,15.42,11.85,15.04,13.49,9.12,7.70,9.11,7.21,8.50,10.34,9.13,9.13,10.08,0.96,7.19,2.69,4.20,4.65,6.24,99.00,2.63,6.14,5.62,6.65,5.13,4.37,7.14,7.29,11.59,10.55,10.63,11.54,9.41,10.64,11.42],
  [12.30,7.87,3.80,8.18,17.39,16.16,9.44,8.12,8.13,7.54,5.08,7.71,4.29,3.14,3.30,6.89,6.30,3.88,6.84,4.19,5.68,5.12,7.74,12.51,11.00,14.15,10.75,15.97,15.46,15.48,21.34,22.60,19.09,16.50,21.40,12.65,9.68,9.19,7.23,12.54,10.36,9.60,11.48,8.61,8.85,12.21,8.09,11.34,10.61,13.23,11.23,10.37,8.42,7.46,16.46,14.18,13.31,13.50,15.58,16.55,13.56,14.86,13.34,14.57,14.83,14.45,15.78,14.94,16.03,16.11,15.28,16.61,12.67,16.32,14.85,11.28,10.10,11.37,9.69,10.96,12.37,11.14,11.14,12.16,2.14,5.42,1.62,2.67,2.05,4.83,2.63,99.00,4.09,3.74,4.62,3.61,1.75,4.88,5.10,12.01,11.78,11.81,11.86,10.91,11.07,12.00],
  [12.20,4.12,7.12,9.91,16.24,17.86,7.14,5.14,5.94,6.53,7.81,6.37,6.99,4.14,3.96,6.11,7.37,4.96,6.93,4.47,5.73,5.65,6.34,12.10,10.07,12.57,9.44,16.28,15.60,15.69,21.38,22.50,19.64,16.82,21.25,14.70,11.61,10.23,8.72,12.76,11.25,10.72,11.63,10.68,9.70,12.67,7.41,11.42,11.32,15.26,11.67,11.50,9.96,7.93,15.74,13.74,13.09,13.59,14.89,15.81,13.42,14.37,12.97,13.99,14.24,13.88,15.22,14.43,15.55,15.27,14.65,15.83,11.52,15.69,14.45,12.65,12.12,12.93,11.96,13.08,13.37,12.21,12.21,13.30,6.05,1.48,3.47,2.06,2.66,1.77,6.14,4.09,99.00,0.65,0.53,1.49,3.46,1.18,1.19,10.31,11.40,11.33,10.04,11.05,9.49,10.55],
  [11.63,4.21,6.55,10.12,16.82,17.21,7.77,5.79,6.56,7.05,7.83,6.92,6.38,3.50,3.31,5.55,6.72,4.31,6.31,3.81,5.10,5.00,5.86,12.60,10.62,13.18,10.02,16.73,16.06,16.14,21.86,23.00,20.07,17.26,21.75,14.90,11.80,10.54,8.95,13.20,11.60,11.03,12.07,10.85,10.03,13.08,7.91,11.87,11.69,15.46,12.08,11.82,10.20,8.30,15.24,13.21,12.54,13.01,14.38,15.31,12.85,13.84,12.42,13.47,13.72,13.36,14.70,13.90,15.03,14.78,14.13,15.34,11.05,15.18,13.91,12.01,11.47,12.28,11.31,12.43,12.73,11.57,11.57,12.66,5.59,1.68,2.93,1.46,2.61,1.45,5.62,3.74,0.65,99.00,1.06,0.85,3.39,1.83,1.82,9.91,10.85,10.79,9.66,10.46,9.07,10.11],
  [12.31,3.71,7.61,10.21,16.13,18.15,6.94,4.85,5.79,6.56,8.23,6.35,7.44,4.55,4.34,6.23,7.67,5.33,7.13,4.78,5.97,5.94,6.36,12.13,10.05,12.43,9.37,16.38,15.67,15.77,21.42,22.52,19.75,16.91,21.26,15.01,11.92,10.45,9.01,12.86,11.45,10.95,11.73,11.01,9.90,12.80,7.46,11.52,11.49,15.56,11.81,11.72,10.25,8.12,15.75,13.80,13.18,13.71,14.90,15.81,13.51,14.41,13.03,14.02,14.27,13.91,15.25,14.47,15.59,15.26,14.67,15.82,11.49,15.70,14.50,12.93,12.47,13.23,12.34,13.44,13.60,12.46,12.46,13.55,6.57,1.08,3.97,2.52,3.13,1.74,6.65,4.62,0.53,1.06,99.00,1.82,3.93,0.94,0.80,10.21,11.47,11.39,9.93,11.20,9.42,10.48],
  [10.82,4.28,5.98,10.61,17.65,16.37,8.62,6.62,7.41,7.84,8.11,7.73,5.70,2.74,2.53,4.76,5.88,3.51,5.47,2.98,4.26,4.15,5.15,13.37,11.42,14.01,10.84,17.44,16.79,16.86,22.61,23.76,20.76,17.98,22.52,15.36,12.27,11.14,9.47,13.91,12.22,11.62,12.79,11.29,10.66,13.77,8.68,12.59,12.34,15.93,12.76,12.41,10.73,8.95,14.50,12.43,11.74,12.19,13.64,14.57,12.05,13.07,11.64,12.71,12.96,12.59,13.94,13.14,14.26,14.05,13.38,14.60,10.35,14.43,13.13,11.16,10.66,11.44,10.51,11.62,11.89,10.73,10.73,11.81,5.24,2.07,2.48,0.98,2.97,1.22,5.13,3.61,1.49,0.85,1.82,99.00,3.67,2.66,2.61,9.29,10.06,10.01,9.06,9.63,8.42,9.45],
  [13.61,7.56,5.54,7.07,15.67,17.85,7.74,6.57,6.43,5.79,4.46,5.96,6.02,4.38,4.45,7.87,7.78,5.25,8.09,5.32,6.86,6.41,8.54,10.86,9.28,12.40,9.00,14.49,13.93,13.97,19.82,21.05,17.68,15.02,19.84,11.75,8.69,7.84,6.00,11.01,8.98,8.28,9.93,7.67,7.44,10.74,6.37,9.77,9.18,12.33,9.74,9.07,7.24,5.91,17.62,15.41,14.60,14.87,16.74,17.71,14.87,16.08,14.58,15.76,16.02,15.64,16.99,16.15,17.26,17.23,16.46,17.76,13.66,17.51,16.10,12.91,11.81,13.02,11.42,12.68,13.93,12.71,12.71,13.75,3.78,4.93,2.81,3.00,0.80,4.77,4.37,1.75,3.46,3.39,3.93,3.67,99.00,3.86,4.17,12.79,13.00,13.00,12.60,12.26,11.88,12.88],
  [13.25,4.23,8.16,9.62,15.19,19.03,6.01,3.96,4.85,5.67,7.91,5.43,8.11,5.31,5.13,7.17,8.54,6.13,8.06,5.64,6.88,6.81,7.29,11.23,9.13,11.49,8.43,15.52,14.80,14.91,20.52,21.61,18.91,16.05,20.35,14.42,11.33,9.74,8.41,12.01,10.70,10.24,10.89,10.47,9.17,11.98,6.59,10.67,10.72,14.96,10.99,11.01,9.62,7.38,16.67,14.74,14.12,14.65,15.83,16.74,14.45,15.35,13.97,14.96,15.20,14.84,16.18,15.41,16.52,16.18,15.60,16.75,12.41,16.63,15.44,13.82,13.30,14.10,13.13,14.26,14.51,13.37,13.37,14.45,6.94,1.80,4.52,3.20,3.09,2.68,7.14,4.88,1.18,1.83,0.94,2.66,3.86,99.00,0.37,11.09,12.41,12.33,10.80,12.14,10.31,11.38],
  [13.05,3.85,8.29,9.99,15.42,18.95,6.17,4.06,5.06,5.97,8.27,5.72,8.18,5.32,5.12,6.98,8.47,6.12,7.92,5.58,6.76,6.74,7.05,11.52,9.40,11.69,8.68,15.84,15.11,15.22,20.82,21.90,19.23,16.37,20.64,14.79,11.70,10.10,8.78,12.34,11.05,10.60,11.21,10.85,9.53,12.32,6.90,10.99,11.07,15.33,11.33,11.37,9.99,7.73,16.42,14.50,13.91,14.46,15.58,16.48,14.24,15.11,13.75,14.71,14.96,14.60,15.94,15.17,16.28,15.92,15.35,16.49,12.14,16.38,15.21,13.73,13.27,14.03,13.12,14.23,14.39,13.26,13.26,14.34,7.13,1.48,4.64,3.25,3.39,2.47,7.29,5.10,1.19,1.82,0.80,2.61,4.17,0.37,99.00,10.79,12.20,12.11,10.49,11.96,10.03,11.10],
  [4.80,7.77,11.46,19.85,25.99,12.88,16.62,14.29,15.70,16.76,17.06,16.51,10.30,8.97,8.74,5.19,7.40,8.49,5.87,7.90,6.62,7.34,4.28,22.32,20.17,22.17,19.40,26.59,25.88,25.98,31.61,32.69,29.95,27.12,31.42,24.54,21.48,20.43,18.74,23.07,21.50,20.91,21.94,20.45,19.94,22.98,17.67,21.73,21.60,25.11,21.98,21.70,19.99,18.21,6.02,4.90,4.97,5.99,5.32,6.05,5.33,5.25,4.54,4.78,4.95,4.71,5.81,5.27,6.23,5.43,5.20,6.01,1.92,6.10,5.48,8.72,10.13,9.33,10.70,10.87,8.11,7.77,7.77,8.43,12.36,9.32,10.39,9.79,12.19,8.54,11.59,12.01,10.31,9.91,10.21,9.29,12.79,11.09,10.79,99.00,3.80,3.53,0.43,5.08,0.95,0.73],
  [1.06,10.11,10.04,19.95,27.61,9.09,18.35,16.11,17.26,17.89,16.80,17.76,8.83,8.67,8.56,5.30,5.82,7.90,4.94,7.68,6.14,6.66,5.19,23.43,21.46,23.88,20.83,27.41,26.79,26.85,32.64,33.81,30.66,27.94,32.57,24.38,21.45,20.84,18.96,23.89,21.98,21.28,22.77,20.38,20.43,23.68,18.73,22.59,22.16,24.96,22.68,22.06,20.17,18.83,4.70,2.41,1.71,2.46,3.82,4.79,2.06,3.08,1.58,2.80,3.06,2.67,4.00,3.16,4.26,4.41,3.51,4.87,2.30,4.54,3.10,5.11,6.83,5.74,7.52,7.43,4.34,4.15,4.15,4.68,11.46,10.83,10.25,10.21,12.59,9.74,10.55,11.78,11.40,10.85,11.47,10.06,13.00,12.41,12.20,3.80,99.00,0.28,4.16,1.58,3.56,3.09],
  [1.30,9.95,10.16,19.98,27.53,9.35,18.25,16.00,17.17,17.84,16.84,17.70,8.94,8.69,8.57,5.25,5.93,7.94,4.97,7.69,6.15,6.70,5.08,23.38,21.40,23.79,20.76,27.38,26.76,26.82,32.61,33.77,30.65,27.92,32.52,24.43,21.49,20.84,18.97,23.86,21.98,21.29,22.75,20.41,20.42,23.66,18.68,22.56,22.16,25.01,22.66,22.07,20.19,18.82,4.65,2.43,1.84,2.66,3.77,4.74,2.20,3.08,1.64,2.76,3.02,2.64,3.99,3.15,4.27,4.33,3.47,4.81,2.03,4.51,3.13,5.38,7.08,6.01,7.77,7.69,4.61,4.42,4.42,4.95,11.54,10.73,10.27,10.19,12.58,9.65,10.63,11.81,11.33,10.79,11.39,10.01,13.00,12.33,12.11,3.53,0.28,99.00,3.90,1.83,3.31,2.81],
  [5.18,7.40,11.45,19.65,25.64,13.25,16.27,13.94,15.37,16.46,16.90,16.20,10.31,8.86,8.62,5.11,7.46,8.41,5.89,7.80,6.56,7.29,4.13,22.01,19.86,21.81,19.07,26.30,25.59,25.70,31.31,32.37,29.68,26.84,31.11,24.35,21.28,20.19,18.53,22.79,21.26,20.67,21.66,20.27,19.69,22.71,17.38,21.45,21.35,24.92,21.71,21.46,19.78,17.96,6.43,5.33,5.38,6.39,5.74,6.46,5.74,5.68,4.95,5.21,5.38,5.14,6.23,5.69,6.65,5.84,5.62,6.41,2.34,6.51,5.91,9.02,10.36,9.63,10.91,11.13,8.46,8.07,8.07,8.76,12.29,9.01,10.25,9.60,11.98,8.27,11.54,11.86,10.04,9.66,9.93,9.06,12.60,10.80,10.49,0.43,4.16,3.90,99.00,5.39,0.96,1.13],
  [1.47,10.35,8.80,19.07,27.27,8.10,18.13,15.97,16.98,17.43,15.82,17.35,7.60,7.88,7.82,4.99,4.70,7.04,4.21,6.98,5.46,5.85,5.25,22.91,21.03,23.62,20.47,26.74,26.16,26.21,32.04,33.24,29.94,27.28,32.01,23.39,20.52,20.06,18.13,23.25,21.23,20.49,22.14,19.43,19.69,22.99,18.23,21.98,21.44,23.97,22.00,21.26,19.32,18.16,5.89,3.49,2.50,2.61,5.05,6.00,2.69,4.17,2.67,4.01,4.27,3.90,5.10,4.26,5.27,5.72,4.72,6.11,3.83,5.68,4.09,3.64,5.26,4.26,5.94,5.89,3.15,2.69,2.69,3.40,10.35,10.68,9.46,9.63,11.93,9.50,9.41,10.91,11.05,10.46,11.20,9.63,12.26,12.14,11.96,5.08,1.58,1.83,5.39,99.00,4.62,4.42],
  [4.61,7.19,10.52,18.95,25.31,12.61,15.94,13.63,14.98,15.97,16.13,15.74,9.37,8.02,7.80,4.24,6.50,7.54,4.95,6.96,5.67,6.39,3.35,21.54,19.42,21.50,18.67,25.77,25.08,25.17,30.83,31.92,29.13,26.31,30.66,23.62,20.57,19.56,17.85,22.25,20.64,20.03,21.12,19.54,19.07,22.14,16.88,20.91,20.75,24.20,21.14,20.82,19.10,17.36,6.54,5.10,4.97,5.92,5.77,6.59,5.35,5.55,4.60,5.10,5.30,5.01,6.22,5.58,6.62,5.99,5.61,6.57,2.24,6.57,5.74,8.20,9.47,8.80,10.00,10.25,7.74,7.27,7.27,8.01,11.41,8.56,9.46,8.89,11.30,7.72,10.64,11.07,9.49,9.07,9.42,8.42,11.88,10.31,10.03,0.95,3.56,3.31,0.96,4.62,99.00,1.07],
  [4.08,8.24,11.22,19.95,26.38,12.15,17.01,14.70,16.06,17.04,17.07,16.81,10.04,8.92,8.71,5.12,7.09,8.37,5.63,7.85,6.48,7.18,4.34,22.61,20.49,22.57,19.74,26.83,26.14,26.23,31.90,32.99,30.18,27.37,31.73,24.59,21.55,20.58,18.85,23.30,21.67,21.06,22.18,20.52,20.10,23.19,17.94,21.97,21.79,25.17,22.19,21.85,20.10,18.40,5.49,4.22,4.25,5.26,4.75,5.53,4.61,4.60,3.82,4.14,4.32,4.06,5.21,4.62,5.62,4.93,4.60,5.51,1.25,5.54,4.82,8.06,9.53,8.68,10.13,10.25,7.41,7.11,7.11,7.73,12.23,9.63,10.39,9.89,12.31,8.78,11.42,12.00,10.55,10.11,10.48,9.45,12.88,11.38,11.10,0.73,3.09,2.81,1.13,4.42,1.07,99.00]
];
