// Chosen Depots: [1, 2, 3, 4, 5, 6]
// Chosen Demand Points (Original DP No): [1, 3, 4, 5, 7, 8, 9, 11, 12, 13, 16, 17, 20, 21, 22, 24, 25, 26, 27, 28, 31, 32, 33, 34, 36, 37, 38, 41, 42, 43, 44, 46, 50, 51, 52, 53, 55, 56, 58, 59, 60, 63, 64, 65, 67, 68, 69, 72, 73, 74, 76, 77, 78, 79, 80, 81, 82, 83, 84, 86, 87, 90, 92, 94, 95, 97, 99, 101, 102, 103, 104, 105, 106, 107, 108, 109, 110, 111, 114, 115, 116, 117, 118, 119, 122, 123, 125, 126, 127, 128, 131, 132, 133, 134, 135, 137, 139, 140, 141, 142, 145, 146, 147, 148, 149, 150, 151, 152, 153, 157, 158, 159, 160, 162, 165, 166, 167, 169, 170, 171]
// Original Weights: [9, 9, 6, 6, 8, 4, 8, 5, 6, 6, 4, 5, 6, 6, 6, 5, 5, 4, 7, 5, 6, 6, 8, 7, 9, 9, 8, 6, 7, 7, 7, 6, 3, 6, 6, 5, 5, 5, 6, 5, 5, 5, 6, 7, 6, 7, 4, 7, 6, 2, 5, 6, 5, 4, 5, 7, 6, 5, 6, 6, 7, 6, 5, 6, 7, 7, 6, 7, 6, 7, 7, 6, 7, 8, 7, 7, 7, 7, 7, 7, 7, 7, 7, 8, 8, 6, 2, 3, 3, 2, 2, 4, 4, 4, 4, 3, 4, 4, 4, 8, 7, 8, 5, 6, 6, 7, 8, 7, 8, 7, 8, 7, 6, 8, 6, 6, 9, 8, 8, 8]

|W| = 6;
|D| = 120;
V = 54;
C = 3;
|K| = 2;
M = 100;
S = 0.25;
|TR| = 16;
δmax = 18.3;
Runtime = 60;

// Priority weights for selected demand points
pj = [
  9, 9, 6, 6, 8, 4, 8, 5, 6, 6, 4, 5, 6, 6, 6, 5, 5, 4, 7, 5, 6, 6, 8, 7, 9, 9, 8, 6, 7, 7, 7, 6, 3, 6, 6, 5, 5, 5, 6, 5, 5, 5, 6, 7, 6, 7, 4, 7, 6, 2, 5, 6, 5, 4, 5, 7, 6, 5, 6, 6, 7, 6, 5, 6, 7, 7, 6, 7, 6, 7, 7, 6, 7, 8, 7, 7, 7, 7, 7, 7, 7, 7, 7, 8, 8, 6, 2, 3, 3, 2, 2, 4, 4, 4, 4, 3, 4, 4, 4, 8, 7, 8, 5, 6, 6, 7, 8, 7, 8, 7, 8, 7, 6, 8, 6, 6, 9, 8, 8, 8
];

δij =
[
  [99.00,99.00,99.00,99.00,99.00,99.00,19.31,17.00,18.70,18.70,18.65,17.26,18.55,9.24,9.16,7.40,7.41,6.15,5.52,8.30,6.76,6.93,7.21,9.54,6.11,6.17,6.00,19.04,24.16,24.34,27.83,24.08,22.24,28.07,27.47,27.53,33.34,31.29,24.83,21.14,19.53,20.04,23.83,21.43,24.56,22.59,21.87,21.04,24.33,21.85,20.18,19.81,22.41,23.28,22.79,24.56,22.19,23.33,22.64,20.72,20.91,20.18,22.00,21.08,22.32,20.20,3.22,2.02,1.44,1.70,4.45,2.58,1.26,2.39,1.23,2.57,2.81,0.36,2.46,3.04,4.35,3.63,4.20,2.79,3.82,4.28,2.70,3.26,4.65,3.14,3.86,2.62,6.34,5.05,5.09,7.10,5.42,3.51,3.51,3.27,3.45,3.84,12.27,11.81,11.81,11.71,11.87,11.96,10.83,10.90,13.24,13.09,10.58,10.66,11.66,11.63,12.31,10.82,13.61,13.05,1.06,1.30,5.18,4.75,4.61,4.08],
  [99.00,99.00,99.00,99.00,99.00,99.00,9.07,6.60,10.80,10.80,9.55,11.93,9.19,6.43,6.12,5.89,8.33,8.33,7.11,5.99,6.36,8.35,6.74,8.34,5.12,7.46,6.09,11.43,14.95,15.21,17.89,14.17,12.71,19.41,18.64,18.77,24.20,22.83,18.64,12.74,11.32,12.98,15.99,13.93,15.96,14.85,14.43,13.35,16.01,13.08,12.54,10.80,15.73,14.62,14.84,18.71,14.39,15.04,15.19,13.85,13.35,11.14,13.56,13.75,14.27,11.95,11.71,12.16,12.55,12.58,13.62,10.69,12.15,11.24,11.52,12.24,12.45,11.16,12.14,10.10,13.23,13.40,13.45,12.72,12.73,13.17,10.14,12.79,13.75,9.42,9.10,12.84,13.15,13.43,12.55,13.25,13.72,12.30,12.30,13.57,12.49,13.33,8.88,9.48,9.48,2.64,4.28,3.06,6.71,5.26,6.76,5.00,3.07,3.67,3.44,4.21,3.71,4.28,7.56,3.85,10.11,9.95,7.40,6.83,7.19,8.24],
  [99.00,99.00,99.00,99.00,99.00,99.00,13.23,11.78,10.26,10.26,11.31,7.52,11.50,3.53,3.84,4.86,3.03,4.25,5.60,4.22,4.96,3.48,4.22,1.62,7.61,4.64,6.07,10.31,16.06,16.13,20.23,16.76,14.70,19.18,18.75,18.74,24.59,22.12,14.86,12.68,11.18,10.81,14.67,12.30,15.88,13.48,12.64,12.08,15.46,13.61,11.30,12.12,12.75,14.77,13.80,14.51,13.16,14.53,13.36,11.30,11.87,12.46,13.46,11.87,13.45,11.77,13.12,12.28,11.22,11.85,14.68,12.08,11.47,12.25,11.45,12.78,13.03,10.60,12.66,12.02,14.52,13.90,14.44,13.05,13.95,14.45,11.77,13.49,14.88,11.53,11.88,12.89,6.62,8.11,7.08,6.09,8.13,8.25,8.25,10.13,8.50,9.15,2.94,1.98,1.98,8.06,6.68,7.89,3.65,5.10,5.79,7.23,7.01,6.49,7.29,6.55,7.61,5.98,5.54,8.29,10.04,10.16,11.45,10.15,10.52,11.22],
  [99.00,99.00,99.00,99.00,99.00,99.00,8.44,9.40,3.42,3.42,5.74,3.46,6.34,11.29,11.41,13.26,13.21,14.42,15.01,12.30,13.83,13.68,13.29,11.09,15.61,14.31,14.81,2.69,6.49,6.38,10.69,8.28,6.55,8.38,8.10,8.03,13.76,11.16,4.80,3.60,3.53,1.05,3.82,1.80,5.48,2.79,1.90,2.10,4.86,4.55,2.11,5.15,1.97,4.82,3.24,4.89,2.66,4.14,2.47,0.46,1.82,5.17,3.85,1.37,3.17,3.37,22.77,22.35,21.66,22.17,24.58,21.64,21.74,21.99,21.51,22.74,23.00,20.75,22.62,21.35,24.32,23.95,24.35,23.11,23.74,24.25,21.20,23.45,24.77,20.72,20.79,23.03,17.56,19.07,18.03,16.97,19.10,19.10,19.10,20.98,19.35,20.06,8.32,9.03,9.03,11.29,9.94,10.86,9.71,10.06,7.66,8.91,11.56,11.10,10.66,10.12,10.21,10.61,7.07,9.99,19.95,19.98,19.65,18.52,18.95,19.95],
  [99.00,99.00,99.00,99.00,99.00,99.00,9.24,11.70,10.87,10.87,9.95,14.60,9.95,19.75,19.71,21.20,22.30,23.24,23.11,20.44,21.87,22.68,21.64,20.51,22.46,22.76,22.46,10.98,5.29,5.36,1.11,4.40,6.39,5.98,5.32,5.59,7.22,7.99,12.40,8.64,9.96,11.21,8.51,9.94,6.48,9.08,9.91,9.78,7.23,7.62,10.29,8.98,11.26,6.92,8.57,13.14,9.10,7.66,9.64,11.28,10.05,8.63,8.04,10.39,8.57,9.46,29.77,29.92,29.83,30.09,31.70,28.68,29.64,29.18,29.16,30.12,30.36,28.59,30.01,28.17,31.34,31.34,31.51,30.58,30.80,31.27,28.15,30.75,31.85,27.49,27.26,30.62,27.49,28.66,27.59,27.08,28.79,28.21,28.21,29.96,28.46,29.28,18.13,19.13,19.13,16.83,16.58,16.53,18.34,17.74,15.71,15.37,17.87,17.77,16.78,16.82,16.13,17.65,15.67,15.42,27.61,27.53,25.64,24.91,25.31,26.38],
  [99.00,99.00,99.00,99.00,99.00,99.00,24.98,22.99,22.86,22.86,23.59,20.10,23.66,13.89,13.99,12.87,11.27,10.49,11.18,13.40,12.23,10.93,12.22,13.02,13.08,11.16,12.13,22.96,28.66,28.75,32.74,29.14,27.13,31.85,31.43,31.42,37.25,34.73,27.05,25.31,23.78,23.47,27.32,24.96,28.55,26.14,25.30,24.75,28.13,26.21,23.97,24.54,25.26,27.42,26.47,26.58,25.83,27.20,25.99,23.92,24.55,24.91,26.11,24.53,26.12,24.39,10.29,8.70,7.06,7.66,10.04,10.28,7.82,9.81,8.61,9.19,9.24,8.27,9.17,10.91,10.32,9.20,9.89,8.93,10.13,10.28,10.60,9.42,10.18,11.17,11.89,8.56,6.07,4.93,5.97,6.60,4.75,5.85,5.85,4.86,5.66,4.83,15.55,14.66,14.66,17.92,17.44,18.03,15.21,16.01,17.83,18.49,16.65,16.48,17.56,17.21,18.15,16.37,17.85,18.95,9.09,9.35,13.25,12.67,12.61,12.15],
  [19.31,9.07,13.23,8.44,9.24,24.98,99.00,2.47,5.23,5.23,2.81,9.10,2.26,11.10,10.99,12.27,13.74,14.51,14.14,11.62,12.94,14.06,12.82,12.26,13.27,13.92,13.40,5.90,6.26,6.57,8.81,5.11,3.94,10.84,9.99,10.18,15.25,14.24,12.42,5.42,4.91,7.40,8.54,7.40,7.72,7.76,7.83,6.77,8.04,5.14,6.37,3.35,9.64,6.50,7.50,12.81,7.35,7.26,8.36,8.15,6.95,3.44,5.92,7.52,6.95,5.16,20.53,20.73,20.72,20.95,22.46,19.45,20.50,19.96,19.99,20.91,21.15,19.45,20.80,18.93,22.09,22.12,22.27,21.37,21.56,22.03,18.91,21.52,22.61,18.24,18.02,21.43,19.10,20.05,19.01,18.83,20.23,19.41,19.41,21.07,19.65,20.49,10.45,11.50,11.50,7.62,7.60,7.35,9.91,8.98,7.44,6.49,8.73,8.71,7.67,7.84,7.02,8.68,7.73,6.26,18.45,18.35,16.40,15.66,16.06,17.14],
  [17.00,6.60,11.78,9.40,11.70,22.99,2.47,99.00,5.98,5.98,3.81,9.14,3.26,9.23,9.07,10.15,11.86,12.50,11.97,9.60,10.82,12.13,10.78,10.62,10.92,11.85,11.18,6.72,8.56,8.86,11.29,7.58,6.26,13.13,12.30,12.47,17.68,16.55,13.84,7.05,6.04,8.37,10.34,8.78,9.84,9.39,9.26,8.13,10.05,7.06,7.52,4.89,10.93,8.55,9.23,14.12,8.94,9.17,9.90,9.22,8.24,5.14,7.72,8.77,8.65,6.51,18.11,18.35,18.43,18.62,20.04,17.04,18.17,17.56,17.63,18.52,18.75,17.13,18.41,16.50,19.67,19.72,19.86,18.98,19.14,19.60,16.50,19.12,20.18,15.82,15.57,19.05,17.24,18.06,17.04,17.05,18.27,17.31,17.31,18.91,17.55,18.40,9.24,10.26,10.26,5.29,5.57,5.07,8.24,7.09,6.07,4.63,6.48,6.54,5.47,5.79,4.85,6.62,6.57,4.06,16.11,16.00,13.94,13.23,13.63,14.70],
  [18.70,10.80,10.26,3.42,10.87,22.86,5.23,5.98,99.00,0.00,2.43,4.14,3.01,9.52,9.56,11.30,11.85,12.93,13.18,10.40,11.94,12.28,11.53,9.88,13.29,12.63,12.78,0.74,5.80,5.89,9.99,6.69,4.64,9.37,8.79,8.83,14.67,12.63,8.01,2.48,0.92,2.39,5.31,3.13,5.87,4.11,3.64,2.56,5.64,3.35,1.74,2.30,5.07,4.63,4.19,8.21,3.66,4.64,4.40,3.26,2.55,2.53,3.32,2.98,3.67,1.54,20.66,20.44,19.99,20.40,22.54,19.53,19.95,19.93,19.62,20.76,21.02,18.92,20.65,19.15,22.24,22.00,22.32,21.17,21.67,22.16,19.04,21.45,22.71,18.49,18.47,21.14,16.79,18.10,17.03,16.33,18.19,17.85,17.85,19.68,18.11,18.88,7.33,8.29,8.29,8.37,7.29,7.96,7.96,7.84,5.45,6.11,8.89,8.53,7.88,7.50,7.34,8.15,5.15,6.97,18.04,18.02,17.16,16.12,16.56,17.60],
  [18.70,10.80,10.26,3.42,10.87,22.86,5.23,5.98,0.00,99.00,2.43,4.14,3.01,9.52,9.56,11.30,11.85,12.93,13.18,10.40,11.94,12.28,11.53,9.88,13.29,12.63,12.78,0.74,5.80,5.89,9.99,6.69,4.64,9.37,8.79,8.83,14.67,12.63,8.01,2.48,0.92,2.39,5.31,3.13,5.87,4.11,3.64,2.56,5.64,3.35,1.74,2.30,5.07,4.63,4.19,8.21,3.66,4.64,4.40,3.26,2.55,2.53,3.32,2.98,3.67,1.54,20.66,20.44,19.99,20.40,22.54,19.53,19.95,19.93,19.62,20.76,21.02,18.92,20.65,19.15,22.24,22.00,22.32,21.17,21.67,22.16,19.04,21.45,22.71,18.49,18.47,21.14,16.79,18.10,17.03,16.33,18.19,17.85,17.85,19.68,18.11,18.88,7.33,8.29,8.29,8.37,7.29,7.96,7.96,7.84,5.45,6.11,8.89,8.53,7.88,7.50,7.34,8.15,5.15,6.97,18.04,18.02,17.16,16.12,16.56,17.60],
  [18.65,9.55,11.31,5.74,9.95,23.59,2.81,3.81,2.43,2.43,99.00,6.34,0.59,9.80,9.76,11.32,12.35,13.29,13.23,10.52,11.99,12.73,11.71,10.60,12.87,12.84,12.66,3.12,5.57,5.79,9.24,5.56,3.60,9.88,9.14,9.26,14.86,13.29,10.04,3.30,2.26,4.69,6.61,4.97,6.41,5.60,5.44,4.32,6.48,3.53,3.75,1.25,7.15,5.07,5.47,10.34,5.14,5.53,6.09,5.50,4.44,1.60,4.05,4.98,4.89,2.70,20.28,20.26,20.02,20.34,22.20,19.17,19.89,19.62,19.47,20.52,20.77,18.84,20.40,18.72,21.87,21.75,21.99,20.95,21.31,21.80,18.65,21.18,22.36,18.04,17.92,20.96,17.58,18.71,17.64,17.21,18.85,18.26,18.26,20.02,18.51,19.33,8.41,9.44,9.44,7.45,6.81,7.08,8.39,7.82,5.76,5.58,8.28,8.06,7.18,7.05,6.56,7.84,5.79,5.97,17.89,17.84,16.46,15.54,15.97,17.04],
  [17.26,11.93,7.52,3.46,14.60,20.10,9.10,9.14,4.14,4.14,6.34,99.00,6.85,8.21,8.38,10.23,9.90,11.13,11.87,9.26,10.74,10.37,10.15,7.75,12.78,11.10,11.79,3.75,9.33,9.31,13.62,10.66,8.67,11.80,11.47,11.42,17.20,14.62,7.59,5.97,4.91,3.50,7.25,4.97,8.70,6.12,5.24,4.92,8.17,7.00,4.31,6.44,5.24,7.79,6.51,7.39,5.87,7.33,5.91,3.83,4.66,6.66,6.58,4.52,6.26,5.24,19.70,19.17,18.38,18.92,21.46,18.59,18.50,18.89,18.33,19.59,19.85,17.54,19.47,18.35,21.23,20.79,21.23,19.94,20.65,21.15,18.17,20.31,21.65,17.75,17.88,19.84,14.10,15.62,14.59,13.51,15.64,15.70,15.70,17.58,15.95,16.64,4.99,5.61,5.61,9.29,7.71,8.87,6.69,7.37,5.21,6.96,9.23,8.68,8.52,7.83,8.23,8.11,4.46,8.27,16.80,16.84,16.90,15.70,16.13,17.07],
  [18.55,9.19,11.50,6.34,9.95,23.66,2.26,3.26,3.01,3.01,0.59,6.85,99.00,9.82,9.76,11.26,12.40,13.30,13.17,10.49,11.93,12.77,11.69,10.72,12.70,12.81,12.55,3.71,5.81,6.05,9.29,5.56,3.71,10.22,9.45,9.58,15.11,13.64,10.61,3.80,2.85,5.29,7.11,5.54,6.79,6.13,6.01,4.89,6.91,3.92,4.34,1.66,7.73,5.46,5.98,10.92,5.68,5.99,6.64,6.09,5.02,1.97,4.51,5.57,5.40,3.26,20.09,20.11,19.92,20.22,22.01,18.98,19.77,19.45,19.33,20.35,20.60,18.72,20.24,18.52,21.67,21.58,21.81,20.80,21.12,21.61,18.46,21.01,22.17,17.84,17.70,20.82,17.67,18.76,17.70,17.33,18.91,18.26,18.26,20.01,18.51,19.34,8.63,9.67,9.67,7.19,6.68,6.83,8.45,7.79,5.85,5.45,8.08,7.91,6.98,6.92,6.35,7.73,5.96,5.72,17.76,17.70,16.20,15.32,15.74,16.81],
  [9.24,6.43,3.53,11.29,19.75,13.89,11.10,9.23,9.52,9.52,9.80,8.21,9.82,99.00,0.32,2.03,2.64,3.49,3.73,1.07,2.55,2.96,2.03,1.92,4.75,3.11,3.59,9.82,15.14,15.28,19.04,15.36,13.39,18.87,18.30,18.35,24.19,22.07,15.78,11.98,10.38,10.81,14.59,12.20,15.39,13.35,12.63,11.81,15.12,12.76,10.95,10.85,13.24,14.13,13.56,15.59,12.95,14.13,13.41,11.50,11.68,11.23,12.84,11.84,13.10,11.04,11.51,11.07,10.49,10.94,13.30,10.39,10.50,10.71,10.23,11.45,11.71,9.49,11.33,10.14,13.05,12.67,13.07,11.83,12.47,12.97,9.96,12.16,13.48,9.54,9.70,11.75,8.02,8.97,7.91,7.82,9.13,8.46,8.46,10.24,8.71,9.52,3.46,3.55,3.55,4.74,3.70,4.66,1.59,2.14,4.11,4.63,3.58,3.12,4.08,3.50,4.55,2.74,4.38,5.32,8.67,8.69,8.86,7.60,8.02,8.92],
  [9.16,6.12,3.84,11.41,19.71,13.99,10.99,9.07,9.56,9.56,9.76,8.38,9.76,0.32,99.00,1.86,2.79,3.54,3.64,0.89,2.42,3.07,1.98,2.23,4.50,3.09,3.41,9.88,15.14,15.29,19.00,15.31,13.36,18.92,18.34,18.39,24.22,22.14,15.95,12.02,10.41,10.91,14.67,12.28,15.43,13.43,12.72,11.89,15.18,12.77,11.02,10.83,13.37,14.16,13.63,15.77,13.03,14.18,13.51,11.62,11.76,11.21,12.87,11.93,13.17,11.07,11.36,10.97,10.43,10.86,13.17,10.24,10.42,10.58,10.13,11.33,11.60,9.40,11.21,9.97,12.91,12.56,12.94,11.71,12.33,12.84,9.80,12.04,13.35,9.37,9.51,11.65,8.17,9.06,8.02,8.00,9.24,8.50,8.50,10.26,8.75,9.58,3.70,3.84,3.84,4.48,3.52,4.42,1.71,2.02,4.12,4.51,3.30,2.86,3.85,3.31,4.34,2.53,4.45,5.12,8.56,8.57,8.62,7.38,7.80,8.71],
  [7.40,5.89,4.86,13.26,21.20,12.87,12.27,10.15,11.30,11.30,11.32,10.23,11.26,2.03,1.86,99.00,2.48,2.50,1.91,0.97,0.68,2.46,0.85,3.35,2.82,1.72,1.56,11.66,16.79,16.95,20.54,16.81,14.92,20.67,20.07,20.13,25.94,23.92,17.80,13.74,12.13,12.74,16.47,14.10,17.16,15.24,14.54,13.68,16.94,14.46,12.81,12.44,15.22,15.88,15.42,17.62,14.83,15.94,15.33,13.46,13.56,12.82,14.60,13.76,14.94,12.80,9.51,9.15,8.72,9.10,11.33,8.39,8.65,8.73,8.33,9.50,9.77,7.62,9.38,8.12,11.06,10.73,11.10,9.90,10.48,10.99,7.95,10.21,11.51,7.51,7.67,9.85,7.39,7.97,6.98,7.41,8.20,7.16,7.16,8.80,7.40,8.25,5.47,5.42,5.42,5.06,4.67,5.16,3.56,3.51,5.85,5.83,3.78,3.61,4.69,4.43,5.30,3.58,6.26,6.10,6.75,6.75,6.87,5.60,6.01,6.89],
  [7.41,8.33,3.03,13.21,22.30,11.27,13.74,11.86,11.85,11.85,12.35,9.90,12.40,2.64,2.79,2.48,99.00,1.26,2.60,2.43,2.25,0.48,1.64,2.14,4.87,1.64,3.23,12.07,17.58,17.70,21.56,17.91,15.92,21.12,20.60,20.63,26.49,24.23,17.44,14.33,12.74,12.87,16.73,14.32,17.69,15.50,14.72,14.00,17.36,15.16,13.16,13.35,15.10,16.47,15.75,17.16,15.13,16.38,15.48,13.49,13.84,13.72,15.17,13.93,15.33,13.39,10.13,9.39,8.49,9.06,11.75,9.08,8.65,9.28,8.55,9.85,10.12,7.72,9.73,9.00,11.57,11.01,11.51,10.16,11.00,11.50,8.75,10.57,11.95,8.50,8.85,10.02,5.39,6.36,5.30,5.22,6.51,6.00,6.00,7.84,6.26,7.03,4.91,4.39,4.39,7.15,6.30,7.14,3.97,4.78,6.60,7.27,5.89,5.55,6.59,6.10,7.11,5.29,6.72,7.90,7.09,7.18,8.48,7.19,7.54,8.20],
  [6.15,8.33,4.25,14.42,23.24,10.49,14.51,12.50,12.93,12.93,13.29,11.13,13.30,3.49,3.54,2.50,1.26,99.00,1.66,2.90,1.97,0.79,1.74,3.39,4.19,0.88,2.56,13.18,18.61,18.74,22.52,18.84,16.88,22.25,21.71,21.74,27.59,25.38,18.69,15.41,13.81,14.05,17.89,15.48,18.79,16.66,15.89,15.14,18.49,16.21,14.29,14.34,16.32,17.56,16.90,18.41,16.28,17.50,16.66,14.68,14.99,14.71,16.25,15.10,16.46,14.47,8.88,8.12,7.25,7.80,10.49,7.83,7.39,8.02,7.28,8.59,8.85,6.46,8.47,7.78,10.31,9.75,10.25,8.90,9.74,10.24,7.52,9.31,10.69,7.30,7.68,8.76,4.90,5.56,4.54,4.93,5.77,4.97,4.97,6.76,5.22,6.04,6.14,5.66,5.66,7.53,6.94,7.60,4.98,5.54,7.58,8.02,6.25,6.02,7.09,6.72,7.67,5.88,7.78,8.47,5.82,5.93,7.46,6.18,6.50,7.09],
  [5.52,7.11,5.60,15.01,23.11,11.18,14.14,11.97,13.18,13.18,13.23,11.87,13.17,3.73,3.64,1.91,2.60,1.66,99.00,2.77,1.25,2.23,1.73,4.41,2.56,0.96,1.04,13.51,18.69,18.86,22.46,18.72,16.83,22.55,21.96,22.01,27.83,25.77,19.46,15.63,14.02,14.54,18.31,15.92,19.05,17.07,16.36,15.52,18.81,16.36,14.66,14.35,16.96,17.77,17.27,19.24,16.67,17.81,17.14,15.23,15.39,14.73,16.49,15.57,16.80,14.69,7.84,7.34,6.82,7.22,9.59,6.74,6.78,7.02,6.50,7.73,7.99,5.76,7.61,6.57,9.36,8.94,9.36,8.10,8.78,9.28,6.35,8.44,9.78,6.02,6.31,8.02,6.08,6.35,5.45,6.28,6.62,5.38,5.38,6.94,5.60,6.45,6.95,6.68,6.68,6.77,6.55,6.93,5.32,5.42,7.73,7.74,5.52,5.44,6.51,6.31,7.13,5.47,8.09,7.92,4.94,4.97,5.89,4.60,4.95,5.63],
  [8.30,5.99,4.22,12.30,20.44,13.40,11.62,9.60,10.40,10.40,10.52,9.26,10.49,1.07,0.89,0.97,2.43,2.90,2.77,99.00,1.54,2.59,1.20,2.62,3.70,2.32,2.53,10.74,15.95,16.10,19.76,16.05,14.13,19.78,19.18,19.24,25.06,23.00,16.83,12.86,11.25,11.79,15.54,13.16,16.27,14.31,13.60,12.76,16.03,13.59,11.89,11.62,14.26,15.00,14.50,16.65,13.90,15.03,14.39,12.51,12.63,12.00,13.71,12.81,14.03,11.92,10.47,10.09,9.59,10.00,12.28,9.35,9.55,9.69,9.26,10.45,10.71,8.53,10.33,9.09,12.02,11.67,12.05,10.83,11.44,11.95,8.92,11.15,12.46,8.48,8.64,10.77,7.71,8.46,7.44,7.62,8.67,7.80,7.80,9.51,8.04,8.88,4.52,4.54,4.54,4.73,4.04,4.75,2.60,2.71,4.95,5.14,3.46,3.16,4.22,3.81,4.78,2.98,5.32,5.58,7.68,7.69,7.80,6.54,6.96,7.85],
  [6.76,6.36,4.96,13.83,21.87,12.23,12.94,10.82,11.94,11.94,11.99,10.74,11.93,2.55,2.42,0.68,2.25,1.97,1.25,1.54,99.00,2.10,0.74,3.55,2.67,1.12,1.14,12.28,17.45,17.61,21.22,17.49,15.59,21.31,20.71,20.77,26.59,24.54,18.33,14.38,12.77,13.33,17.08,14.70,17.80,15.85,15.14,14.30,17.57,15.11,13.43,13.11,15.78,16.52,16.04,18.13,15.44,16.57,15.92,14.04,14.17,13.48,15.24,14.35,15.57,13.44,8.96,8.55,8.07,8.46,10.75,7.84,8.02,8.17,7.71,8.91,9.18,6.99,8.79,7.61,10.50,10.14,10.52,9.29,9.92,10.43,7.43,9.62,10.94,7.03,7.23,9.23,6.84,7.33,6.37,6.90,7.58,6.50,6.50,8.13,6.73,7.58,5.90,5.75,5.75,5.69,5.34,5.80,4.12,4.17,6.48,6.51,4.42,4.27,5.35,5.10,5.97,4.26,6.86,6.76,6.14,6.15,6.56,5.27,5.67,6.48],
  [6.93,8.35,3.48,13.68,22.68,10.93,14.06,12.13,12.28,12.28,12.73,10.37,12.77,2.96,3.07,2.46,0.48,0.79,2.23,2.59,2.10,99.00,1.61,2.62,4.62,1.29,2.97,12.51,17.99,18.12,21.95,18.29,16.31,21.57,21.04,21.07,26.93,24.68,17.92,14.76,13.17,13.33,17.18,14.78,18.13,15.95,15.18,14.45,17.81,15.58,13.61,13.75,15.58,16.91,16.20,17.64,15.58,16.83,15.94,13.95,14.29,14.12,15.60,14.39,15.78,13.82,9.66,8.91,8.01,8.57,11.28,8.61,8.16,8.81,8.07,9.38,9.64,7.24,9.26,8.54,11.10,10.53,11.03,9.68,10.53,11.02,8.29,10.10,11.47,8.06,8.42,9.54,5.13,6.01,4.95,5.03,6.18,5.57,5.57,7.41,5.83,6.62,5.39,4.88,4.88,7.31,6.56,7.33,4.36,5.08,6.99,7.58,6.04,5.74,6.80,6.35,7.34,5.53,7.14,8.14,6.61,6.71,8.11,6.82,7.16,7.79],
  [7.21,6.74,4.22,13.29,21.64,12.22,12.82,10.78,11.53,11.53,11.71,10.15,11.69,2.03,1.98,0.85,1.64,1.74,1.73,1.20,0.74,1.61,99.00,2.83,3.40,1.12,1.87,11.84,17.11,17.27,20.95,17.25,15.32,20.89,20.32,20.36,26.20,24.09,17.74,13.99,12.39,12.83,16.62,14.22,17.40,15.38,14.66,13.84,17.14,14.75,12.98,12.80,15.24,16.14,15.59,17.52,14.98,16.15,15.43,13.52,13.70,13.18,14.85,13.86,15.13,13.05,9.56,9.06,8.46,8.91,11.32,8.45,8.47,8.75,8.22,9.45,9.72,7.46,9.33,8.25,11.08,10.67,11.08,9.82,10.50,11.00,8.05,10.17,11.50,7.68,7.92,9.74,6.62,7.29,6.28,6.59,7.50,6.60,6.60,8.32,6.84,7.68,5.25,5.04,5.04,5.79,5.23,5.85,3.61,3.90,6.10,6.34,4.51,4.28,5.35,5.00,5.94,4.15,6.41,6.74,6.66,6.70,7.29,6.00,6.39,7.18],
  [9.54,8.34,1.62,11.09,20.51,13.02,12.26,10.62,9.88,9.88,10.60,7.75,10.72,1.92,2.23,3.35,2.14,3.39,4.41,2.62,3.55,2.62,2.83,99.00,6.15,3.51,4.69,10.05,15.66,15.76,19.72,16.14,14.12,19.07,18.58,18.59,24.45,22.14,15.30,12.35,10.79,10.78,14.64,12.24,15.67,13.42,12.63,11.94,15.32,13.22,11.11,11.53,12.97,14.49,13.69,15.02,13.06,14.35,13.38,11.37,11.77,11.89,13.18,11.84,13.29,11.42,12.18,11.50,10.63,11.19,13.85,11.10,10.78,11.33,10.66,11.95,12.21,9.84,11.83,10.96,13.65,13.13,13.61,12.27,13.07,13.57,10.74,12.67,14.04,10.43,10.70,12.15,6.98,8.22,7.15,6.61,8.31,8.04,8.04,9.91,8.30,9.04,2.77,2.29,2.29,6.55,5.29,6.41,2.38,3.68,4.88,6.00,5.45,4.95,5.81,5.13,6.20,4.49,4.84,6.92,9.17,9.25,10.12,8.82,9.21,9.99],
  [6.11,5.12,7.61,15.61,22.46,13.08,13.27,10.92,13.29,13.29,12.87,12.78,12.70,4.75,4.50,2.82,4.87,4.19,2.56,3.70,2.67,4.62,3.40,6.15,99.00,3.36,1.65,13.75,18.44,18.65,21.92,18.15,16.40,22.58,21.91,22.00,27.72,25.90,20.27,15.64,14.05,14.99,18.58,16.26,19.05,17.35,16.73,15.78,18.91,16.24,14.91,14.08,17.58,17.73,17.48,20.14,16.92,17.91,17.52,15.76,15.70,14.45,16.50,15.96,16.97,14.72,7.41,7.46,7.55,7.70,9.33,6.29,7.25,6.75,6.71,7.67,7.91,6.22,7.56,5.87,9.00,8.89,9.12,8.12,8.44,8.93,5.78,8.31,9.49,5.20,5.19,8.16,8.50,8.48,7.70,8.77,8.80,7.24,7.24,8.45,7.42,8.25,8.20,8.23,8.23,5.65,6.09,5.94,6.12,5.55,7.97,7.32,4.62,4.83,5.71,5.86,6.36,5.15,8.54,7.05,5.19,5.08,4.13,2.92,3.35,4.34],
  [6.17,7.46,4.64,14.31,22.76,11.16,13.92,11.85,12.63,12.63,12.84,11.10,12.81,3.11,3.09,1.72,1.64,0.88,0.96,2.32,1.12,1.29,1.12,3.51,3.36,99.00,1.71,12.93,18.23,18.38,22.08,18.37,16.44,21.99,21.42,21.46,27.30,25.17,18.69,15.10,13.49,13.88,17.68,15.29,18.50,16.45,15.71,14.91,18.23,15.86,14.06,13.92,16.24,17.24,16.67,18.45,16.05,17.24,16.49,14.55,14.77,14.30,15.95,14.92,16.21,14.15,8.67,8.07,7.39,7.86,10.37,7.59,7.43,7.84,7.23,8.49,8.76,6.44,8.37,7.45,10.16,9.69,10.14,8.84,9.58,10.09,7.23,9.21,10.57,6.93,7.24,8.74,5.72,6.25,5.26,5.79,6.48,5.49,5.49,7.19,5.73,6.57,6.14,5.80,5.80,6.78,6.32,6.88,4.69,5.03,7.21,7.45,5.50,5.32,6.40,6.09,7.00,5.24,7.50,7.80,5.70,5.76,6.85,5.55,5.90,6.58],
  [6.00,6.09,6.07,14.81,22.46,12.13,13.40,11.18,12.78,12.78,12.66,11.79,12.55,3.59,3.41,1.56,3.23,2.56,1.04,2.53,1.14,2.97,1.87,4.69,1.65,1.71,99.00,13.16,18.17,18.35,21.84,18.09,16.25,22.14,21.52,21.58,27.37,25.40,19.36,15.20,13.59,14.27,17.98,15.61,18.62,16.75,16.06,15.19,18.42,15.88,14.32,13.81,16.77,17.32,16.92,19.18,16.33,17.41,16.85,15.00,15.07,14.19,16.06,15.28,16.43,14.26,7.96,7.67,7.37,7.68,9.79,6.84,7.23,7.19,6.85,7.99,8.25,6.19,7.87,6.56,9.52,9.22,9.57,8.40,8.94,9.45,6.39,8.69,9.97,5.95,6.12,8.37,7.12,7.34,6.46,7.31,7.63,6.29,6.29,7.76,6.51,7.36,7.00,6.88,6.88,5.92,5.88,6.11,5.12,4.94,7.33,7.10,4.70,4.70,5.74,5.64,6.38,4.83,7.78,7.15,5.27,5.25,5.42,4.13,4.53,5.36],
  [19.04,11.43,10.31,2.69,10.98,22.96,5.90,6.72,0.74,0.74,3.12,3.75,3.71,9.82,9.88,11.66,12.07,13.18,13.51,10.74,12.28,12.51,11.84,10.05,13.75,12.93,13.16,99.00,5.79,5.84,10.05,6.93,4.92,9.07,8.54,8.56,14.42,12.26,7.31,2.38,1.18,1.66,4.83,2.54,5.62,3.61,3.03,2.04,5.31,3.37,1.17,2.81,4.36,4.46,3.76,7.49,3.18,4.32,3.81,2.53,1.96,2.97,3.15,2.32,3.29,1.53,21.08,20.81,20.30,20.74,22.94,19.95,20.30,20.34,19.99,21.15,21.41,19.27,21.03,19.59,22.65,22.38,22.72,21.55,22.08,22.58,19.47,21.84,23.12,18.94,18.93,21.51,16.90,18.25,17.19,16.40,18.33,18.06,18.06,19.91,18.32,19.08,7.41,8.33,8.33,8.97,7.80,8.54,8.24,8.24,5.83,6.66,9.42,9.03,8.43,8.01,7.92,8.62,5.43,7.59,18.41,18.40,17.66,16.60,17.04,18.07],
  [24.16,14.95,16.06,6.49,5.29,28.66,6.26,8.56,5.80,5.80,5.57,9.33,5.81,15.14,15.14,16.79,17.58,18.61,18.69,15.95,17.45,17.99,17.11,15.66,18.44,18.23,18.17,5.79,99.00,0.35,4.29,2.34,2.32,4.59,3.74,3.92,9.30,7.99,8.10,3.41,4.88,5.93,3.77,4.69,1.94,3.96,4.72,4.49,2.62,2.45,5.01,4.37,6.28,1.69,3.45,8.74,3.90,2.59,4.60,6.02,4.77,3.99,2.75,5.13,3.34,4.30,25.85,25.80,25.51,25.86,27.77,24.74,25.41,25.19,25.01,26.07,26.33,24.36,25.96,24.29,27.44,27.31,27.56,26.51,26.88,27.37,24.22,26.74,27.93,23.61,23.49,26.51,22.59,23.87,22.80,22.13,23.97,23.56,23.56,25.37,23.81,24.61,13.13,14.09,14.09,13.00,12.37,12.63,13.63,13.27,11.03,11.13,13.85,13.62,12.75,12.60,12.13,13.37,10.86,11.52,23.43,23.38,22.01,21.11,21.54,22.61],
  [24.34,15.21,16.13,6.38,5.36,28.75,6.57,8.86,5.89,5.89,5.79,9.31,6.05,15.28,15.29,16.95,17.70,18.74,18.86,16.10,17.61,18.12,17.27,15.76,18.65,18.38,18.35,5.84,0.35,99.00,4.33,2.66,2.63,4.28,3.45,3.61,9.07,7.69,7.82,3.46,4.97,5.87,3.51,4.58,1.61,3.79,4.57,4.43,2.32,2.54,5.00,4.57,6.08,1.56,3.28,8.47,3.76,2.39,4.40,5.92,4.70,4.20,2.74,5.03,3.22,4.37,26.06,25.99,25.67,26.03,27.97,24.94,25.58,25.39,25.20,26.27,26.52,24.54,26.15,24.50,27.65,27.50,27.76,26.70,27.09,27.58,24.43,26.94,28.14,23.83,23.71,26.70,22.68,23.98,22.91,22.21,24.07,23.69,23.69,25.51,23.95,24.73,13.21,14.15,14.15,13.23,12.57,12.86,13.76,13.44,11.18,11.33,14.06,13.82,12.97,12.80,12.35,13.56,10.98,11.75,23.61,23.57,22.24,21.33,21.76,22.83],
  [27.83,17.89,20.23,10.69,1.11,32.74,8.81,11.29,9.99,9.99,9.24,13.62,9.29,19.04,19.00,20.54,21.56,22.52,22.46,19.76,21.22,21.95,20.95,19.72,21.92,22.08,21.84,10.05,4.29,4.33,99.00,3.77,5.64,4.98,4.27,4.55,6.94,7.27,11.29,7.68,9.06,10.20,7.41,8.89,5.38,8.00,8.84,8.76,6.13,6.68,9.30,8.20,10.16,5.88,7.50,12.02,8.04,6.59,8.55,10.23,9.03,7.84,7.04,9.34,7.52,8.53,29.27,29.36,29.21,29.50,31.20,28.17,29.05,28.66,28.60,29.58,29.83,28.00,29.47,27.67,30.84,30.81,31.00,30.04,30.30,30.77,27.64,30.22,31.35,26.99,26.79,30.07,26.69,27.90,26.83,26.26,28.02,27.49,27.49,29.26,27.75,28.56,17.29,18.27,18.27,16.31,15.96,15.99,17.59,17.06,14.96,14.74,17.31,17.18,16.21,16.20,15.57,17.02,14.89,14.87,27.03,26.96,25.20,24.42,24.83,25.91],
  [24.08,14.17,16.76,8.28,4.40,29.14,5.11,7.58,6.69,6.69,5.56,10.66,5.56,15.36,15.31,16.81,17.91,18.84,18.72,16.05,17.49,18.29,17.25,16.14,18.15,18.37,18.09,6.93,2.34,2.66,3.77,99.00,2.07,6.33,5.43,5.67,10.19,9.55,10.41,4.77,5.81,7.53,6.06,6.55,4.27,6.06,6.69,6.19,4.95,3.76,6.47,4.64,8.41,3.81,5.57,11.03,5.89,4.79,6.73,7.83,6.47,4.30,4.44,6.93,5.32,5.42,25.50,25.60,25.46,25.75,27.43,24.40,25.29,24.89,24.83,25.82,26.06,24.24,25.71,23.91,27.08,27.04,27.24,26.27,26.53,27.01,23.87,26.45,27.58,23.23,23.03,26.30,23.12,24.27,23.20,22.73,24.40,23.81,23.81,25.56,24.06,24.88,13.82,14.84,14.84,12.54,12.21,12.22,13.95,13.34,11.32,11.00,13.54,13.42,12.45,12.45,11.80,13.27,11.31,11.10,23.27,23.19,21.46,20.66,21.07,22.15],
  [22.24,12.71,14.70,6.55,6.39,27.13,3.94,6.26,4.64,4.64,3.60,8.67,3.71,13.39,13.36,14.92,15.92,16.88,16.83,14.13,15.59,16.31,15.32,14.12,16.40,16.44,16.25,4.92,2.32,2.63,5.64,2.07,99.00,6.91,6.06,6.24,11.49,10.31,9.40,2.94,3.78,5.70,5.13,4.93,3.89,4.75,5.19,4.47,4.34,2.04,4.59,2.59,7.02,2.84,4.33,9.93,4.46,3.78,5.42,6.12,4.74,2.24,2.87,5.26,3.92,3.45,23.79,23.82,23.61,23.92,25.72,22.68,23.47,23.15,23.04,24.06,24.31,22.42,23.95,22.21,25.37,25.29,25.51,24.50,24.82,25.30,22.16,24.71,25.87,21.53,21.38,24.52,21.09,22.27,21.20,20.69,22.40,21.85,21.85,23.62,22.10,22.92,11.77,12.77,12.77,10.86,10.38,10.52,11.95,11.42,9.33,9.15,11.79,11.61,10.69,10.62,10.05,11.42,9.28,9.40,21.46,21.40,19.86,19.00,19.42,20.49],
  [28.07,19.41,19.18,8.38,5.98,31.85,10.84,13.13,9.37,9.37,9.88,11.80,10.22,18.87,18.92,20.67,21.12,22.25,22.55,19.78,21.31,21.57,20.89,19.07,22.58,21.99,22.14,9.07,4.59,4.28,4.98,6.33,6.91,99.00,0.90,0.67,5.40,3.42,7.07,6.95,8.55,8.38,4.56,6.89,3.53,5.71,6.57,7.13,3.76,6.38,7.96,8.63,7.04,4.86,5.39,7.84,6.03,4.75,5.91,7.98,7.32,8.28,6.09,7.32,5.79,7.88,29.98,29.81,29.36,29.77,31.87,28.85,29.33,29.27,28.99,30.12,30.38,28.30,30.00,28.45,31.56,31.35,31.66,30.53,30.99,31.49,28.35,30.80,32.04,27.78,27.71,30.50,25.81,27.23,26.18,25.25,27.29,27.11,27.11,28.97,27.37,28.12,16.37,17.21,17.21,17.32,16.50,16.93,17.30,17.20,14.83,15.28,18.05,17.76,16.98,16.73,16.38,17.44,14.49,15.84,27.41,27.38,26.30,25.34,25.77,26.83],
  [27.47,18.64,18.75,8.10,5.32,31.43,9.99,12.30,8.79,8.79,9.14,11.47,9.45,18.30,18.34,20.07,20.60,21.71,21.96,19.18,20.71,21.04,20.32,18.58,21.91,21.42,21.52,8.54,3.74,3.45,4.27,5.43,6.06,0.90,99.00,0.29,5.89,4.25,7.34,6.33,7.94,7.99,4.29,6.50,2.92,5.35,6.23,6.67,3.30,5.68,7.47,7.90,6.94,4.20,4.97,8.10,5.61,4.23,5.65,7.68,6.88,7.54,5.47,6.95,5.31,7.27,29.32,29.18,28.77,29.17,31.22,28.19,28.72,28.63,28.37,29.48,29.74,27.69,29.37,27.78,30.90,30.72,31.01,29.90,30.34,30.83,27.69,30.16,31.39,27.11,27.02,29.88,25.37,26.77,25.71,24.84,26.83,26.60,26.60,28.45,26.86,27.62,15.91,16.77,16.77,16.59,15.83,16.21,16.74,16.58,14.23,14.60,17.36,17.09,16.28,16.06,15.67,16.79,13.93,15.11,26.79,26.76,25.59,24.65,25.08,26.14],
  [27.53,18.77,18.74,8.03,5.59,31.42,10.18,12.47,8.83,8.83,9.26,11.42,9.58,18.35,18.39,20.13,20.63,21.74,22.01,19.24,20.77,21.07,20.36,18.59,22.00,21.46,21.58,8.56,3.92,3.61,4.55,5.67,6.24,0.67,0.29,99.00,5.86,4.08,7.12,6.39,8.00,7.96,4.21,6.47,2.96,5.30,6.18,6.67,3.29,5.77,7.48,8.01,6.81,4.27,4.94,7.89,5.59,4.24,5.57,7.61,6.87,7.66,5.53,6.91,5.30,7.32,29.40,29.25,28.82,29.23,31.30,28.28,28.78,28.70,28.43,29.55,29.81,27.75,29.44,27.86,30.98,30.79,31.08,29.97,30.42,30.91,27.77,30.23,31.47,27.20,27.12,29.95,25.36,26.77,25.71,24.82,26.83,26.62,26.62,28.47,26.88,27.63,15.91,16.76,16.76,16.70,15.91,16.32,16.78,16.64,14.28,14.69,17.46,17.18,16.38,16.14,15.77,16.86,13.97,15.22,26.85,26.82,25.70,24.74,25.17,26.23],
  [33.34,24.20,24.59,13.76,7.22,37.25,15.25,17.68,14.67,14.67,14.86,17.20,15.11,24.19,24.22,25.94,26.49,27.59,27.83,25.06,26.59,26.93,26.20,24.45,27.72,27.30,27.37,14.42,9.30,9.07,6.94,10.19,11.49,5.40,5.89,5.86,99.00,3.25,11.66,12.21,13.81,13.78,9.95,12.29,8.80,11.11,11.97,12.52,9.14,11.50,13.34,13.64,12.30,10.06,10.79,12.40,11.43,10.11,11.30,13.37,12.72,13.27,11.35,12.73,11.17,13.15,35.13,35.03,34.65,35.04,37.04,34.01,34.59,34.45,34.22,35.32,35.57,33.55,35.20,33.57,36.71,36.55,36.83,35.74,36.15,36.64,33.50,35.99,37.20,32.90,32.79,35.73,31.21,32.63,31.57,30.66,32.69,32.48,32.48,34.33,32.74,33.50,21.77,22.61,22.61,22.30,21.63,21.93,22.63,22.44,20.11,20.40,23.13,22.89,22.04,21.86,21.42,22.61,19.82,20.82,32.64,32.61,31.31,30.41,30.83,31.90],
  [31.29,22.83,22.12,11.16,7.99,34.73,14.24,16.55,12.63,12.63,13.29,14.62,13.64,22.07,22.14,23.92,24.23,25.38,25.77,23.00,24.54,24.68,24.09,22.14,25.90,25.17,25.40,12.26,7.99,7.69,7.27,9.55,10.31,3.42,4.25,4.08,3.25,99.00,8.52,10.27,11.86,11.36,7.50,9.90,6.89,8.73,9.51,10.25,6.99,9.77,11.11,12.04,9.51,8.24,8.50,9.24,9.11,8.00,8.77,10.82,10.40,11.69,9.42,10.30,8.98,11.18,33.29,33.07,32.55,32.99,35.17,32.16,32.55,32.57,32.24,33.39,33.65,31.53,33.28,31.77,34.87,34.63,34.95,33.80,34.30,34.80,31.67,34.08,35.34,31.11,31.06,33.76,28.73,30.21,29.17,28.13,30.25,30.18,30.18,32.05,30.44,31.17,19.39,20.17,20.17,20.71,19.84,20.32,20.48,20.47,18.07,18.63,21.41,21.10,20.35,20.07,19.75,20.76,17.68,19.23,30.66,30.65,29.68,28.69,29.13,30.18],
  [24.83,18.64,14.86,4.80,12.40,27.05,12.42,13.84,8.01,8.01,10.04,7.59,10.61,15.78,15.95,17.80,17.44,18.69,19.46,16.83,18.33,17.92,17.74,15.30,20.27,18.69,19.36,7.31,8.10,7.82,11.29,10.41,9.40,7.07,7.34,7.12,11.66,8.52,99.00,7.01,7.80,5.68,4.35,5.07,6.24,4.71,4.61,5.72,5.50,7.49,6.34,9.11,2.95,6.67,5.08,0.77,5.09,5.68,4.08,4.80,5.60,8.98,6.63,5.08,5.55,7.35,27.29,26.76,25.93,26.49,29.05,26.17,26.07,26.48,25.92,27.18,27.44,25.12,27.06,25.92,28.82,28.38,28.82,27.53,28.24,28.74,25.75,27.89,29.24,25.31,25.42,27.42,21.24,22.87,21.87,20.56,22.84,23.11,23.11,24.99,23.36,24.00,12.56,13.08,13.08,16.09,14.73,15.66,14.24,14.75,12.40,13.72,16.34,15.87,15.45,14.90,15.01,15.36,11.75,14.79,24.38,24.43,24.35,23.19,23.62,24.59],
  [21.14,12.74,12.68,3.60,8.64,25.31,5.42,7.05,2.48,2.48,3.30,5.97,3.80,11.98,12.02,13.74,14.33,15.41,15.63,12.86,14.38,14.76,13.99,12.35,15.64,15.10,15.20,2.38,3.41,3.46,7.68,4.77,2.94,6.95,6.33,6.39,12.21,10.27,7.01,99.00,1.61,2.77,3.31,2.09,3.43,2.36,2.46,1.55,3.30,1.03,1.70,2.17,4.31,2.15,2.18,7.42,1.93,2.31,2.94,3.19,1.80,1.98,0.86,2.35,1.60,0.94,23.03,22.86,22.44,22.84,24.92,21.90,22.40,22.32,22.05,23.17,23.43,21.36,23.05,21.51,24.61,24.40,24.71,23.59,24.05,24.54,21.41,23.85,25.09,20.84,20.78,23.56,19.25,20.57,19.50,18.76,20.66,20.33,20.33,22.16,20.59,21.36,9.77,10.70,10.70,10.49,9.57,10.08,10.43,10.26,7.90,8.36,11.14,10.83,10.08,9.79,9.50,10.50,7.63,9.02,20.46,20.44,19.41,18.42,18.85,19.91],
  [19.53,11.32,11.18,3.53,9.96,23.78,4.91,6.04,0.92,0.92,2.26,4.91,2.85,10.38,10.41,12.13,12.74,13.81,14.02,11.25,12.77,13.17,12.39,10.79,14.05,13.49,13.59,1.18,4.88,4.97,9.06,5.81,3.78,8.55,7.94,8.00,13.81,11.86,7.80,1.61,99.00,2.49,4.68,2.75,5.03,3.54,3.24,2.11,4.87,2.43,1.49,1.67,4.89,3.75,3.53,8.08,3.08,3.86,3.94,3.26,2.20,1.80,2.47,2.73,2.98,0.68,21.43,21.25,20.83,21.23,23.32,20.31,20.78,20.72,20.44,21.56,21.82,19.75,21.45,19.91,23.02,22.80,23.10,21.98,22.45,22.94,19.81,22.25,23.49,19.25,19.20,21.95,17.71,19.01,17.94,17.25,19.10,18.74,18.74,20.57,19.00,19.78,8.25,9.22,9.22,8.98,7.99,8.57,8.83,8.65,6.29,6.79,9.58,9.25,8.54,8.21,7.97,8.90,6.03,7.54,18.85,18.83,17.85,16.84,17.28,18.33],
  [20.04,12.98,10.81,1.05,11.21,23.47,7.40,8.37,2.39,2.39,4.69,3.50,5.29,10.81,10.91,12.74,12.87,14.05,14.54,11.79,13.33,13.33,12.83,10.78,14.99,13.88,14.27,1.66,5.93,5.87,10.20,7.53,5.70,8.38,7.99,7.96,13.78,11.36,5.68,2.77,2.49,99.00,3.87,1.49,5.20,2.67,1.85,1.44,4.69,3.78,1.13,4.12,2.75,4.33,3.02,5.84,2.38,3.83,2.61,0.88,1.17,4.17,3.19,1.06,2.76,2.39,22.23,21.88,21.26,21.74,24.07,21.10,21.30,21.47,21.04,22.24,22.50,20.29,22.12,20.78,23.79,23.47,23.84,22.63,23.22,23.72,20.64,22.95,24.25,20.14,20.18,22.56,17.43,18.88,17.83,16.87,18.92,18.82,18.82,20.69,19.08,19.81,8.04,8.84,8.84,10.46,9.19,10.03,9.22,9.44,7.01,8.11,10.81,10.38,9.87,9.38,9.39,9.92,6.49,9.12,19.47,19.48,18.98,17.88,18.31,19.32],
  [23.83,15.99,14.67,3.82,8.51,27.32,8.54,10.34,5.31,5.31,6.61,7.25,7.11,14.59,14.67,16.47,16.73,17.89,18.31,15.54,17.08,17.18,16.62,14.64,18.58,17.68,17.98,4.83,3.77,3.51,7.41,6.06,5.13,4.56,4.29,4.21,9.95,7.50,4.35,3.31,4.68,3.87,99.00,2.40,2.05,1.24,2.03,2.80,1.28,3.40,3.67,5.46,2.77,2.33,1.15,4.97,1.66,1.36,1.36,3.42,2.91,5.22,2.63,2.81,1.72,4.04,25.91,25.63,25.07,25.52,27.77,24.78,25.09,25.17,24.80,25.97,26.23,24.07,25.85,24.42,27.48,27.20,27.55,26.37,26.91,27.41,24.30,26.67,27.95,23.77,23.76,26.32,21.29,22.75,21.70,20.72,22.79,22.68,22.68,24.55,22.94,23.67,11.91,12.71,12.71,13.65,12.60,13.24,13.00,13.07,10.65,11.42,14.21,13.84,13.18,12.81,12.63,13.44,10.22,12.21,23.22,23.22,22.47,21.42,21.86,22.89],
  [21.43,13.93,12.30,1.80,9.94,24.96,7.40,8.78,3.13,3.13,4.97,4.97,5.54,12.20,12.28,14.10,14.32,15.48,15.92,13.16,14.70,14.78,14.22,12.24,16.26,15.29,15.61,2.54,4.69,4.58,8.89,6.55,4.93,6.89,6.50,6.47,12.29,9.90,5.07,2.09,2.75,1.49,2.40,99.00,3.75,1.18,0.50,0.64,3.20,2.89,1.39,4.06,2.24,3.02,1.53,5.41,0.90,2.38,1.28,1.34,0.58,3.97,2.11,0.47,1.37,2.28,23.55,23.25,22.67,23.13,25.41,22.43,22.69,22.81,22.41,23.60,23.86,21.68,23.48,22.08,25.13,24.83,25.18,23.99,24.55,25.05,21.95,24.30,25.58,21.44,21.45,23.93,18.92,20.36,19.31,18.37,20.41,20.28,20.28,22.15,20.54,21.28,9.51,10.33,10.33,11.50,10.34,11.07,10.61,10.73,8.30,9.20,11.96,11.57,10.97,10.54,10.45,11.14,7.84,10.10,20.84,20.84,20.19,19.12,19.56,20.58],
  [24.56,15.96,15.88,5.48,6.48,28.55,7.72,9.84,5.87,5.87,6.41,8.70,6.79,15.39,15.43,17.16,17.69,18.79,19.05,16.27,17.80,18.13,17.40,15.67,19.05,18.50,18.62,5.62,1.94,1.61,5.38,4.27,3.89,3.53,2.92,2.96,8.80,6.89,6.24,3.43,5.03,5.20,2.05,3.75,99.00,2.70,3.58,3.82,0.77,2.89,4.58,5.16,4.78,1.35,2.23,6.92,2.85,1.37,3.19,5.02,4.05,4.83,2.56,4.21,2.45,4.36,26.45,26.29,25.86,26.26,28.34,25.32,25.82,25.75,25.47,26.59,26.85,24.79,26.48,24.92,28.03,27.83,28.13,27.01,27.47,27.96,24.83,27.28,28.51,24.25,24.18,26.99,22.49,23.87,22.80,21.97,23.94,23.68,23.68,25.53,23.94,24.70,13.01,13.90,13.90,13.81,12.97,13.42,13.83,13.68,11.32,11.75,14.53,14.24,13.46,13.20,12.86,13.91,11.01,12.34,23.89,23.86,22.79,21.82,22.25,23.30],
  [22.59,14.85,13.48,2.79,9.08,26.14,7.76,9.39,4.11,4.11,5.60,6.12,6.13,13.35,13.43,15.24,15.50,16.66,17.07,14.31,15.85,15.95,15.38,13.42,17.35,16.45,16.75,3.61,3.96,3.79,8.00,6.06,4.75,5.71,5.35,5.30,11.11,8.73,4.71,2.36,3.54,2.67,1.24,1.18,2.70,99.00,0.89,1.57,2.07,2.78,2.44,4.53,2.35,2.29,0.51,5.20,0.47,1.42,0.68,2.35,1.68,4.34,1.92,1.62,0.84,2.94,24.68,24.39,23.83,24.29,26.54,23.55,23.85,23.93,23.56,24.74,25.00,22.83,24.62,23.19,26.25,25.97,26.31,25.13,25.68,26.18,23.07,25.43,26.71,22.54,22.54,25.08,20.10,21.54,20.49,19.55,21.59,21.46,21.46,23.33,21.72,22.46,10.69,11.51,11.51,12.48,11.39,12.06,11.77,11.84,9.42,10.23,13.00,12.63,11.99,11.60,11.45,12.22,8.98,11.05,21.98,21.98,21.26,20.20,20.64,21.67],
  [21.87,14.43,12.64,1.90,9.91,25.30,7.83,9.26,3.64,3.64,5.44,5.24,6.01,12.63,12.72,14.54,14.72,15.89,16.36,13.60,15.14,15.18,14.66,12.63,16.73,15.71,16.06,3.03,4.72,4.57,8.84,6.69,5.19,6.57,6.23,6.18,11.97,9.51,4.61,2.46,3.24,1.85,2.03,0.50,3.58,0.89,99.00,1.13,2.97,3.15,1.90,4.50,1.86,3.03,1.35,4.98,0.82,2.26,0.79,1.45,1.09,4.39,2.32,0.79,1.39,2.75,24.01,23.69,23.09,23.56,25.86,22.88,23.13,23.26,22.86,24.05,24.31,22.12,23.93,22.55,25.58,25.27,25.63,24.43,25.01,25.51,22.41,24.75,26.04,21.90,21.92,24.38,19.26,20.72,19.67,18.70,20.77,20.67,20.67,22.54,20.93,21.66,9.88,10.68,10.68,11.99,10.83,11.57,11.04,11.19,8.76,9.70,12.45,12.05,11.46,11.03,10.95,11.62,8.28,10.60,21.28,21.29,20.67,19.60,20.03,21.06],
  [21.04,13.35,12.08,2.10,9.78,24.75,6.77,8.13,2.56,2.56,4.32,4.92,4.89,11.81,11.89,13.68,14.00,15.14,15.52,12.76,14.30,14.45,13.84,11.94,15.78,14.91,15.19,2.04,4.49,4.43,8.76,6.19,4.47,7.13,6.67,6.67,12.52,10.25,5.72,1.55,2.11,1.44,2.80,0.64,3.82,1.57,1.13,99.00,3.38,2.46,0.87,3.43,2.87,2.89,1.75,6.05,1.14,2.45,1.85,1.66,0.28,3.35,1.78,0.80,1.37,1.64,23.11,22.84,22.30,22.74,24.97,21.98,22.30,22.37,22.01,23.18,23.44,21.29,23.06,21.63,24.69,24.41,24.75,23.58,24.11,24.61,21.50,23.87,25.15,20.97,20.97,23.53,18.70,20.10,19.05,18.16,20.17,19.98,19.98,21.84,20.24,20.99,9.24,10.10,10.10,10.94,9.83,10.52,10.23,10.28,7.86,8.67,11.44,11.06,10.43,10.03,9.90,10.66,7.44,9.53,20.43,20.42,19.69,18.64,19.07,20.10],
  [24.33,16.01,15.46,4.86,7.23,28.13,8.04,10.05,5.64,5.64,6.48,8.17,6.91,15.12,15.18,16.94,17.36,18.49,18.81,16.03,17.57,17.81,17.14,15.32,18.91,18.23,18.42,5.31,2.62,2.32,6.13,4.95,4.34,3.76,3.30,3.29,9.14,6.99,5.50,3.30,4.87,4.69,1.28,3.20,0.77,2.07,2.97,3.38,99.00,2.99,4.20,5.25,4.03,1.54,1.67,6.16,2.31,1.01,2.49,4.42,3.58,4.94,2.46,3.66,2.03,4.19,26.29,26.08,25.61,26.03,28.18,25.16,25.59,25.58,25.26,26.41,26.67,24.56,26.29,24.78,27.87,27.64,27.96,26.82,27.30,27.80,24.67,27.09,28.35,24.12,24.07,26.78,22.08,23.49,22.43,21.54,23.55,23.35,23.35,25.21,23.61,24.36,12.63,13.48,13.48,13.78,12.86,13.38,13.55,13.48,11.09,11.65,14.44,14.12,13.38,13.08,12.80,13.77,10.74,12.32,23.68,23.66,22.71,21.71,22.14,23.19],
  [21.85,13.08,13.61,4.55,7.62,26.21,5.14,7.06,3.35,3.35,3.53,7.00,3.92,12.76,12.77,14.46,15.16,16.21,16.36,13.59,15.11,15.58,14.75,13.22,16.24,15.86,15.88,3.37,2.45,2.54,6.68,3.76,2.04,6.38,5.68,5.77,11.50,9.77,7.49,1.03,2.43,3.78,3.40,2.89,2.89,2.78,3.15,2.46,2.99,99.00,2.73,2.28,4.99,1.54,2.42,7.98,2.45,2.13,3.44,4.12,2.73,1.96,0.86,3.23,1.94,1.85,23.65,23.53,23.17,23.55,25.55,22.52,23.10,22.96,22.73,23.82,24.08,22.06,23.71,22.10,25.23,25.06,25.34,24.25,24.67,25.16,22.02,24.50,25.71,21.43,21.34,24.23,20.14,21.43,20.37,19.68,21.53,21.15,21.15,22.97,21.41,22.19,10.68,11.64,11.64,10.94,10.15,10.55,11.23,10.95,8.65,8.92,11.68,11.41,10.60,10.38,10.00,11.12,8.44,9.46,21.14,21.11,19.93,18.97,19.40,20.46],
  [20.18,12.54,11.30,2.11,10.29,23.97,6.37,7.52,1.74,1.74,3.75,4.31,4.34,10.95,11.02,12.81,13.16,14.29,14.66,11.89,13.43,13.61,12.98,11.11,14.91,14.06,14.32,1.17,5.01,5.00,9.30,6.47,4.59,7.96,7.47,7.48,13.34,11.11,6.34,1.70,1.49,1.13,3.67,1.39,4.58,2.44,1.90,0.87,4.20,2.73,99.00,3.05,3.42,3.52,2.61,6.60,2.01,3.24,2.67,1.79,0.81,3.06,2.27,1.27,2.18,1.27,22.24,21.97,21.44,21.88,24.10,21.11,21.44,21.50,21.14,22.31,22.57,20.42,22.19,20.76,23.82,23.54,23.88,22.71,23.24,23.74,20.63,23.00,24.28,20.10,20.10,22.66,17.91,19.29,18.23,17.39,19.36,19.15,19.15,21.00,19.40,20.16,8.44,9.31,9.31,10.10,8.96,9.68,9.37,9.41,6.99,7.82,10.58,10.20,9.58,9.17,9.06,9.79,6.57,8.71,19.56,19.56,18.83,17.77,18.20,19.24],
  [19.81,10.80,12.12,5.15,8.98,24.54,3.35,4.89,2.30,2.30,1.25,6.44,1.66,10.85,10.83,12.44,13.35,14.34,14.35,11.62,13.11,13.75,12.80,11.53,14.08,13.92,13.81,2.81,4.37,4.57,8.20,4.64,2.59,8.63,7.90,8.01,13.64,12.04,9.11,2.17,1.67,4.12,5.46,4.06,5.16,4.53,4.50,3.43,5.25,2.28,3.05,99.00,6.30,3.82,4.34,9.48,4.09,4.32,5.08,4.83,3.60,0.38,2.85,4.17,3.77,1.82,21.49,21.44,21.16,21.50,23.40,20.37,21.05,20.82,20.64,21.71,21.96,20.00,21.59,19.93,23.08,22.94,23.20,22.14,22.52,23.01,19.86,22.37,23.57,19.26,19.15,22.14,18.50,19.69,18.63,18.10,19.82,19.30,19.30,21.09,19.56,20.36,9.18,10.20,10.20,8.69,8.00,8.31,9.39,8.93,6.76,6.76,9.49,9.26,8.40,8.24,7.78,9.01,6.69,7.21,19.06,19.01,17.70,16.77,17.20,18.27],
  [22.41,15.73,12.75,1.97,11.26,25.26,9.64,10.93,5.07,5.07,7.15,5.24,7.73,13.24,13.37,15.22,15.10,16.32,16.96,14.26,15.78,15.58,15.24,12.97,17.58,16.24,16.77,4.36,6.28,6.08,10.16,8.41,7.02,7.04,6.94,6.81,12.30,9.51,2.95,4.31,4.89,2.75,2.77,2.24,4.78,2.35,1.86,2.87,4.03,4.99,3.42,6.30,99.00,4.62,2.84,3.19,2.56,3.69,1.68,1.88,2.71,6.21,4.15,2.16,3.12,4.50,24.73,24.29,23.58,24.09,26.54,23.61,23.67,23.95,23.45,24.69,24.95,22.68,24.57,23.32,26.28,25.90,26.31,25.05,25.70,26.21,23.16,25.40,26.72,22.69,22.76,24.97,19.30,20.85,19.82,18.68,20.86,20.94,20.94,22.83,21.20,21.88,10.20,10.86,10.86,13.20,11.89,12.77,11.66,12.04,9.64,10.84,13.52,13.06,12.59,12.07,12.13,12.58,9.04,11.88,21.90,21.93,21.62,20.49,20.92,21.92],
  [23.28,14.62,14.77,4.82,6.92,27.42,6.50,8.55,4.63,4.63,5.07,7.79,5.46,14.13,14.16,15.88,16.47,17.56,17.77,15.00,16.52,16.91,16.14,14.49,17.73,17.24,17.32,4.46,1.69,1.56,5.88,3.81,2.84,4.86,4.20,4.27,10.06,8.24,6.67,2.15,3.75,4.33,2.33,3.02,1.35,2.29,3.03,2.89,1.54,1.54,3.52,3.82,4.62,99.00,1.79,7.26,2.21,0.99,2.94,4.36,3.16,3.49,1.31,3.47,1.66,3.09,25.13,24.99,24.59,24.98,27.03,24.00,24.53,24.43,24.18,25.29,25.54,23.50,25.17,23.59,26.71,26.52,26.81,25.71,26.15,26.64,23.50,25.97,27.20,22.93,22.85,25.69,21.36,22.70,21.63,20.86,22.78,22.47,22.47,24.31,22.73,23.50,11.87,12.79,12.79,12.47,11.64,12.08,12.58,12.38,10.05,10.42,13.19,12.91,12.12,11.87,11.52,12.59,9.77,10.99,22.59,22.56,21.45,20.48,20.91,21.97],
  [22.79,14.84,13.80,3.24,8.57,26.47,7.50,9.23,4.19,4.19,5.47,6.51,5.98,13.56,13.63,15.42,15.75,16.90,17.27,14.50,16.04,16.20,15.59,13.69,17.48,16.67,16.92,3.76,3.45,3.28,7.50,5.57,4.33,5.39,4.97,4.94,10.79,8.50,5.08,2.18,3.53,3.02,1.15,1.53,2.23,0.51,1.35,1.75,1.67,2.42,2.61,4.34,2.84,1.79,99.00,5.61,0.64,0.91,1.16,2.79,1.93,4.12,1.58,1.99,0.58,2.89,24.83,24.57,24.05,24.49,26.70,23.70,24.05,24.09,23.75,24.91,25.17,23.03,24.79,23.33,26.40,26.14,26.48,25.31,25.83,26.33,23.22,25.60,26.87,22.68,22.66,25.26,20.42,21.84,20.79,19.88,21.90,21.73,21.73,23.60,21.99,22.74,10.98,11.82,11.82,12.51,11.47,12.10,11.98,11.99,9.58,10.29,13.08,12.72,12.05,11.69,11.49,12.34,9.18,11.07,22.16,22.16,21.35,20.31,20.75,21.79],
  [24.56,18.71,14.51,4.89,13.14,26.58,12.81,14.12,8.21,8.21,10.34,7.39,10.92,15.59,15.77,17.62,17.16,18.41,19.24,16.65,18.13,17.64,17.52,15.02,20.14,18.45,19.18,7.49,8.74,8.47,12.02,11.03,9.93,7.84,8.10,7.89,12.40,9.24,0.77,7.42,8.08,5.84,4.97,5.41,6.92,5.20,4.98,6.05,6.16,7.98,6.60,9.48,3.19,7.26,5.61,99.00,5.55,6.26,4.54,4.96,5.90,9.37,7.12,5.36,6.04,7.68,27.08,26.51,25.64,26.21,28.82,25.97,25.80,26.26,25.66,26.94,27.20,24.86,26.82,25.73,28.60,28.13,28.58,27.28,28.02,28.52,25.55,27.66,29.01,25.13,25.27,27.16,20.82,22.47,21.48,20.12,22.43,22.75,22.75,24.63,23.00,23.62,12.31,12.78,12.78,16.13,14.72,15.70,14.07,14.66,12.34,13.74,16.32,15.83,15.46,14.88,15.05,15.30,11.67,14.86,24.15,24.20,24.24,23.06,23.49,24.45],
  [22.19,14.39,13.16,2.66,9.10,25.83,7.35,8.94,3.66,3.66,5.14,5.87,5.68,12.95,13.03,14.83,15.13,16.28,16.67,13.90,15.44,15.58,14.98,13.06,16.92,16.05,16.33,3.18,3.90,3.76,8.04,5.89,4.46,6.03,5.61,5.59,11.43,9.11,5.09,1.93,3.08,2.38,1.66,0.90,2.85,0.47,0.82,1.14,2.31,2.45,2.01,4.09,2.56,2.21,0.64,5.55,99.00,1.49,1.02,2.20,1.29,3.91,1.59,1.36,0.57,2.47,24.25,23.98,23.44,23.89,26.12,23.12,23.45,23.51,23.15,24.32,24.58,22.43,24.20,22.76,25.83,25.55,25.89,24.72,25.25,25.75,22.64,25.02,26.29,22.11,22.10,24.67,19.78,21.21,20.15,19.23,21.26,21.10,21.10,22.97,21.36,22.10,10.35,11.18,11.18,12.02,10.94,11.60,11.37,11.42,9.00,9.77,12.55,12.18,11.53,11.15,10.99,11.78,8.58,10.59,21.57,21.57,20.81,19.76,20.20,21.23],
  [23.33,15.04,14.53,4.14,7.66,27.20,7.26,9.17,4.64,4.64,5.53,7.33,5.99,14.13,14.18,15.94,16.38,17.50,17.81,15.03,16.57,16.83,16.15,14.35,17.91,17.24,17.41,4.32,2.59,2.39,6.59,4.79,3.78,4.75,4.23,4.24,10.11,8.00,5.68,2.31,3.86,3.83,1.36,2.38,1.37,1.42,2.26,2.45,1.01,2.13,3.24,4.32,3.69,0.99,0.91,6.26,1.49,99.00,2.02,3.68,2.68,4.04,1.49,2.85,1.08,3.18,25.29,25.08,24.61,25.03,27.17,24.16,24.59,24.57,24.26,25.40,25.66,23.56,25.28,23.77,26.87,26.64,26.95,25.81,26.30,26.80,23.67,26.09,27.34,23.11,23.07,25.78,21.14,22.53,21.47,20.61,22.60,22.38,22.38,24.23,22.63,23.39,11.67,12.54,12.54,12.79,11.86,12.39,12.55,12.48,10.09,10.65,13.44,13.11,12.38,12.08,11.81,12.76,9.74,11.33,22.68,22.66,21.71,20.71,21.14,22.19],
  [22.64,15.19,13.36,2.47,9.64,25.99,8.36,9.90,4.40,4.40,6.09,5.91,6.64,13.41,13.51,15.33,15.48,16.66,17.14,14.39,15.92,15.94,15.43,13.38,17.52,16.49,16.85,3.81,4.60,4.40,8.55,6.73,5.42,5.91,5.65,5.57,11.30,8.77,4.08,2.94,3.94,2.61,1.36,1.28,3.19,0.68,0.79,1.85,2.49,3.44,2.67,5.08,1.68,2.94,1.16,4.54,1.02,2.02,99.00,2.07,1.86,4.92,2.58,1.57,1.51,3.40,24.80,24.47,23.87,24.34,26.65,23.67,23.90,24.05,23.64,24.83,25.09,22.90,24.71,23.34,26.37,26.06,26.42,25.22,25.79,26.30,23.20,25.53,26.83,22.69,22.71,25.16,19.97,21.45,20.40,19.39,21.49,21.42,21.42,23.29,21.68,22.40,10.63,11.40,11.40,12.77,11.61,12.35,11.82,11.98,9.55,10.48,13.24,12.84,12.25,11.82,11.72,12.41,9.07,11.37,22.06,22.07,21.46,20.39,20.82,21.85],
  [20.72,13.85,11.30,0.46,11.28,23.92,8.15,9.22,3.26,3.26,5.50,3.83,6.09,11.50,11.62,13.46,13.49,14.68,15.23,12.51,14.04,13.95,13.52,11.37,15.76,14.55,15.00,2.53,6.02,5.92,10.23,7.83,6.12,7.98,7.68,7.61,13.37,10.82,4.80,3.19,3.26,0.88,3.42,1.34,5.02,2.35,1.45,1.66,4.42,4.12,1.79,4.83,1.88,4.36,2.79,4.96,2.20,3.68,2.07,99.00,1.39,4.83,3.40,0.91,2.70,3.03,22.97,22.58,21.92,22.41,24.79,21.84,21.98,22.19,21.74,22.95,23.22,20.98,22.83,21.53,24.52,24.17,24.56,23.33,23.95,24.45,21.38,23.66,24.97,20.90,20.95,23.26,17.91,19.40,18.35,17.33,19.43,19.40,19.40,21.28,19.65,20.37,8.61,9.35,9.35,11.32,10.02,10.89,9.92,10.21,7.80,8.96,11.65,11.20,10.71,10.20,10.25,10.73,7.24,9.99,20.17,20.19,19.78,18.66,19.10,20.10],
  [20.91,13.35,11.87,1.82,10.05,24.55,6.95,8.24,2.55,2.55,4.44,4.66,5.02,11.68,11.76,13.56,13.84,14.99,15.39,12.63,14.17,14.29,13.70,11.77,15.70,14.77,15.07,1.96,4.77,4.70,9.03,6.47,4.74,7.32,6.88,6.87,12.72,10.40,5.60,1.80,2.20,1.17,2.91,0.58,4.05,1.68,1.09,0.28,3.58,2.73,0.81,3.60,2.71,3.16,1.93,5.90,1.29,2.68,1.86,1.39,99.00,3.55,2.06,0.57,1.60,1.79,23.01,22.71,22.16,22.61,24.86,21.88,22.17,22.26,21.88,23.06,23.32,21.16,22.94,21.53,24.58,24.29,24.64,23.46,24.01,24.51,21.40,23.76,25.04,20.88,20.89,23.40,18.50,19.91,18.86,17.96,19.97,19.81,19.81,21.67,20.07,20.81,9.05,9.90,9.90,10.91,9.77,10.49,10.09,10.18,7.75,8.62,11.39,10.99,10.39,9.97,9.87,10.58,7.31,9.52,20.31,20.31,19.62,18.56,18.99,20.02],
  [20.18,11.14,12.46,5.17,8.63,24.91,3.44,5.14,2.53,2.53,1.60,6.66,1.97,11.23,11.21,12.82,13.72,14.71,14.73,12.00,13.48,14.12,13.18,11.89,14.45,14.30,14.19,2.97,3.99,4.20,7.84,4.30,2.24,8.28,7.54,7.66,13.27,11.69,8.98,1.98,1.80,4.17,5.22,3.97,4.83,4.34,4.39,3.35,4.94,1.96,3.06,0.38,6.21,3.49,4.12,9.37,3.91,4.04,4.92,4.83,3.55,99.00,2.59,4.12,3.56,1.80,21.86,21.81,21.53,21.87,23.78,20.75,21.42,21.20,21.02,22.08,22.33,20.38,21.97,20.31,23.45,23.32,23.57,22.52,22.89,23.38,20.23,22.75,23.94,19.63,19.52,22.52,18.86,20.06,19.00,18.46,20.18,19.68,19.68,21.47,19.93,20.74,9.53,10.54,10.54,9.06,8.38,8.68,9.76,9.31,7.13,7.14,9.86,9.63,8.77,8.61,8.15,9.38,7.05,7.58,19.44,19.39,18.06,17.14,17.57,18.63],
  [22.00,13.56,13.46,3.85,8.04,26.11,5.92,7.72,3.32,3.32,4.05,6.58,4.51,12.84,12.87,14.60,15.17,16.25,16.49,13.71,15.24,15.60,14.85,13.18,16.50,15.95,16.06,3.15,2.75,2.74,7.04,4.44,2.87,6.09,5.47,5.53,11.35,9.42,6.63,0.86,2.47,3.19,2.63,2.11,2.56,1.92,2.32,1.78,2.46,0.86,2.27,2.85,4.15,1.31,1.58,7.12,1.59,1.49,2.58,3.40,2.06,2.59,99.00,2.50,1.08,1.80,23.89,23.72,23.30,23.70,25.78,22.77,23.26,23.19,22.91,24.03,24.29,22.22,23.92,22.37,25.48,25.27,25.57,24.45,24.91,25.40,22.27,24.71,25.95,21.70,21.64,24.42,20.05,21.38,20.32,19.55,21.47,21.16,21.16,23.00,21.42,22.19,10.56,11.48,11.48,11.33,10.43,10.93,11.28,11.12,8.76,9.21,12.00,11.69,10.94,10.65,10.35,11.36,8.47,9.86,21.32,21.30,20.27,19.28,19.71,20.76],
  [21.08,13.75,11.87,1.37,10.39,24.53,7.52,8.77,2.98,2.98,4.98,4.52,5.57,11.84,11.93,13.76,13.93,15.10,15.57,12.81,14.35,14.39,13.86,11.84,15.96,14.92,15.28,2.32,5.13,5.03,9.34,6.93,5.26,7.32,6.95,6.91,12.73,10.30,5.08,2.35,2.73,1.06,2.81,0.47,4.21,1.62,0.79,0.80,3.66,3.23,1.27,4.17,2.16,3.47,1.99,5.36,1.36,2.85,1.57,0.91,0.57,4.12,2.50,99.00,1.82,2.36,23.23,22.90,22.30,22.77,25.07,22.10,22.34,22.47,22.07,23.26,23.52,21.33,23.14,21.77,24.80,24.49,24.85,23.65,24.22,24.73,21.63,23.96,25.25,21.12,21.15,23.59,18.49,19.94,18.89,17.93,19.99,19.88,19.88,21.75,20.14,20.87,9.10,9.90,9.90,11.29,10.08,10.86,10.25,10.42,7.99,8.97,11.71,11.30,10.73,10.28,10.23,10.86,7.50,9.91,20.49,20.50,19.92,18.83,19.27,20.29],
  [22.32,14.27,13.45,3.17,8.57,26.12,6.95,8.65,3.67,3.67,4.89,6.26,5.40,13.10,13.17,14.94,15.33,16.46,16.80,14.03,15.57,15.78,15.13,13.29,16.97,16.21,16.43,3.29,3.34,3.22,7.52,5.32,3.92,5.79,5.31,5.30,11.17,8.98,5.55,1.60,2.98,2.76,1.72,1.37,2.45,0.84,1.39,1.37,2.03,1.94,2.18,3.77,3.12,1.66,0.58,6.04,0.57,1.08,1.51,2.70,1.60,3.56,1.08,1.82,99.00,2.32,24.33,24.09,23.59,24.02,26.20,23.20,23.58,23.60,23.27,24.42,24.68,22.56,24.30,22.82,25.91,25.65,25.98,24.83,25.33,25.83,22.71,25.11,26.38,22.17,22.14,24.79,20.07,21.46,20.40,19.54,21.53,21.32,21.32,23.18,21.58,22.33,10.60,11.47,11.47,11.96,10.94,11.54,11.53,11.50,9.10,9.76,12.54,12.20,11.51,11.16,10.95,11.82,8.72,10.51,21.69,21.67,20.81,19.79,20.22,21.27],
  [20.20,11.95,11.77,3.37,9.46,24.39,5.16,6.51,1.54,1.54,2.70,5.24,3.26,11.04,11.07,12.80,13.39,14.47,14.69,11.92,13.44,13.82,13.05,11.42,14.72,14.15,14.26,1.53,4.30,4.37,8.53,5.42,3.45,7.88,7.27,7.32,13.15,11.18,7.35,0.94,0.68,2.39,4.04,2.28,4.36,2.94,2.75,1.64,4.19,1.85,1.27,1.82,4.50,3.09,2.89,7.68,2.47,3.18,3.40,3.03,1.79,1.80,1.80,2.36,2.32,99.00,22.11,21.93,21.50,21.90,24.00,20.98,21.46,21.40,21.11,22.24,22.50,20.42,22.12,20.59,23.69,23.48,23.78,22.65,23.13,23.62,20.49,22.92,24.17,19.93,19.88,22.63,18.32,19.63,18.56,17.84,19.72,19.38,19.38,21.22,19.64,20.42,8.85,9.79,9.79,9.64,8.67,9.23,9.49,9.32,6.96,7.47,10.26,9.93,9.21,8.89,8.64,9.58,6.68,8.19,19.53,19.51,18.53,17.52,17.96,19.01],
  [3.22,11.71,13.12,22.77,29.77,10.29,20.53,18.11,20.66,20.66,20.28,19.70,20.09,11.51,11.36,9.51,10.13,8.88,7.84,10.47,8.96,9.66,9.56,12.18,7.41,8.67,7.96,21.08,25.85,26.06,29.27,25.50,23.79,29.98,29.32,29.40,35.13,33.29,27.29,23.03,21.43,22.23,25.91,23.55,26.45,24.68,24.01,23.11,26.29,23.65,22.24,21.49,24.73,25.13,24.83,27.08,24.25,25.29,24.80,22.97,23.01,21.86,23.89,23.23,24.33,22.11,99.00,1.61,3.39,2.66,1.93,1.13,2.63,0.88,2.05,1.10,1.11,2.86,1.11,1.61,1.59,1.79,1.75,1.46,1.03,1.52,1.63,1.20,2.08,2.29,2.67,1.80,9.55,8.16,8.30,10.31,8.51,6.67,6.67,5.97,6.59,6.82,14.79,14.47,14.47,12.96,13.50,13.28,13.07,12.83,15.26,14.73,12.01,12.24,13.11,13.27,13.75,12.54,15.74,14.41,3.09,2.96,4.46,4.89,4.52,3.48],
  [2.02,12.16,12.28,22.35,29.92,8.70,20.73,18.35,20.44,20.44,20.26,19.17,20.11,11.07,10.97,9.15,9.39,8.12,7.34,10.09,8.55,8.91,9.06,11.50,7.46,8.07,7.67,20.81,25.80,25.99,29.36,25.60,23.82,29.81,29.18,29.25,35.03,33.07,26.76,22.86,21.25,21.88,25.63,23.25,26.29,24.39,23.69,22.84,26.08,23.53,21.97,21.44,24.29,24.99,24.57,26.51,23.98,25.08,24.47,22.58,22.71,21.81,23.72,22.90,24.09,21.93,1.61,99.00,1.80,1.05,2.42,1.76,1.08,1.19,0.84,0.61,0.81,1.69,0.53,2.47,2.36,1.63,2.18,0.77,1.87,2.29,2.25,1.25,2.63,2.98,3.61,0.71,8.14,6.67,6.90,8.93,7.01,5.24,5.24,4.38,5.12,5.27,14.21,13.78,13.78,13.11,13.45,13.40,12.66,12.61,14.99,14.68,12.06,12.21,13.15,13.21,13.80,12.43,15.41,14.50,2.41,2.43,5.33,5.39,5.10,4.22],
  [1.44,12.55,11.22,21.66,29.83,7.06,20.72,18.43,19.99,19.99,20.02,18.38,19.92,10.49,10.43,8.72,8.49,7.25,6.82,9.59,8.07,8.01,8.46,10.63,7.55,7.39,7.37,20.30,25.51,25.67,29.21,25.46,23.61,29.36,28.77,28.82,34.65,32.55,25.93,22.44,20.83,21.26,25.07,22.67,25.86,23.83,23.09,22.30,25.61,23.17,21.44,21.16,23.58,24.59,24.05,25.64,23.44,24.61,23.87,21.92,22.16,21.53,23.30,22.30,23.59,21.50,3.39,1.80,99.00,0.81,3.96,3.22,0.77,2.78,1.55,2.39,2.54,1.42,2.32,3.86,4.02,3.03,3.73,2.35,3.60,3.95,3.55,2.90,4.16,4.16,4.87,2.02,6.49,4.93,5.27,7.30,5.26,3.59,3.59,2.58,3.44,3.50,13.39,12.86,12.86,13.14,13.25,13.38,12.07,12.23,14.54,14.47,11.99,12.06,13.07,13.01,13.71,12.19,14.87,14.46,2.46,2.66,6.39,6.10,5.92,5.26],
  [1.70,12.58,11.85,22.17,30.09,7.66,20.95,18.62,20.40,20.40,20.34,18.92,20.22,10.94,10.86,9.10,9.06,7.80,7.22,10.00,8.46,8.57,8.91,11.19,7.70,7.86,7.68,20.74,25.86,26.03,29.50,25.75,23.92,29.77,29.17,29.23,35.04,32.99,26.49,22.84,21.23,21.74,25.52,23.13,26.26,24.29,23.56,22.74,26.03,23.55,21.88,21.50,24.09,24.98,24.49,26.21,23.89,25.03,24.34,22.41,22.61,21.87,23.70,22.77,24.02,21.90,2.66,1.05,0.81,99.00,3.16,2.68,0.45,2.16,1.13,1.61,1.75,1.50,1.56,3.36,3.21,2.23,2.93,1.53,2.80,3.14,3.09,2.09,3.36,3.77,4.45,1.21,7.29,5.74,6.06,8.10,6.07,4.39,4.39,3.36,4.25,4.31,13.94,13.44,13.44,13.33,13.55,13.60,12.52,12.60,14.94,14.77,12.23,12.33,13.31,13.31,13.96,12.50,15.31,14.69,2.51,2.64,6.08,5.96,5.73,4.95],
  [4.45,13.62,14.68,24.58,31.70,10.04,22.46,20.04,22.54,22.54,22.20,21.46,22.01,13.30,13.17,11.33,11.75,10.49,9.59,12.28,10.75,11.28,11.32,13.85,9.33,10.37,9.79,22.94,27.77,27.97,31.20,27.43,25.72,31.87,31.22,31.30,37.04,35.17,29.05,24.92,23.32,24.07,27.77,25.41,28.34,26.54,25.86,24.97,28.18,25.55,24.10,23.40,26.54,27.03,26.70,28.82,26.12,27.17,26.65,24.79,24.86,23.78,25.78,25.07,26.20,24.00,1.93,2.42,3.96,3.16,99.00,3.03,3.40,2.60,3.24,1.90,1.64,4.10,2.02,3.54,0.45,0.94,0.24,1.68,0.90,0.48,3.56,1.19,0.20,4.22,4.54,1.95,10.45,8.88,9.22,11.26,9.19,7.55,7.55,6.39,7.40,7.41,16.52,16.13,16.13,14.89,15.41,15.21,14.87,14.70,17.12,16.64,13.93,14.15,15.03,15.17,15.67,14.43,17.58,16.33,4.68,4.62,6.31,6.82,6.44,5.38],
  [2.58,10.69,12.08,21.64,28.68,10.28,19.45,17.04,19.53,19.53,19.17,18.59,18.98,10.39,10.24,8.39,9.08,7.83,6.74,9.35,7.84,8.61,8.45,11.10,6.29,7.59,6.84,19.95,24.74,24.94,28.17,24.40,22.68,28.85,28.19,28.28,34.01,32.16,26.17,21.90,20.31,21.10,24.78,22.43,25.32,23.55,22.88,21.98,25.16,22.52,21.11,20.37,23.61,24.00,23.70,25.97,23.12,24.16,23.67,21.84,21.88,20.75,22.77,22.10,23.20,20.98,1.13,1.76,3.22,2.68,3.03,99.00,2.46,0.60,1.68,1.60,1.79,2.25,1.53,0.71,2.71,2.70,2.83,2.09,2.14,2.64,0.56,2.09,3.19,1.29,1.85,2.30,8.88,7.63,7.64,9.61,8.00,6.08,6.08,5.68,6.03,6.39,13.69,13.39,13.39,11.87,12.38,12.18,11.95,11.70,14.13,13.61,10.90,11.12,12.00,12.14,12.64,11.41,14.61,13.30,2.15,1.97,3.61,3.86,3.52,2.54],
  [1.26,12.15,11.47,21.74,29.64,7.82,20.50,18.17,19.95,19.95,19.89,18.50,19.77,10.50,10.42,8.65,8.65,7.39,6.78,9.55,8.02,8.16,8.47,10.78,7.25,7.43,7.23,20.30,25.41,25.58,29.05,25.29,23.47,29.33,28.72,28.78,34.59,32.55,26.07,22.40,20.78,21.30,25.09,22.69,25.82,23.85,23.13,22.30,25.59,23.10,21.44,21.05,23.67,24.53,24.05,25.80,23.45,24.59,23.90,21.98,22.17,21.42,23.26,22.34,23.58,21.46,2.63,1.08,0.77,0.45,3.40,2.46,99.00,2.01,0.81,1.68,1.87,1.05,1.60,3.12,3.40,2.51,3.16,1.73,2.94,3.33,2.82,2.27,3.60,3.47,4.16,1.47,7.08,5.59,5.84,7.88,5.93,4.18,4.18,3.33,4.05,4.20,13.52,13.04,13.04,12.88,13.09,13.15,12.09,12.15,14.50,14.32,11.78,11.88,12.86,12.85,13.51,12.05,14.87,14.24,2.06,2.20,5.74,5.56,5.35,4.61],
  [2.39,11.24,12.25,21.99,29.18,9.81,19.96,17.56,19.93,19.93,19.62,18.89,19.45,10.71,10.58,8.73,9.28,8.02,7.02,9.69,8.17,8.81,8.75,11.33,6.75,7.84,7.19,20.34,25.19,25.39,28.66,24.89,23.15,29.27,28.63,28.70,34.45,32.57,26.48,22.32,20.72,21.47,25.17,22.81,25.75,23.93,23.26,22.37,25.58,22.96,21.50,20.82,23.95,24.43,24.09,26.26,23.51,24.57,24.05,22.19,22.26,21.20,23.19,22.47,23.60,21.40,0.88,1.19,2.78,2.16,2.60,0.60,2.01,99.00,1.29,1.01,1.21,2.03,0.93,1.30,2.34,2.16,2.38,1.50,1.76,2.26,1.14,1.56,2.78,1.88,2.45,1.70,8.73,7.39,7.48,9.48,7.75,5.88,5.88,5.31,5.80,6.09,13.97,13.63,13.63,12.36,12.82,12.67,12.29,12.10,14.51,14.06,11.37,11.57,12.47,12.59,13.11,11.84,14.98,13.79,2.22,2.10,4.21,4.42,4.09,3.13],
  [1.23,11.52,11.45,21.51,29.16,8.61,19.99,17.63,19.62,19.62,19.47,18.33,19.33,10.23,10.13,8.33,8.55,7.28,6.50,9.26,7.71,8.07,8.22,10.66,6.71,7.23,6.85,19.99,25.01,25.20,28.60,24.83,23.04,28.99,28.37,28.43,34.22,32.24,25.92,22.05,20.44,21.04,24.80,22.41,25.47,23.56,22.86,22.01,25.26,22.73,21.14,20.64,23.45,24.18,23.75,25.66,23.15,24.26,23.64,21.74,21.88,21.02,22.91,22.07,23.27,21.11,2.05,0.84,1.55,1.13,3.24,1.68,0.81,1.29,99.00,1.34,1.59,0.87,1.23,2.31,3.13,2.47,2.99,1.62,2.59,3.05,2.01,2.05,3.44,2.66,3.35,1.52,7.51,6.12,6.26,8.28,6.47,4.63,4.63,4.03,4.54,4.80,13.36,12.94,12.94,12.37,12.66,12.64,11.82,11.79,14.17,13.89,11.29,11.43,12.38,12.42,13.03,11.64,14.58,13.75,1.58,1.64,4.95,4.84,4.60,3.82],
  [2.57,12.24,12.78,22.74,30.12,9.19,20.91,18.52,20.76,20.76,20.52,19.59,20.35,11.45,11.33,9.50,9.85,8.59,7.73,10.45,8.91,9.38,9.45,11.95,7.67,8.49,7.99,21.15,26.07,26.27,29.58,25.82,24.06,30.12,29.48,29.55,35.32,33.39,27.18,23.17,21.56,22.24,25.97,23.60,26.59,24.74,24.05,23.18,26.41,23.82,22.31,21.71,24.69,25.29,24.91,26.94,24.32,25.40,24.83,22.95,23.06,22.08,24.03,23.26,24.42,22.24,1.10,0.61,2.39,1.61,1.90,1.60,1.68,1.01,1.34,99.00,0.26,2.22,0.12,2.29,1.79,1.24,1.66,0.49,1.27,1.71,2.15,0.72,2.10,2.89,3.43,0.73,8.75,7.28,7.50,9.53,7.61,5.84,5.84,4.96,5.73,5.88,14.63,14.24,14.24,13.30,13.71,13.60,13.03,12.92,15.33,14.94,12.28,12.46,13.38,13.47,14.02,12.71,15.76,14.71,2.80,2.76,5.21,5.42,5.10,4.14],
  [2.81,12.45,13.03,23.00,30.36,9.24,21.15,18.75,21.02,21.02,20.77,19.85,20.60,11.71,11.60,9.77,10.12,8.85,7.99,10.71,9.18,9.64,9.72,12.21,7.91,8.76,8.25,21.41,26.33,26.52,29.83,26.06,24.31,30.38,29.74,29.81,35.57,33.65,27.44,23.43,21.82,22.50,26.23,23.86,26.85,25.00,24.31,23.44,26.67,24.08,22.57,21.96,24.95,25.54,25.17,27.20,24.58,25.66,25.09,23.22,23.32,22.33,24.29,23.52,24.68,22.50,1.11,0.81,2.54,1.75,1.64,1.79,1.87,1.21,1.59,0.26,99.00,2.46,0.38,2.46,1.55,0.98,1.40,0.35,1.07,1.48,2.34,0.46,1.85,3.08,3.59,0.69,8.95,7.45,7.71,9.74,7.79,6.04,6.04,5.10,5.92,6.04,14.90,14.50,14.50,13.54,13.96,13.84,13.30,13.18,15.59,15.20,12.53,12.71,13.63,13.72,14.27,12.96,16.02,14.96,3.06,3.02,5.38,5.63,5.30,4.32],
  [0.36,11.16,10.60,20.75,28.59,8.27,19.45,17.13,18.92,18.92,18.84,17.54,18.72,9.49,9.40,7.62,7.72,6.46,5.76,8.53,6.99,7.24,7.46,9.84,6.22,6.44,6.19,19.27,24.36,24.54,28.00,24.24,22.42,28.30,27.69,27.75,33.55,31.53,25.12,21.36,19.75,20.29,24.07,21.68,24.79,22.83,22.12,21.29,24.56,22.06,20.42,20.00,22.68,23.50,23.03,24.86,22.43,23.56,22.90,20.98,21.16,20.38,22.22,21.33,22.56,20.42,2.86,1.69,1.42,1.50,4.10,2.25,1.05,2.03,0.87,2.22,2.46,99.00,2.10,2.75,4.00,3.31,3.86,2.46,3.46,3.93,2.41,2.92,4.31,2.91,3.63,2.31,6.70,5.39,5.45,7.45,5.75,3.85,3.85,3.51,3.79,4.15,12.56,12.11,12.11,11.84,12.05,12.10,11.08,11.11,13.47,13.27,10.73,10.83,11.81,11.81,12.46,11.01,13.85,13.20,1.05,1.23,5.03,4.68,4.51,3.91],
  [2.46,12.14,12.66,22.62,30.01,9.17,20.80,18.41,20.65,20.65,20.40,19.47,20.24,11.33,11.21,9.38,9.73,8.47,7.61,10.33,8.79,9.26,9.33,11.83,7.56,8.37,7.87,21.03,25.96,26.15,29.47,25.71,23.95,30.00,29.37,29.44,35.20,33.28,27.06,23.05,21.45,22.12,25.85,23.48,26.48,24.62,23.93,23.06,26.29,23.71,22.19,21.59,24.57,25.17,24.79,26.82,24.20,25.28,24.71,22.83,22.94,21.97,23.92,23.14,24.30,22.12,1.11,0.53,2.32,1.56,2.02,1.53,1.60,0.93,1.23,0.12,0.38,2.10,99.00,2.23,1.90,1.35,1.78,0.58,1.37,1.82,2.07,0.84,2.22,2.81,3.37,0.78,8.65,7.19,7.41,9.44,7.53,5.75,5.75,4.90,5.64,5.80,14.51,14.12,14.12,13.19,13.59,13.49,12.91,12.81,15.21,14.83,12.17,12.34,13.27,13.36,13.91,12.59,15.64,14.60,2.67,2.64,5.14,5.33,5.01,4.06],
  [3.04,10.10,12.02,21.35,28.17,10.91,18.93,16.50,19.15,19.15,18.72,18.35,18.52,10.14,9.97,8.12,9.00,7.78,6.57,9.09,7.61,8.54,8.25,10.96,5.87,7.45,6.56,19.59,24.29,24.50,27.67,23.91,22.21,28.45,27.78,27.86,33.57,31.77,25.92,21.51,19.91,20.78,24.42,22.08,24.92,23.19,22.55,21.63,24.78,22.10,20.76,19.93,23.32,23.59,23.33,25.73,22.76,23.77,23.34,21.53,21.53,20.31,22.37,21.77,22.82,20.59,1.61,2.47,3.86,3.36,3.54,0.71,3.12,1.30,2.31,2.29,2.46,2.75,2.23,99.00,3.17,3.33,3.36,2.77,2.64,3.10,0.35,2.72,3.68,0.68,1.14,3.00,9.22,8.06,7.99,9.92,8.43,6.49,6.49,6.25,6.46,6.89,13.50,13.25,13.25,11.37,11.95,11.70,11.68,11.35,13.78,13.18,10.44,10.69,11.54,11.72,12.17,11.01,14.29,12.82,2.39,2.15,2.92,3.28,2.91,1.88],
  [4.35,13.23,14.52,24.32,31.34,10.32,22.09,19.67,22.24,22.24,21.87,21.23,21.67,13.05,12.91,11.06,11.57,10.31,9.36,12.02,10.50,11.10,11.08,13.65,9.00,10.16,9.52,22.65,27.44,27.65,30.84,27.08,25.37,31.56,30.90,30.98,36.71,34.87,28.82,24.61,23.02,23.79,27.48,25.13,28.03,26.25,25.58,24.69,27.87,25.23,23.82,23.08,26.28,26.71,26.40,28.60,25.83,26.87,26.37,24.52,24.58,23.45,25.48,24.80,25.91,23.69,1.59,2.36,4.02,3.21,0.45,2.71,3.40,2.34,3.13,1.79,1.55,4.00,1.90,3.17,99.00,1.12,0.45,1.67,0.58,0.08,3.22,1.13,0.52,3.85,4.13,2.00,10.48,8.95,9.24,11.28,9.27,7.57,7.57,6.51,7.44,7.50,16.30,15.94,15.94,14.53,15.08,14.86,14.62,14.41,16.83,16.32,13.59,13.82,14.69,14.85,15.33,14.12,17.30,15.98,4.49,4.40,5.89,6.44,6.05,4.99],
  [3.63,13.40,13.90,23.95,31.34,9.20,22.12,19.72,22.00,22.00,21.75,20.79,21.58,12.67,12.56,10.73,11.01,9.75,8.94,11.67,10.14,10.53,10.67,13.13,8.89,9.69,9.22,22.38,27.31,27.50,30.81,27.04,25.29,31.35,30.72,30.79,36.55,34.63,28.38,24.40,22.80,23.47,27.20,24.83,27.83,25.97,25.27,24.41,27.64,25.06,23.54,22.94,25.90,26.52,26.14,28.13,25.55,26.64,26.06,24.17,24.29,23.32,25.27,24.49,25.65,23.48,1.79,1.63,3.03,2.23,0.94,2.70,2.51,2.16,2.47,1.24,0.98,3.31,1.35,3.33,1.12,99.00,0.73,0.85,1.04,1.09,3.26,0.61,1.13,3.98,4.43,1.04,9.52,7.94,8.30,10.33,8.25,6.62,6.62,5.45,6.47,6.47,15.83,15.40,15.40,14.51,14.94,14.82,14.25,14.16,16.56,16.18,13.51,13.69,14.61,14.70,15.25,13.94,16.99,15.94,4.00,3.99,6.23,6.57,6.22,5.21],
  [4.20,13.45,14.44,24.35,31.51,9.89,22.27,19.86,22.32,22.32,21.99,21.23,21.81,13.07,12.94,11.10,11.51,10.25,9.36,12.05,10.52,11.03,11.08,13.61,9.12,10.14,9.57,22.72,27.56,27.76,31.00,27.24,25.51,31.66,31.01,31.08,36.83,34.95,28.82,24.71,23.10,23.84,27.55,25.18,28.13,26.31,25.63,24.75,27.96,25.34,23.88,23.20,26.31,26.81,26.48,28.58,25.89,26.95,26.42,24.56,24.64,23.57,25.57,24.85,25.98,23.78,1.75,2.18,3.73,2.93,0.24,2.83,3.16,2.38,2.99,1.66,1.40,3.86,1.78,3.36,0.45,0.73,99.00,1.43,0.73,0.44,3.37,0.94,0.45,4.04,4.38,1.71,10.22,8.65,8.99,11.02,8.97,7.31,7.31,6.18,7.17,7.20,16.28,15.89,15.89,14.69,15.20,15.02,14.64,14.48,16.90,16.43,13.73,13.94,14.83,14.96,15.47,14.22,17.35,16.14,4.44,4.39,6.16,6.64,6.26,5.22],
  [2.79,12.72,13.05,23.11,30.58,8.93,21.37,18.98,21.17,21.17,20.95,19.94,20.80,11.83,11.71,9.90,10.16,8.90,8.10,10.83,9.29,9.68,9.82,12.27,8.12,8.84,8.40,21.55,26.51,26.70,30.04,26.27,24.50,30.53,29.90,29.97,35.74,33.80,27.53,23.59,21.98,22.63,26.37,23.99,27.01,25.13,24.43,23.58,26.82,24.25,22.71,22.14,25.05,25.71,25.31,27.28,24.72,25.81,25.22,23.33,23.46,22.52,24.45,23.65,24.83,22.65,1.46,0.77,2.35,1.53,1.68,2.09,1.73,1.50,1.62,0.49,0.35,2.46,0.58,2.77,1.67,0.85,1.43,99.00,1.28,1.61,2.63,0.56,1.88,3.38,3.91,0.37,8.80,7.27,7.57,9.61,7.60,5.90,5.90,4.87,5.76,5.84,14.97,14.55,14.55,13.76,14.14,14.05,13.41,13.33,15.73,15.38,12.73,12.90,13.83,13.90,14.47,13.14,16.15,15.17,3.16,3.15,5.69,5.90,5.58,4.62],
  [3.82,12.73,13.95,23.74,30.80,10.13,21.56,19.14,21.67,21.67,21.31,20.65,21.12,12.47,12.33,10.48,11.00,9.74,8.78,11.44,9.92,10.53,10.50,13.07,8.44,9.58,8.94,22.08,26.88,27.09,30.30,26.53,24.82,30.99,30.34,30.42,36.15,34.30,28.24,24.05,22.45,23.22,26.91,24.55,27.47,25.68,25.01,24.11,27.30,24.67,23.24,22.52,25.70,26.15,25.83,28.02,25.25,26.30,25.79,23.95,24.01,22.89,24.91,24.22,25.33,23.13,1.03,1.87,3.60,2.80,0.90,2.14,2.94,1.76,2.59,1.27,1.07,3.46,1.37,2.64,0.58,1.04,0.73,1.28,99.00,0.50,2.66,0.73,1.05,3.32,3.65,1.64,10.01,8.52,8.77,10.81,8.85,7.11,7.11,6.14,6.99,7.10,15.72,15.36,15.36,13.99,14.52,14.32,14.04,13.84,16.26,15.76,13.04,13.26,14.14,14.29,14.78,13.55,16.73,15.44,3.92,3.83,5.43,5.92,5.54,4.49],
  [4.28,13.17,14.45,24.25,31.27,10.28,22.03,19.60,22.16,22.16,21.80,21.15,21.61,12.97,12.84,10.99,11.50,10.24,9.28,11.95,10.43,11.02,11.00,13.57,8.93,10.09,9.45,22.58,27.37,27.58,30.77,27.01,25.30,31.49,30.83,30.91,36.64,34.80,28.74,24.54,22.94,23.72,27.41,25.05,27.96,26.18,25.51,24.61,27.80,25.16,23.74,23.01,26.21,26.64,26.33,28.52,25.75,26.80,26.30,24.45,24.51,23.38,25.40,24.73,25.83,23.62,1.52,2.29,3.95,3.14,0.48,2.64,3.33,2.26,3.05,1.71,1.48,3.93,1.82,3.10,0.08,1.09,0.44,1.61,0.50,99.00,3.15,1.06,0.58,3.79,4.08,1.94,10.41,8.88,9.17,11.21,9.21,7.50,7.50,6.45,7.37,7.44,16.22,15.86,15.86,14.47,15.01,14.80,14.54,14.34,16.76,16.25,13.53,13.75,14.62,14.78,15.26,14.05,17.23,15.92,4.41,4.33,5.84,6.37,5.99,4.93],
  [2.70,10.14,11.77,21.20,28.15,10.60,18.91,16.50,19.04,19.04,18.65,18.17,18.46,9.96,9.80,7.95,8.75,7.52,6.35,8.92,7.43,8.29,8.05,10.74,5.78,7.23,6.39,19.47,24.22,24.43,27.64,23.87,22.16,28.35,27.69,27.77,33.50,31.67,25.75,21.41,19.81,20.64,24.30,21.95,24.83,23.07,22.41,21.50,24.67,22.02,20.63,19.86,23.16,23.50,23.22,25.55,22.64,23.67,23.20,21.38,21.40,20.23,22.27,21.63,22.71,20.49,1.63,2.25,3.55,3.09,3.56,0.56,2.82,1.14,2.01,2.15,2.34,2.41,2.07,0.35,3.22,3.26,3.37,2.63,2.66,3.15,99.00,2.65,3.71,0.74,1.36,2.83,8.88,7.72,7.64,9.58,8.08,6.14,6.14,5.91,6.12,6.54,13.30,13.02,13.02,11.33,11.87,11.65,11.51,11.23,13.65,13.10,10.38,10.61,11.48,11.64,12.11,10.91,14.15,12.77,2.05,1.82,3.08,3.31,2.96,1.99],
  [3.26,12.79,13.49,23.45,30.75,9.42,21.52,19.12,21.45,21.45,21.18,20.31,21.01,12.16,12.04,10.21,10.57,9.31,8.44,11.15,9.62,10.10,10.17,12.67,8.31,9.21,8.69,21.84,26.74,26.94,30.22,26.45,24.71,30.80,30.16,30.23,35.99,34.08,27.89,23.85,22.25,22.95,26.67,24.30,27.28,25.43,24.75,23.87,27.09,24.50,23.00,22.37,25.40,25.97,25.60,27.66,25.02,26.09,25.53,23.66,23.76,22.75,24.71,23.96,25.11,22.92,1.20,1.25,2.90,2.09,1.19,2.09,2.27,1.56,2.05,0.72,0.46,2.92,0.84,2.72,1.13,0.61,0.94,0.56,0.73,1.06,2.65,99.00,1.39,3.37,3.83,0.91,9.35,7.83,8.11,10.15,8.16,6.44,6.44,5.43,6.31,6.40,15.35,14.96,14.96,13.92,14.37,14.23,13.74,13.61,16.02,15.61,12.93,13.12,14.03,14.13,14.67,13.38,16.46,15.35,3.51,3.47,5.62,5.96,5.61,4.60],
  [4.65,13.75,14.88,24.77,31.85,10.18,22.61,20.18,22.71,22.71,22.36,21.65,22.17,13.48,13.35,11.51,11.95,10.69,9.78,12.46,10.94,11.47,11.50,14.04,9.49,10.57,9.97,23.12,27.93,28.14,31.35,27.58,25.87,32.04,31.39,31.47,37.20,35.34,29.24,25.09,23.49,24.25,27.95,25.58,28.51,26.71,26.04,25.15,28.35,25.71,24.28,23.57,26.72,27.20,26.87,29.01,26.29,27.34,26.83,24.97,25.04,23.94,25.95,25.25,26.38,24.17,2.08,2.63,4.16,3.36,0.20,3.19,3.60,2.78,3.44,2.10,1.85,4.31,2.22,3.68,0.52,1.13,0.45,1.88,1.05,0.58,3.71,1.39,99.00,4.36,4.66,2.15,10.65,9.07,9.42,11.46,9.39,7.75,7.75,6.58,7.60,7.61,16.71,16.33,16.33,15.04,15.57,15.36,15.06,14.88,17.29,16.81,14.09,14.31,15.19,15.34,15.82,14.60,17.76,16.49,4.87,4.81,6.41,6.95,6.57,5.51],
  [3.14,9.42,11.53,20.72,27.49,11.17,18.24,15.82,18.49,18.49,18.04,17.75,17.84,9.54,9.37,7.51,8.50,7.30,6.02,8.48,7.03,8.06,7.68,10.43,5.20,6.93,5.95,18.94,23.61,23.83,26.99,23.23,21.53,27.78,27.11,27.20,32.90,31.11,25.31,20.84,19.25,20.14,23.77,21.44,24.25,22.54,21.90,20.97,24.12,21.43,20.10,19.26,22.69,22.93,22.68,25.13,22.11,23.11,22.69,20.90,20.88,19.63,21.70,21.12,22.17,19.93,2.29,2.98,4.16,3.77,4.22,1.29,3.47,1.88,2.66,2.89,3.08,2.91,2.81,0.68,3.85,3.98,4.04,3.38,3.32,3.79,0.74,3.37,4.36,99.00,0.72,3.57,9.08,8.04,7.87,9.75,8.41,6.45,6.45,6.41,6.46,6.95,12.92,12.70,12.70,10.69,11.28,11.02,11.07,10.71,13.14,12.51,9.77,10.02,10.86,11.05,11.49,10.35,13.66,12.14,2.30,2.03,2.34,2.60,2.24,1.25],
  [3.86,9.10,11.88,20.79,27.26,11.89,18.02,15.57,18.47,18.47,17.92,17.88,17.70,9.70,9.51,7.67,8.85,7.68,6.31,8.64,7.23,8.42,7.92,10.70,5.19,7.24,6.12,18.93,23.49,23.71,26.79,23.03,21.38,27.71,27.02,27.12,32.79,31.06,25.42,20.78,19.20,20.18,23.76,21.45,24.18,22.54,21.92,20.97,24.07,21.34,20.10,19.15,22.76,22.85,22.66,25.27,22.10,23.07,22.71,20.95,20.89,19.52,21.64,21.15,22.14,19.88,2.67,3.61,4.87,4.45,4.54,1.85,4.16,2.45,3.35,3.43,3.59,3.63,3.37,1.14,4.13,4.43,4.38,3.91,3.65,4.08,1.36,3.83,4.66,0.72,99.00,4.15,9.73,8.73,8.53,10.37,9.10,7.14,7.14,7.13,7.15,7.66,13.12,12.96,12.96,10.52,11.21,10.86,11.20,10.74,13.16,12.43,9.66,9.95,10.75,10.99,11.37,10.32,13.72,11.98,3.00,2.72,1.80,2.38,1.96,0.89],
  [2.62,12.84,12.89,23.03,30.62,8.56,21.43,19.05,21.14,21.14,20.96,19.84,20.82,11.75,11.65,9.85,10.02,8.76,8.02,10.77,9.23,9.54,9.74,12.15,8.16,8.74,8.37,21.51,26.51,26.70,30.07,26.30,24.52,30.50,29.88,29.95,35.73,33.76,27.42,23.56,21.95,22.56,26.32,23.93,26.99,25.08,24.38,23.53,26.78,24.23,22.66,22.14,24.97,25.69,25.26,27.16,24.67,25.78,25.16,23.26,23.40,22.52,24.42,23.59,24.79,22.63,1.80,0.71,2.02,1.21,1.95,2.30,1.47,1.70,1.52,0.73,0.69,2.31,0.78,3.00,2.00,1.04,1.71,0.37,1.64,1.94,2.83,0.91,2.15,3.57,4.15,99.00,8.50,6.95,7.27,9.31,7.27,5.60,5.60,4.52,5.46,5.51,14.86,14.42,14.42,13.81,14.15,14.10,13.34,13.31,15.69,15.39,12.76,12.91,13.86,13.91,14.50,13.13,16.10,15.21,3.10,3.13,5.91,6.05,5.74,4.82],
  [6.34,13.15,6.62,17.56,27.49,6.07,19.10,17.24,16.79,16.79,17.58,14.10,17.67,8.02,8.17,7.39,5.39,4.90,6.08,7.71,6.84,5.13,6.62,6.98,8.50,5.72,7.12,16.90,22.59,22.68,26.69,23.12,21.09,25.81,25.37,25.36,31.21,28.73,21.24,19.25,17.71,17.43,21.29,18.92,22.49,20.10,19.26,18.70,22.08,20.14,17.91,18.50,19.30,21.36,20.42,20.82,19.78,21.14,19.97,17.91,18.50,18.86,20.05,18.49,20.07,18.32,9.55,8.14,6.49,7.29,10.45,8.88,7.08,8.73,7.51,8.75,8.95,6.70,8.65,9.22,10.48,9.52,10.22,8.80,10.01,10.41,8.88,9.35,10.65,9.08,9.73,8.50,99.00,1.78,1.25,0.84,1.64,2.91,2.91,4.36,3.05,3.23,9.48,8.60,8.60,12.41,11.68,12.45,9.23,10.17,11.83,12.66,11.13,10.86,11.92,11.47,12.47,10.66,11.81,13.27,6.83,7.08,10.36,9.33,9.47,9.53],
  [5.05,13.43,8.11,19.07,28.66,4.93,20.05,18.06,18.10,18.10,18.71,15.62,18.76,8.97,9.06,7.97,6.36,5.56,6.35,8.46,7.33,6.01,7.29,8.22,8.48,6.25,7.34,18.25,23.87,23.98,27.90,24.27,22.27,27.23,26.77,26.77,32.63,30.21,22.87,20.57,19.01,18.88,22.75,20.36,23.87,21.54,20.72,20.10,23.49,21.43,19.29,19.69,20.85,22.70,21.84,22.47,21.21,22.53,21.45,19.40,19.91,20.06,21.38,19.94,21.46,19.63,8.16,6.67,4.93,5.74,8.88,7.63,5.59,7.39,6.12,7.28,7.45,5.39,7.19,8.06,8.95,7.94,8.65,7.27,8.52,8.88,7.72,7.83,9.07,8.04,8.73,6.95,1.78,99.00,1.07,2.61,0.37,1.58,1.58,2.62,1.60,1.50,10.86,10.05,10.05,13.02,12.50,13.12,10.32,11.08,12.95,13.56,11.75,11.56,12.64,12.28,13.23,11.44,13.02,14.03,5.74,6.01,9.63,8.74,8.80,8.68],
  [5.09,12.55,7.08,18.03,27.59,5.97,19.01,17.04,17.03,17.03,17.64,14.59,17.70,7.91,8.02,6.98,5.30,4.54,5.45,7.44,6.37,4.95,6.28,7.15,7.70,5.26,6.46,17.19,22.80,22.91,26.83,23.20,21.20,26.18,25.71,25.71,31.57,29.17,21.87,19.50,17.94,17.83,21.70,19.31,22.80,20.49,19.67,19.05,22.43,20.37,18.23,18.63,19.82,21.63,20.79,21.48,20.15,21.47,20.40,18.35,18.86,19.00,20.32,18.89,20.40,18.56,8.30,6.90,5.27,6.06,9.22,7.64,5.84,7.48,6.26,7.50,7.71,5.45,7.41,7.99,9.24,8.30,8.99,7.57,8.77,9.17,7.64,8.11,9.42,7.87,8.53,7.27,1.25,1.07,99.00,2.04,1.23,1.68,1.68,3.30,1.84,2.19,9.80,9.00,9.00,12.04,11.48,12.13,9.26,10.03,11.88,12.52,10.76,10.56,11.63,11.25,12.21,10.42,11.95,13.01,5.60,5.86,9.24,8.26,8.37,8.37],
  [7.10,13.25,6.09,16.97,27.08,6.60,18.83,17.05,16.33,16.33,17.21,13.51,17.33,7.82,8.00,7.41,5.22,4.93,6.28,7.62,6.90,5.03,6.59,6.61,8.77,5.79,7.31,16.40,22.13,22.21,26.26,22.73,20.69,25.25,24.84,24.82,30.66,28.13,20.56,18.76,17.25,16.87,20.72,18.37,21.97,19.55,18.70,18.16,21.54,19.68,17.39,18.10,18.68,20.86,19.88,20.12,19.23,20.61,19.39,17.33,17.96,18.46,19.55,17.93,19.54,17.84,10.31,8.93,7.30,8.10,11.26,9.61,7.88,9.48,8.28,9.53,9.74,7.45,9.44,9.92,11.28,10.33,11.02,9.61,10.81,11.21,9.58,10.15,11.46,9.75,10.37,9.31,0.84,2.61,2.04,99.00,2.44,3.71,3.71,5.20,3.87,4.07,9.00,8.07,8.07,12.34,11.51,12.36,8.93,9.96,11.49,12.43,11.07,10.77,11.81,11.31,12.34,10.51,11.42,13.12,7.52,7.77,10.91,9.83,10.00,10.13],
  [5.42,13.72,8.13,19.10,28.79,4.75,20.23,18.27,18.19,18.19,18.85,15.64,18.91,9.13,9.24,8.20,6.51,5.77,6.62,8.67,7.58,6.18,7.50,8.31,8.80,6.48,7.63,18.33,23.97,24.07,28.02,24.40,22.40,27.29,26.83,26.83,32.69,30.25,22.84,20.66,19.10,18.92,22.79,20.41,23.94,21.59,20.77,20.17,23.55,21.53,19.36,19.82,20.86,22.78,21.90,22.43,21.26,22.60,21.49,19.43,19.97,20.18,21.47,19.99,21.53,19.72,8.51,7.01,5.26,6.07,9.19,8.00,5.93,7.75,6.47,7.61,7.79,5.75,7.53,8.43,9.27,8.25,8.97,7.60,8.85,9.21,8.08,8.16,9.39,8.41,9.10,7.27,1.64,0.37,1.23,2.44,99.00,1.95,1.95,2.89,1.97,1.78,10.92,10.09,10.09,13.26,12.70,13.35,10.46,11.26,13.09,13.75,11.98,11.78,12.86,12.48,13.44,11.64,13.14,14.24,6.11,6.38,10.00,9.10,9.17,9.05],
  [3.51,12.30,8.25,19.10,28.21,5.85,19.41,17.31,17.85,17.85,18.26,15.70,18.26,8.46,8.50,7.16,6.00,4.97,5.38,7.80,6.50,5.57,6.60,8.04,7.24,5.49,6.29,18.06,23.56,23.69,27.49,23.81,21.85,27.11,26.60,26.62,32.48,30.18,23.11,20.33,18.74,18.82,22.68,20.28,23.68,21.46,20.67,19.98,23.35,21.15,19.15,19.30,20.94,22.47,21.73,22.75,21.10,22.38,21.42,19.40,19.81,19.68,21.16,19.88,21.32,19.38,6.67,5.24,3.59,4.39,7.55,6.08,4.18,5.88,4.63,5.84,6.04,3.85,5.75,6.49,7.57,6.62,7.31,5.90,7.11,7.50,6.14,6.44,7.75,6.45,7.14,5.60,2.91,1.58,1.68,3.71,1.95,99.00,0.00,1.89,0.26,1.08,10.79,10.08,10.08,12.15,11.81,12.29,9.93,10.49,12.54,12.93,10.89,10.77,11.85,11.57,12.46,10.73,12.71,13.26,4.15,4.42,8.07,7.23,7.27,7.11],
  [3.51,12.30,8.25,19.10,28.21,5.85,19.41,17.31,17.85,17.85,18.26,15.70,18.26,8.46,8.50,7.16,6.00,4.97,5.38,7.80,6.50,5.57,6.60,8.04,7.24,5.49,6.29,18.06,23.56,23.69,27.49,23.81,21.85,27.11,26.60,26.62,32.48,30.18,23.11,20.33,18.74,18.82,22.68,20.28,23.68,21.46,20.67,19.98,23.35,21.15,19.15,19.30,20.94,22.47,21.73,22.75,21.10,22.38,21.42,19.40,19.81,19.68,21.16,19.88,21.32,19.38,6.67,5.24,3.59,4.39,7.55,6.08,4.18,5.88,4.63,5.84,6.04,3.85,5.75,6.49,7.57,6.62,7.31,5.90,7.11,7.50,6.14,6.44,7.75,6.45,7.14,5.60,2.91,1.58,1.68,3.71,1.95,0.00,99.00,1.89,0.26,1.08,10.79,10.08,10.08,12.15,11.81,12.29,9.93,10.49,12.54,12.93,10.89,10.77,11.85,11.57,12.46,10.73,12.71,13.26,4.15,4.42,8.07,7.23,7.27,7.11],
  [3.27,13.57,10.13,20.98,29.96,4.86,21.07,18.91,19.68,19.68,20.02,17.58,20.01,10.24,10.26,8.80,7.84,6.76,6.94,9.51,8.13,7.41,8.32,9.91,8.45,7.19,7.76,19.91,25.37,25.51,29.26,25.56,23.62,28.97,28.45,28.47,34.33,32.05,24.99,22.16,20.57,20.69,24.55,22.15,25.53,23.33,22.54,21.84,25.21,22.97,21.00,21.09,22.83,24.31,23.60,24.63,22.97,24.23,23.29,21.28,21.67,21.47,23.00,21.75,23.18,21.22,5.97,4.38,2.58,3.36,6.39,5.68,3.33,5.31,4.03,4.96,5.10,3.51,4.90,6.25,6.51,5.45,6.18,4.87,6.14,6.45,5.91,5.43,6.58,6.41,7.13,4.52,4.36,2.62,3.30,5.20,2.89,1.89,1.89,99.00,1.63,1.14,12.67,11.97,11.97,13.68,13.47,13.85,11.74,12.22,14.34,14.63,12.44,12.38,13.44,13.23,14.07,12.39,14.54,14.86,4.24,4.52,8.41,7.82,7.75,7.33],
  [3.45,12.49,8.50,19.35,28.46,5.66,19.65,17.55,18.11,18.11,18.51,15.95,18.51,8.71,8.75,7.40,6.26,5.22,5.60,8.04,6.73,5.83,6.84,8.30,7.42,5.73,6.51,18.32,23.81,23.95,27.75,24.06,22.10,27.37,26.86,26.88,32.74,30.44,23.36,20.59,19.00,19.08,22.94,20.54,23.94,21.72,20.93,20.24,23.61,21.41,19.40,19.56,21.20,22.73,21.99,23.00,21.36,22.63,21.68,19.65,20.07,19.93,21.42,20.14,21.58,19.64,6.59,5.12,3.44,4.25,7.40,6.03,4.05,5.80,4.54,5.73,5.92,3.79,5.64,6.46,7.44,6.47,7.17,5.76,6.99,7.37,6.12,6.31,7.60,6.46,7.15,5.46,3.05,1.60,1.84,3.87,1.97,0.26,0.26,1.63,99.00,0.86,11.05,10.34,10.34,12.37,12.05,12.52,10.19,10.74,12.80,13.18,11.11,11.00,12.08,11.81,12.70,10.97,12.97,13.49,4.15,4.43,8.13,7.32,7.34,7.15],
  [3.84,13.33,9.15,20.06,29.28,4.83,20.49,18.40,18.88,18.88,19.33,16.64,19.34,9.52,9.58,8.25,7.03,6.04,6.45,8.88,7.58,6.62,7.68,9.04,8.25,6.57,7.36,19.08,24.61,24.73,28.56,24.88,22.92,28.12,27.62,27.63,33.50,31.17,24.00,21.36,19.78,19.81,23.67,21.28,24.70,22.46,21.66,20.99,24.36,22.19,20.16,20.36,21.88,23.50,22.74,23.62,22.10,23.39,22.40,20.37,20.81,20.74,22.19,20.87,22.33,20.42,6.82,5.27,3.50,4.31,7.41,6.39,4.20,6.09,4.80,5.88,6.04,4.15,5.80,6.89,7.50,6.47,7.20,5.84,7.10,7.44,6.54,6.40,7.61,6.95,7.66,5.51,3.23,1.50,2.19,4.07,1.78,1.08,1.08,1.14,0.86,99.00,11.77,11.03,11.03,13.23,12.89,13.37,10.98,11.57,13.60,14.02,11.97,11.86,12.93,12.66,13.55,11.81,13.75,14.34,4.68,4.95,8.76,8.02,8.01,7.73],
  [12.27,8.88,2.94,8.32,18.13,15.55,10.45,9.24,7.33,7.33,8.41,4.99,8.63,3.46,3.70,5.47,4.91,6.14,6.95,4.52,5.90,5.39,5.25,2.77,8.20,6.14,7.00,7.41,13.13,13.21,17.29,13.82,11.77,16.37,15.91,15.91,21.77,19.39,12.56,9.77,8.25,8.04,11.91,9.51,13.01,10.69,9.88,9.24,12.63,10.68,8.44,9.18,10.20,11.87,10.98,12.31,10.35,11.67,10.63,8.61,9.05,9.53,10.56,9.10,10.60,8.85,14.79,14.21,13.39,13.94,16.52,13.69,13.52,13.97,13.36,14.63,14.90,12.56,14.51,13.50,16.30,15.83,16.28,14.97,15.72,16.22,13.30,15.35,16.71,12.92,13.12,14.86,9.48,10.86,9.80,9.00,10.92,10.79,10.79,12.67,11.05,11.77,99.00,1.05,1.05,6.50,4.87,6.21,2.27,3.62,3.17,4.98,5.81,5.21,5.65,4.83,5.75,4.60,2.73,6.26,11.84,11.90,12.32,11.06,11.48,12.35],
  [11.81,9.48,1.98,9.03,19.13,14.66,11.50,10.26,8.29,8.29,9.44,5.61,9.67,3.55,3.84,5.42,4.39,5.66,6.68,4.54,5.75,4.88,5.04,2.29,8.23,5.80,6.88,8.33,14.09,14.15,18.27,14.84,12.77,17.21,16.77,16.76,22.61,20.17,13.08,10.70,9.22,8.84,12.71,10.33,13.90,11.51,10.68,10.10,13.48,11.64,9.31,10.20,10.86,12.79,11.82,12.78,11.18,12.54,11.40,9.35,9.90,10.54,11.48,9.90,11.47,9.79,14.47,13.78,12.86,13.44,16.13,13.39,13.04,13.63,12.94,14.24,14.50,12.11,14.12,13.25,15.94,15.40,15.89,14.55,15.36,15.86,13.02,14.96,16.33,12.70,12.96,14.42,8.60,10.05,9.00,8.07,10.09,10.08,10.08,11.97,10.34,11.03,1.05,99.00,0.00,7.24,5.66,6.98,2.77,4.26,4.19,5.91,6.42,5.83,6.39,5.59,6.57,5.24,3.78,7.13,11.46,11.54,12.29,11.01,11.41,12.23],
  [11.81,9.48,1.98,9.03,19.13,14.66,11.50,10.26,8.29,8.29,9.44,5.61,9.67,3.55,3.84,5.42,4.39,5.66,6.68,4.54,5.75,4.88,5.04,2.29,8.23,5.80,6.88,8.33,14.09,14.15,18.27,14.84,12.77,17.21,16.77,16.76,22.61,20.17,13.08,10.70,9.22,8.84,12.71,10.33,13.90,11.51,10.68,10.10,13.48,11.64,9.31,10.20,10.86,12.79,11.82,12.78,11.18,12.54,11.40,9.35,9.90,10.54,11.48,9.90,11.47,9.79,14.47,13.78,12.86,13.44,16.13,13.39,13.04,13.63,12.94,14.24,14.50,12.11,14.12,13.25,15.94,15.40,15.89,14.55,15.36,15.86,13.02,14.96,16.33,12.70,12.96,14.42,8.60,10.05,9.00,8.07,10.09,10.08,10.08,11.97,10.34,11.03,1.05,0.00,99.00,7.24,5.66,6.98,2.77,4.26,4.19,5.91,6.42,5.83,6.39,5.59,6.57,5.24,3.78,7.13,11.46,11.54,12.29,11.01,11.41,12.23],
  [11.71,2.64,8.06,11.29,16.83,17.92,7.62,5.29,8.37,8.37,7.45,9.29,7.19,4.74,4.48,5.06,7.15,7.53,6.77,4.73,5.69,7.31,5.79,6.55,5.65,6.78,5.92,8.97,13.00,13.23,16.31,12.54,10.86,17.32,16.59,16.70,22.30,20.71,16.09,10.49,8.98,10.46,13.65,11.50,13.81,12.48,11.99,10.94,13.78,10.94,10.10,8.69,13.20,12.47,12.51,16.13,12.02,12.79,12.77,11.32,10.91,9.06,11.33,11.29,11.96,9.64,12.96,13.11,13.14,13.33,14.89,11.87,12.88,12.36,12.37,13.30,13.54,11.84,13.19,11.37,14.53,14.51,14.69,13.76,13.99,14.47,11.33,13.92,15.04,10.69,10.52,13.81,12.41,13.02,12.04,12.34,13.26,12.15,12.15,13.68,12.37,13.23,6.50,7.24,7.24,99.00,1.69,0.43,4.51,3.00,4.13,2.38,1.28,1.62,0.86,1.68,1.08,2.07,4.93,1.48,10.83,10.73,9.01,8.14,8.56,9.63],
  [11.87,4.28,6.68,9.94,16.58,17.44,7.60,5.57,7.29,7.29,6.81,7.71,6.68,3.70,3.52,4.67,6.30,6.94,6.55,4.04,5.34,6.56,5.23,5.29,6.09,6.32,5.88,7.80,12.37,12.57,15.96,12.21,10.38,16.50,15.83,15.91,21.63,19.84,14.73,9.57,7.99,9.19,12.60,10.34,12.97,11.39,10.83,9.83,12.86,10.15,8.96,8.00,11.89,11.64,11.47,14.72,10.94,11.86,11.61,10.02,9.77,8.38,10.43,10.08,10.94,8.67,13.50,13.45,13.25,13.55,15.41,12.38,13.09,12.82,12.66,13.71,13.96,12.05,13.59,11.95,15.08,14.94,15.20,14.14,14.52,15.01,11.87,14.37,15.57,11.28,11.21,14.15,11.68,12.50,11.48,11.51,12.70,11.81,11.81,13.47,12.05,12.89,4.87,5.66,5.66,1.69,99.00,1.35,3.05,1.62,2.50,1.24,1.63,1.26,0.84,0.24,0.93,1.08,3.29,1.64,11.09,11.03,9.87,8.85,9.29,10.34],
  [11.96,3.06,7.89,10.86,16.53,18.03,7.35,5.07,7.96,7.96,7.08,8.87,6.83,4.66,4.42,5.16,7.14,7.60,6.93,4.75,5.80,7.33,5.85,6.41,5.94,6.88,6.11,8.54,12.63,12.86,15.99,12.22,10.52,16.93,16.21,16.32,21.93,20.32,15.66,10.08,8.57,10.03,13.24,11.07,13.42,12.06,11.57,10.52,13.38,10.55,9.68,8.31,12.77,12.08,12.10,15.70,11.60,12.39,12.35,10.89,10.49,8.68,10.93,10.86,11.54,9.23,13.28,13.40,13.38,13.60,15.21,12.18,13.15,12.67,12.64,13.60,13.84,12.10,13.49,11.70,14.86,14.82,15.02,14.05,14.32,14.80,11.65,14.23,15.36,11.02,10.86,14.10,12.45,13.12,12.13,12.36,13.35,12.29,12.29,13.85,12.52,13.37,6.21,6.98,6.98,0.43,1.35,99.00,4.30,2.80,3.74,1.96,1.41,1.59,0.60,1.39,0.65,1.93,4.54,1.12,11.10,11.01,9.38,8.49,8.91,9.98],
  [10.83,6.71,3.65,9.71,18.34,15.21,9.91,8.24,7.96,7.96,8.39,6.69,8.45,1.59,1.71,3.56,3.97,4.98,5.32,2.60,4.12,4.36,3.61,2.38,6.12,4.69,5.12,8.24,13.63,13.76,17.59,13.95,11.95,17.30,16.74,16.78,22.63,20.48,14.24,10.43,8.83,9.22,13.00,10.61,13.83,11.77,11.04,10.23,13.55,11.23,9.37,9.39,11.66,12.58,11.98,14.07,11.37,12.55,11.82,9.92,10.09,9.76,11.28,10.25,11.53,9.49,13.07,12.66,12.07,12.52,14.87,11.95,12.09,12.29,11.82,13.03,13.30,11.08,12.91,11.68,14.62,14.25,14.64,13.41,14.04,14.54,11.51,13.74,15.06,11.07,11.20,13.34,9.23,10.32,9.26,8.93,10.46,9.93,9.93,11.74,10.19,10.98,2.27,2.77,2.77,4.51,3.05,4.30,99.00,1.51,2.63,3.63,3.65,3.06,3.70,2.93,3.97,2.48,2.81,4.64,10.25,10.27,10.25,9.03,9.46,10.39],
  [10.90,5.26,5.10,10.06,17.74,16.01,8.98,7.09,7.84,7.84,7.82,7.37,7.79,2.14,2.02,3.51,4.78,5.54,5.42,2.71,4.17,5.08,3.90,3.68,5.55,5.03,4.94,8.24,13.27,13.44,17.06,13.34,11.42,17.20,16.58,16.64,22.44,20.47,14.75,10.26,8.65,9.44,13.07,10.73,13.68,11.84,11.19,10.28,13.48,10.95,9.41,8.93,12.04,12.38,11.99,14.66,11.42,12.48,11.98,10.21,10.18,9.31,11.12,10.42,11.50,9.32,12.83,12.61,12.23,12.60,14.70,11.70,12.15,12.10,11.79,12.92,13.18,11.11,12.81,11.35,14.41,14.16,14.48,13.33,13.84,14.34,11.23,13.61,14.88,10.71,10.74,13.31,10.17,11.08,10.03,9.96,11.26,10.49,10.49,12.22,10.74,11.57,3.62,4.26,4.26,3.00,1.62,2.80,1.51,99.00,2.43,2.49,2.19,1.59,2.19,1.46,2.52,0.98,3.00,3.25,10.21,10.19,9.60,8.45,8.89,9.89],
  [13.24,6.76,5.79,7.66,15.71,17.83,7.44,6.07,5.45,5.45,5.76,5.21,5.85,4.11,4.12,5.85,6.60,7.58,7.73,4.95,6.48,6.99,6.10,4.88,7.97,7.21,7.33,5.83,11.03,11.18,14.96,11.32,9.33,14.83,14.23,14.28,20.11,18.07,12.40,7.90,6.29,7.01,10.65,8.30,11.32,9.42,8.76,7.86,11.09,8.65,6.99,6.76,9.64,10.05,9.58,12.34,9.00,10.09,9.55,7.80,7.75,7.13,8.76,7.99,9.10,6.96,15.26,14.99,14.54,14.94,17.12,14.13,14.50,14.51,14.17,15.33,15.59,13.47,15.21,13.78,16.83,16.56,16.90,15.73,16.26,16.76,13.65,16.02,17.29,13.14,13.16,15.69,11.83,12.95,11.88,11.49,13.09,12.54,12.54,14.34,12.80,13.60,3.17,4.19,4.19,4.13,2.50,3.74,2.63,2.43,99.00,2.01,4.02,3.50,3.33,2.61,3.13,2.97,0.80,3.39,12.59,12.58,11.98,10.86,11.30,12.31],
  [13.09,5.00,7.23,8.91,15.37,18.49,6.49,4.63,6.11,6.11,5.58,6.96,5.45,4.63,4.51,5.83,7.27,8.02,7.74,5.14,6.51,7.58,6.34,6.00,7.32,7.45,7.10,6.66,11.13,11.33,14.74,11.00,9.15,15.28,14.60,14.69,20.40,18.63,13.72,8.36,6.79,8.11,11.42,9.20,11.75,10.23,9.70,8.67,11.65,8.92,7.82,6.76,10.84,10.42,10.29,13.74,9.77,10.65,10.48,8.96,8.62,7.14,9.21,8.97,9.76,7.47,14.73,14.68,14.47,14.77,16.64,13.61,14.32,14.06,13.89,14.94,15.20,13.27,14.83,13.18,16.32,16.18,16.43,15.38,15.76,16.25,13.10,15.61,16.81,12.51,12.43,15.39,12.66,13.56,12.52,12.43,13.75,12.93,12.93,14.63,13.18,14.02,4.98,5.91,5.91,2.38,1.24,1.96,3.63,2.49,2.01,99.00,2.79,2.49,1.77,1.47,1.30,2.28,2.79,1.38,12.32,12.26,11.06,10.07,10.50,11.55],
  [10.58,3.07,7.01,11.56,17.87,16.65,8.73,6.48,8.89,8.89,8.28,9.23,8.08,3.58,3.30,3.78,5.89,6.25,5.52,3.46,4.42,6.04,4.51,5.45,4.62,5.50,4.70,9.42,13.85,14.06,17.31,13.54,11.79,18.05,17.36,17.46,23.13,21.41,16.34,11.14,9.58,10.81,14.21,11.96,14.53,13.00,12.45,11.44,14.44,11.68,10.58,9.49,13.52,13.19,13.08,16.32,12.55,13.44,13.24,11.65,11.39,9.86,12.00,11.71,12.54,10.26,12.01,12.06,11.99,12.23,13.93,10.90,11.78,11.37,11.29,12.28,12.53,10.73,12.17,10.44,13.59,13.51,13.73,12.73,13.04,13.53,10.38,12.93,14.09,9.77,9.66,12.76,11.13,11.75,10.76,11.07,11.98,10.89,10.89,12.44,11.11,11.97,5.81,6.42,6.42,1.28,1.63,1.41,3.65,2.19,4.02,2.79,99.00,0.60,1.10,1.45,1.74,1.22,4.77,2.47,9.74,9.65,8.27,7.29,7.72,8.78],
  [10.66,3.67,6.49,11.10,17.77,16.48,8.71,6.54,8.53,8.53,8.06,8.68,7.91,3.12,2.86,3.61,5.55,6.02,5.44,3.16,4.27,5.74,4.28,4.95,4.83,5.32,4.70,9.03,13.62,13.82,17.18,13.42,11.61,17.76,17.09,17.18,22.89,21.10,15.87,10.83,9.25,10.38,13.84,11.57,14.24,12.63,12.05,11.06,14.12,11.41,10.20,9.26,13.06,12.91,12.72,15.83,12.18,13.11,12.84,11.20,10.99,9.63,11.69,11.30,12.20,9.93,12.24,12.21,12.06,12.33,14.15,11.12,11.88,11.57,11.43,12.46,12.71,10.83,12.34,10.69,13.82,13.69,13.94,12.90,13.26,13.75,10.61,13.12,14.31,10.02,9.95,12.91,10.86,11.56,10.56,10.77,11.78,10.77,10.77,12.38,11.00,11.86,5.21,5.83,5.83,1.62,1.26,1.59,3.06,1.59,3.50,2.49,0.60,99.00,1.08,1.04,1.69,0.62,4.23,2.49,9.86,9.79,8.63,7.59,8.03,9.08],
  [11.66,3.44,7.29,10.66,16.78,17.56,7.67,5.47,7.88,7.88,7.18,8.52,6.98,4.08,3.85,4.69,6.59,7.09,6.51,4.22,5.35,6.80,5.35,5.81,5.71,6.40,5.74,8.43,12.75,12.97,16.21,12.45,10.69,16.98,16.28,16.38,22.04,20.35,15.45,10.08,8.54,9.87,13.18,10.97,13.46,11.99,11.46,10.43,13.38,10.60,9.58,8.40,12.59,12.12,12.05,15.46,11.53,12.38,12.25,10.71,10.39,8.77,10.94,10.73,11.51,9.21,13.11,13.15,13.07,13.31,15.03,12.00,12.86,12.47,12.38,13.38,13.63,11.81,13.27,11.54,14.69,14.61,14.83,13.83,14.14,14.62,11.48,14.03,15.19,10.86,10.75,13.86,11.92,12.64,11.63,11.81,12.86,11.85,11.85,13.44,12.08,12.93,5.65,6.39,6.39,0.86,0.84,0.60,3.70,2.19,3.33,1.77,1.10,1.08,99.00,0.82,0.65,1.34,4.12,1.42,10.83,10.75,9.33,8.37,8.80,9.86],
  [11.63,4.21,6.55,10.12,16.82,17.21,7.84,5.79,7.50,7.50,7.05,7.83,6.92,3.50,3.31,4.43,6.10,6.72,6.31,3.81,5.10,6.35,5.00,5.13,5.86,6.09,5.64,8.01,12.60,12.80,16.20,12.45,10.62,16.73,16.06,16.14,21.86,20.07,14.90,9.79,8.21,9.38,12.81,10.54,13.20,11.60,11.03,10.03,13.08,10.38,9.17,8.24,12.07,11.87,11.69,14.88,11.15,12.08,11.82,10.20,9.97,8.61,10.65,10.28,11.16,8.89,13.27,13.21,13.01,13.31,15.17,12.14,12.85,12.59,12.42,13.47,13.72,11.81,13.36,11.72,14.85,14.70,14.96,13.90,14.29,14.78,11.64,14.13,15.34,11.05,10.99,13.91,11.47,12.28,11.25,11.31,12.48,11.57,11.57,13.23,11.81,12.66,4.83,5.59,5.59,1.68,0.24,1.39,2.93,1.46,2.61,1.47,1.45,1.04,0.82,99.00,1.06,0.85,3.39,1.82,10.85,10.79,9.66,8.63,9.07,10.11],
  [12.31,3.71,7.61,10.21,16.13,18.15,7.02,4.85,7.34,7.34,6.56,8.23,6.35,4.55,4.34,5.30,7.11,7.67,7.13,4.78,5.97,7.34,5.94,6.20,6.36,7.00,6.38,7.92,12.13,12.35,15.57,11.80,10.05,16.38,15.67,15.77,21.42,19.75,15.01,9.50,7.97,9.39,12.63,10.45,12.86,11.45,10.95,9.90,12.80,10.00,9.06,7.78,12.13,11.52,11.49,15.05,10.99,11.81,11.72,10.25,9.87,8.15,10.35,10.23,10.95,8.64,13.75,13.80,13.71,13.96,15.67,12.64,13.51,13.11,13.03,14.02,14.27,12.46,13.91,12.17,15.33,15.25,15.47,14.47,14.78,15.26,12.11,14.67,15.82,11.49,11.37,14.50,12.47,13.23,12.21,12.34,13.44,12.46,12.46,14.07,12.70,13.55,5.75,6.57,6.57,1.08,0.93,0.65,3.97,2.52,3.13,1.30,1.74,1.69,0.65,1.06,99.00,1.82,3.93,0.80,11.47,11.39,9.93,8.99,9.42,10.48],
  [10.82,4.28,5.98,10.61,17.65,16.37,8.68,6.62,8.15,8.15,7.84,8.11,7.73,2.74,2.53,3.58,5.29,5.88,5.47,2.98,4.26,5.53,4.15,4.49,5.15,5.24,4.83,8.62,13.37,13.56,17.02,13.27,11.42,17.44,16.79,16.86,22.61,20.76,15.36,10.50,8.90,9.92,13.44,11.14,13.91,12.22,11.62,10.66,13.77,11.12,9.79,9.01,12.58,12.59,12.34,15.30,11.78,12.76,12.41,10.73,10.58,9.38,11.36,10.86,11.82,9.58,12.54,12.43,12.19,12.50,14.43,11.41,12.05,11.84,11.64,12.71,12.96,11.01,12.59,11.01,14.12,13.94,14.22,13.14,13.55,14.05,10.91,13.38,14.60,10.35,10.32,13.13,10.66,11.44,10.42,10.51,11.64,10.73,10.73,12.39,10.97,11.81,4.60,5.24,5.24,2.07,1.08,1.93,2.48,0.98,2.97,2.28,1.22,0.62,1.34,0.85,1.82,99.00,3.67,2.61,10.06,10.01,9.06,7.98,8.42,9.45],
  [13.61,7.56,5.54,7.07,15.67,17.85,7.73,6.57,5.15,5.15,5.79,4.46,5.96,4.38,4.45,6.26,6.72,7.78,8.09,5.32,6.86,7.14,6.41,4.84,8.54,7.50,7.78,5.43,10.86,10.98,14.89,11.31,9.28,14.49,13.93,13.97,19.82,17.68,11.75,7.63,6.03,6.49,10.22,7.84,11.01,8.98,8.28,7.44,10.74,8.44,6.57,6.69,9.04,9.77,9.18,11.67,8.58,9.74,9.07,7.24,7.31,7.05,8.47,7.50,8.72,6.68,15.74,15.41,14.87,15.31,17.58,14.61,14.87,14.98,14.58,15.76,16.02,13.85,15.64,14.29,17.30,16.99,17.35,16.15,16.73,17.23,14.15,16.46,17.76,13.66,13.72,16.10,11.81,13.02,11.95,11.42,13.14,12.71,12.71,14.54,12.97,13.75,2.73,3.78,3.78,4.93,3.29,4.54,2.81,3.00,0.80,2.79,4.77,4.23,4.12,3.39,3.93,3.67,99.00,4.17,13.00,13.00,12.60,11.45,11.88,12.88],
  [13.05,3.85,8.29,9.99,15.42,18.95,6.26,4.06,6.97,6.97,5.97,8.27,5.72,5.32,5.12,6.10,7.90,8.47,7.92,5.58,6.76,8.14,6.74,6.92,7.05,7.80,7.15,7.59,11.52,11.75,14.87,11.10,9.40,15.84,15.11,15.22,20.82,19.23,14.79,9.02,7.54,9.12,12.21,10.10,12.34,11.05,10.60,9.53,12.32,9.46,8.71,7.21,11.88,10.99,11.07,14.86,10.59,11.33,11.37,9.99,9.52,7.58,9.86,9.91,10.51,8.19,14.41,14.50,14.46,14.69,16.33,13.30,14.24,13.79,13.75,14.71,14.96,13.20,14.60,12.82,15.98,15.94,16.14,15.17,15.44,15.92,12.77,15.35,16.49,12.14,11.98,15.21,13.27,14.03,13.01,13.12,14.24,13.26,13.26,14.86,13.49,14.34,6.26,7.13,7.13,1.48,1.64,1.12,4.64,3.25,3.39,1.38,2.47,2.49,1.42,1.82,0.80,2.61,4.17,99.00,12.20,12.11,10.49,9.60,10.03,11.10],
  [1.06,10.11,10.04,19.95,27.61,9.09,18.45,16.11,18.04,18.04,17.89,16.80,17.76,8.67,8.56,6.75,7.09,5.82,4.94,7.68,6.14,6.61,6.66,9.17,5.19,5.70,5.27,18.41,23.43,23.61,27.03,23.27,21.46,27.41,26.79,26.85,32.64,30.66,24.38,20.46,18.85,19.47,23.22,20.84,23.89,21.98,21.28,20.43,23.68,21.14,19.56,19.06,21.90,22.59,22.16,24.15,21.57,22.68,22.06,20.17,20.31,19.44,21.32,20.49,21.69,19.53,3.09,2.41,2.46,2.51,4.68,2.15,2.06,2.22,1.58,2.80,3.06,1.05,2.67,2.39,4.49,4.00,4.44,3.16,3.92,4.41,2.05,3.51,4.87,2.30,3.00,3.10,6.83,5.74,5.60,7.52,6.11,4.15,4.15,4.24,4.15,4.68,11.84,11.46,11.46,10.83,11.09,11.10,10.25,10.21,12.59,12.32,9.74,9.86,10.83,10.85,11.47,10.06,13.00,12.20,99.00,0.28,4.16,3.69,3.56,3.09],
  [1.30,9.95,10.16,19.98,27.53,9.35,18.35,16.00,18.02,18.02,17.84,16.84,17.70,8.69,8.57,6.75,7.18,5.93,4.97,7.69,6.15,6.71,6.70,9.25,5.08,5.76,5.25,18.40,23.38,23.57,26.96,23.19,21.40,27.38,26.76,26.82,32.61,30.65,24.43,20.44,18.83,19.48,23.22,20.84,23.86,21.98,21.29,20.42,23.66,21.11,19.56,19.01,21.93,22.56,22.16,24.20,21.57,22.66,22.07,20.19,20.31,19.39,21.30,20.50,21.67,19.51,2.96,2.43,2.66,2.64,4.62,1.97,2.20,2.10,1.64,2.76,3.02,1.23,2.64,2.15,4.40,3.99,4.39,3.15,3.83,4.33,1.82,3.47,4.81,2.03,2.72,3.13,7.08,6.01,5.86,7.77,6.38,4.42,4.42,4.52,4.43,4.95,11.90,11.54,11.54,10.73,11.03,11.01,10.27,10.19,12.58,12.26,9.65,9.79,10.75,10.79,11.39,10.01,13.00,12.11,0.28,99.00,3.90,3.46,3.31,2.81],
  [5.18,7.40,11.45,19.65,25.64,13.25,16.40,13.94,17.16,17.16,16.46,16.90,16.20,8.86,8.62,6.87,8.48,7.46,5.89,7.80,6.56,8.11,7.29,10.12,4.13,6.85,5.42,17.66,22.01,22.24,25.20,21.46,19.86,26.30,25.59,25.70,31.31,29.68,24.35,19.41,17.85,18.98,22.47,20.19,22.79,21.26,20.67,19.69,22.71,19.93,18.83,17.70,21.62,21.45,21.35,24.24,20.81,21.71,21.46,19.78,19.62,18.06,20.27,19.92,20.81,18.53,4.46,5.33,6.39,6.08,6.31,3.61,5.74,4.21,4.95,5.21,5.38,5.03,5.14,2.92,5.89,6.23,6.16,5.69,5.43,5.84,3.08,5.62,6.41,2.34,1.80,5.91,10.36,9.63,9.24,10.91,10.00,8.07,8.07,8.41,8.13,8.76,12.32,12.29,12.29,9.01,9.87,9.38,10.25,9.60,11.98,11.06,8.27,8.63,9.33,9.66,9.93,9.06,12.60,10.49,4.16,3.90,99.00,1.30,0.96,1.13],
  [4.75,6.83,10.15,18.52,24.91,12.67,15.66,13.23,16.12,16.12,15.54,15.70,15.32,7.60,7.38,5.60,7.19,6.18,4.60,6.54,5.27,6.82,6.00,8.82,2.92,5.55,4.13,16.60,21.11,21.33,24.42,20.66,19.00,25.34,24.65,24.74,30.41,28.69,23.19,18.42,16.84,17.88,21.42,19.12,21.82,20.20,19.60,18.64,21.71,18.97,17.77,16.77,20.49,20.48,20.31,23.06,19.76,20.71,20.39,18.66,18.56,17.14,19.28,18.83,19.79,17.52,4.89,5.39,6.10,5.96,6.82,3.86,5.56,4.42,4.84,5.42,5.63,4.68,5.33,3.28,6.44,6.57,6.64,5.90,5.92,6.37,3.31,5.96,6.95,2.60,2.38,6.05,9.33,8.74,8.26,9.83,9.10,7.23,7.23,7.82,7.32,8.02,11.06,11.01,11.01,8.14,8.85,8.49,9.03,8.45,10.86,10.07,7.29,7.59,8.37,8.63,8.99,7.98,11.45,9.60,3.69,3.46,1.30,99.00,0.44,1.49],
  [4.61,7.19,10.52,18.95,25.31,12.61,16.06,13.63,16.56,16.56,15.97,16.13,15.74,8.02,7.80,6.01,7.54,6.50,4.95,6.96,5.67,7.16,6.39,9.21,3.35,5.90,4.53,17.04,21.54,21.76,24.83,21.07,19.42,25.77,25.08,25.17,30.83,29.13,23.62,18.85,17.28,18.31,21.86,19.56,22.25,20.64,20.03,19.07,22.14,19.40,18.20,17.20,20.92,20.91,20.75,23.49,20.20,21.14,20.82,19.10,18.99,17.57,19.71,19.27,20.22,17.96,4.52,5.10,5.92,5.73,6.44,3.52,5.35,4.09,4.60,5.10,5.30,4.51,5.01,2.91,6.05,6.22,6.26,5.58,5.54,5.99,2.96,5.61,6.57,2.24,1.96,5.74,9.47,8.80,8.37,10.00,9.17,7.27,7.27,7.75,7.34,8.01,11.48,11.41,11.41,8.56,9.29,8.91,9.46,8.89,11.30,10.50,7.72,8.03,8.80,9.07,9.42,8.42,11.88,10.03,3.56,3.31,0.96,0.44,99.00,1.07],
  [4.08,8.24,11.22,19.95,26.38,12.15,17.14,14.70,17.60,17.60,17.04,17.07,16.81,8.92,8.71,6.89,8.20,7.09,5.63,7.85,6.48,7.79,7.18,9.99,4.34,6.58,5.36,18.07,22.61,22.83,25.91,22.15,20.49,26.83,26.14,26.23,31.90,30.18,24.59,19.91,18.33,19.32,22.89,20.58,23.30,21.67,21.06,20.10,23.19,20.46,19.24,18.27,21.92,21.97,21.79,24.45,21.23,22.19,21.85,20.10,20.02,18.63,20.76,20.29,21.27,19.01,3.48,4.22,5.26,4.95,5.38,2.54,4.61,3.13,3.82,4.14,4.32,3.91,4.06,1.88,4.99,5.21,5.22,4.62,4.49,4.93,1.99,4.60,5.51,1.25,0.89,4.82,9.53,8.68,8.37,10.13,9.05,7.11,7.11,7.33,7.15,7.73,12.35,12.23,12.23,9.63,10.34,9.98,10.39,9.89,12.31,11.55,8.78,9.08,9.86,10.11,10.48,9.45,12.88,11.10,3.09,2.81,1.13,1.49,1.07,99.00]
];
