// Chosen Depots: [1, 2, 3, 4, 5, 6]
// Chosen Demand Points (Original DP No): [1, 2, 5, 7, 8, 9, 10, 11, 12, 14, 16, 17, 18, 19, 21, 23, 24, 25, 26, 30, 31, 32, 34, 36, 37, 38, 40, 43, 45, 46, 47, 48, 49, 50, 51, 52, 53, 54, 55, 57, 59, 61, 62, 70, 71, 72, 74, 75, 77, 79, 81, 82, 85, 86, 88, 90, 91, 92, 93, 94, 95, 97, 98, 99, 100, 101, 106, 107, 108, 109, 110, 111, 112, 113, 114, 116, 117, 120, 122, 123, 124, 128, 129, 135, 136, 139, 141, 144, 145, 147, 148, 149, 150, 152, 159, 161, 166, 168, 170, 171]
// Original Weights: [9, 9, 6, 8, 4, 8, 4, 5, 6, 5, 4, 5, 4, 5, 6, 6, 5, 5, 4, 5, 6, 6, 7, 9, 9, 8, 9, 7, 8, 6, 6, 6, 8, 3, 6, 6, 5, 4, 5, 5, 5, 7, 4, 6, 7, 7, 2, 2, 6, 4, 7, 6, 6, 6, 6, 6, 6, 5, 7, 6, 7, 7, 6, 6, 7, 7, 7, 8, 7, 7, 7, 7, 7, 7, 7, 7, 7, 7, 8, 6, 3, 2, 2, 4, 2, 4, 4, 8, 7, 5, 6, 6, 7, 7, 7, 8, 6, 5, 8, 8]

|W| = 6;
|D| = 100;
V = 54;
C = 3;
|K| = 2;
M = 100;
S = 0.25;
|TR| = 15;
δmax = 18.3;
Runtime = 50;

// Priority weights for selected demand points
pj = [
  9, 9, 6, 8, 4, 8, 4, 5, 6, 5, 4, 5, 4, 5, 6, 6, 5, 5, 4, 5, 6, 6, 7, 9, 9, 8, 9, 7, 8, 6, 6, 6, 8, 3, 6, 6, 5, 4, 5, 5, 5, 7, 4, 6, 7, 7, 2, 2, 6, 4, 7, 6, 6, 6, 6, 6, 6, 5, 7, 6, 7, 7, 6, 6, 7, 7, 7, 8, 7, 7, 7, 7, 7, 7, 7, 7, 7, 7, 8, 6, 3, 2, 2, 4, 2, 4, 4, 8, 7, 5, 6, 6, 7, 7, 7, 8, 6, 5, 8, 8
];

δij =
[
  [99.00,99.00,99.00,99.00,99.00,99.00,19.31,19.21,18.70,18.65,17.26,18.55,9.07,9.24,9.16,5.42,7.41,6.15,8.48,8.42,8.30,7.04,6.93,7.21,9.54,7.81,6.00,19.04,24.34,27.83,24.08,22.24,21.64,27.53,34.53,31.29,31.81,28.60,33.29,24.83,21.14,19.53,20.04,21.94,23.83,19.52,22.59,23.45,20.86,21.71,19.47,23.28,24.56,25.41,23.33,20.72,20.18,22.00,19.49,20.20,1.64,2.02,1.03,1.44,3.60,1.70,4.45,2.58,2.57,1.26,2.70,2.39,2.46,3.04,4.35,3.63,4.20,2.79,3.68,3.80,3.82,2.70,3.26,4.21,3.86,2.62,4.44,7.10,6.83,3.45,5.95,12.27,11.81,13.22,11.87,10.83,10.90,13.24,13.09,10.66,10.82,13.25,1.30,1.47,4.61,4.08],
  [99.00,99.00,99.00,99.00,99.00,99.00,9.07,8.93,10.80,9.55,11.93,9.19,9.37,6.43,6.12,7.73,8.33,8.33,9.26,6.83,5.99,6.19,8.35,6.74,8.34,7.88,6.09,11.43,15.21,17.89,14.17,12.71,11.84,18.77,25.19,22.83,23.22,19.93,23.93,18.64,12.74,11.32,12.98,15.55,15.99,12.63,14.85,14.85,14.68,13.23,10.51,14.62,18.71,19.18,15.04,13.85,11.14,13.56,11.55,11.95,11.70,12.16,11.79,12.55,12.96,12.58,13.62,10.69,13.06,12.15,12.68,11.24,12.14,10.10,13.23,13.40,13.45,12.72,12.55,13.79,12.73,10.14,12.79,13.76,9.10,12.84,12.99,13.25,14.13,12.49,13.42,8.88,9.48,4.76,4.28,6.71,5.26,6.76,5.00,3.67,4.28,4.23,9.95,10.35,7.19,8.24],
  [99.00,99.00,99.00,99.00,99.00,99.00,13.23,13.22,10.26,11.31,7.52,11.50,1.22,3.53,3.84,5.27,3.03,4.25,1.80,3.36,4.22,4.86,3.48,4.22,1.62,2.93,6.07,10.31,16.13,20.23,16.76,14.70,14.51,18.74,25.90,22.12,22.69,19.69,24.73,14.86,12.68,11.18,10.81,12.19,14.67,10.25,13.48,14.88,11.10,13.23,11.81,14.77,14.51,15.43,14.53,11.30,12.46,13.46,10.93,11.77,11.85,12.28,11.29,11.22,13.82,11.85,14.68,12.08,12.81,11.47,12.97,12.25,12.66,12.02,14.52,13.90,14.44,13.05,13.79,14.06,13.95,11.77,13.49,14.47,11.88,12.89,8.16,6.09,7.39,8.50,7.28,2.94,1.98,7.61,6.68,3.65,5.10,5.79,7.23,6.49,5.98,8.16,10.16,8.80,10.52,11.22],
  [99.00,99.00,99.00,99.00,99.00,99.00,8.44,8.59,3.42,5.74,3.46,6.34,11.94,11.29,11.41,15.06,13.21,14.42,12.48,12.06,12.30,13.57,13.68,13.29,11.09,12.74,14.81,2.69,6.38,10.69,8.28,6.55,7.18,8.03,15.11,11.16,11.75,8.86,14.02,4.80,3.60,3.53,1.05,1.71,3.82,1.22,2.79,4.79,1.08,3.85,5.14,4.82,4.89,5.35,4.14,0.46,5.17,3.85,3.00,3.37,21.87,22.35,21.49,21.66,23.74,22.17,24.58,21.64,23.04,21.74,23.03,21.99,22.62,21.35,24.32,23.95,24.35,23.11,23.56,24.20,23.74,21.20,23.45,24.49,20.79,23.03,19.09,16.97,18.27,19.35,18.24,8.32,9.03,9.10,9.94,9.71,10.06,7.66,8.91,11.10,10.61,9.62,19.98,19.07,18.95,19.95],
  [99.00,99.00,99.00,99.00,99.00,99.00,9.24,9.37,10.87,9.95,14.60,9.95,21.69,19.75,19.71,23.44,22.30,23.24,22.10,20.66,20.44,21.59,22.68,21.64,20.51,21.72,22.46,10.98,5.36,1.11,4.40,6.39,6.81,5.59,7.69,7.99,7.89,6.08,6.52,12.40,8.64,9.96,11.21,11.89,8.51,11.69,9.08,6.95,12.45,8.17,9.30,6.92,13.14,12.41,7.66,11.28,8.63,8.04,10.31,9.46,29.43,29.92,29.31,29.83,30.97,30.09,31.70,28.68,30.77,29.64,30.52,29.18,30.01,28.17,31.34,31.34,31.51,30.58,30.62,31.69,30.80,28.15,30.75,31.77,27.26,30.62,28.50,27.08,28.35,28.46,28.07,18.13,19.13,15.22,16.58,18.34,17.74,15.71,15.37,17.77,17.65,15.19,27.53,27.27,25.31,26.38],
  [99.00,99.00,99.00,99.00,99.00,99.00,24.98,24.93,22.86,23.59,20.10,23.66,11.89,13.89,13.99,10.64,11.27,10.49,11.44,12.99,13.40,12.49,10.93,12.22,13.02,11.86,12.13,22.96,28.75,32.74,29.14,27.13,26.78,31.42,38.57,34.73,35.31,32.36,37.41,27.05,25.31,23.78,23.47,24.66,27.32,22.91,26.14,27.54,23.59,25.87,24.22,27.42,26.58,27.59,27.20,23.92,24.91,26.11,23.56,24.39,8.79,8.70,8.11,7.06,9.64,7.66,10.04,10.28,8.16,7.82,8.87,9.81,9.17,10.91,10.32,9.20,9.89,8.93,10.13,8.91,10.13,10.60,9.42,9.55,11.89,8.56,5.23,6.60,5.30,5.66,5.45,15.55,14.66,18.76,17.44,15.21,16.01,17.83,18.49,16.48,16.37,19.03,9.35,8.10,12.61,12.15],
  [19.31,9.07,13.23,8.44,9.24,24.98,99.00,0.19,5.23,2.81,9.10,2.26,13.53,11.10,10.99,14.54,13.74,14.51,13.83,11.99,11.62,12.66,14.06,12.82,12.26,13.14,13.40,5.90,6.57,8.81,5.11,3.94,2.91,10.18,16.18,14.24,14.55,11.34,14.91,12.42,5.42,4.91,7.40,9.85,8.54,7.46,7.76,6.76,9.52,5.64,3.30,6.50,12.81,12.83,7.26,8.15,3.44,5.92,5.45,5.16,20.24,20.73,20.16,20.72,21.74,20.95,22.46,19.45,21.59,20.50,21.31,19.96,20.80,18.93,22.09,22.12,22.27,21.37,21.38,22.48,21.56,18.91,21.52,22.54,18.02,21.43,19.81,18.83,20.03,19.65,19.62,10.45,11.50,6.25,7.60,9.91,8.98,7.44,6.49,8.71,8.68,6.09,18.35,18.22,16.06,17.14],
  [19.21,8.93,13.22,8.59,9.37,24.93,0.19,99.00,5.36,2.94,9.20,2.38,13.51,11.06,10.94,14.47,13.70,14.45,13.80,11.94,11.56,12.59,14.01,12.75,12.24,13.10,13.32,6.04,6.75,8.96,5.27,4.12,3.09,10.36,16.34,14.42,14.72,11.52,15.07,12.60,5.60,5.06,7.55,10.02,8.72,7.60,7.94,6.95,9.67,5.82,3.46,6.69,12.98,13.01,7.45,8.31,3.62,6.10,5.60,5.33,20.14,20.62,20.06,20.63,21.62,20.85,22.34,19.34,21.48,20.40,21.20,19.85,20.69,18.81,21.97,22.01,22.16,21.26,21.26,22.37,21.45,18.79,21.41,22.43,17.89,21.32,19.76,18.80,20.00,19.58,19.58,10.47,11.52,6.19,7.53,9.88,8.93,7.43,6.44,8.63,8.62,6.01,18.25,18.13,15.94,17.01],
  [18.70,10.80,10.26,3.42,10.87,22.86,5.23,5.36,99.00,2.43,4.14,3.01,10.98,9.52,9.56,13.36,11.85,12.93,11.44,10.39,10.40,11.66,12.28,11.53,9.88,11.30,12.78,0.74,5.89,9.99,6.69,4.64,4.80,8.83,15.90,12.63,13.13,9.91,14.69,8.01,2.48,0.92,2.39,5.05,5.31,2.29,4.11,4.78,4.46,3.05,2.13,4.63,8.21,8.52,4.64,3.26,2.53,3.32,0.80,1.54,19.95,20.44,19.67,19.99,21.72,20.40,22.54,19.53,21.21,19.95,21.10,19.93,20.65,19.15,22.24,22.00,22.32,21.17,21.48,22.29,21.67,19.04,21.45,22.50,18.47,21.14,18.01,16.33,17.62,18.11,17.41,7.33,8.29,6.20,7.29,7.96,7.84,5.45,6.11,8.53,8.15,6.61,18.02,17.38,16.56,17.60],
  [18.65,9.55,11.31,5.74,9.95,23.59,2.81,2.94,2.43,99.00,6.34,0.59,11.81,9.80,9.76,13.53,12.35,13.29,12.19,10.71,10.52,11.70,12.73,11.71,10.60,11.77,12.66,3.12,5.79,9.24,5.56,3.60,3.21,9.26,15.97,13.29,13.70,10.41,14.71,10.04,3.30,2.26,4.69,7.26,6.61,4.69,5.60,5.30,6.81,3.72,0.96,5.07,10.34,10.50,5.53,5.50,1.60,4.05,2.75,2.70,19.77,20.26,19.58,20.02,21.42,20.34,22.20,19.17,21.07,19.89,20.89,19.62,20.40,18.72,21.87,21.75,21.99,20.95,21.12,22.07,21.31,18.65,21.18,22.22,17.92,20.96,18.54,17.21,18.46,18.51,18.15,8.41,9.44,5.50,6.81,8.39,7.82,5.76,5.58,8.06,7.84,5.67,17.84,17.43,15.97,17.04],
  [17.26,11.93,7.52,3.46,14.60,20.10,9.10,9.20,4.14,6.34,99.00,6.85,8.53,8.21,8.38,11.85,9.90,11.13,9.08,8.90,9.26,10.50,10.37,10.15,7.75,9.46,11.79,3.75,9.31,13.62,10.66,8.67,8.93,11.42,18.54,14.62,15.21,12.30,17.42,7.59,5.97,4.91,3.50,4.71,7.25,2.97,6.12,7.84,3.62,6.43,6.26,7.79,7.39,8.17,7.33,3.83,6.66,6.58,4.43,5.24,18.70,19.17,18.27,18.38,20.61,18.92,21.46,18.59,19.83,18.50,19.86,18.89,19.47,18.35,21.23,20.79,21.23,19.94,20.47,21.02,20.65,18.17,20.31,21.34,17.88,19.84,15.66,13.51,14.81,15.95,14.78,4.99,5.61,7.26,7.71,6.69,7.37,5.21,6.96,8.68,8.11,7.91,16.84,15.82,16.13,17.07],
  [18.55,9.19,11.50,6.34,9.95,23.66,2.26,2.38,3.01,0.59,6.85,99.00,11.95,9.82,9.76,13.49,12.40,13.30,12.31,10.72,10.49,11.64,12.77,11.69,10.72,11.81,12.55,3.71,6.05,9.29,5.56,3.71,3.14,9.58,16.18,13.64,14.03,10.74,14.92,10.61,3.80,2.85,5.29,7.85,7.11,5.28,6.13,5.70,7.40,4.19,1.43,5.46,10.92,11.07,5.99,6.09,1.97,4.51,3.34,3.26,19.62,20.11,19.45,19.92,21.24,20.22,22.01,18.98,20.94,19.77,20.73,19.45,20.24,18.52,21.67,21.58,21.81,20.80,20.94,21.92,21.12,18.46,21.01,22.05,17.70,20.82,18.58,17.33,18.57,18.51,18.23,8.63,9.67,5.34,6.68,8.45,7.79,5.85,5.45,7.91,7.73,5.43,17.70,17.35,15.74,16.81],
  [9.07,9.37,1.22,11.94,21.69,11.89,13.53,13.51,10.98,11.81,8.53,11.95,99.00,3.01,3.29,4.07,1.84,3.03,0.59,2.56,3.43,3.85,2.27,3.18,1.28,1.83,4.98,11.09,16.86,20.88,17.33,15.29,15.02,19.60,26.75,23.06,23.63,20.58,25.57,15.96,13.43,11.89,11.71,13.23,15.58,11.16,14.38,15.67,12.13,13.99,12.39,15.55,15.63,16.53,15.36,12.25,13.06,14.24,11.68,12.50,10.64,11.07,10.09,10.04,12.61,10.66,13.47,10.86,11.61,10.27,11.76,11.04,11.45,10.81,13.31,12.69,13.22,11.85,12.57,12.86,12.74,10.55,12.28,13.27,10.68,11.68,7.16,5.40,6.66,7.43,6.44,3.69,2.91,7.63,6.55,3.66,4.93,6.12,7.28,6.12,5.70,8.11,8.94,7.60,9.37,10.04],
  [9.24,6.43,3.53,11.29,19.75,13.89,11.10,11.06,9.52,9.80,8.21,9.82,3.01,99.00,0.32,3.85,2.64,3.49,3.04,0.90,1.07,2.29,2.96,2.03,1.92,2.05,3.59,9.82,15.28,19.04,15.36,13.39,12.96,18.35,25.41,22.07,22.59,19.41,24.19,15.78,11.98,10.38,10.81,12.81,14.59,10.29,13.35,14.29,11.74,12.55,10.52,14.13,15.59,16.36,14.13,11.50,11.23,12.84,10.29,11.04,10.59,11.07,10.23,10.49,12.45,10.94,13.30,10.39,11.78,10.50,11.75,10.71,11.33,10.14,13.05,12.67,13.07,11.83,12.29,12.92,12.47,9.96,12.16,13.20,9.70,11.75,8.76,7.82,8.97,8.71,8.52,3.46,3.55,4.93,3.70,1.59,2.14,4.11,4.63,3.12,2.74,5.31,8.69,7.88,8.02,8.92],
  [9.16,6.12,3.84,11.41,19.71,13.99,10.99,10.94,9.56,9.76,8.38,9.76,3.29,0.32,99.00,3.81,2.79,3.54,3.29,1.01,0.89,2.15,3.07,1.98,2.23,2.20,3.41,9.88,15.29,19.00,15.31,13.36,12.90,18.39,25.44,22.14,22.65,19.46,24.21,15.95,12.02,10.41,10.91,12.95,14.67,10.40,13.43,14.33,11.89,12.58,10.50,14.16,15.77,16.52,14.18,11.62,11.21,12.87,10.34,11.07,10.48,10.97,10.15,10.43,12.33,10.86,13.17,10.24,11.69,10.42,11.64,10.58,11.21,9.97,12.91,12.56,12.94,11.71,12.15,12.82,12.33,9.80,12.04,13.08,9.51,11.65,8.84,8.00,9.13,8.75,8.65,3.70,3.84,4.78,3.52,1.71,2.02,4.12,4.51,2.86,2.53,5.13,8.57,7.82,7.80,8.71],
  [5.42,7.73,5.27,15.06,23.44,10.64,14.54,14.47,13.36,13.53,11.85,13.49,4.07,3.85,3.81,99.00,2.23,1.11,3.53,3.01,3.01,1.88,1.80,1.83,4.22,2.47,1.69,13.67,19.10,22.77,19.05,17.13,16.63,22.19,29.25,25.91,26.43,23.26,28.02,19.44,15.83,14.22,14.63,16.53,18.43,14.10,17.19,18.14,15.45,16.39,14.29,17.97,19.19,20.02,17.98,15.30,15.00,16.68,14.14,14.88,6.85,7.32,6.43,6.64,8.78,7.11,9.64,6.88,7.99,6.68,8.01,7.11,7.63,6.77,9.43,8.94,9.40,8.09,8.68,9.17,8.85,6.53,8.47,9.49,6.62,7.99,5.41,5.62,6.40,5.12,5.69,6.88,6.52,8.30,6.94,5.43,5.71,7.93,8.09,5.88,5.86,8.48,5.03,4.03,5.39,6.00],
  [7.41,8.33,3.03,13.21,22.30,11.27,13.74,13.70,11.85,12.35,9.90,12.40,1.84,2.64,2.79,2.23,99.00,1.26,1.34,1.79,2.43,2.29,0.48,1.64,2.14,0.60,3.23,12.07,17.70,21.56,17.91,15.92,15.53,20.63,27.74,24.23,24.77,21.65,26.54,17.44,14.33,12.74,12.87,14.61,16.73,12.33,15.50,16.62,13.51,14.90,13.03,16.47,17.16,18.02,16.38,13.49,13.72,15.17,12.60,13.39,8.94,9.39,8.44,8.49,10.89,9.06,11.75,9.08,9.98,8.65,10.08,9.28,9.73,9.00,11.57,11.01,11.51,10.16,10.83,11.21,11.00,8.75,10.57,11.58,8.85,10.02,6.20,5.22,6.34,6.26,5.88,4.91,4.39,7.56,6.30,3.97,4.78,6.60,7.27,5.55,5.29,7.92,7.18,5.96,7.54,8.20],
  [6.15,8.33,4.25,14.42,23.24,10.49,14.51,14.45,12.93,13.29,11.13,13.30,3.03,3.49,3.54,1.11,1.26,99.00,2.47,2.58,2.90,2.15,0.79,1.74,3.39,1.68,2.56,13.18,18.74,22.52,18.84,16.88,16.44,21.74,28.84,25.38,25.92,22.78,27.62,18.69,15.41,13.81,14.05,15.84,17.89,13.51,16.66,17.71,14.74,15.98,14.01,17.56,18.41,19.27,17.50,14.68,14.71,16.25,13.69,14.47,7.67,8.12,7.18,7.25,9.63,7.80,10.49,7.83,8.72,7.39,8.81,8.02,8.47,7.78,10.31,9.75,10.25,8.90,9.57,9.94,9.74,7.52,9.31,10.31,7.68,8.76,5.31,4.93,5.87,5.22,5.27,6.14,5.66,8.27,6.94,4.98,5.54,7.58,8.02,6.02,5.88,8.54,5.93,4.70,6.50,7.09],
  [8.48,9.26,1.80,12.48,22.10,11.44,13.83,13.80,11.44,12.19,9.08,12.31,0.59,3.04,3.29,3.53,1.34,2.47,99.00,2.43,3.27,3.50,1.73,2.83,1.59,1.47,4.55,11.58,17.32,21.30,17.73,15.70,15.40,20.10,27.25,23.59,24.15,21.09,26.06,16.54,13.90,12.35,12.24,13.79,16.11,11.68,14.90,16.16,12.70,14.46,12.79,16.03,16.21,17.11,15.86,12.79,13.48,14.72,12.15,12.97,10.05,10.49,9.50,9.45,12.02,10.07,12.88,10.29,11.02,9.68,11.17,10.46,10.86,10.25,12.73,12.11,12.64,11.26,11.99,12.27,12.16,9.99,11.70,12.68,10.15,11.10,6.63,5.02,6.27,6.87,5.99,4.20,3.47,7.83,6.68,3.92,5.08,6.46,7.49,6.15,5.77,8.27,8.37,7.01,8.88,9.52],
  [8.42,6.83,3.36,12.06,20.66,12.99,11.99,11.94,10.39,10.71,8.90,10.72,2.56,0.90,1.01,3.01,1.79,2.58,2.43,99.00,0.87,1.69,2.07,1.24,1.80,1.20,3.02,10.67,16.17,19.94,16.26,14.30,13.86,19.21,26.29,22.91,23.43,20.27,25.07,16.49,12.86,11.26,11.62,13.55,15.42,11.10,14.19,15.17,12.48,13.43,11.42,15.01,16.28,17.07,14.99,12.30,12.13,13.71,11.16,11.92,9.82,10.29,9.43,9.65,11.71,10.12,12.56,9.69,10.98,9.68,10.97,9.99,10.57,9.49,12.32,11.90,12.32,11.05,11.57,12.14,11.74,9.29,11.41,12.44,9.12,10.97,7.86,7.00,8.12,7.81,7.64,4.01,3.87,5.79,4.52,2.43,3.02,5.00,5.51,3.80,3.51,6.13,7.94,7.04,7.54,8.37],
  [8.30,5.99,4.22,12.30,20.44,13.40,11.62,11.56,10.40,10.52,9.26,10.49,3.43,1.07,0.89,3.01,2.43,2.90,3.27,0.87,99.00,1.27,2.59,1.20,2.62,1.91,2.53,10.74,16.10,19.76,16.05,14.13,13.63,19.24,26.27,23.00,23.51,20.31,25.04,16.83,12.86,11.25,11.79,13.84,15.54,11.28,14.31,15.17,12.78,13.42,11.29,15.00,16.65,17.41,15.03,12.51,12.00,13.71,11.19,11.92,9.60,10.09,9.28,9.59,11.44,10.00,12.28,9.35,10.82,9.55,10.76,9.69,10.33,9.09,12.02,11.67,12.05,10.83,11.26,11.94,11.44,8.92,11.15,12.20,8.64,10.77,8.20,7.62,8.68,8.04,8.14,4.52,4.54,5.37,4.04,2.60,2.71,4.95,5.14,3.16,2.98,5.64,7.69,6.98,6.96,7.85],
  [7.04,6.19,4.86,13.57,21.59,12.49,12.66,12.59,11.66,11.70,10.50,11.64,3.85,2.29,2.15,1.88,2.29,2.15,3.50,1.69,1.27,99.00,2.19,0.67,3.41,2.03,1.33,12.00,17.33,20.93,17.20,15.30,14.77,20.48,27.50,24.26,24.77,21.56,26.27,18.08,14.10,12.49,13.06,15.10,16.81,12.55,15.57,16.41,14.03,14.67,12.49,16.24,17.88,18.66,16.29,13.77,13.20,14.96,12.45,13.16,8.33,8.82,8.02,8.35,10.17,8.74,11.02,8.10,9.56,8.30,9.49,8.43,9.06,7.85,10.76,10.40,10.79,9.57,10.00,10.67,10.18,7.67,9.89,10.93,7.44,9.51,7.25,7.08,8.02,7.00,7.39,5.68,5.57,6.42,5.06,3.86,3.89,6.20,6.23,4.01,3.98,6.60,6.42,5.75,5.84,6.68],
  [6.93,8.35,3.48,13.68,22.68,10.93,14.06,14.01,12.28,12.73,10.37,12.77,2.27,2.96,3.07,1.80,0.48,0.79,1.73,2.07,2.59,2.19,99.00,1.61,2.62,0.98,2.97,12.51,18.12,21.95,18.29,16.31,15.90,21.07,28.18,24.68,25.22,22.10,26.97,17.92,14.76,13.17,13.33,15.08,17.18,12.79,15.95,17.05,13.99,15.33,13.42,16.91,17.64,18.50,16.83,13.95,14.12,15.60,13.03,13.82,8.46,8.91,7.96,8.01,10.41,8.57,11.28,8.61,9.50,8.16,9.60,8.81,9.26,8.54,11.10,10.53,11.03,9.68,10.36,10.73,10.53,8.29,10.10,11.10,8.42,9.54,5.82,5.03,6.10,5.83,5.58,5.39,4.88,7.85,6.56,4.36,5.08,6.99,7.58,5.74,5.53,8.17,6.71,5.48,7.16,7.79],
  [7.21,6.74,4.22,13.29,21.64,12.22,12.82,12.75,11.53,11.71,10.15,11.69,3.18,2.03,1.98,1.83,1.64,1.74,2.83,1.24,1.20,0.67,1.61,99.00,2.83,1.36,1.87,11.84,17.27,20.95,17.25,15.32,14.83,20.36,27.41,24.09,24.61,21.43,26.19,17.74,13.99,12.39,12.83,14.79,16.62,12.31,15.38,16.30,13.72,14.56,12.47,16.14,17.52,18.32,16.15,13.52,13.18,14.85,12.31,13.05,8.58,9.06,8.21,8.46,10.46,8.91,11.32,8.45,9.76,8.47,9.74,8.75,9.33,8.25,11.08,10.67,11.08,9.82,10.32,10.91,10.50,8.05,10.17,11.21,7.92,9.74,7.01,6.59,7.59,6.84,7.01,5.25,5.04,6.57,5.23,3.61,3.90,6.10,6.34,4.28,4.15,6.81,6.70,5.85,6.39,7.18],
  [9.54,8.34,1.62,11.09,20.51,13.02,12.26,12.24,9.88,10.60,7.75,10.72,1.28,1.92,2.23,4.22,2.14,3.39,1.59,1.80,2.62,3.41,2.62,2.83,99.00,1.75,4.69,10.05,15.76,19.72,16.14,14.12,13.81,18.59,25.73,22.14,22.69,19.60,24.54,15.30,12.35,10.79,10.78,12.47,14.64,10.23,13.42,14.62,11.37,12.92,11.21,14.49,15.02,15.88,14.35,11.37,11.89,13.18,10.61,11.42,11.04,11.50,10.57,10.63,12.98,11.19,13.85,11.10,12.11,10.78,12.19,11.33,11.83,10.96,13.65,13.13,13.61,12.27,12.90,13.33,13.07,10.74,12.67,13.69,10.70,12.15,8.14,6.61,7.86,8.30,7.57,2.77,2.29,6.35,5.29,2.38,3.68,4.88,6.00,4.95,4.49,6.84,9.25,8.09,9.21,9.99],
  [7.81,7.88,2.93,12.74,21.72,11.86,13.14,13.10,11.30,11.77,9.46,11.81,1.83,2.05,2.20,2.47,0.60,1.68,1.47,1.20,1.91,2.03,0.98,1.36,1.75,99.00,3.15,11.53,17.14,20.98,17.33,15.34,14.95,20.09,27.20,23.72,24.25,21.12,25.99,17.02,13.78,12.19,12.37,14.16,16.22,11.83,14.99,16.07,13.07,14.35,12.45,15.93,16.76,17.60,15.85,13.00,13.15,14.62,12.05,12.84,9.29,9.75,8.83,8.93,11.23,9.47,12.09,9.35,10.38,9.05,10.44,9.58,10.08,9.23,11.89,11.38,11.85,10.52,11.14,11.59,11.32,8.99,10.92,11.94,9.00,10.40,6.78,5.80,6.93,6.81,6.47,4.47,4.05,6.97,5.72,3.39,4.19,6.02,6.68,4.99,4.72,7.33,7.49,6.36,7.60,8.32],
  [6.00,6.09,6.07,14.81,22.46,12.13,13.40,13.32,12.78,12.66,11.79,12.55,4.98,3.59,3.41,1.69,3.23,2.56,4.55,3.02,2.53,1.33,2.97,1.87,4.69,3.15,99.00,13.16,18.35,21.84,18.09,16.25,15.66,21.58,28.55,25.40,25.90,22.68,27.31,19.36,15.20,13.59,14.27,16.36,17.98,13.77,16.75,17.50,15.31,15.76,13.48,17.32,19.18,19.94,17.41,15.00,14.19,16.06,13.57,14.26,7.18,7.67,6.93,7.37,8.96,7.68,9.79,6.84,8.45,7.23,8.32,7.19,7.87,6.56,9.52,9.22,9.57,8.40,8.76,9.51,8.94,6.39,8.69,9.74,6.12,8.37,6.93,7.31,8.08,6.51,7.35,7.00,6.88,7.24,5.88,5.12,4.94,7.33,7.10,4.70,4.83,7.32,5.25,4.82,4.53,5.36],
  [19.04,11.43,10.31,2.69,10.98,22.96,5.90,6.04,0.74,3.12,3.75,3.71,11.09,9.82,9.88,13.67,12.07,13.18,11.58,10.67,10.74,12.00,12.51,11.84,10.05,11.53,13.16,99.00,5.84,10.05,6.93,4.92,5.22,8.56,15.68,12.26,12.77,9.60,14.49,7.31,2.38,1.18,1.66,4.32,4.83,1.57,3.61,4.58,3.73,2.92,2.70,4.46,7.49,7.82,4.32,2.53,2.97,3.15,0.69,1.53,20.33,20.81,20.02,20.30,22.12,20.74,22.94,19.95,21.56,20.30,21.48,20.34,21.03,19.59,22.65,22.38,22.72,21.55,21.89,22.66,22.08,19.47,21.84,22.89,18.93,21.51,18.19,16.40,17.70,18.32,17.53,7.41,8.33,6.78,7.80,8.24,8.24,5.83,6.66,9.03,8.62,7.22,18.40,17.69,17.04,18.07],
  [24.34,15.21,16.13,6.38,5.36,28.75,6.57,6.75,5.89,5.79,9.31,6.05,16.86,15.28,15.29,19.10,17.70,18.74,17.32,16.17,16.10,17.33,18.12,17.27,15.76,17.14,18.35,5.84,99.00,4.33,2.66,2.63,3.69,3.61,10.20,7.69,8.03,4.78,8.95,7.82,3.46,4.97,5.87,6.67,3.51,6.37,3.79,1.62,7.13,2.92,4.90,1.56,8.47,8.00,2.39,5.92,4.20,2.74,5.21,4.37,25.50,25.99,25.28,25.67,27.19,26.03,27.97,24.94,26.80,25.58,26.63,25.39,26.15,24.50,27.65,27.50,27.76,26.70,26.90,27.82,27.09,24.43,26.94,27.98,23.71,26.70,23.88,22.21,23.50,23.95,23.30,13.21,14.15,11.28,12.57,13.76,13.44,11.18,11.33,13.82,13.56,11.45,23.57,23.07,21.76,22.83],
  [27.83,17.89,20.23,10.69,1.11,32.74,8.81,8.96,9.99,9.24,13.62,9.29,20.88,19.04,19.00,22.77,21.56,22.52,21.30,19.94,19.76,20.93,21.95,20.95,19.72,20.98,21.84,10.05,4.33,99.00,3.77,5.64,6.20,4.55,7.60,7.27,7.26,5.13,6.37,11.29,7.68,9.06,10.20,10.80,7.41,10.69,8.00,5.90,11.38,7.19,8.53,5.88,12.02,11.31,6.59,10.23,7.84,7.04,9.39,8.53,28.88,29.36,28.73,29.21,30.45,29.50,31.20,28.17,30.20,29.05,29.98,28.66,29.47,27.67,30.84,30.81,31.00,30.04,30.11,31.15,30.30,27.64,30.22,31.25,26.79,30.07,27.76,26.26,27.54,27.75,27.29,17.29,18.27,14.61,15.96,17.59,17.06,14.96,14.74,17.18,17.02,14.63,26.96,26.64,24.83,25.91],
  [24.08,14.17,16.76,8.28,4.40,29.14,5.11,5.27,6.69,5.56,10.66,5.56,17.33,15.36,15.31,19.05,17.91,18.84,17.73,16.26,16.05,17.20,18.29,17.25,16.14,17.33,18.09,6.93,2.66,3.77,99.00,2.07,2.44,5.67,11.08,9.55,9.76,6.75,9.81,10.41,4.77,5.81,7.53,8.93,6.06,7.93,6.06,3.99,9.18,4.44,4.95,3.81,11.03,10.62,4.79,7.83,4.30,4.44,6.24,5.42,25.11,25.60,24.97,25.46,26.68,25.75,27.43,24.40,26.44,25.29,26.21,24.89,25.71,23.91,27.08,27.04,27.24,26.27,26.35,27.38,26.53,23.87,26.45,27.49,23.03,26.30,24.10,22.73,23.99,24.06,23.70,13.82,14.84,10.86,12.21,13.95,13.34,11.32,11.00,13.42,13.27,10.86,23.19,22.90,21.07,22.15],
  [22.24,12.71,14.70,6.55,6.39,27.13,3.94,4.12,4.64,3.60,8.67,3.71,15.29,13.39,13.36,17.13,15.92,16.88,15.70,14.30,14.13,15.30,16.31,15.32,14.12,15.34,16.25,4.92,2.63,5.64,2.07,99.00,1.09,6.24,12.52,10.31,10.63,7.40,11.25,9.40,2.94,3.78,5.70,7.45,5.13,6.04,4.75,3.10,7.53,2.76,2.91,2.84,9.93,9.70,3.78,6.12,2.24,2.87,4.24,3.45,23.33,23.82,23.15,23.61,24.95,23.92,25.72,22.68,24.64,23.47,24.44,23.15,23.95,22.21,25.37,25.29,25.51,24.50,24.64,25.62,24.82,22.16,24.71,25.75,21.38,24.52,22.12,20.69,21.96,22.10,21.68,11.77,12.77,9.04,10.38,11.95,11.42,9.33,9.15,11.61,11.42,9.13,21.40,21.03,19.42,20.49],
  [21.64,11.84,14.51,7.18,6.81,26.78,2.91,3.09,4.80,3.21,8.93,3.14,15.02,12.96,12.90,16.63,15.53,16.44,15.40,13.86,13.63,14.77,15.90,14.83,13.81,14.95,15.66,5.22,3.69,6.20,2.44,1.09,99.00,7.28,13.35,11.33,11.63,8.43,12.08,10.36,3.61,4.04,6.25,8.24,6.15,6.51,5.66,4.16,8.20,3.57,2.78,3.90,10.86,10.69,4.80,6.78,2.27,3.75,4.56,3.88,22.68,23.17,22.53,23.03,24.26,23.31,25.01,21.98,24.01,22.86,23.78,22.47,23.28,21.49,24.66,24.61,24.81,23.84,23.93,24.95,24.11,21.45,24.03,25.06,20.63,23.87,21.72,20.42,21.67,21.65,21.35,11.59,12.62,8.42,9.77,11.58,10.93,8.96,8.56,10.98,10.84,8.43,20.76,20.47,18.67,19.74],
  [27.53,18.77,18.74,8.03,5.59,31.42,10.18,10.36,8.83,9.26,11.42,9.58,19.60,18.35,18.39,22.19,20.63,21.74,20.10,19.21,19.24,20.48,21.07,20.36,18.59,20.09,21.58,8.56,3.61,4.55,5.67,6.24,7.28,99.00,7.15,4.08,4.44,1.17,6.01,7.12,6.39,8.00,7.96,7.50,4.21,8.52,5.30,4.08,8.36,5.83,8.32,4.27,7.89,7.03,4.24,7.61,7.66,5.53,8.05,7.32,28.76,29.25,28.49,28.82,30.49,29.23,31.30,28.28,30.02,28.78,29.90,28.70,29.44,27.86,30.98,30.79,31.08,29.97,30.23,31.09,30.42,27.77,30.23,31.28,27.12,29.95,26.73,24.82,26.12,26.88,26.01,15.91,16.76,14.68,15.91,16.78,16.64,14.28,14.69,17.18,16.86,14.91,26.82,26.21,25.17,26.23],
  [34.53,25.19,25.90,15.11,7.69,38.57,16.18,16.34,15.90,15.97,18.54,16.18,26.75,25.41,25.44,29.25,27.74,28.84,27.25,26.29,26.27,27.50,28.18,27.41,25.73,27.20,28.55,15.68,10.20,7.60,11.08,12.52,13.35,7.15,99.00,4.63,3.99,6.25,1.27,13.07,13.43,15.03,15.11,14.36,11.29,15.66,12.44,11.13,15.32,12.86,15.09,11.28,13.81,12.75,11.38,14.72,14.39,12.58,15.14,14.37,35.70,36.19,35.48,35.85,37.38,36.22,38.17,35.14,36.99,35.77,36.83,35.59,36.35,34.69,37.84,37.70,37.96,36.90,37.09,38.02,37.28,34.62,37.14,38.18,33.88,36.90,33.87,31.97,33.28,34.00,33.17,23.06,23.92,21.47,22.77,23.86,23.63,21.32,21.53,24.02,23.76,21.61,33.77,33.24,31.92,32.99],
  [31.29,22.83,22.12,11.16,7.99,34.73,14.24,14.42,12.63,13.29,14.62,13.64,23.06,22.07,22.14,25.91,24.23,25.38,23.59,22.91,23.00,24.26,24.68,24.09,22.14,23.72,25.40,12.26,7.69,7.27,9.55,10.31,11.33,4.08,4.63,99.00,0.65,2.91,4.05,8.52,10.27,11.86,11.36,10.15,7.50,11.91,8.73,8.02,11.19,9.73,12.34,8.24,9.24,8.17,8.00,10.82,11.69,9.42,11.84,11.18,32.58,33.07,32.28,32.55,34.35,32.99,35.17,32.16,33.82,32.55,33.73,32.57,33.28,31.77,34.87,34.63,34.95,33.80,34.11,34.92,34.30,31.67,34.08,35.13,31.06,33.76,30.22,28.13,29.43,30.44,29.40,19.39,20.17,18.65,19.84,20.48,20.47,18.07,18.63,21.10,20.76,18.91,30.65,29.94,29.13,30.18],
  [31.81,23.22,22.69,11.75,7.89,35.31,14.55,14.72,13.13,13.70,15.21,14.03,23.63,22.59,22.65,26.43,24.77,25.92,24.15,23.43,23.51,24.77,25.22,24.61,22.69,24.25,25.90,12.77,8.03,7.26,9.76,10.63,11.63,4.44,3.99,0.65,99.00,3.29,3.47,9.17,10.74,12.33,11.92,10.77,8.05,12.47,9.27,8.46,11.80,10.19,12.76,8.67,9.89,8.82,8.49,11.40,12.10,9.88,12.33,11.66,33.08,33.57,32.79,33.07,34.84,33.51,35.65,32.64,34.33,33.06,34.23,33.05,33.77,32.24,35.35,35.12,35.44,34.30,34.59,35.41,34.78,32.15,34.58,35.63,31.52,34.26,30.78,28.72,30.02,30.99,29.97,19.95,20.74,19.09,20.30,21.01,20.96,18.57,19.08,21.57,21.23,19.34,31.15,30.46,29.58,30.64],
  [28.60,19.93,19.69,8.86,6.08,32.36,11.34,11.52,9.91,10.41,12.30,10.74,20.58,19.41,19.46,23.26,21.65,22.78,21.09,20.27,20.31,21.56,22.10,21.43,19.60,21.12,22.68,9.60,4.78,5.13,6.75,7.40,8.43,1.17,6.25,2.91,3.29,99.00,5.18,7.34,7.49,9.09,8.89,8.16,5.05,9.45,6.21,5.19,9.09,6.93,9.47,5.40,8.11,7.16,5.28,8.47,8.81,6.62,9.12,8.41,29.85,30.34,29.58,29.89,31.60,30.31,32.41,29.39,31.11,29.86,31.00,29.81,30.54,28.98,32.10,31.89,32.19,31.07,31.34,32.19,31.53,28.89,31.34,32.39,28.25,31.04,27.72,25.76,27.06,27.89,26.97,16.89,17.72,15.81,17.04,17.83,17.73,15.36,15.81,18.30,17.98,16.05,27.92,27.28,26.31,27.37],
  [33.29,23.93,24.73,14.02,6.52,37.41,14.91,15.07,14.69,14.71,17.42,14.92,25.57,24.19,24.21,28.02,26.54,27.62,26.06,25.07,25.04,26.27,26.97,26.19,24.54,25.99,27.31,14.49,8.95,6.37,9.81,11.25,12.08,6.01,1.27,4.05,3.47,5.18,99.00,12.24,12.21,13.81,13.97,13.34,10.19,14.52,11.31,9.92,14.27,11.65,13.84,10.07,12.99,11.95,10.21,13.61,13.14,11.37,13.94,13.16,34.46,34.95,34.23,34.62,36.13,34.99,36.91,33.88,35.75,34.54,35.59,34.34,35.11,33.43,36.58,36.45,36.71,35.65,35.84,36.77,36.02,33.36,35.88,36.93,32.62,35.65,32.68,30.82,32.12,32.79,32.00,21.88,22.75,20.22,21.51,22.65,22.39,20.09,20.28,22.77,22.52,20.35,32.52,32.01,30.66,31.73],
  [24.83,18.64,14.86,4.80,12.40,27.05,12.42,12.60,8.01,10.04,7.59,10.61,15.96,15.78,15.95,19.44,17.44,18.69,16.54,16.49,16.83,18.08,17.92,17.74,15.30,17.02,19.36,7.31,7.82,11.29,10.41,9.40,10.36,7.12,13.07,8.52,9.17,7.34,12.24,99.00,7.01,7.80,5.68,3.10,4.35,6.01,4.71,6.45,4.08,6.86,9.23,6.67,0.77,0.58,5.68,4.80,8.98,6.63,7.38,7.35,26.29,26.76,25.85,25.93,28.20,26.49,29.05,26.17,27.40,26.07,27.44,26.48,27.06,25.92,28.82,28.38,28.82,27.53,28.06,28.60,28.24,25.75,27.89,28.93,25.42,27.42,22.98,20.56,21.83,23.36,21.94,12.56,13.08,13.90,14.73,14.24,14.75,12.40,13.72,15.87,15.36,14.42,24.43,23.39,23.62,24.59],
  [21.14,12.74,12.68,3.60,8.64,25.31,5.42,5.60,2.48,3.30,5.97,3.80,13.43,11.98,12.02,15.83,14.33,15.41,13.90,12.86,12.86,14.10,14.76,13.99,12.35,13.78,15.20,2.38,3.46,7.68,4.77,2.94,3.61,6.39,13.43,10.27,10.74,7.49,12.21,7.01,99.00,1.61,2.77,4.64,3.31,3.16,2.36,2.31,4.60,0.57,2.37,2.15,7.42,7.41,2.31,3.19,1.98,0.86,1.76,0.94,22.37,22.86,22.11,22.44,24.12,22.84,24.92,21.90,23.64,22.40,23.51,22.32,23.05,21.51,24.61,24.40,24.71,23.59,23.86,24.70,24.05,21.41,23.85,24.90,20.78,23.56,20.49,18.76,20.06,20.59,19.87,9.77,10.70,8.38,9.57,10.43,10.26,7.90,8.36,10.83,10.50,8.69,20.44,19.83,18.85,19.91],
  [19.53,11.32,11.18,3.53,9.96,23.78,4.91,5.06,0.92,2.26,4.91,2.85,11.89,10.38,10.41,14.22,12.74,13.81,12.35,11.26,11.25,12.49,13.17,12.39,10.79,12.19,13.59,1.18,4.97,9.06,5.81,3.78,4.04,8.00,15.03,11.86,12.33,9.09,13.81,7.80,1.61,99.00,2.49,5.00,4.68,2.59,3.54,3.92,4.61,2.18,1.62,3.75,8.08,8.27,3.86,3.26,1.80,2.47,0.56,0.68,20.76,21.25,20.50,20.83,22.51,21.23,23.32,20.31,22.03,20.78,21.91,20.72,21.45,19.91,23.02,22.80,23.10,21.98,22.26,23.10,22.45,19.81,22.25,23.30,19.20,21.95,18.91,17.25,18.54,19.00,18.33,8.25,9.22,6.84,7.99,8.83,8.65,6.29,6.79,9.25,8.90,7.19,18.83,18.22,17.28,18.33],
  [20.04,12.98,10.81,1.05,11.21,23.47,7.40,7.55,2.39,4.69,3.50,5.29,11.71,10.81,10.91,14.63,12.87,14.05,12.24,11.62,11.79,13.06,13.33,12.83,10.78,12.37,14.27,1.66,5.87,10.20,7.53,5.70,6.25,7.96,15.11,11.36,11.92,8.89,13.97,5.68,2.77,2.49,99.00,2.66,3.87,0.56,2.67,4.35,2.12,3.12,4.11,4.33,5.84,6.21,3.83,0.88,4.17,3.19,1.95,2.39,21.39,21.88,21.04,21.26,23.23,21.74,24.07,21.10,22.59,21.30,22.55,21.47,22.12,20.78,23.79,23.47,23.84,22.63,23.03,23.73,23.22,20.64,22.95,23.99,20.18,22.56,18.87,16.87,18.17,19.08,18.09,8.04,8.84,8.27,9.19,9.22,9.44,7.01,8.11,10.38,9.92,8.75,19.48,18.66,18.31,19.32],
  [21.94,15.55,12.19,1.71,11.89,24.66,9.85,10.02,5.05,7.26,4.71,7.85,13.23,12.81,12.95,16.53,14.61,15.84,13.79,13.55,13.84,15.10,15.08,14.79,12.47,14.16,16.36,4.32,6.67,10.80,8.93,7.45,8.24,7.50,14.36,10.15,10.77,8.16,13.34,3.10,4.64,5.00,2.66,99.00,3.44,2.93,2.90,5.07,1.10,4.69,6.56,5.18,3.18,3.66,4.29,1.79,6.46,4.58,4.52,4.69,23.37,23.84,22.96,23.09,25.26,23.62,26.10,23.19,24.51,23.20,24.53,23.52,24.13,22.92,25.86,25.45,25.87,24.61,25.10,25.69,25.28,22.76,24.96,26.00,22.39,24.51,20.34,18.09,19.38,20.66,19.41,9.70,10.32,10.81,11.63,11.24,11.69,9.31,10.62,12.78,12.27,11.33,21.49,20.52,20.57,21.55],
  [23.83,15.99,14.67,3.82,8.51,27.32,8.54,8.72,5.31,6.61,7.25,7.11,15.58,14.59,14.67,18.43,16.73,17.89,16.11,15.42,15.54,16.81,17.18,16.62,14.64,16.22,17.98,4.83,3.51,7.41,6.06,5.13,6.15,4.21,11.29,7.50,8.05,5.05,10.19,4.35,3.31,4.68,3.87,3.44,99.00,4.42,1.24,2.11,4.19,2.94,5.67,2.33,4.97,4.60,1.36,3.42,5.22,2.63,4.52,4.04,25.14,25.63,24.82,25.07,26.95,25.52,27.77,24.78,26.36,25.09,26.29,25.17,25.85,24.42,27.48,27.20,27.55,26.37,26.72,27.48,26.91,24.30,26.67,27.72,23.76,26.32,22.74,20.72,22.02,22.94,21.95,11.91,12.71,11.50,12.60,13.00,13.07,10.65,11.42,13.84,13.44,11.86,23.22,22.46,21.86,22.89],
  [19.52,12.63,10.25,1.22,11.69,22.91,7.46,7.60,2.29,4.69,2.97,5.28,11.16,10.29,10.40,14.10,12.33,13.51,11.68,11.10,11.28,12.55,12.79,12.31,10.23,11.83,13.77,1.57,6.37,10.69,7.93,6.04,6.51,8.52,15.66,11.91,12.47,9.45,14.52,6.01,3.16,2.59,0.56,2.93,4.42,99.00,3.23,4.87,2.19,3.55,4.20,4.84,6.10,6.55,4.37,1.25,4.36,3.66,2.04,2.63,20.88,21.36,20.52,20.73,22.72,21.21,23.56,20.60,22.07,20.78,22.04,20.96,21.61,20.29,23.29,22.95,23.33,22.11,22.53,23.21,22.72,20.15,22.44,23.48,19.70,22.04,18.31,16.31,17.62,18.53,17.53,7.48,8.28,7.90,8.77,8.70,8.96,6.55,7.72,9.95,9.47,8.41,18.97,18.13,17.85,18.85],
  [22.59,14.85,13.48,2.79,9.08,26.14,7.76,7.94,4.11,5.60,6.12,6.13,14.38,13.35,13.43,17.19,15.50,16.66,14.90,14.19,14.31,15.57,15.95,15.38,13.42,14.99,16.75,3.61,3.79,8.00,6.06,4.75,5.66,5.30,12.44,8.73,9.27,6.21,11.31,4.71,2.36,3.54,2.67,2.90,1.24,3.23,99.00,2.18,3.38,2.15,4.70,2.29,5.20,5.08,1.42,2.35,4.34,1.92,3.32,2.94,23.90,24.39,23.58,23.83,25.71,24.29,26.54,23.55,25.13,23.85,25.06,23.93,24.62,23.19,26.25,25.97,26.31,25.13,25.49,26.24,25.68,23.07,25.43,26.48,22.54,25.08,21.53,19.55,20.85,21.72,20.76,10.69,11.51,10.31,11.39,11.77,11.84,9.42,10.23,12.63,12.22,10.70,21.98,21.23,20.64,21.67],
  [23.45,14.85,14.88,4.79,6.95,27.54,6.76,6.95,4.78,5.30,7.84,5.70,15.67,14.29,14.33,18.14,16.62,17.71,16.16,15.17,15.17,16.41,17.05,16.30,14.62,16.07,17.50,4.58,1.62,5.90,3.99,3.10,4.16,4.08,11.13,8.02,8.46,5.19,9.92,6.45,2.31,3.92,4.35,5.07,2.11,4.87,2.18,99.00,5.51,1.75,4.34,0.26,7.06,6.71,0.81,4.33,3.73,1.46,4.02,3.25,24.68,25.17,24.42,24.76,26.42,25.15,27.22,24.20,25.95,24.71,25.82,24.62,25.36,23.79,26.91,26.71,27.01,25.89,26.16,27.01,26.34,23.70,26.15,27.20,23.06,25.87,22.76,20.97,22.26,22.87,22.11,11.99,12.89,10.63,11.85,12.74,12.56,10.22,10.62,13.11,12.79,10.89,22.75,22.14,21.12,22.18],
  [20.86,14.68,11.10,1.08,12.45,23.59,9.52,9.67,4.46,6.81,3.62,7.40,12.13,11.74,11.89,15.45,13.51,14.74,12.70,12.48,12.78,14.03,13.99,13.72,11.37,13.07,15.31,3.73,7.13,11.38,9.18,7.53,8.20,8.36,15.32,11.19,11.80,9.09,14.27,4.08,4.60,4.61,2.12,1.10,4.19,2.19,3.38,5.51,99.00,4.79,6.22,5.58,4.04,4.66,4.79,1.42,6.24,4.75,4.07,4.43,22.29,22.76,21.88,22.00,24.18,22.53,25.03,22.13,23.43,22.11,23.45,22.45,23.05,21.86,24.79,24.38,24.80,23.53,24.03,24.61,24.21,21.70,23.88,24.92,21.35,23.43,19.25,17.01,18.30,19.56,18.32,8.60,9.22,9.92,10.68,10.18,10.67,8.32,9.71,11.80,11.29,10.47,20.41,19.43,19.54,20.52],
  [21.71,13.23,13.23,3.85,8.17,25.87,5.64,5.82,3.05,3.72,6.43,4.19,13.99,12.55,12.58,16.39,14.90,15.98,14.46,13.43,13.42,14.67,15.33,14.56,12.92,14.35,15.76,2.92,2.92,7.19,4.44,2.76,3.57,5.83,12.86,9.73,10.19,6.93,11.65,6.86,0.57,2.18,3.12,4.69,2.94,3.55,2.15,1.75,4.79,99.00,2.77,1.58,7.32,7.23,1.81,3.41,2.28,0.33,2.31,1.51,22.93,23.42,22.67,23.01,24.67,23.41,25.48,22.46,24.20,22.96,24.07,22.88,23.61,22.05,25.17,24.96,25.26,24.14,24.41,25.26,24.60,21.96,24.41,25.46,21.33,24.12,21.05,19.32,20.61,21.15,20.43,10.32,11.25,8.92,10.11,11.00,10.82,8.47,8.90,11.37,11.05,9.20,21.00,20.40,19.39,20.45],
  [19.47,10.51,11.81,5.14,9.30,24.22,3.30,3.46,2.13,0.96,6.26,1.43,12.39,10.52,10.50,14.29,13.03,14.01,12.79,11.42,11.29,12.49,13.42,12.47,11.21,12.45,13.48,2.70,4.90,8.53,4.95,2.91,2.78,8.32,15.09,12.34,12.76,9.47,13.84,9.23,2.37,1.62,4.11,6.56,5.67,4.20,4.70,4.34,6.22,2.77,99.00,4.11,9.57,9.67,4.58,4.85,0.71,3.09,2.17,1.89,20.62,21.11,20.41,20.82,22.29,21.17,23.08,20.05,21.92,20.71,21.74,20.50,21.26,19.61,22.75,22.61,22.87,21.81,22.00,22.93,22.19,19.53,22.04,23.09,18.83,21.81,19.23,17.78,19.05,19.23,18.77,8.88,9.90,6.39,7.67,9.06,8.60,6.43,6.44,8.93,8.68,6.59,18.68,18.23,16.88,17.94],
  [23.28,14.62,14.77,4.82,6.92,27.42,6.50,6.69,4.63,5.07,7.79,5.46,15.55,14.13,14.16,17.97,16.47,17.56,16.03,15.01,15.00,16.24,16.91,16.14,14.49,15.93,17.32,4.46,1.56,5.88,3.81,2.84,3.90,4.27,11.28,8.24,8.67,5.40,10.07,6.67,2.15,3.75,4.33,5.18,2.33,4.84,2.29,0.26,5.58,1.58,4.11,99.00,7.26,6.93,0.99,4.36,3.49,1.31,3.88,3.09,24.50,24.99,24.24,24.59,26.23,24.98,27.03,24.00,25.77,24.53,25.64,24.43,25.17,23.59,26.71,26.52,26.81,25.71,25.96,26.83,26.15,23.50,25.97,27.01,22.85,25.69,22.62,20.86,22.15,22.73,21.99,11.87,12.79,10.42,11.64,12.58,12.38,10.05,10.42,12.91,12.59,10.67,22.56,21.98,20.91,21.97],
  [24.56,18.71,14.51,4.89,13.14,26.58,12.81,12.98,8.21,10.34,7.39,10.92,15.63,15.59,15.77,19.19,17.16,18.41,16.21,16.28,16.65,17.88,17.64,17.52,15.02,16.76,19.18,7.49,8.47,12.02,11.03,9.93,10.86,7.89,13.81,9.24,9.89,8.11,12.99,0.77,7.42,8.08,5.84,3.18,4.97,6.10,5.20,7.06,4.04,7.32,9.57,7.26,99.00,1.10,6.26,4.96,9.37,7.12,7.64,7.68,26.04,26.51,25.59,25.64,27.96,26.21,28.82,25.97,27.13,25.80,27.19,26.26,26.82,25.73,28.60,28.13,28.58,27.28,27.84,28.34,28.02,25.55,27.66,28.68,25.27,27.16,22.59,20.12,21.38,23.00,21.52,12.31,12.78,13.95,14.72,14.07,14.66,12.34,13.74,15.83,15.30,14.49,24.20,23.11,23.49,24.45],
  [25.41,19.18,15.43,5.35,12.41,27.59,12.83,13.01,8.52,10.50,8.17,11.07,16.53,16.36,16.52,20.02,18.02,19.27,17.11,17.07,17.41,18.66,18.50,18.32,15.88,17.60,19.94,7.82,8.00,11.31,10.62,9.70,10.69,7.03,12.75,8.17,8.82,7.16,11.95,0.58,7.41,8.27,6.21,3.66,4.60,6.55,5.08,6.71,4.66,7.23,9.67,6.93,1.10,99.00,5.95,5.34,9.39,6.99,7.87,7.80,26.87,27.34,26.43,26.51,28.78,27.07,29.63,26.75,27.98,26.65,28.02,27.06,27.64,26.50,29.40,28.96,29.40,28.11,28.64,29.18,28.82,26.33,28.47,29.51,26.00,28.00,23.54,21.11,22.38,23.93,22.49,13.14,13.66,14.45,15.29,14.82,15.33,12.97,14.27,16.43,15.93,14.96,25.01,23.97,24.20,25.17],
  [23.33,15.04,14.53,4.14,7.66,27.20,7.26,7.45,4.64,5.53,7.33,5.99,15.36,14.13,14.18,17.98,16.38,17.50,15.86,14.99,15.03,16.29,16.83,16.15,14.35,15.85,17.41,4.32,2.39,6.59,4.79,3.78,4.80,4.24,11.38,8.00,8.49,5.28,10.21,5.68,2.31,3.86,3.83,4.29,1.36,4.37,1.42,0.81,4.79,1.81,4.58,0.99,6.26,5.95,99.00,3.68,4.04,1.49,3.84,3.18,24.59,25.08,24.30,24.61,26.36,25.03,27.17,24.16,25.84,24.59,25.74,24.57,25.28,23.77,26.87,26.64,26.95,25.81,26.11,26.93,26.30,23.67,26.09,27.14,23.07,25.78,22.49,20.61,21.91,22.63,21.79,11.67,12.54,10.69,11.86,12.55,12.48,10.09,10.65,13.11,12.76,10.99,22.66,22.00,21.14,22.19],
  [20.72,13.85,11.30,0.46,11.28,23.92,8.15,8.31,3.26,5.50,3.83,6.09,12.25,11.50,11.62,15.30,13.49,14.68,12.79,12.30,12.51,13.77,13.95,13.52,11.37,13.00,15.00,2.53,5.92,10.23,7.83,6.12,6.78,7.61,14.72,10.82,11.40,8.47,13.61,4.80,3.19,3.26,0.88,1.79,3.42,1.25,2.35,4.33,1.42,3.41,4.85,4.36,4.96,5.34,3.68,99.00,4.83,3.40,2.75,3.03,22.10,22.58,21.72,21.92,23.95,22.41,24.79,21.84,23.28,21.98,23.25,22.19,22.83,21.53,24.52,24.17,24.56,23.33,23.76,24.43,23.95,21.38,23.66,24.70,20.95,23.26,19.41,17.33,18.63,19.65,18.58,8.61,9.35,9.13,10.02,9.92,10.21,7.80,8.96,11.20,10.73,9.62,20.19,19.32,19.10,20.10],
  [20.18,11.14,12.46,5.17,8.63,24.91,3.44,3.62,2.53,1.60,6.66,1.97,13.06,11.23,11.21,15.00,13.72,14.71,13.48,12.13,12.00,13.20,14.12,13.18,11.89,13.15,14.19,2.97,4.20,7.84,4.30,2.24,2.27,7.66,14.39,11.69,12.10,8.81,13.14,8.98,1.98,1.80,4.17,6.46,5.22,4.36,4.34,3.73,6.24,2.28,0.71,3.49,9.37,9.39,4.04,4.83,99.00,2.59,2.34,1.80,21.32,21.81,21.12,21.53,22.99,21.87,23.78,20.75,22.62,21.42,22.45,21.20,21.97,20.31,23.45,23.32,23.57,22.52,22.70,23.64,22.89,20.23,22.75,23.79,19.52,22.52,19.93,18.46,19.73,19.93,19.46,9.53,10.54,7.09,8.38,9.76,9.31,7.13,7.14,9.63,9.38,7.27,19.39,18.94,17.57,18.63],
  [22.00,13.56,13.46,3.85,8.04,26.11,5.92,6.10,3.32,4.05,6.58,4.51,14.24,12.84,12.87,16.68,15.17,16.25,14.72,13.71,13.71,14.96,15.60,14.85,13.18,14.62,16.06,3.15,2.74,7.04,4.44,2.87,3.75,5.53,12.58,9.42,9.88,6.62,11.37,6.63,0.86,2.47,3.19,4.58,2.63,3.66,1.92,1.46,4.75,0.33,3.09,1.31,7.12,6.99,1.49,3.40,2.59,99.00,2.57,1.80,23.23,23.72,22.97,23.30,24.98,23.70,25.78,22.77,24.50,23.26,24.38,23.19,23.92,22.37,25.48,25.27,25.57,24.45,24.72,25.57,24.91,22.27,24.71,25.76,21.64,24.42,21.31,19.55,20.85,21.42,20.68,10.56,11.48,9.24,10.43,11.28,11.12,8.76,9.21,11.69,11.36,9.52,21.30,20.69,19.71,20.76],
  [19.49,11.55,10.93,3.00,10.31,23.56,5.45,5.60,0.80,2.75,4.43,3.34,11.68,10.29,10.34,14.14,12.60,13.69,12.15,11.16,11.19,12.45,13.03,12.31,10.61,12.05,13.57,0.69,5.21,9.39,6.24,4.24,4.56,8.05,15.14,11.84,12.33,9.12,13.94,7.38,1.76,0.56,1.95,4.52,4.52,2.04,3.32,4.02,4.07,2.31,2.17,3.88,7.64,7.87,3.84,2.75,2.34,2.57,99.00,0.86,20.75,21.24,20.46,20.77,22.52,21.19,23.34,20.33,22.00,20.74,21.90,20.73,21.44,19.95,23.04,22.79,23.12,21.97,22.28,23.08,22.47,19.84,22.25,23.30,19.27,21.93,18.74,17.01,18.30,18.85,18.12,8.01,8.95,6.99,8.08,8.73,8.64,6.25,6.91,9.33,8.95,7.38,18.82,18.16,17.36,18.40],
  [20.20,11.95,11.77,3.37,9.46,24.39,5.16,5.33,1.54,2.70,5.24,3.26,12.50,11.04,11.07,14.88,13.39,14.47,12.97,11.92,11.92,13.16,13.82,13.05,11.42,12.84,14.26,1.53,4.37,8.53,5.42,3.45,3.88,7.32,14.37,11.18,11.66,8.41,13.16,7.35,0.94,0.68,2.39,4.69,4.04,2.63,2.94,3.25,4.43,1.51,1.89,3.09,7.68,7.80,3.18,3.03,1.80,1.80,0.86,99.00,21.44,21.93,21.17,21.50,23.19,21.90,24.00,20.98,22.70,21.46,22.58,21.40,22.12,20.59,23.69,23.48,23.78,22.65,22.94,23.77,23.13,20.49,22.92,23.97,19.88,22.63,19.55,17.84,19.13,19.64,18.94,8.85,9.79,7.51,8.67,9.49,9.32,6.96,7.47,9.93,9.58,7.84,19.51,18.89,17.96,19.01],
  [1.64,11.70,11.85,21.87,29.43,8.79,20.24,20.14,19.95,19.77,18.70,19.62,10.64,10.59,10.48,6.85,8.94,7.67,10.05,9.82,9.60,8.33,8.46,8.58,11.04,9.29,7.18,20.33,25.50,28.88,25.11,23.33,22.68,28.76,35.70,32.58,33.08,29.85,34.46,26.29,22.37,20.76,21.39,23.37,25.14,20.88,23.90,24.68,22.29,22.93,20.62,24.50,26.04,26.87,24.59,22.10,21.32,23.23,20.75,21.44,99.00,0.49,0.79,1.76,1.97,1.17,2.83,1.51,1.36,0.99,1.16,1.02,0.82,2.20,2.72,2.09,2.59,1.24,2.05,2.34,2.18,1.93,1.64,2.64,3.30,1.19,5.88,8.67,8.31,4.91,7.45,13.74,13.33,14.28,12.96,12.18,12.12,14.51,14.19,11.72,11.94,14.25,1.94,3.08,4.69,3.85],
  [2.02,12.16,12.28,22.35,29.92,8.70,20.73,20.62,20.44,20.26,19.17,20.11,11.07,11.07,10.97,7.32,9.39,8.12,10.49,10.29,10.09,8.82,8.91,9.06,11.50,9.75,7.67,20.81,25.99,29.36,25.60,23.82,23.17,29.25,36.19,33.07,33.57,30.34,34.95,26.76,22.86,21.25,21.88,23.84,25.63,21.36,24.39,25.17,22.76,23.42,21.11,24.99,26.51,27.34,25.08,22.58,21.81,23.72,21.24,21.93,0.49,99.00,1.05,1.80,1.58,1.05,2.42,1.76,0.91,1.08,0.69,1.19,0.53,2.47,2.36,1.63,2.18,0.77,1.76,1.85,1.87,2.25,1.25,2.19,3.61,0.71,6.09,8.93,8.51,5.12,7.67,14.21,13.78,14.77,13.45,12.66,12.61,14.99,14.68,12.21,12.43,14.74,2.43,3.49,5.10,4.22],
  [1.03,11.79,11.29,21.49,29.31,8.11,20.16,20.06,19.67,19.58,18.27,19.45,10.09,10.23,10.15,6.43,8.44,7.18,9.50,9.43,9.28,8.02,7.96,8.21,10.57,8.83,6.93,20.02,25.28,28.73,24.97,23.15,22.53,28.49,35.48,32.28,32.79,29.58,34.23,25.85,22.11,20.50,21.04,22.96,24.82,20.52,23.58,24.42,21.88,22.67,20.41,24.24,25.59,26.43,24.30,21.72,21.12,22.97,20.46,21.17,0.79,1.05,99.00,1.06,2.63,0.80,3.46,2.17,1.55,0.37,1.70,1.77,1.54,2.80,3.41,2.62,3.22,1.79,2.79,2.77,2.91,2.49,2.29,3.19,3.82,1.59,5.09,7.90,7.52,4.12,6.67,13.29,12.83,14.12,12.78,11.82,11.86,14.22,14.01,11.55,11.74,14.12,1.84,2.50,4.97,4.25],
  [1.44,12.55,11.22,21.66,29.83,7.06,20.72,20.63,19.99,20.02,18.38,19.92,10.04,10.49,10.43,6.64,8.49,7.25,9.45,9.65,9.59,8.35,8.01,8.46,10.63,8.93,7.37,20.30,25.67,29.21,25.46,23.61,23.03,28.82,35.85,32.55,33.07,29.89,34.62,25.93,22.44,20.83,21.26,23.09,25.07,20.73,23.83,24.76,22.00,23.01,20.82,24.59,25.64,26.51,24.61,21.92,21.53,23.30,20.77,21.50,1.76,1.80,1.06,99.00,3.22,0.81,3.96,3.22,1.76,0.77,2.26,2.78,2.32,3.86,4.02,3.03,3.73,2.35,3.52,3.04,3.60,3.55,2.90,3.59,4.87,2.02,4.37,7.30,6.78,3.44,5.97,13.39,12.86,14.61,13.25,12.07,12.23,14.54,14.47,12.06,12.19,14.65,2.66,2.61,5.92,5.26],
  [3.60,12.96,13.82,23.74,30.97,9.64,21.74,21.62,21.72,21.42,20.61,21.24,12.61,12.45,12.33,8.78,10.89,9.63,12.02,11.71,11.44,10.17,10.41,10.46,12.98,11.23,8.96,22.12,27.19,30.45,26.68,24.95,24.26,30.49,37.38,34.35,34.84,31.60,36.13,28.20,24.12,22.51,23.23,25.26,26.95,22.72,25.71,26.42,24.18,24.67,22.29,26.23,27.96,28.78,26.36,23.95,22.99,24.98,22.52,23.19,1.97,1.58,2.63,3.22,99.00,2.41,0.86,2.29,1.55,2.60,0.97,1.80,1.16,2.87,0.80,0.55,0.62,0.88,0.57,0.98,0.50,2.83,0.34,0.81,3.94,1.21,7.58,10.48,10.00,6.64,9.18,15.66,15.27,15.92,14.62,14.03,13.88,16.29,15.86,13.36,13.64,15.83,3.77,5.05,5.77,4.75],
  [1.70,12.58,11.85,22.17,30.09,7.66,20.95,20.85,20.40,20.34,18.92,20.22,10.66,10.94,10.86,7.11,9.06,7.80,10.07,10.12,10.00,8.74,8.57,8.91,11.19,9.47,7.68,20.74,26.03,29.50,25.75,23.92,23.31,29.23,36.22,32.99,33.51,30.31,34.99,26.49,22.84,21.23,21.74,23.62,25.52,21.21,24.29,25.15,22.53,23.41,21.17,24.98,26.21,27.07,25.03,22.41,21.87,23.70,21.19,21.90,1.17,1.05,0.80,0.81,2.41,99.00,3.16,2.68,0.99,0.45,1.45,2.16,1.56,3.36,3.21,2.23,2.93,1.53,2.72,2.27,2.80,3.09,2.09,2.80,4.45,1.21,5.18,8.10,7.59,4.25,6.78,13.94,13.44,14.89,13.55,12.52,12.60,14.94,14.77,12.33,12.50,14.90,2.64,3.10,5.73,4.95],
  [4.45,13.62,14.68,24.58,31.70,10.04,22.46,22.34,22.54,22.20,21.46,22.01,13.47,13.30,13.17,9.64,11.75,10.49,12.88,12.56,12.28,11.02,11.28,11.32,13.85,12.09,9.79,22.94,27.97,31.20,27.43,25.72,25.01,31.30,38.17,35.17,35.65,32.41,36.91,29.05,24.92,23.32,24.07,26.10,27.77,23.56,26.54,27.22,25.03,25.48,23.08,27.03,28.82,29.63,27.17,24.79,23.78,25.78,23.34,24.00,2.83,2.42,3.46,3.96,0.86,3.16,99.00,3.03,2.21,3.40,1.77,2.60,2.02,3.54,0.45,0.94,0.24,1.68,1.08,1.13,0.90,3.56,1.19,0.49,4.54,1.95,8.33,11.26,10.73,7.40,9.93,16.52,16.13,16.70,15.41,14.87,14.70,17.12,16.64,14.15,14.43,16.59,4.62,5.91,6.44,5.38],
  [2.58,10.69,12.08,21.64,28.68,10.28,19.45,19.34,19.53,19.17,18.59,18.98,10.86,10.39,10.24,6.88,9.08,7.83,10.29,9.69,9.35,8.10,8.61,8.45,11.10,9.35,6.84,19.95,24.94,28.17,24.40,22.68,21.98,28.28,35.14,32.16,32.64,29.39,33.88,26.17,21.90,20.31,21.10,23.19,24.78,20.60,23.55,24.20,22.13,22.46,20.05,24.00,25.97,26.75,24.16,21.84,20.75,22.77,20.33,20.98,1.51,1.76,2.17,3.22,2.29,2.68,3.03,99.00,2.63,2.46,2.07,0.60,1.53,0.71,2.71,2.70,2.83,2.09,1.96,3.10,2.14,0.56,2.09,3.09,1.85,2.30,7.02,9.61,9.41,6.03,8.52,13.69,13.39,13.66,12.38,11.95,11.70,14.13,13.61,11.12,11.41,13.56,1.97,3.71,3.52,2.54],
  [2.57,13.06,12.81,23.04,30.77,8.16,21.59,21.48,21.21,21.07,19.83,20.94,11.61,11.78,11.69,7.99,9.98,8.72,11.02,10.98,10.82,9.56,9.50,9.76,12.11,10.38,8.45,21.56,26.80,30.20,26.44,24.64,24.01,30.02,36.99,33.82,34.33,31.11,35.75,27.40,23.64,22.03,22.59,24.51,26.36,22.07,25.13,25.95,23.43,24.20,21.92,25.77,27.13,27.98,25.84,23.28,22.62,24.50,22.00,22.70,1.36,0.91,1.55,1.76,1.55,0.99,2.21,2.63,99.00,1.34,0.72,2.04,1.15,3.34,2.33,1.28,2.00,0.77,1.99,1.29,2.01,3.15,1.28,1.83,4.48,0.41,6.12,9.06,8.52,5.20,7.72,14.84,14.37,15.60,14.27,13.37,13.38,15.75,15.50,13.03,13.24,15.58,3.25,4.02,6.02,5.12],
  [1.26,12.15,11.47,21.74,29.64,7.82,20.50,20.40,19.95,19.89,18.50,19.77,10.27,10.50,10.42,6.68,8.65,7.39,9.68,9.68,9.55,8.30,8.16,8.47,10.78,9.05,7.23,20.30,25.58,29.05,25.29,23.47,22.86,28.78,35.77,32.55,33.06,29.86,34.54,26.07,22.40,20.78,21.30,23.20,25.09,20.78,23.85,24.71,22.11,22.96,20.71,24.53,25.80,26.65,24.59,21.98,21.42,23.26,20.74,21.46,0.99,1.08,0.37,0.77,2.60,0.45,3.40,2.46,1.34,99.00,1.64,2.01,1.60,3.12,3.40,2.51,3.16,1.73,2.84,2.61,2.94,2.82,2.27,3.09,4.16,1.47,5.01,7.88,7.44,4.05,6.60,13.52,13.04,14.44,13.09,12.09,12.15,14.50,14.32,11.88,12.05,14.45,2.20,2.69,5.35,4.61],
  [2.70,12.68,12.97,23.03,30.52,8.87,21.31,21.20,21.10,20.89,19.86,20.73,11.76,11.75,11.64,8.01,10.08,8.81,11.17,10.97,10.76,9.49,9.60,9.74,12.19,10.44,8.32,21.48,26.63,29.98,26.21,24.44,23.78,29.90,36.83,33.73,34.23,31.00,35.59,27.44,23.51,21.91,22.55,24.53,26.29,22.04,25.06,25.82,23.45,24.07,21.74,25.64,27.19,28.02,25.74,23.25,22.45,24.38,21.90,22.58,1.16,0.69,1.70,2.26,0.97,1.45,1.77,2.07,0.72,1.64,99.00,1.47,0.54,2.76,1.77,0.94,1.53,0.09,1.30,1.19,1.36,2.61,0.64,1.51,3.90,0.31,6.62,9.51,9.04,5.67,8.22,14.89,14.47,15.40,14.08,13.33,13.26,15.66,15.31,12.83,13.07,15.35,3.08,4.17,5.55,4.60],
  [2.39,11.24,12.25,21.99,29.18,9.81,19.96,19.85,19.93,19.62,18.89,19.45,11.04,10.71,10.58,7.11,9.28,8.02,10.46,9.99,9.69,8.43,8.81,8.75,11.33,9.58,7.19,20.34,25.39,28.66,24.89,23.15,22.47,28.70,35.59,32.57,33.05,29.81,34.34,26.48,22.32,20.72,21.47,23.52,25.17,20.96,23.93,24.62,22.45,22.88,20.50,24.43,26.26,27.06,24.57,22.19,21.20,23.19,20.73,21.40,1.02,1.19,1.77,2.78,1.80,2.16,2.60,0.60,2.04,2.01,1.47,99.00,0.93,1.30,2.34,2.16,2.38,1.50,1.58,2.54,1.76,1.14,1.56,2.60,2.45,1.70,6.78,9.48,9.20,5.80,8.33,13.97,13.63,14.12,12.82,12.29,12.10,14.51,14.06,11.57,11.84,14.04,2.10,3.68,4.09,3.13],
  [2.46,12.14,12.66,22.62,30.01,9.17,20.80,20.69,20.65,20.40,19.47,20.24,11.45,11.33,11.21,7.63,9.73,8.47,10.86,10.57,10.33,9.06,9.26,9.33,11.83,10.08,7.87,21.03,26.15,29.47,25.71,23.95,23.28,29.44,36.35,33.28,33.77,30.54,35.11,27.06,23.05,21.45,22.12,24.13,25.85,21.61,24.62,25.36,23.05,23.61,21.26,25.17,26.82,27.64,25.28,22.83,21.97,23.92,21.44,22.12,0.82,0.53,1.54,2.32,1.16,1.56,2.02,1.53,1.15,1.60,0.54,0.93,99.00,2.23,1.90,1.35,1.78,0.58,1.25,1.68,1.37,2.07,0.84,1.87,3.37,0.78,6.61,9.44,9.03,5.64,8.19,14.51,14.12,14.91,13.59,12.91,12.81,15.21,14.83,12.34,12.59,14.84,2.64,3.90,5.01,4.06],
  [3.04,10.10,12.02,21.35,28.17,10.91,18.93,18.81,19.15,18.72,18.35,18.52,10.81,10.14,9.97,6.77,9.00,7.78,10.25,9.49,9.09,7.85,8.54,8.25,10.96,9.23,6.56,19.59,24.50,27.67,23.91,22.21,21.49,27.86,34.69,31.77,32.24,28.98,33.43,25.92,21.51,19.91,20.78,22.92,24.42,20.29,23.19,23.79,21.86,22.05,19.61,23.59,25.73,26.50,23.77,21.53,20.31,22.37,19.95,20.59,2.20,2.47,2.80,3.86,2.87,3.36,3.54,0.71,3.34,3.12,2.76,1.30,2.23,99.00,3.17,3.33,3.36,2.77,2.46,3.74,2.64,0.35,2.72,3.67,1.14,3.00,7.44,9.92,9.80,6.46,8.90,13.50,13.25,13.22,11.95,11.68,11.35,13.78,13.18,10.69,11.01,13.09,2.15,3.97,2.91,1.88],
  [4.35,13.23,14.52,24.32,31.34,10.32,22.09,21.97,22.24,21.87,21.23,21.67,13.31,13.05,12.91,9.43,11.57,10.31,12.73,12.32,12.02,10.76,11.10,11.08,13.65,11.89,9.52,22.65,27.65,30.84,27.08,25.37,24.66,30.98,37.84,34.87,35.35,32.10,36.58,28.82,24.61,23.02,23.79,25.86,27.48,23.29,26.25,26.91,24.79,25.17,22.75,26.71,28.60,29.40,26.87,24.52,23.45,25.48,23.04,23.69,2.72,2.36,3.41,4.02,0.80,3.21,0.45,2.71,2.33,3.40,1.77,2.34,1.90,3.17,99.00,1.12,0.45,1.67,0.76,1.43,0.58,3.22,1.13,0.87,4.13,2.00,8.38,11.28,10.80,7.44,9.98,16.30,15.94,16.36,15.08,14.62,14.41,16.83,16.32,13.82,14.12,16.25,4.40,5.79,6.05,4.99],
  [3.63,13.40,13.90,23.95,31.34,9.20,22.12,22.01,22.00,21.75,20.79,21.58,12.69,12.67,12.56,8.94,11.01,9.75,12.11,11.90,11.67,10.40,10.53,10.67,13.13,11.38,9.22,22.38,27.50,30.81,27.04,25.29,24.61,30.79,37.70,34.63,35.12,31.89,36.45,28.38,24.40,22.80,23.47,25.45,27.20,22.95,25.97,26.71,24.38,24.96,22.61,26.52,28.13,28.96,26.64,24.17,23.32,25.27,22.79,23.48,2.09,1.63,2.62,3.03,0.55,2.23,0.94,2.70,1.28,2.51,0.94,2.16,1.35,3.33,1.12,99.00,0.73,0.85,1.12,0.43,1.04,3.26,0.61,0.58,4.43,1.04,7.39,10.33,9.79,6.47,9.00,15.83,15.40,16.25,14.94,14.25,14.16,16.56,16.18,13.69,13.94,16.18,3.99,5.10,6.22,5.21],
  [4.20,13.45,14.44,24.35,31.51,9.89,22.27,22.16,22.32,21.99,21.23,21.81,13.22,13.07,12.94,9.40,11.51,10.25,12.64,12.32,12.05,10.79,11.03,11.08,13.61,11.85,9.57,22.72,27.76,31.00,27.24,25.51,24.81,31.08,37.96,34.95,35.44,32.19,36.71,28.82,24.71,23.10,23.84,25.87,27.55,23.33,26.31,27.01,24.80,25.26,22.87,26.81,28.58,29.40,26.95,24.56,23.57,25.57,23.12,23.78,2.59,2.18,3.22,3.73,0.62,2.93,0.24,2.83,2.00,3.16,1.53,2.38,1.78,3.36,0.45,0.73,99.00,1.43,0.91,0.99,0.73,3.37,0.94,0.43,4.38,1.71,8.10,11.02,10.51,7.17,9.70,16.28,15.89,16.49,15.20,14.64,14.48,16.90,16.43,13.94,14.22,16.39,4.39,5.66,6.26,5.22],
  [2.79,12.72,13.05,23.11,30.58,8.93,21.37,21.26,21.17,20.95,19.94,20.80,11.85,11.83,11.71,8.09,10.16,8.90,11.26,11.05,10.83,9.57,9.68,9.82,12.27,10.52,8.40,21.55,26.70,30.04,26.27,24.50,23.84,29.97,36.90,33.80,34.30,31.07,35.65,27.53,23.59,21.98,22.63,24.61,26.37,22.11,25.13,25.89,23.53,24.14,21.81,25.71,27.28,28.11,25.81,23.33,22.52,24.45,21.97,22.65,1.24,0.77,1.79,2.35,0.88,1.53,1.68,2.09,0.77,1.73,0.09,1.50,0.58,2.77,1.67,0.85,1.43,99.00,1.23,1.12,1.28,2.63,0.56,1.42,3.91,0.37,6.71,9.61,9.13,5.76,8.31,14.97,14.55,15.46,14.14,13.41,13.33,15.73,15.38,12.90,13.14,15.41,3.15,4.26,5.58,4.62],
  [3.68,12.55,13.79,23.56,30.62,10.13,21.38,21.26,21.48,21.12,20.47,20.94,12.57,12.29,12.15,8.68,10.83,9.57,11.99,11.57,11.26,10.00,10.36,10.32,12.90,11.14,8.76,21.89,26.90,30.11,26.35,24.64,23.93,30.23,37.09,34.11,34.59,31.34,35.84,28.06,23.86,22.26,23.03,25.10,26.72,22.53,25.49,26.16,24.03,24.41,22.00,25.96,27.84,28.64,26.11,23.76,22.70,24.72,22.28,22.94,2.05,1.76,2.79,3.52,0.57,2.72,1.08,1.96,1.99,2.84,1.30,1.58,1.25,2.46,0.76,1.12,0.91,1.23,99.00,1.55,0.19,2.48,0.71,1.25,3.48,1.60,7.85,10.69,10.27,6.89,9.44,15.54,15.19,15.62,14.34,13.86,13.65,16.07,15.57,13.08,13.37,15.51,3.65,5.10,5.36,4.31],
  [3.80,13.79,14.06,24.20,31.69,8.91,22.48,22.37,22.29,22.07,21.02,21.92,12.86,12.92,12.82,9.17,11.21,9.94,12.27,12.14,11.94,10.67,10.73,10.91,13.33,11.59,9.51,22.66,27.82,31.15,27.38,25.62,24.95,31.09,38.02,34.92,35.41,32.19,36.77,28.60,24.70,23.10,23.73,25.69,27.48,23.21,26.24,27.01,24.61,25.26,22.93,26.83,28.34,29.18,26.93,24.43,23.64,25.57,23.08,23.77,2.34,1.85,2.77,3.04,0.98,2.27,1.13,3.10,1.29,2.61,1.19,2.54,1.68,3.74,1.43,0.43,0.99,1.12,1.55,99.00,1.45,3.66,1.03,0.65,4.85,1.18,7.35,10.32,9.73,6.46,8.96,16.04,15.60,16.58,15.26,14.51,14.45,16.84,16.50,14.02,14.26,16.52,4.27,5.27,6.62,5.62],
  [3.82,12.73,13.95,23.74,30.80,10.13,21.56,21.45,21.67,21.31,20.65,21.12,12.74,12.47,12.33,8.85,11.00,9.74,12.16,11.74,11.44,10.18,10.53,10.50,13.07,11.32,8.94,22.08,27.09,30.30,26.53,24.82,24.11,30.42,37.28,34.30,34.78,31.53,36.02,28.24,24.05,22.45,23.22,25.28,26.91,22.72,25.68,26.34,24.21,24.60,22.19,26.15,28.02,28.82,26.30,23.95,22.89,24.91,22.47,23.13,2.18,1.87,2.91,3.60,0.50,2.80,0.90,2.14,2.01,2.94,1.36,1.76,1.37,2.64,0.58,1.04,0.73,1.28,0.19,1.45,99.00,2.66,0.73,1.10,3.65,1.64,7.94,10.81,10.37,6.99,9.54,15.72,15.36,15.81,14.52,14.04,13.84,16.26,15.76,13.26,13.55,15.70,3.83,5.25,5.54,4.49],
  [2.70,10.14,11.77,21.20,28.15,10.60,18.91,18.79,19.04,18.65,18.17,18.46,10.55,9.96,9.80,6.53,8.75,7.52,9.99,9.29,8.92,7.67,8.29,8.05,10.74,8.99,6.39,19.47,24.43,27.64,23.87,22.16,21.45,27.77,34.62,31.67,32.15,28.89,33.36,25.75,21.41,19.81,20.64,22.76,24.30,20.15,23.07,23.70,21.70,21.96,19.53,23.50,25.55,26.33,23.67,21.38,20.23,22.27,19.84,20.49,1.93,2.25,2.49,3.55,2.83,3.09,3.56,0.56,3.15,2.82,2.61,1.14,2.07,0.35,3.22,3.26,3.37,2.63,2.48,3.66,2.66,99.00,2.65,3.64,1.36,2.83,7.09,9.58,9.45,6.12,8.55,13.30,13.02,13.15,11.87,11.51,11.23,13.65,13.10,10.61,10.91,13.03,1.82,3.64,2.96,1.99],
  [3.26,12.79,13.49,23.45,30.75,9.42,21.52,21.41,21.45,21.18,20.31,21.01,12.28,12.16,12.04,8.47,10.57,9.31,11.70,11.41,11.15,9.89,10.10,10.17,12.67,10.92,8.69,21.84,26.94,30.22,26.45,24.71,24.03,30.23,37.14,34.08,34.58,31.34,35.88,27.89,23.85,22.25,22.95,24.96,26.67,22.44,25.43,26.15,23.88,24.41,22.04,25.97,27.66,28.47,26.09,23.66,22.75,24.71,22.25,22.92,1.64,1.25,2.29,2.90,0.34,2.09,1.19,2.09,1.28,2.27,0.64,1.56,0.84,2.72,1.13,0.61,0.94,0.56,0.71,1.03,0.73,2.65,99.00,1.05,3.83,0.91,7.26,10.15,9.68,6.31,8.86,15.35,14.96,15.68,14.37,13.74,13.61,16.02,15.61,13.12,13.38,15.60,3.47,4.72,5.61,4.60],
  [4.21,13.76,14.47,24.49,31.77,9.55,22.54,22.43,22.50,22.22,21.34,22.05,13.27,13.20,13.08,9.49,11.58,10.31,12.68,12.44,12.20,10.93,11.10,11.21,13.69,11.94,9.74,22.89,27.98,31.25,27.49,25.75,25.06,31.28,38.18,35.13,35.63,32.39,36.93,28.93,24.90,23.30,23.99,26.00,27.72,23.48,26.48,27.20,24.92,25.46,23.09,27.01,28.68,29.51,27.14,24.70,23.79,25.76,23.30,23.97,2.64,2.19,3.19,3.59,0.81,2.80,0.49,3.09,1.83,3.09,1.51,2.60,1.87,3.67,0.87,0.58,0.43,1.42,1.25,0.65,1.10,3.64,1.05,99.00,4.72,1.62,7.94,10.89,10.33,7.03,9.55,16.38,15.97,16.72,15.42,14.79,14.66,17.07,16.65,14.16,14.43,16.63,4.51,5.68,6.57,5.54],
  [3.86,9.10,11.88,20.79,27.26,11.89,18.02,17.89,18.47,17.92,17.88,17.70,10.68,9.70,9.51,6.62,8.85,7.68,10.15,9.12,8.64,7.44,8.42,7.92,10.70,9.00,6.12,18.93,23.71,26.79,23.03,21.38,20.63,27.12,33.88,31.06,31.52,28.25,32.62,25.42,20.78,19.20,20.18,22.39,23.76,19.70,22.54,23.06,21.35,21.33,18.83,22.85,25.27,26.00,23.07,20.95,19.52,21.64,19.27,19.88,3.30,3.61,3.82,4.87,3.94,4.45,4.54,1.85,4.48,4.16,3.90,2.45,3.37,1.14,4.13,4.43,4.38,3.91,3.48,4.85,3.65,1.36,3.83,4.72,99.00,4.15,8.10,10.37,10.38,7.15,9.48,13.12,12.96,12.44,11.21,11.20,10.74,13.16,12.43,9.95,10.32,12.27,2.72,4.50,1.96,0.89],
  [2.62,12.84,12.89,23.03,30.62,8.56,21.43,21.32,21.14,20.96,19.84,20.82,11.68,11.75,11.65,7.99,10.02,8.76,11.10,10.97,10.77,9.51,9.54,9.74,12.15,10.40,8.37,21.51,26.70,30.07,26.30,24.52,23.87,29.95,36.90,33.76,34.26,31.04,35.65,27.42,23.56,21.95,22.56,24.51,26.32,22.04,25.08,25.87,23.43,24.12,21.81,25.69,27.16,28.00,25.78,23.26,22.52,24.42,21.93,22.63,1.19,0.71,1.59,2.02,1.21,1.21,1.95,2.30,0.41,1.47,0.31,1.70,0.78,3.00,2.00,1.04,1.71,0.37,1.60,1.18,1.64,2.83,0.91,1.62,4.15,99.00,6.39,9.31,8.80,5.46,7.99,14.86,14.42,15.48,14.15,13.34,13.31,15.69,15.39,12.91,13.13,15.44,3.13,4.09,5.74,4.82],
  [4.44,12.99,8.16,19.09,28.50,5.23,19.81,19.76,18.01,18.54,15.66,18.58,7.16,8.76,8.84,5.41,6.20,5.31,6.63,7.86,8.20,7.25,5.82,7.01,8.14,6.78,6.93,18.19,23.88,27.76,24.10,22.12,21.72,26.73,33.87,30.22,30.78,27.72,32.68,22.98,20.49,18.91,18.87,20.34,22.74,18.31,21.53,22.76,19.25,21.05,19.23,22.62,22.59,23.54,22.49,19.41,19.93,21.31,18.74,19.55,5.88,6.09,5.09,4.37,7.58,5.18,8.33,7.02,6.12,5.01,6.62,6.78,6.61,7.44,8.38,7.39,8.10,6.71,7.85,7.35,7.94,7.09,7.26,7.94,8.10,6.39,99.00,3.01,2.43,0.98,1.61,10.83,10.06,13.57,12.24,10.17,10.85,12.80,13.32,11.25,11.16,13.82,5.38,3.64,8.20,8.06],
  [7.10,13.25,6.09,16.97,27.08,6.60,18.83,18.80,16.33,17.21,13.51,17.33,5.40,7.82,8.00,5.62,5.22,4.93,5.02,7.00,7.62,7.08,5.03,6.59,6.61,5.80,7.31,16.40,22.21,26.26,22.73,20.69,20.42,24.82,31.97,28.13,28.72,25.76,30.82,20.56,18.76,17.25,16.87,18.09,20.72,16.31,19.55,20.97,17.01,19.32,17.78,20.86,20.12,21.11,20.61,17.33,18.46,19.55,17.01,17.84,8.67,8.93,7.90,7.30,10.48,8.10,11.26,9.61,9.06,7.88,9.51,9.48,9.44,9.92,11.28,10.33,11.02,9.61,10.69,10.32,10.81,9.58,10.15,10.89,10.37,9.31,3.01,99.00,1.30,3.87,1.50,9.00,8.07,12.74,11.51,8.93,9.96,11.49,12.43,10.77,10.51,13.13,7.77,5.94,10.00,10.13],
  [6.83,14.13,7.39,18.27,28.35,5.30,20.03,20.00,17.62,18.46,14.81,18.57,6.66,8.97,9.13,6.40,6.34,5.87,6.27,8.12,8.68,8.02,6.10,7.59,7.86,6.93,8.08,17.70,23.50,27.54,23.99,21.96,21.67,26.12,33.28,29.43,30.02,27.06,32.12,21.83,20.06,18.54,18.17,19.38,22.02,17.62,20.85,22.26,18.30,20.61,19.05,22.15,21.38,22.38,21.91,18.63,19.73,20.85,18.30,19.13,8.31,8.51,7.52,6.78,10.00,7.59,10.73,9.41,8.52,7.44,9.04,9.20,9.03,9.80,10.80,9.79,10.51,9.13,10.27,9.73,10.37,9.45,9.68,10.33,10.38,8.80,2.43,1.30,99.00,3.40,0.91,10.29,9.37,13.90,12.64,10.14,11.11,12.72,13.60,11.83,11.62,14.26,7.69,5.89,10.25,10.25],
  [3.45,12.49,8.50,19.35,28.46,5.66,19.65,19.58,18.11,18.51,15.95,18.51,7.43,8.71,8.75,5.12,6.26,5.22,6.87,7.81,8.04,7.00,5.83,6.84,8.30,6.81,6.51,18.32,23.95,27.75,24.06,22.10,21.65,26.88,34.00,30.44,30.99,27.89,32.79,23.36,20.59,19.00,19.08,20.66,22.94,18.53,21.72,22.87,19.56,21.15,19.23,22.73,23.00,23.93,22.63,19.65,19.93,21.42,18.85,19.64,4.91,5.12,4.12,3.44,6.64,4.25,7.40,6.03,5.20,4.05,5.67,5.80,5.64,6.46,7.44,6.47,7.17,5.76,6.89,6.46,6.99,6.12,6.31,7.03,7.15,5.46,0.98,3.87,3.40,99.00,2.55,11.05,10.34,13.40,12.05,10.19,10.74,12.80,13.18,11.00,10.97,13.60,4.43,2.74,7.34,7.15],
  [5.95,13.42,7.28,18.24,28.07,5.45,19.62,19.58,17.41,18.15,14.78,18.23,6.44,8.52,8.65,5.69,5.88,5.27,5.99,7.64,8.14,7.39,5.58,7.01,7.57,6.47,7.35,17.53,23.30,27.29,23.70,21.68,21.35,26.01,33.17,29.40,29.97,26.97,32.00,21.94,19.87,18.33,18.09,19.41,21.95,17.53,20.76,22.11,18.32,20.43,18.77,21.99,21.52,22.49,21.79,18.58,19.46,20.68,18.12,18.94,7.45,7.67,6.67,5.97,9.18,6.78,9.93,8.52,7.72,6.60,8.22,8.33,8.19,8.90,9.98,9.00,9.70,8.31,9.44,8.96,9.54,8.55,8.86,9.55,9.48,7.99,1.61,1.50,0.91,2.55,99.00,10.12,9.25,13.43,12.15,9.78,10.66,12.39,13.15,11.28,11.10,13.76,6.79,4.98,9.36,9.35],
  [12.27,8.88,2.94,8.32,18.13,15.55,10.45,10.47,7.33,8.41,4.99,8.63,3.69,3.46,3.70,6.88,4.91,6.14,4.20,4.01,4.52,5.68,5.39,5.25,2.77,4.47,7.00,7.41,13.21,17.29,13.82,11.77,11.59,15.91,23.06,19.39,19.95,16.89,21.88,12.56,9.77,8.25,8.04,9.70,11.91,7.48,10.69,11.99,8.60,10.32,8.88,11.87,12.31,13.14,11.67,8.61,9.53,10.56,8.01,8.85,13.74,14.21,13.29,13.39,15.66,13.94,16.52,13.69,14.84,13.52,14.89,13.97,14.51,13.50,16.30,15.83,16.28,14.97,15.54,16.04,15.72,13.30,15.35,16.38,13.12,14.86,10.83,9.00,10.29,11.05,10.12,99.00,1.05,5.39,4.87,2.27,3.62,3.17,4.98,5.21,4.60,6.04,11.90,10.83,11.48,12.35],
  [11.81,9.48,1.98,9.03,19.13,14.66,11.50,11.52,8.29,9.44,5.61,9.67,2.91,3.55,3.84,6.52,4.39,5.66,3.47,3.87,4.54,5.57,4.88,5.04,2.29,4.05,6.88,8.33,14.15,18.27,14.84,12.77,12.62,16.76,23.92,20.17,20.74,17.72,22.75,13.08,10.70,9.22,8.84,10.32,12.71,8.28,11.51,12.89,9.22,11.25,9.90,12.79,12.78,13.66,12.54,9.35,10.54,11.48,8.95,9.79,13.33,13.78,12.83,12.86,15.27,13.44,16.13,13.39,14.37,13.04,14.47,13.63,14.12,13.25,15.94,15.40,15.89,14.55,15.19,15.60,15.36,13.02,14.96,15.97,12.96,14.42,10.06,8.07,9.37,10.34,9.25,1.05,99.00,6.31,5.66,2.77,4.26,4.19,5.91,5.83,5.24,6.94,11.54,10.35,11.41,12.23],
  [13.22,4.76,7.61,9.10,15.22,18.76,6.25,6.19,6.20,5.50,7.26,5.34,7.63,4.93,4.78,8.30,7.56,8.27,7.83,5.79,5.37,6.42,7.85,6.57,6.35,6.97,7.24,6.78,11.28,14.61,10.86,9.04,8.42,14.68,21.47,18.65,19.09,15.81,20.22,13.90,8.38,6.84,8.27,10.81,11.50,7.90,10.31,10.63,9.92,8.92,6.39,10.42,13.95,14.45,10.69,9.13,7.09,9.24,6.99,7.51,14.28,14.77,14.12,14.61,15.92,14.89,16.70,13.66,15.60,14.44,15.40,14.12,14.91,13.22,16.36,16.25,16.49,15.46,15.62,16.58,15.81,13.15,15.68,16.72,12.44,15.48,13.57,12.74,13.90,13.40,13.43,5.39,6.31,99.00,1.36,3.99,2.79,2.40,0.40,2.57,2.44,0.69,12.36,12.06,10.50,11.56],
  [11.87,4.28,6.68,9.94,16.58,17.44,7.60,7.53,7.29,6.81,7.71,6.68,6.55,3.70,3.52,6.94,6.30,6.94,6.68,4.52,4.04,5.06,6.56,5.23,5.29,5.72,5.88,7.80,12.57,15.96,12.21,10.38,9.77,15.91,22.77,19.84,20.30,17.04,21.51,14.73,9.57,7.99,9.19,11.63,12.60,8.77,11.39,11.85,10.68,10.11,7.67,11.64,14.72,15.29,11.86,10.02,8.38,10.43,8.08,8.67,12.96,13.45,12.78,13.25,14.62,13.55,15.41,12.38,14.27,13.09,14.08,12.82,13.59,11.95,15.08,14.94,15.20,14.14,14.34,15.26,14.52,11.87,14.37,15.42,11.21,14.15,12.24,11.51,12.64,12.05,12.15,4.87,5.66,1.36,99.00,3.05,1.62,2.50,1.24,1.26,1.08,1.62,11.03,10.70,9.29,10.34],
  [10.83,6.71,3.65,9.71,18.34,15.21,9.91,9.88,7.96,8.39,6.69,8.45,3.66,1.59,1.71,5.43,3.97,4.98,3.92,2.43,2.60,3.86,4.36,3.61,2.38,3.39,5.12,8.24,13.76,17.59,13.95,11.95,11.58,16.78,23.86,20.48,21.01,17.83,22.65,14.24,10.43,8.83,9.22,11.24,13.00,8.70,11.77,12.74,10.18,11.00,9.06,12.58,14.07,14.82,12.55,9.92,9.76,11.28,8.73,9.49,12.18,12.66,11.82,12.07,14.03,12.52,14.87,11.95,13.37,12.09,13.33,12.29,12.91,11.68,14.62,14.25,14.64,13.41,13.86,14.51,14.04,11.51,13.74,14.79,11.20,13.34,10.17,8.93,10.14,10.19,9.78,2.27,2.77,3.99,3.05,99.00,1.51,2.63,3.63,3.06,2.48,4.52,10.27,9.46,9.46,10.39],
  [10.90,5.26,5.10,10.06,17.74,16.01,8.98,8.93,7.84,7.82,7.37,7.79,4.93,2.14,2.02,5.71,4.78,5.54,5.08,3.02,2.71,3.89,5.08,3.90,3.68,4.19,4.94,8.24,13.44,17.06,13.34,11.42,10.93,16.64,23.63,20.47,20.96,17.73,22.39,14.75,10.26,8.65,9.44,11.69,13.07,8.96,11.84,12.56,10.67,10.82,8.60,12.38,14.66,15.33,12.48,10.21,9.31,11.12,8.64,9.32,12.12,12.61,11.86,12.23,13.88,12.60,14.70,11.70,13.38,12.15,13.26,12.10,12.81,11.35,14.41,14.16,14.48,13.33,13.65,14.45,13.84,11.23,13.61,14.66,10.74,13.31,10.85,9.96,11.11,10.74,10.66,3.62,4.26,2.79,1.62,1.51,99.00,2.43,2.49,1.59,0.98,3.20,10.19,9.63,8.89,9.89],
  [13.24,6.76,5.79,7.66,15.71,17.83,7.44,7.43,5.45,5.76,5.21,5.85,6.12,4.11,4.12,7.93,6.60,7.58,6.46,5.00,4.95,6.20,6.99,6.10,4.88,6.02,7.33,5.83,11.18,14.96,11.32,9.33,8.96,14.28,21.32,18.07,18.57,15.36,20.09,12.40,7.90,6.29,7.01,9.31,10.65,6.55,9.42,10.22,8.32,8.47,6.43,10.05,12.34,12.97,10.09,7.80,7.13,8.76,6.25,6.96,14.51,14.99,14.22,14.54,16.29,14.94,17.12,14.13,15.75,14.50,15.66,14.51,15.21,13.78,16.83,16.56,16.90,15.73,16.07,16.84,16.26,13.65,16.02,17.07,13.16,15.69,12.80,11.49,12.72,12.80,12.39,3.17,4.19,2.40,2.50,2.63,2.43,99.00,2.01,3.50,2.97,3.09,12.58,11.93,11.30,12.31],
  [13.09,5.00,7.23,8.91,15.37,18.49,6.49,6.44,6.11,5.58,6.96,5.45,7.28,4.63,4.51,8.09,7.27,8.02,7.49,5.51,5.14,6.23,7.58,6.34,6.00,6.68,7.10,6.66,11.33,14.74,11.00,9.15,8.56,14.69,21.53,18.63,19.08,15.81,20.28,13.72,8.36,6.79,8.11,10.62,11.42,7.72,10.23,10.62,9.71,8.90,6.44,10.42,13.74,14.27,10.65,8.96,7.14,9.21,6.91,7.47,14.19,14.68,14.01,14.47,15.86,14.77,16.64,13.61,15.50,14.32,15.31,14.06,14.83,13.18,16.32,16.18,16.43,15.38,15.57,16.50,15.76,13.10,15.61,16.65,12.43,15.39,13.32,12.43,13.60,13.18,13.15,4.98,5.91,0.40,1.24,3.63,2.49,2.01,99.00,2.49,2.28,1.09,12.26,11.90,10.50,11.55],
  [10.66,3.67,6.49,11.10,17.77,16.48,8.71,8.63,8.53,8.06,8.68,7.91,6.12,3.12,2.86,5.88,5.55,6.02,6.15,3.80,3.16,4.01,5.74,4.28,4.95,4.99,4.70,9.03,13.82,17.18,13.42,11.61,10.98,17.18,24.02,21.10,21.57,18.30,22.77,15.87,10.83,9.25,10.38,12.78,13.84,9.95,12.63,13.11,11.80,11.37,8.93,12.91,15.83,16.43,13.11,11.20,9.63,11.69,9.33,9.93,11.72,12.21,11.55,12.06,13.36,12.33,14.15,11.12,13.03,11.88,12.83,11.57,12.34,10.69,13.82,13.69,13.94,12.90,13.08,14.02,13.26,10.61,13.12,14.16,9.95,12.91,11.25,10.77,11.83,11.00,11.28,5.21,5.83,2.57,1.26,3.06,1.59,3.50,2.49,99.00,0.62,2.62,9.79,9.52,8.03,9.08],
  [10.82,4.28,5.98,10.61,17.65,16.37,8.68,8.62,8.15,7.84,8.11,7.73,5.70,2.74,2.53,5.86,5.29,5.88,5.77,3.51,2.98,3.98,5.53,4.15,4.49,4.72,4.83,8.62,13.56,17.02,13.27,11.42,10.84,16.86,23.76,20.76,21.23,17.98,22.52,15.36,10.50,8.90,9.92,12.27,13.44,9.47,12.22,12.79,11.29,11.05,8.68,12.59,15.30,15.93,12.76,10.73,9.38,11.36,8.95,9.58,11.94,12.43,11.74,12.19,13.64,12.50,14.43,11.41,13.24,12.05,13.07,11.84,12.59,11.01,14.12,13.94,14.22,13.14,13.37,14.26,13.55,10.91,13.38,14.43,10.32,13.13,11.16,10.51,11.62,10.97,11.10,4.60,5.24,2.44,1.08,2.48,0.98,2.97,2.28,0.62,99.00,2.66,10.01,9.63,8.42,9.45],
  [13.25,4.23,8.16,9.62,15.19,19.03,6.09,6.01,6.61,5.67,7.91,5.43,8.11,5.31,5.13,8.48,7.92,8.54,8.27,6.13,5.64,6.60,8.17,6.81,6.84,7.33,7.32,7.22,11.45,14.63,10.86,9.13,8.43,14.91,21.61,18.91,19.34,16.05,20.35,14.42,8.69,7.19,8.75,11.33,11.86,8.41,10.70,10.89,10.47,9.20,6.59,10.67,14.49,14.96,10.99,9.62,7.27,9.52,7.38,7.84,14.25,14.74,14.12,14.65,15.83,14.90,16.59,13.56,15.58,14.45,15.35,14.04,14.84,13.09,16.25,16.18,16.39,15.41,15.51,16.52,15.70,13.03,15.60,16.63,12.27,15.44,13.82,13.13,14.26,13.60,13.76,6.04,6.94,0.69,1.62,4.52,3.20,3.09,1.09,2.62,2.66,99.00,12.33,12.14,10.31,11.38],
  [1.30,9.95,10.16,19.98,27.53,9.35,18.35,18.25,18.02,17.84,16.84,17.70,8.94,8.69,8.57,5.03,7.18,5.93,8.37,7.94,7.69,6.42,6.71,6.70,9.25,7.49,5.25,18.40,23.57,26.96,23.19,21.40,20.76,26.82,33.77,30.65,31.15,27.92,32.52,24.43,20.44,18.83,19.48,21.49,23.22,18.97,21.98,22.75,20.41,21.00,18.68,22.56,24.20,25.01,22.66,20.19,19.39,21.30,18.82,19.51,1.94,2.43,1.84,2.66,3.77,2.64,4.62,1.97,3.25,2.20,3.08,2.10,2.64,2.15,4.40,3.99,4.39,3.15,3.65,4.27,3.83,1.82,3.47,4.51,2.72,3.13,5.38,7.77,7.69,4.43,6.79,11.90,11.54,12.36,11.03,10.27,10.19,12.58,12.26,9.79,10.01,12.33,99.00,1.83,3.31,2.81],
  [1.47,10.35,8.80,19.07,27.27,8.10,18.22,18.13,17.38,17.43,15.82,17.35,7.60,7.88,7.82,4.03,5.96,4.70,7.01,7.04,6.98,5.75,5.48,5.85,8.09,6.36,4.82,17.69,23.07,26.64,22.90,21.03,20.47,26.21,33.24,29.94,30.46,27.28,32.01,23.39,19.83,18.22,18.66,20.52,22.46,18.13,21.23,22.14,19.43,20.40,18.23,21.98,23.11,23.97,22.00,19.32,18.94,20.69,18.16,18.89,3.08,3.49,2.50,2.61,5.05,3.10,5.91,3.71,4.02,2.69,4.17,3.68,3.90,3.97,5.79,5.10,5.66,4.26,5.10,5.27,5.25,3.64,4.72,5.68,4.50,4.09,3.64,5.94,5.89,2.74,4.98,10.83,10.35,12.06,10.70,9.46,9.63,11.93,11.90,9.52,9.63,12.14,1.83,99.00,4.62,4.42],
  [4.61,7.19,10.52,18.95,25.31,12.61,16.06,15.94,16.56,15.97,16.13,15.74,9.37,8.02,7.80,5.39,7.54,6.50,8.88,7.54,6.96,5.84,7.16,6.39,9.21,7.60,4.53,17.04,21.76,24.83,21.07,19.42,18.67,25.17,31.92,29.13,29.58,26.31,30.66,23.62,18.85,17.28,18.31,20.57,21.86,17.85,20.64,21.12,19.54,19.39,16.88,20.91,23.49,24.20,21.14,19.10,17.57,19.71,17.36,17.96,4.69,5.10,4.97,5.92,5.77,5.73,6.44,3.52,6.02,5.35,5.55,4.09,5.01,2.91,6.05,6.22,6.26,5.58,5.36,6.62,5.54,2.96,5.61,6.57,1.96,5.74,8.20,10.00,10.25,7.34,9.36,11.48,11.41,10.50,9.29,9.46,8.89,11.30,10.50,8.03,8.42,10.31,3.31,4.62,99.00,1.07],
  [4.08,8.24,11.22,19.95,26.38,12.15,17.14,17.01,17.60,17.04,17.07,16.81,10.04,8.92,8.71,6.00,8.20,7.09,9.52,8.37,7.85,6.68,7.79,7.18,9.99,8.32,5.36,18.07,22.83,25.91,22.15,20.49,19.74,26.23,32.99,30.18,30.64,27.37,31.73,24.59,19.91,18.33,19.32,21.55,22.89,18.85,21.67,22.18,20.52,20.45,17.94,21.97,24.45,25.17,22.19,20.10,18.63,20.76,18.40,19.01,3.85,4.22,4.25,5.26,4.75,4.95,5.38,2.54,5.12,4.61,4.60,3.13,4.06,1.88,4.99,5.21,5.22,4.62,4.31,5.62,4.49,1.99,4.60,5.54,0.89,4.82,8.06,10.13,10.25,7.15,9.35,12.35,12.23,11.56,10.34,10.39,9.89,12.31,11.55,9.08,9.45,11.38,2.81,4.42,1.07,99.00]
];
