// Chosen Depots: [1, 2, 3, 4, 5, 6]
// Chosen Demand Points (Original DP No): [1, 2, 3, 4, 5, 9, 10, 12, 13, 15, 16, 19, 23, 24, 27, 31, 33, 35, 39, 41, 42, 44, 47, 54, 55, 57, 59, 64, 65, 66, 67, 68, 69, 73, 79, 82, 84, 85, 87, 89, 92, 94, 96, 100, 101, 102, 103, 106, 110, 112, 121, 124, 125, 126, 130, 131, 135, 136, 137, 138, 139, 140, 141, 142, 143, 145, 146, 152, 154, 156, 158, 161, 162, 163, 166, 167, 168, 169, 170, 171]
// Original Weights: [9, 9, 9, 6, 6, 8, 4, 6, 6, 7, 4, 5, 6, 5, 7, 6, 8, 10, 10, 6, 7, 7, 6, 4, 5, 5, 5, 6, 7, 6, 6, 7, 4, 6, 4, 6, 6, 6, 7, 7, 5, 6, 7, 7, 7, 6, 7, 7, 7, 7, 6, 3, 2, 3, 4, 2, 4, 2, 3, 3, 4, 4, 4, 8, 8, 7, 8, 7, 4, 7, 8, 8, 8, 8, 6, 9, 5, 8, 8, 8]

|W| = 6;
|D| = 80;
V = 54;
C = 3;
|K| = 1;
M = 100;
S = 0.25;
|TR| = 14;
δmax = 18.3;
Runtime = 40;

// Priority weights for selected demand points
pj = [
  9, 9, 9, 6, 6, 8, 4, 6, 6, 7, 4, 5, 6, 5, 7, 6, 8, 10, 10, 6, 7, 7, 6, 4, 5, 5, 5, 6, 7, 6, 6, 7, 4, 6, 4, 6, 6, 6, 7, 7, 5, 6, 7, 7, 7, 6, 7, 7, 7, 7, 6, 3, 2, 3, 4, 2, 4, 2, 3, 3, 4, 4, 4, 8, 8, 7, 8, 7, 4, 7, 8, 8, 8, 8, 6, 9, 5, 8, 8, 8
];

δij =
[
  [99.00,99.00,99.00,99.00,99.00,99.00,19.31,19.21,17.00,18.70,18.70,18.55,9.07,9.16,7.40,6.09,7.41,8.42,7.04,6.93,6.11,6.00,24.16,27.41,24.73,28.07,27.47,33.34,31.81,21.94,23.83,19.52,22.59,24.33,21.85,23.67,20.18,19.81,22.41,22.79,20.72,22.00,22.32,19.49,3.22,4.43,1.44,1.70,4.53,2.70,2.39,1.23,2.57,2.46,4.20,3.68,0.99,4.44,6.34,5.05,3.46,5.42,3.45,5.95,3.84,3.89,12.27,11.81,11.81,11.71,13.37,11.87,11.96,10.66,10.88,12.20,12.31,13.25,13.05,4.12,1.30,5.18,1.47,4.75,4.61,4.08],
  [99.00,99.00,99.00,99.00,99.00,99.00,9.07,8.93,6.60,10.80,10.80,9.19,9.37,6.12,5.89,5.71,8.33,6.83,6.19,8.35,5.12,6.09,14.95,17.27,14.44,19.41,18.64,24.20,23.22,15.55,15.99,12.63,14.85,16.01,13.08,15.61,12.54,10.80,15.73,14.84,13.85,13.56,14.27,11.55,11.71,13.73,12.55,12.58,13.77,12.68,11.24,11.52,12.24,12.14,13.45,12.55,10.69,12.99,13.15,13.43,13.26,13.72,12.49,13.42,13.33,13.59,8.88,9.48,9.48,2.64,3.87,4.28,3.06,3.67,9.26,4.12,3.71,4.23,3.85,7.83,9.95,7.40,10.35,6.83,7.19,8.24],
  [99.00,99.00,99.00,99.00,99.00,99.00,13.23,13.22,11.78,10.26,10.26,11.50,1.22,3.84,4.86,6.45,3.03,3.36,4.86,3.48,7.61,6.07,16.06,20.10,17.92,19.18,18.75,24.59,22.69,12.19,14.67,10.25,13.48,15.46,13.61,14.68,11.30,12.12,12.75,13.80,11.30,13.46,13.45,10.93,13.12,14.68,11.22,11.85,14.78,12.97,12.25,11.45,12.78,12.66,14.44,13.79,10.77,8.16,6.62,8.11,9.45,8.13,8.50,7.28,9.15,9.46,2.94,1.98,1.98,8.06,8.69,6.68,7.89,6.49,1.17,7.12,7.61,8.16,8.29,10.78,10.16,11.45,8.80,10.15,10.52,11.22],
  [99.00,99.00,99.00,99.00,99.00,99.00,8.44,8.59,9.40,3.42,3.42,6.34,11.94,11.41,13.26,14.92,13.21,12.06,13.57,13.68,15.61,14.81,6.49,10.97,9.90,8.38,8.10,13.76,11.75,1.71,3.82,1.22,2.79,4.86,4.55,4.01,2.11,5.15,1.97,3.24,0.46,3.85,3.17,3.00,22.77,24.62,21.66,22.17,24.71,23.03,21.99,21.51,22.74,22.62,24.35,23.56,20.71,19.09,17.56,19.07,20.31,19.10,19.35,18.24,20.06,20.36,8.32,9.03,9.03,11.29,10.03,9.94,10.86,11.10,9.98,9.91,10.21,9.62,9.99,19.46,19.98,19.65,19.07,18.52,18.95,19.95],
  [99.00,99.00,99.00,99.00,99.00,99.00,9.24,9.37,11.70,10.87,10.87,9.95,21.69,19.71,21.20,22.35,22.30,20.66,21.59,22.68,22.46,22.46,5.29,1.03,3.85,5.98,5.32,7.22,7.89,11.89,8.51,11.69,9.08,7.23,7.62,8.03,10.29,8.98,11.26,8.57,11.28,8.04,8.57,10.31,29.77,31.79,29.83,30.09,31.85,30.52,29.18,29.16,30.12,30.01,31.51,30.62,28.30,28.50,27.49,28.66,29.41,28.79,28.46,28.07,29.28,29.58,18.13,19.13,19.13,16.83,15.12,16.58,16.53,17.77,19.92,16.24,16.13,15.19,15.42,25.93,27.53,25.64,27.27,24.91,25.31,26.38],
  [99.00,99.00,99.00,99.00,99.00,99.00,24.98,24.93,22.99,22.86,22.86,23.66,11.89,13.99,12.87,12.46,11.27,12.99,12.49,10.93,13.08,12.13,28.66,32.52,30.13,31.85,31.43,37.25,35.31,24.66,27.32,22.91,26.14,28.13,26.21,27.35,23.97,24.54,25.26,26.47,23.92,26.11,26.12,23.56,10.29,9.89,7.06,7.66,9.99,8.87,9.81,8.61,9.19,9.17,9.89,10.13,8.99,5.23,6.07,4.93,4.97,4.75,5.66,5.45,4.83,4.60,15.55,14.66,14.66,17.92,19.34,17.44,18.03,16.48,13.77,17.86,18.15,19.03,18.95,12.17,9.35,13.25,8.10,12.67,12.61,12.15],
  [19.31,9.07,13.23,8.44,9.24,24.98,99.00,0.19,2.47,5.23,5.23,2.26,13.53,10.99,12.27,13.24,13.74,11.99,12.66,14.06,13.27,13.40,6.26,8.22,5.45,10.84,9.99,15.25,14.55,9.85,8.54,7.46,7.76,8.04,5.14,7.98,6.37,3.35,9.64,7.50,8.15,5.92,6.95,5.45,20.53,22.56,20.72,20.95,22.61,21.31,19.96,19.99,20.91,20.80,22.27,21.38,19.13,19.81,19.10,20.05,20.57,20.23,19.65,19.62,20.49,20.79,10.45,11.50,11.50,7.62,5.94,7.60,7.35,8.71,12.07,7.21,7.02,6.09,6.26,16.69,18.35,16.40,18.22,15.66,16.06,17.14],
  [19.21,8.93,13.22,8.59,9.37,24.93,0.19,99.00,2.33,5.36,5.36,2.38,13.51,10.94,12.20,13.15,13.70,11.94,12.59,14.01,13.17,13.32,6.44,8.35,5.56,11.02,10.17,15.41,14.72,10.02,8.72,7.60,7.94,8.22,5.32,8.16,6.53,3.51,9.81,7.68,8.31,6.10,7.13,5.60,20.41,22.44,20.63,20.85,22.49,21.20,19.85,19.88,20.80,20.69,22.16,21.26,19.02,19.76,19.07,20.00,20.50,20.18,19.58,19.58,20.43,20.72,10.47,11.52,11.52,7.52,5.84,7.53,7.25,8.63,12.07,7.14,6.94,6.01,6.17,16.57,18.25,16.27,18.13,15.54,15.94,17.01],
  [17.00,6.60,11.78,9.40,11.70,22.99,2.47,2.33,99.00,5.98,5.98,3.26,11.90,9.07,10.15,10.98,11.86,10.08,10.55,12.13,10.92,11.18,8.56,10.68,7.87,13.13,12.30,17.68,16.88,11.00,10.34,8.26,9.39,10.05,7.06,9.84,7.52,4.89,10.93,9.23,9.22,7.72,8.65,6.49,18.11,20.14,18.43,18.62,20.19,18.93,17.56,17.63,18.52,18.41,19.86,18.96,16.77,17.78,17.24,18.06,18.44,18.27,17.55,17.71,18.40,18.69,9.24,10.26,10.26,5.29,3.68,5.57,5.07,6.54,10.67,5.14,4.85,3.96,4.06,14.26,16.00,13.94,15.97,13.23,13.63,14.70],
  [18.70,10.80,10.26,3.42,10.87,22.86,5.23,5.36,5.98,99.00,0.00,3.01,10.98,9.56,11.30,12.80,11.85,10.39,11.66,12.28,13.29,12.78,5.80,9.94,8.08,9.37,8.79,14.67,13.13,5.05,5.31,2.29,4.11,5.64,3.35,5.05,1.74,2.30,5.07,4.19,3.26,3.32,3.67,0.80,20.66,22.59,19.99,20.40,22.67,21.10,19.93,19.62,20.76,20.65,22.32,21.48,18.79,18.01,16.79,18.10,19.07,18.19,18.11,17.41,18.88,19.19,7.33,8.29,8.29,8.37,6.93,7.29,7.96,8.53,9.12,7.14,7.34,6.61,6.97,17.11,18.02,17.16,17.38,16.12,16.56,17.60],
  [18.70,10.80,10.26,3.42,10.87,22.86,5.23,5.36,5.98,0.00,99.00,3.01,10.98,9.56,11.30,12.80,11.85,10.39,11.66,12.28,13.29,12.78,5.80,9.94,8.08,9.37,8.79,14.67,13.13,5.05,5.31,2.29,4.11,5.64,3.35,5.05,1.74,2.30,5.07,4.19,3.26,3.32,3.67,0.80,20.66,22.59,19.99,20.40,22.67,21.10,19.93,19.62,20.76,20.65,22.32,21.48,18.79,18.01,16.79,18.10,19.07,18.19,18.11,17.41,18.88,19.19,7.33,8.29,8.29,8.37,6.93,7.29,7.96,8.53,9.12,7.14,7.34,6.61,6.97,17.11,18.02,17.16,17.38,16.12,16.56,17.60],
  [18.55,9.19,11.50,6.34,9.95,23.66,2.26,2.38,3.26,3.01,3.01,99.00,11.95,9.76,11.26,12.47,12.40,10.72,11.64,12.77,12.70,12.55,5.81,8.93,6.48,10.22,9.45,15.11,14.03,7.85,7.11,5.28,6.13,6.91,3.92,6.63,4.34,1.66,7.73,5.98,6.09,4.51,5.40,3.34,20.09,22.09,19.92,20.22,22.16,20.73,19.45,19.33,20.35,20.24,21.81,20.94,18.48,18.58,17.67,18.76,19.46,18.91,18.51,18.23,19.34,19.64,8.63,9.67,9.67,7.19,5.51,6.68,6.83,7.91,10.33,6.37,6.35,5.43,5.72,16.34,17.70,16.20,17.35,15.32,15.74,16.81],
  [9.07,9.37,1.22,11.94,21.69,11.89,13.53,13.51,11.90,10.98,10.98,11.95,99.00,3.29,3.91,5.38,1.84,2.56,3.85,2.27,6.57,4.98,16.77,20.70,18.41,20.06,19.60,25.46,23.63,13.23,15.58,11.16,14.38,16.31,14.32,15.56,12.12,12.70,13.77,14.67,12.25,14.24,14.29,11.68,11.90,13.47,10.04,10.66,13.57,11.76,11.04,10.24,11.56,11.45,13.22,12.57,9.56,7.16,5.82,7.17,8.39,7.24,7.43,6.44,8.12,8.43,3.69,2.91,2.91,7.73,8.59,6.55,7.63,6.12,1.96,6.99,7.44,8.11,8.18,9.61,8.94,10.31,7.60,9.01,9.37,10.04],
  [9.16,6.12,3.84,11.41,19.71,13.99,10.99,10.94,9.07,9.56,9.56,9.76,3.29,99.00,1.86,3.59,2.79,1.01,2.15,3.07,4.50,3.41,15.14,18.69,16.19,18.92,18.34,24.22,22.65,12.95,14.67,10.40,13.43,15.18,12.77,14.52,11.02,10.83,13.37,13.63,11.62,12.87,13.17,10.34,11.36,13.21,10.43,10.86,13.29,11.64,10.58,10.13,11.33,11.21,12.94,12.15,9.32,8.84,8.17,9.06,9.70,9.24,8.75,8.65,9.58,9.88,3.70,3.84,3.84,4.48,5.53,3.52,4.42,2.86,3.33,3.96,4.34,5.13,5.12,8.22,8.57,8.62,7.82,7.38,7.80,8.71],
  [7.40,5.89,4.86,13.26,21.20,12.87,12.27,12.20,10.15,11.30,11.30,11.26,3.91,1.86,99.00,1.77,2.48,1.57,0.40,2.46,2.82,1.56,16.79,20.18,17.59,20.67,20.07,25.94,24.42,14.81,16.47,12.23,15.24,16.94,14.46,16.30,12.81,12.44,15.22,15.42,13.46,14.60,14.94,12.09,9.51,11.37,8.72,9.10,11.45,9.82,8.73,8.33,9.50,9.38,11.10,10.30,7.50,7.64,7.39,7.97,8.31,8.20,7.40,7.75,8.25,8.54,5.47,5.42,5.42,5.06,6.48,4.67,5.16,3.61,4.72,5.06,5.30,6.21,6.10,6.41,6.75,6.87,6.12,5.60,6.01,6.89],
  [6.09,5.71,6.45,14.92,22.35,12.46,13.24,13.15,10.98,12.80,12.80,12.47,5.38,3.59,1.77,99.00,3.67,3.30,1.62,3.42,1.20,0.46,18.13,21.32,18.65,22.15,21.51,27.35,25.92,16.50,18.03,13.87,16.80,18.44,15.86,17.83,14.37,13.76,16.89,16.96,15.10,16.06,16.46,13.60,7.88,9.80,7.49,7.76,9.87,8.32,7.14,6.88,7.97,7.85,9.52,8.69,6.03,7.28,7.55,7.72,7.63,8.01,6.82,7.76,7.67,7.94,7.24,7.18,7.18,5.70,7.32,5.79,5.91,4.57,6.44,6.11,6.23,7.17,6.98,4.64,5.25,5.11,4.99,3.83,4.24,5.12],
  [7.41,8.33,3.03,13.21,22.30,11.27,13.74,13.70,11.86,11.85,11.85,12.40,1.84,2.79,2.48,3.67,99.00,1.79,2.29,0.48,4.87,3.23,17.58,21.30,18.86,21.12,20.60,26.49,24.77,14.61,16.73,12.33,15.50,17.36,15.16,16.64,13.16,13.35,15.10,15.75,13.49,15.17,15.33,12.60,10.13,11.76,8.49,9.06,11.86,10.08,9.28,8.55,9.85,9.73,11.51,10.83,7.83,6.20,5.39,6.36,7.22,6.51,6.26,5.88,7.03,7.34,4.91,4.39,4.39,7.15,8.31,6.30,7.14,5.55,3.47,6.75,7.11,7.92,7.90,7.77,7.18,8.48,5.96,7.19,7.54,8.20],
  [8.42,6.83,3.36,12.06,20.66,12.99,11.99,11.94,10.08,10.39,10.39,10.72,2.56,1.01,1.57,3.30,1.79,99.00,1.69,2.07,4.38,3.02,16.03,19.65,17.17,19.73,19.17,25.06,23.43,13.55,15.42,11.10,14.19,15.98,13.64,15.30,11.80,11.75,14.00,14.41,12.30,13.71,13.96,11.16,10.80,12.59,9.65,10.12,12.68,10.97,9.99,9.45,10.69,10.57,12.32,11.57,8.66,7.86,7.17,8.07,8.76,8.24,7.81,7.64,8.62,8.93,4.01,3.87,3.87,5.41,6.53,4.52,5.38,3.80,3.16,4.96,5.33,6.13,6.12,7.90,7.94,8.41,7.04,7.13,7.54,8.37],
  [7.04,6.19,4.86,13.57,21.59,12.49,12.66,12.59,10.55,11.66,11.66,11.64,3.85,2.15,0.40,1.62,2.29,1.69,99.00,2.19,2.76,1.33,17.16,20.57,17.99,21.03,20.43,26.30,24.77,15.10,16.81,12.55,15.57,17.29,14.82,16.64,13.15,12.82,15.52,15.76,13.77,14.96,15.29,12.45,9.21,11.06,8.35,8.74,11.14,9.49,8.43,7.99,9.18,9.06,10.79,10.00,7.17,7.25,7.04,7.58,7.91,7.82,7.00,7.39,7.85,8.14,5.68,5.57,5.57,5.44,6.87,5.06,5.55,4.01,4.82,5.46,5.70,6.60,6.49,6.21,6.42,6.72,5.75,5.44,5.84,6.68],
  [6.93,8.35,3.48,13.68,22.68,10.93,14.06,14.01,12.13,12.28,12.28,12.77,2.27,3.07,2.46,3.42,0.48,2.07,2.19,99.00,4.62,2.97,17.99,21.68,19.22,21.57,21.04,26.93,25.22,15.08,17.18,12.79,15.95,17.81,15.58,17.10,13.61,13.75,15.58,16.20,13.95,15.60,15.78,13.03,9.66,11.28,8.01,8.57,11.38,9.60,8.81,8.07,9.38,9.26,11.03,10.36,7.35,5.82,5.13,6.01,6.79,6.18,5.83,5.58,6.62,6.93,5.39,4.88,4.88,7.31,8.54,6.56,7.33,5.74,3.95,7.00,7.34,8.17,8.14,7.37,6.71,8.11,5.48,6.82,7.16,7.79],
  [6.11,5.12,7.61,15.61,22.46,13.08,13.27,13.17,10.92,13.29,13.29,12.70,6.57,4.50,2.82,1.20,4.87,4.38,2.76,4.62,99.00,1.65,18.44,21.44,18.72,22.58,21.91,27.72,26.38,17.22,18.58,14.51,17.35,18.91,16.24,18.34,14.91,14.08,17.58,17.48,15.76,16.50,16.97,14.09,7.41,9.40,7.55,7.70,9.47,8.06,6.75,6.71,7.67,7.56,9.12,8.25,5.86,8.00,8.50,8.48,8.16,8.80,7.42,8.64,8.25,8.49,8.20,8.23,8.23,5.65,7.34,6.09,5.94,4.83,7.54,6.34,6.36,7.29,7.05,3.85,5.08,4.13,5.25,2.92,3.35,4.34],
  [6.00,6.09,6.07,14.81,22.46,12.13,13.40,13.32,11.18,12.78,12.78,12.55,4.98,3.41,1.56,0.46,3.23,3.02,1.33,2.97,1.65,99.00,18.17,21.44,18.79,22.14,21.52,27.37,25.90,16.36,17.98,13.77,16.75,18.42,15.88,17.79,14.32,13.81,16.77,16.92,15.00,16.06,16.43,13.57,7.96,9.84,7.37,7.68,9.92,8.32,7.19,6.85,7.99,7.87,9.57,8.76,6.01,6.93,7.12,7.34,7.35,7.63,6.51,7.35,7.36,7.63,7.00,6.88,6.88,5.92,7.50,5.88,6.11,4.70,6.12,6.23,6.38,7.32,7.15,4.88,5.25,5.42,4.82,4.13,4.53,5.36],
  [24.16,14.95,16.06,6.49,5.29,28.66,6.26,6.44,8.56,5.80,5.80,5.81,16.77,15.14,16.79,18.13,17.58,16.03,17.16,17.99,18.44,18.17,99.00,4.48,3.93,4.59,3.74,9.30,8.32,6.86,3.77,6.41,3.96,2.62,2.45,3.17,5.01,4.37,6.28,3.45,6.02,2.75,3.34,5.15,25.85,27.84,25.51,25.86,27.91,26.44,25.19,25.01,26.07,25.96,27.56,26.69,24.16,23.76,22.59,23.87,24.78,23.97,23.81,23.21,24.61,24.91,13.13,14.09,14.09,13.00,11.32,12.37,12.63,13.62,14.92,12.10,12.13,11.23,11.52,22.13,23.38,22.01,22.91,21.11,21.54,22.61],
  [27.41,17.27,20.10,10.97,1.03,32.52,8.22,8.35,10.68,9.94,9.94,8.93,20.70,18.69,20.18,21.32,21.30,19.65,20.57,21.68,21.44,21.44,4.48,99.00,2.86,5.93,5.17,7.91,8.30,11.23,7.91,10.86,8.37,6.64,6.73,7.39,9.43,8.00,10.61,7.87,10.51,7.20,7.82,9.40,28.75,30.77,28.80,29.07,30.82,29.50,28.16,28.14,29.10,28.99,30.49,29.59,27.28,27.49,26.50,27.65,28.39,27.79,27.44,27.08,28.26,28.57,17.17,18.17,18.17,15.80,14.10,15.56,15.50,16.75,18.94,15.21,15.11,14.17,14.39,24.91,26.50,24.62,26.25,23.88,24.29,25.36],
  [24.73,14.44,17.92,9.90,3.85,30.13,5.45,5.56,7.87,8.08,8.08,6.48,18.41,16.19,17.59,18.65,18.86,17.17,17.99,19.22,18.72,18.79,3.93,2.86,99.00,7.41,6.52,10.54,10.51,10.58,7.69,9.49,7.72,6.54,5.35,7.07,8.03,5.89,10.06,7.23,9.46,6.07,6.97,7.71,25.98,28.00,26.14,26.38,28.06,26.76,25.41,25.43,26.36,26.25,27.72,26.82,24.57,25.03,24.15,25.22,25.86,25.38,24.93,24.70,25.76,26.06,15.00,16.03,16.03,13.07,11.37,12.94,12.78,14.09,16.74,12.57,12.43,11.49,11.69,22.13,23.79,21.81,23.62,21.10,21.50,22.57],
  [28.07,19.41,19.18,8.38,5.98,31.85,10.84,11.02,13.13,9.37,9.37,10.22,20.06,18.92,20.67,22.15,21.12,19.73,21.03,21.57,22.58,22.14,4.59,5.93,7.41,99.00,0.90,5.40,3.82,7.73,4.56,8.94,5.71,3.76,6.38,4.50,7.96,8.63,7.04,5.39,7.98,6.09,5.79,8.58,29.98,31.93,29.36,29.77,32.01,30.46,29.27,28.99,30.12,30.00,31.66,30.81,28.15,27.20,25.81,27.23,28.33,27.29,27.37,26.46,28.12,28.43,16.37,17.21,17.21,17.32,15.68,16.50,16.93,17.76,18.12,16.28,16.38,15.52,15.84,26.35,27.38,26.30,26.74,25.34,25.77,26.83],
  [27.47,18.64,18.75,8.10,5.32,31.43,9.99,10.17,12.30,8.79,8.79,9.45,19.60,18.34,20.07,21.51,20.60,19.17,20.43,21.04,21.91,21.52,3.74,5.17,6.52,0.90,99.00,5.89,4.59,7.63,4.29,8.55,5.35,3.30,5.68,4.12,7.47,7.90,6.94,4.97,7.68,5.47,5.31,8.02,29.32,31.29,28.77,29.17,31.36,29.83,28.63,28.37,29.48,29.37,31.01,30.15,27.53,26.72,25.37,26.77,27.82,26.83,26.86,26.02,27.62,27.93,15.91,16.77,16.77,16.59,14.94,15.83,16.21,17.09,17.67,15.60,15.67,14.80,15.11,25.66,26.76,25.59,26.16,24.65,25.08,26.14],
  [33.34,24.20,24.59,13.76,7.22,37.25,15.25,15.41,17.68,14.67,14.67,15.11,25.46,24.22,25.94,27.35,26.49,25.06,26.30,26.93,27.72,27.37,9.30,7.91,10.54,5.40,5.89,99.00,2.63,12.97,9.95,14.34,11.11,9.14,11.50,9.91,13.34,13.64,12.30,10.79,13.37,11.35,11.17,13.90,35.13,37.11,34.65,35.04,37.18,35.68,34.45,34.22,35.32,35.20,36.83,35.97,33.38,32.59,31.21,32.63,33.71,32.69,32.74,31.86,33.50,33.80,21.77,22.61,22.61,22.30,20.61,21.63,21.93,22.89,23.52,21.38,21.42,20.52,20.82,31.43,32.61,31.31,32.04,30.41,30.83,31.90],
  [31.81,23.22,22.69,11.75,7.89,35.31,14.55,14.72,16.88,13.13,13.13,14.03,23.63,22.65,24.42,25.92,24.77,23.43,24.77,25.22,26.38,25.90,8.32,8.30,10.51,3.82,4.59,2.63,99.00,10.77,8.05,12.47,9.27,7.48,10.20,8.14,11.64,12.45,10.12,9.03,11.40,9.88,9.48,12.33,33.77,35.71,33.07,33.51,35.79,34.23,33.05,32.75,33.89,33.77,35.44,34.59,31.91,30.78,29.31,30.78,31.96,30.82,30.99,29.97,31.72,32.03,19.95,20.74,20.74,21.13,19.49,20.30,20.75,21.57,21.67,20.09,20.19,19.34,19.66,30.16,31.15,30.12,30.46,29.15,29.58,30.64],
  [21.94,15.55,12.19,1.71,11.89,24.66,9.85,10.02,11.00,5.05,5.05,7.85,13.23,12.95,14.81,16.50,14.61,13.55,15.10,15.08,17.22,16.36,6.86,11.23,10.58,7.73,7.63,12.97,10.77,99.00,3.44,2.93,2.90,4.69,5.41,3.86,3.51,6.51,0.69,3.40,1.79,4.58,3.61,4.52,24.31,26.14,23.09,23.62,26.23,24.53,23.52,23.00,24.25,24.13,25.87,25.10,22.22,20.34,18.72,20.28,21.61,20.29,20.66,19.41,21.34,21.64,9.70,10.32,10.32,12.99,11.74,11.63,12.56,12.78,11.28,11.61,11.92,11.33,11.70,21.06,21.49,21.28,20.52,20.13,20.57,21.55],
  [23.83,15.99,14.67,3.82,8.51,27.32,8.54,8.72,10.34,5.31,5.31,7.11,15.58,14.67,16.47,18.03,16.73,15.42,16.81,17.18,18.58,17.98,3.77,7.91,7.69,4.56,4.29,9.95,8.05,3.44,99.00,4.42,1.24,1.28,3.40,0.63,3.67,5.46,2.77,1.15,3.42,2.63,1.72,4.52,25.91,27.82,25.07,25.52,27.90,26.29,25.17,24.80,25.97,25.85,27.55,26.72,23.97,22.74,21.29,22.75,23.91,22.79,22.94,21.95,23.67,23.98,11.91,12.71,12.71,13.65,12.13,12.60,13.24,13.84,13.63,12.45,12.63,11.86,12.21,22.41,23.22,22.47,22.46,21.42,21.86,22.89],
  [19.52,12.63,10.25,1.22,11.69,22.91,7.46,7.60,8.26,2.29,2.29,5.28,11.16,10.40,12.23,13.87,12.33,11.10,12.55,12.79,14.51,13.77,6.41,10.86,9.49,8.94,8.55,14.34,12.47,2.93,4.42,99.00,3.23,5.24,4.18,4.44,1.46,4.27,3.12,3.58,1.25,3.66,3.30,2.04,21.73,23.60,20.73,21.21,23.69,22.04,20.96,20.53,21.73,21.61,23.33,22.53,19.72,18.31,16.87,18.32,19.49,18.37,18.53,17.53,19.26,19.56,7.48,8.28,8.28,10.09,8.81,8.77,9.66,9.95,9.21,8.72,9.01,8.41,8.78,18.36,18.97,18.53,18.13,17.41,17.85,18.85],
  [22.59,14.85,13.48,2.79,9.08,26.14,7.76,7.94,9.39,4.11,4.11,6.13,14.38,13.43,15.24,16.80,15.50,14.19,15.57,15.95,17.35,16.75,3.96,8.37,7.72,5.71,5.35,11.11,9.27,2.90,1.24,3.23,99.00,2.07,2.78,1.23,2.44,4.53,2.35,0.51,2.35,1.92,0.84,3.32,24.68,26.59,23.83,24.29,26.67,25.06,23.93,23.56,24.74,24.62,26.31,25.49,22.74,21.53,20.10,21.54,22.69,21.59,21.72,20.76,22.46,22.77,10.69,11.51,11.51,12.48,10.99,11.39,12.06,12.63,12.43,11.25,11.45,10.70,11.05,21.18,21.98,21.26,21.23,20.20,20.64,21.67],
  [24.33,16.01,15.46,4.86,7.23,28.13,8.04,8.22,10.05,5.64,5.64,6.91,16.31,15.18,16.94,18.44,17.36,15.98,17.29,17.81,18.91,18.42,2.62,6.64,6.54,3.76,3.30,9.14,7.48,4.69,1.28,5.24,2.07,99.00,2.99,0.86,4.20,5.25,4.03,1.67,4.42,2.46,2.03,4.85,26.29,28.23,25.61,26.03,28.31,26.74,25.58,25.26,26.41,26.29,27.96,27.12,24.43,23.45,22.08,23.49,24.57,23.55,23.61,22.73,24.36,24.67,12.63,13.48,13.48,13.78,12.19,12.86,13.38,14.12,14.38,12.67,12.80,11.98,12.32,22.71,23.66,22.71,22.99,21.71,22.14,23.19],
  [21.85,13.08,13.61,4.55,7.62,26.21,5.14,5.32,7.06,3.35,3.35,3.92,14.32,12.77,14.46,15.86,15.16,13.64,14.82,15.58,16.24,15.88,2.45,6.73,5.35,6.38,5.68,11.50,10.20,5.41,3.40,4.18,2.78,2.99,99.00,2.84,2.73,2.28,4.99,2.42,4.12,0.86,1.94,2.71,23.65,25.62,23.17,23.55,25.69,24.18,22.96,22.73,23.82,23.71,25.34,24.48,21.88,21.34,20.14,21.43,22.37,21.53,21.41,20.76,22.19,22.50,10.68,11.64,11.64,10.94,9.31,10.15,10.55,11.41,12.47,9.92,10.00,9.14,9.46,19.98,21.11,19.93,20.57,18.97,19.40,20.46],
  [23.67,15.61,14.68,4.01,8.03,27.35,7.98,8.16,9.84,5.05,5.05,6.63,15.56,14.52,16.30,17.83,16.64,15.30,16.64,17.10,18.34,17.79,3.17,7.39,7.07,4.50,4.12,9.91,8.14,3.86,0.63,4.44,1.23,0.86,2.84,99.00,3.50,4.97,3.23,0.89,3.57,2.12,1.37,4.24,25.70,27.62,24.94,25.37,27.70,26.11,24.97,24.63,25.78,25.67,27.35,26.52,23.80,22.70,21.30,22.73,23.85,22.78,22.88,21.96,23.62,23.93,11.87,12.70,12.70,13.32,11.77,12.32,12.91,13.57,13.62,12.15,12.31,11.52,11.87,22.15,23.04,22.19,22.32,21.16,21.60,22.64],
  [20.18,12.54,11.30,2.11,10.29,23.97,6.37,6.53,7.52,1.74,1.74,4.34,12.12,11.02,12.81,14.37,13.16,11.80,13.15,13.61,14.91,14.32,5.01,9.43,8.03,7.96,7.47,13.34,11.64,3.51,3.67,1.46,2.44,4.20,2.73,3.50,99.00,3.05,3.42,2.61,1.79,2.27,2.18,1.04,22.24,24.16,21.44,21.88,24.24,22.63,21.50,21.14,22.31,22.19,23.88,23.06,20.31,19.25,17.91,19.29,20.37,19.36,19.40,18.55,20.16,20.47,8.44,9.31,9.31,10.10,8.67,8.96,9.68,10.20,10.21,8.84,9.06,8.34,8.71,18.75,19.56,18.83,18.83,17.77,18.20,19.24],
  [19.81,10.80,12.12,5.15,8.98,24.54,3.35,3.51,4.89,2.30,2.30,1.66,12.70,10.83,12.44,13.76,13.35,11.75,12.82,13.75,14.08,13.81,4.37,8.00,5.89,8.63,7.90,13.64,12.45,6.51,5.46,4.27,4.53,5.25,2.28,4.97,3.05,99.00,6.30,4.34,4.83,2.85,3.77,2.23,21.49,23.48,21.16,21.50,23.55,22.07,20.82,20.64,21.71,21.59,23.20,22.33,19.79,19.55,18.50,19.69,20.51,19.82,19.56,19.09,20.36,20.67,9.18,10.20,10.20,8.69,7.05,8.00,8.31,9.26,10.95,7.74,7.78,6.90,7.21,17.79,19.01,17.70,18.56,16.77,17.20,18.27],
  [22.41,15.73,12.75,1.97,11.26,25.26,9.64,9.81,10.93,5.07,5.07,7.73,13.77,13.37,15.22,16.89,15.10,14.00,15.52,15.58,17.58,16.77,6.28,10.61,10.06,7.04,6.94,12.30,10.12,0.69,2.77,3.12,2.35,4.03,4.99,3.23,3.42,6.30,99.00,2.84,1.88,4.15,3.12,4.45,24.73,26.57,23.58,24.09,26.66,24.97,23.95,23.45,24.69,24.57,26.31,25.52,22.66,20.90,19.30,20.85,22.15,20.86,21.20,19.99,21.88,22.19,10.20,10.86,10.86,13.20,11.89,11.89,12.77,13.06,11.81,11.84,12.13,11.50,11.88,21.43,21.93,21.62,21.00,20.49,20.92,21.92],
  [22.79,14.84,13.80,3.24,8.57,26.47,7.50,7.68,9.23,4.19,4.19,5.98,14.67,13.63,15.42,16.96,15.75,14.41,15.76,16.20,17.48,16.92,3.45,7.87,7.23,5.39,4.97,10.79,9.03,3.40,1.15,3.58,0.51,1.67,2.42,0.89,2.61,4.34,2.84,99.00,2.79,1.58,0.58,3.39,24.83,26.75,24.05,24.49,26.83,25.24,24.09,23.75,24.91,24.79,26.48,25.65,22.92,21.81,20.42,21.84,22.96,21.90,21.99,21.08,22.74,23.04,10.98,11.82,11.82,12.51,10.98,11.47,12.10,12.72,12.74,11.32,11.49,10.72,11.07,21.30,22.16,21.35,21.44,20.31,20.75,21.79],
  [20.72,13.85,11.30,0.46,11.28,23.92,8.15,8.31,9.22,3.26,3.26,6.09,12.25,11.62,13.46,15.10,13.49,12.30,13.77,13.95,15.76,15.00,6.02,10.51,9.46,7.98,7.68,13.37,11.40,1.79,3.42,1.25,2.35,4.42,4.12,3.57,1.79,4.83,1.88,2.79,99.00,3.40,2.70,2.75,22.97,24.83,21.92,22.41,24.91,23.25,22.19,21.74,22.95,22.83,24.56,23.76,20.93,19.41,17.91,19.40,20.62,19.43,19.65,18.58,20.37,20.67,8.61,9.35,9.35,11.32,10.01,10.02,10.89,11.20,10.29,9.96,10.25,9.62,9.99,19.61,20.19,19.78,19.32,18.66,19.10,20.10],
  [22.00,13.56,13.46,3.85,8.04,26.11,5.92,6.10,7.72,3.32,3.32,4.51,14.24,12.87,14.60,16.06,15.17,13.71,14.96,15.60,16.50,16.06,2.75,7.20,6.07,6.09,5.47,11.35,9.88,4.58,2.63,3.66,1.92,2.46,0.86,2.12,2.27,2.85,4.15,1.58,3.40,99.00,1.08,2.57,23.89,25.85,23.30,23.70,25.92,24.38,23.19,22.91,24.03,23.92,25.57,24.72,22.07,21.31,20.05,21.38,22.39,21.47,21.42,20.68,22.19,22.50,10.56,11.48,11.48,11.33,9.74,10.43,10.93,11.69,12.35,10.23,10.35,9.52,9.86,20.28,21.30,20.27,20.69,19.28,19.71,20.76],
  [22.32,14.27,13.45,3.17,8.57,26.12,6.95,7.13,8.65,3.67,3.67,5.40,14.29,13.17,14.94,16.46,15.33,13.96,15.29,15.78,16.97,16.43,3.34,7.82,6.97,5.79,5.31,11.17,9.48,3.61,1.72,3.30,0.84,2.03,1.94,1.37,2.18,3.77,3.12,0.58,2.70,1.08,99.00,2.87,24.33,26.26,23.59,24.02,26.34,24.75,23.60,23.27,24.42,24.30,25.98,25.15,22.44,21.42,20.07,21.46,22.55,21.53,21.58,20.71,22.33,22.64,10.60,11.47,11.47,11.96,10.42,10.94,11.54,12.20,12.37,10.78,10.95,10.16,10.51,20.78,21.67,20.81,20.98,19.79,20.22,21.27],
  [19.49,11.55,10.93,3.00,10.31,23.56,5.45,5.60,6.49,0.80,0.80,3.34,11.68,10.34,12.09,13.60,12.60,11.16,12.45,13.03,14.09,13.57,5.15,9.40,7.71,8.58,8.02,13.90,12.33,4.52,4.52,2.04,3.32,4.85,2.71,4.24,1.04,2.23,4.45,3.39,2.75,2.57,2.87,99.00,21.46,23.39,20.77,21.19,23.47,21.90,20.73,20.42,21.56,21.44,23.12,22.28,19.58,18.74,17.49,18.82,19.82,18.90,18.85,18.12,19.62,19.93,8.01,8.95,8.95,9.15,7.68,8.08,8.74,9.33,9.80,7.93,8.12,7.38,7.73,17.91,18.82,17.96,18.16,16.92,17.36,18.40],
  [3.22,11.71,13.12,22.77,29.77,10.29,20.53,20.41,18.11,20.66,20.66,20.09,11.90,11.36,9.51,7.88,10.13,10.80,9.21,9.66,7.41,7.96,25.85,28.75,25.98,29.98,29.32,35.13,33.77,24.31,25.91,21.73,24.68,26.29,23.65,25.70,22.24,21.49,24.73,24.83,22.97,23.89,24.33,21.46,99.00,2.03,3.39,2.66,2.08,1.49,0.88,2.05,1.10,1.11,1.75,0.85,2.41,7.56,9.55,8.16,6.38,8.51,6.59,9.13,6.82,6.79,14.79,14.47,14.47,12.96,14.67,13.50,13.28,12.24,13.58,13.75,13.75,14.67,14.41,3.87,2.96,4.46,4.55,4.89,4.52,3.48],
  [4.43,13.73,14.68,24.62,31.79,9.89,22.56,22.44,20.14,22.59,22.59,22.09,13.47,13.21,11.37,9.80,11.76,12.59,11.06,11.28,9.40,9.84,27.84,30.77,28.00,31.93,31.29,37.11,35.71,26.14,27.82,23.60,26.59,28.23,25.62,27.62,24.16,23.48,26.57,26.75,24.83,25.85,26.26,23.39,2.03,99.00,3.89,3.09,0.12,1.73,2.66,3.23,1.91,2.03,0.28,1.18,3.94,8.25,10.38,8.79,6.86,9.11,7.33,9.85,7.33,7.21,16.54,16.14,16.14,14.98,16.68,15.48,15.30,14.22,15.23,15.74,15.75,16.67,16.42,5.90,4.65,6.43,5.89,6.92,6.54,5.49],
  [1.44,12.55,11.22,21.66,29.83,7.06,20.72,20.63,18.43,19.99,19.99,19.92,10.04,10.43,8.72,7.49,8.49,9.65,8.35,8.01,7.55,7.37,25.51,28.80,26.14,29.36,28.77,34.65,33.07,23.09,25.07,20.73,23.83,25.61,23.17,24.94,21.44,21.16,23.58,24.05,21.92,23.30,23.59,20.77,3.39,3.89,99.00,0.81,4.00,2.26,2.78,1.55,2.39,2.32,3.73,3.52,2.06,4.37,6.49,4.93,3.04,5.26,3.44,5.97,3.50,3.43,13.39,12.86,12.86,13.14,14.79,13.25,13.38,12.06,11.91,13.59,13.71,14.65,14.46,5.38,2.66,6.39,2.61,6.10,5.92,5.26],
  [1.70,12.58,11.85,22.17,30.09,7.66,20.95,20.85,18.62,20.40,20.40,20.22,10.66,10.86,9.10,7.76,9.06,10.12,8.74,8.57,7.70,7.68,25.86,29.07,26.38,29.77,29.17,35.04,33.51,23.62,25.52,21.21,24.29,26.03,23.55,25.37,21.88,21.50,24.09,24.49,22.41,23.70,24.02,21.19,2.66,3.09,0.81,99.00,3.20,1.45,2.16,1.13,1.61,1.56,2.93,2.72,1.90,5.18,7.29,5.74,3.85,6.07,4.25,6.78,4.31,4.23,13.94,13.44,13.44,13.33,15.01,13.55,13.60,12.33,12.50,13.87,13.96,14.90,14.69,5.14,2.64,6.08,3.10,5.96,5.73,4.95],
  [4.53,13.77,14.78,24.71,31.85,9.99,22.61,22.49,20.19,22.67,22.67,22.16,13.57,13.29,11.45,9.87,11.86,12.68,11.14,11.38,9.47,9.92,27.91,30.82,28.06,32.01,31.36,37.18,35.79,26.23,27.90,23.69,26.67,28.31,25.69,27.70,24.24,23.55,26.66,26.83,24.91,25.92,26.34,23.47,2.08,0.12,4.00,3.20,99.00,1.84,2.74,3.33,2.01,2.13,0.36,1.23,4.04,8.36,10.49,8.91,6.98,9.22,7.44,9.97,7.44,7.33,16.63,16.24,16.24,15.04,16.74,15.55,15.36,14.29,15.33,15.81,15.81,16.74,16.48,5.95,4.74,6.46,6.00,6.97,6.59,5.53],
  [2.70,12.68,12.97,23.03,30.52,8.87,21.31,21.20,18.93,21.10,21.10,20.73,11.76,11.64,9.82,8.32,10.08,10.97,9.49,9.60,8.06,8.32,26.44,29.50,26.76,30.46,29.83,35.68,34.23,24.53,26.29,22.04,25.06,26.74,24.18,26.11,22.63,22.07,24.97,25.24,23.25,24.38,24.75,21.90,1.49,1.73,2.26,1.45,1.84,99.00,1.47,1.53,0.47,0.54,1.53,1.30,2.32,6.62,8.71,7.18,5.29,7.51,5.67,8.22,5.75,5.67,14.89,14.47,14.47,13.70,15.40,14.08,14.00,12.83,13.54,14.37,14.41,15.35,15.11,4.91,3.08,5.68,4.17,5.87,5.55,4.60],
  [2.39,11.24,12.25,21.99,29.18,9.81,19.96,19.85,17.56,19.93,19.93,19.45,11.04,10.58,8.73,7.14,9.28,9.99,8.43,8.81,6.75,7.19,25.19,28.16,25.41,29.27,28.63,34.45,33.05,23.52,25.17,20.96,23.93,25.58,22.96,24.97,21.50,20.82,23.95,24.09,22.19,23.19,23.60,20.73,0.88,2.66,2.78,2.16,2.74,1.47,99.00,1.29,1.01,0.93,2.38,1.58,1.54,6.78,8.73,7.39,5.67,7.75,5.80,8.33,6.09,6.08,13.97,13.63,13.63,12.36,14.07,12.82,12.67,11.57,12.73,13.09,13.11,14.04,13.79,3.45,2.10,4.21,3.68,4.42,4.09,3.13],
  [1.23,11.52,11.45,21.51,29.16,8.61,19.99,19.88,17.63,19.62,19.62,19.33,10.24,10.13,8.33,6.88,8.55,9.45,7.99,8.07,6.71,6.85,25.01,28.14,25.43,28.99,28.37,34.22,32.75,23.00,24.80,20.53,23.56,25.26,22.73,24.63,21.14,20.64,23.45,23.75,21.74,22.91,23.27,20.42,2.05,3.23,1.55,1.13,3.33,1.53,1.29,99.00,1.34,1.23,2.99,2.45,0.86,5.52,7.51,6.12,4.37,6.47,4.54,7.08,4.80,4.79,13.36,12.94,12.94,12.37,14.05,12.66,12.64,11.43,12.01,12.97,13.03,13.97,13.75,4.01,1.64,4.95,2.67,4.84,4.60,3.82],
  [2.57,12.24,12.78,22.74,30.12,9.19,20.91,20.80,18.52,20.76,20.76,20.35,11.56,11.33,9.50,7.97,9.85,10.69,9.18,9.38,7.67,7.99,26.07,29.10,26.36,30.12,29.48,35.32,33.89,24.25,25.97,21.73,24.74,26.41,23.82,25.78,22.31,21.71,24.69,24.91,22.95,24.03,24.42,21.56,1.10,1.91,2.39,1.61,2.01,0.47,1.01,1.34,99.00,0.12,1.66,1.16,2.04,6.69,8.75,7.28,5.43,7.61,5.73,8.28,5.88,5.82,14.63,14.24,14.24,13.30,15.00,13.71,13.60,12.46,13.32,13.99,14.02,14.96,14.71,4.46,2.76,5.21,4.01,5.42,5.10,4.14],
  [2.46,12.14,12.66,22.62,30.01,9.17,20.80,20.69,18.41,20.65,20.65,20.24,11.45,11.21,9.38,7.85,9.73,10.57,9.06,9.26,7.56,7.87,25.96,28.99,26.25,30.00,29.37,35.20,33.77,24.13,25.85,21.61,24.62,26.29,23.71,25.67,22.19,21.59,24.57,24.79,22.83,23.92,24.30,21.44,1.11,2.03,2.32,1.56,2.13,0.54,0.93,1.23,0.12,99.00,1.78,1.25,1.91,6.61,8.65,7.19,5.35,7.53,5.64,8.19,5.80,5.75,14.51,14.12,14.12,13.19,14.89,13.59,13.49,12.34,13.20,13.88,13.91,14.84,14.60,4.37,2.64,5.14,3.90,5.33,5.01,4.06],
  [4.20,13.45,14.44,24.35,31.51,9.89,22.27,22.16,19.86,22.32,22.32,21.81,13.22,12.94,11.10,9.52,11.51,12.32,10.79,11.03,9.12,9.57,27.56,30.49,27.72,31.66,31.01,36.83,35.44,25.87,27.55,23.33,26.31,27.96,25.34,27.35,23.88,23.20,26.31,26.48,24.56,25.57,25.98,23.12,1.75,0.28,3.73,2.93,0.36,1.53,2.38,2.99,1.66,1.78,99.00,0.91,3.69,8.10,10.22,8.65,6.73,8.97,7.17,9.70,7.20,7.09,16.28,15.89,15.89,14.69,16.40,15.20,15.02,13.94,14.98,15.46,15.47,16.39,16.14,5.62,4.39,6.16,5.66,6.64,6.26,5.22],
  [3.68,12.55,13.79,23.56,30.62,10.13,21.38,21.26,18.96,21.48,21.48,20.94,12.57,12.15,10.30,8.69,10.83,11.57,10.00,10.36,8.25,8.76,26.69,29.59,26.82,30.81,30.15,35.97,34.59,25.10,26.72,22.53,25.49,27.12,24.48,26.52,23.06,22.33,25.52,25.65,23.76,24.72,25.15,22.28,0.85,1.18,3.52,2.72,1.23,1.30,1.58,2.45,1.16,1.25,0.91,99.00,3.02,7.85,9.90,8.43,6.56,8.76,6.89,9.44,7.02,6.95,15.54,15.19,15.19,13.81,15.52,14.34,14.13,13.08,14.29,14.59,14.59,15.51,15.25,4.72,3.65,5.26,5.10,5.74,5.36,4.31],
  [0.99,10.69,10.77,20.71,28.30,8.99,19.13,19.02,16.77,18.79,18.79,18.48,9.56,9.32,7.50,6.03,7.83,8.66,7.17,7.35,5.86,6.01,24.16,27.28,24.57,28.15,27.53,33.38,31.91,22.22,23.97,19.72,22.74,24.43,21.88,23.80,20.31,19.79,22.66,22.92,20.93,22.07,22.44,19.58,2.41,3.94,2.06,1.90,4.04,2.32,1.54,0.86,2.04,1.91,3.69,3.02,99.00,5.41,7.26,6.03,4.45,6.40,4.43,6.90,4.84,4.88,12.60,12.21,12.21,11.51,13.19,11.81,11.79,10.57,11.29,12.11,12.17,13.11,12.89,3.32,0.78,4.34,2.14,4.08,3.87,3.21],
  [4.44,12.99,8.16,19.09,28.50,5.23,19.81,19.76,17.78,18.01,18.01,18.58,7.16,8.84,7.64,7.28,6.20,7.86,7.25,5.82,8.00,6.93,23.76,27.49,25.03,27.20,26.72,32.59,30.78,20.34,22.74,18.31,21.53,23.45,21.34,22.70,19.25,19.55,20.90,21.81,19.41,21.31,21.42,18.74,7.56,8.25,4.37,5.18,8.36,6.62,6.78,5.52,6.69,6.61,8.10,7.85,5.41,99.00,2.18,0.62,1.50,1.00,0.98,1.61,1.08,1.35,10.83,10.06,10.06,12.69,14.12,12.24,12.80,11.25,9.12,12.65,12.93,13.82,13.73,7.93,5.38,9.02,3.64,8.15,8.20,8.06],
  [6.34,13.15,6.62,17.56,27.49,6.07,19.10,19.07,17.24,16.79,16.79,17.67,5.82,8.17,7.39,7.55,5.39,7.17,7.04,5.13,8.50,7.12,22.59,26.50,24.15,25.81,25.37,31.21,29.31,18.72,21.29,16.87,20.10,22.08,20.14,21.30,17.91,18.50,19.30,20.42,17.91,20.05,20.07,17.49,9.55,10.38,6.49,7.29,10.49,8.71,8.73,7.51,8.75,8.65,10.22,9.90,7.26,2.18,99.00,1.78,3.67,1.64,3.05,0.70,3.23,3.46,9.48,8.60,8.60,12.41,13.67,11.68,12.45,10.86,7.70,12.12,12.47,13.30,13.27,9.31,7.08,10.36,5.26,9.33,9.47,9.53],
  [5.05,13.43,8.11,19.07,28.66,4.93,20.05,20.00,18.06,18.10,18.10,18.76,7.17,9.06,7.97,7.72,6.36,8.07,7.58,6.01,8.48,7.34,23.87,27.65,25.22,27.23,26.77,32.63,30.78,20.28,22.75,18.32,21.54,23.49,21.43,22.73,19.29,19.69,20.85,21.84,19.40,21.38,21.46,18.82,8.16,8.79,4.93,5.74,8.91,7.18,7.39,6.12,7.28,7.19,8.65,8.43,6.03,0.62,1.78,99.00,1.95,0.37,1.60,1.12,1.50,1.69,10.86,10.05,10.05,13.02,14.42,12.50,13.12,11.56,9.11,12.93,13.23,14.10,14.03,8.54,6.01,9.63,4.26,8.74,8.80,8.68],
  [3.46,13.26,9.45,20.31,29.41,4.97,20.57,20.50,18.44,19.07,19.07,19.46,8.39,9.70,8.31,7.63,7.22,8.76,7.91,6.79,8.16,7.35,24.78,28.39,25.86,28.33,27.82,33.71,31.96,21.61,23.91,19.49,22.69,24.57,22.37,23.85,20.37,20.51,22.15,22.96,20.62,22.39,22.55,19.82,6.38,6.86,3.04,3.85,6.98,5.29,5.67,4.37,5.43,5.35,6.73,6.56,4.45,1.50,3.67,1.95,99.00,2.25,0.97,3.06,0.46,0.43,12.01,11.30,11.30,13.24,14.76,12.97,13.40,11.90,10.34,13.37,13.60,14.51,14.39,7.36,4.61,8.46,3.15,7.77,7.74,7.41],
  [5.42,13.72,8.13,19.10,28.79,4.75,20.23,20.18,18.27,18.19,18.19,18.91,7.24,9.24,8.20,8.01,6.51,8.24,7.82,6.18,8.80,7.63,23.97,27.79,25.38,27.29,26.83,32.69,30.82,20.29,22.79,18.37,21.59,23.55,21.53,22.78,19.36,19.82,20.86,21.90,19.43,21.47,21.53,18.90,8.51,9.11,5.26,6.07,9.22,7.51,7.75,6.47,7.61,7.53,8.97,8.76,6.40,1.00,1.64,0.37,2.25,99.00,1.97,0.94,1.78,1.94,10.92,10.09,10.09,13.26,14.63,12.70,13.35,11.78,9.17,13.13,13.44,14.30,14.24,8.91,6.38,10.00,4.63,9.10,9.17,9.05],
  [3.45,12.49,8.50,19.35,28.46,5.66,19.65,19.58,17.55,18.11,18.11,18.51,7.43,8.75,7.40,6.82,6.26,7.81,7.00,5.83,7.42,6.51,23.81,27.44,24.93,27.37,26.86,32.74,30.99,20.66,22.94,18.53,21.72,23.61,21.41,22.88,19.40,19.56,21.20,21.99,19.65,21.42,21.58,18.85,6.59,7.33,3.44,4.25,7.44,5.67,5.80,4.54,5.73,5.64,7.17,6.89,4.43,0.98,3.05,1.60,0.97,1.97,99.00,2.55,0.86,1.14,11.05,10.34,10.34,12.37,13.87,12.05,12.52,11.00,9.39,12.45,12.70,13.60,13.49,7.03,4.43,8.13,2.74,7.32,7.34,7.15],
  [5.95,13.42,7.28,18.24,28.07,5.45,19.62,19.58,17.71,17.41,17.41,18.23,6.44,8.65,7.75,7.76,5.88,7.64,7.39,5.58,8.64,7.35,23.21,27.08,24.70,26.46,26.02,31.86,29.97,19.41,21.95,17.53,20.76,22.73,20.76,21.96,18.55,19.09,19.99,21.08,18.58,20.68,20.71,18.12,9.13,9.85,5.97,6.78,9.97,8.22,8.33,7.08,8.28,8.19,9.70,9.44,6.90,1.61,0.70,1.12,3.06,0.94,2.55,99.00,2.60,2.81,10.12,9.25,9.25,12.80,14.11,12.15,12.86,11.28,8.34,12.58,12.91,13.76,13.71,9.16,6.79,10.23,4.98,9.25,9.36,9.35],
  [3.84,13.33,9.15,20.06,29.28,4.83,20.49,20.43,18.40,18.88,18.88,19.34,8.12,9.58,8.25,7.67,7.03,8.62,7.85,6.62,8.25,7.36,24.61,28.26,25.76,28.12,27.62,33.50,31.72,21.34,23.67,19.26,22.46,24.36,22.19,23.62,20.16,20.36,21.88,22.74,20.37,22.19,22.33,19.62,6.82,7.33,3.50,4.31,7.44,5.75,6.09,4.80,5.88,5.80,7.20,7.02,4.84,1.08,3.23,1.50,0.46,1.78,0.86,2.60,99.00,0.31,11.77,11.03,11.03,13.23,14.72,12.89,13.37,11.86,10.08,13.30,13.55,14.45,14.34,7.66,4.95,8.76,3.40,8.02,8.01,7.73],
  [3.89,13.59,9.46,20.36,29.58,4.60,20.79,20.72,18.69,19.19,19.19,19.64,8.43,9.88,8.54,7.94,7.34,8.93,8.14,6.93,8.49,7.63,24.91,28.57,26.06,28.43,27.93,33.80,32.03,21.64,23.98,19.56,22.77,24.67,22.50,23.93,20.47,20.67,22.19,23.04,20.67,22.50,22.64,19.93,6.79,7.21,3.43,4.23,7.33,5.67,6.08,4.79,5.82,5.75,7.09,6.95,4.88,1.35,3.46,1.69,0.43,1.94,1.14,2.81,0.31,99.00,12.08,11.34,11.34,13.51,15.01,13.19,13.66,12.14,10.39,13.59,13.84,14.74,14.63,7.79,5.05,8.88,3.56,8.18,8.16,7.84],
  [12.27,8.88,2.94,8.32,18.13,15.55,10.45,10.47,9.24,7.33,7.33,8.63,3.69,3.70,5.47,7.24,4.91,4.01,5.68,5.39,8.20,7.00,13.13,17.17,15.00,16.37,15.91,21.77,19.95,9.70,11.91,7.48,10.69,12.63,10.68,11.87,8.44,9.18,10.20,10.98,8.61,10.56,10.60,8.01,14.79,16.54,13.39,13.94,16.63,14.89,13.97,13.36,14.63,14.51,16.28,15.54,12.60,10.83,9.48,10.86,12.01,10.92,11.05,10.12,11.77,12.08,99.00,1.05,1.05,6.50,6.62,4.87,6.21,5.21,1.79,5.22,5.75,6.04,6.26,11.87,11.90,12.32,10.83,11.06,11.48,12.35],
  [11.81,9.48,1.98,9.03,19.13,14.66,11.50,11.52,10.26,8.29,8.29,9.67,2.91,3.84,5.42,7.18,4.39,3.87,5.57,4.88,8.23,6.88,14.09,18.17,16.03,17.21,16.77,22.61,20.74,10.32,12.71,8.28,11.51,13.48,11.64,12.70,9.31,10.20,10.86,11.82,9.35,11.48,11.47,8.95,14.47,16.14,12.86,13.44,16.24,14.47,13.63,12.94,14.24,14.12,15.89,15.19,12.21,10.06,8.60,10.05,11.30,10.09,10.34,9.25,11.03,11.34,1.05,99.00,0.00,7.24,7.51,5.66,6.98,5.83,0.96,6.05,6.57,6.94,7.13,11.76,11.54,12.29,10.35,11.01,11.41,12.23],
  [11.81,9.48,1.98,9.03,19.13,14.66,11.50,11.52,10.26,8.29,8.29,9.67,2.91,3.84,5.42,7.18,4.39,3.87,5.57,4.88,8.23,6.88,14.09,18.17,16.03,17.21,16.77,22.61,20.74,10.32,12.71,8.28,11.51,13.48,11.64,12.70,9.31,10.20,10.86,11.82,9.35,11.48,11.47,8.95,14.47,16.14,12.86,13.44,16.24,14.47,13.63,12.94,14.24,14.12,15.89,15.19,12.21,10.06,8.60,10.05,11.30,10.09,10.34,9.25,11.03,11.34,1.05,0.00,99.00,7.24,7.51,5.66,6.98,5.83,0.96,6.05,6.57,6.94,7.13,11.76,11.54,12.29,10.35,11.01,11.41,12.23],
  [11.71,2.64,8.06,11.29,16.83,17.92,7.62,7.52,5.29,8.37,8.37,7.19,7.73,4.48,5.06,5.70,7.15,5.41,5.44,7.31,5.65,5.92,13.00,15.80,13.07,17.32,16.59,22.30,21.13,12.99,13.65,10.09,12.48,13.78,10.94,13.32,10.10,8.69,13.20,12.51,11.32,11.33,11.96,9.15,12.96,14.98,13.14,13.33,15.04,13.70,12.36,12.37,13.30,13.19,14.69,13.81,11.51,12.69,12.41,13.02,13.24,13.26,12.37,12.80,13.23,13.51,6.50,7.24,7.24,99.00,1.71,1.69,0.43,1.62,7.19,1.48,1.08,1.80,1.48,9.17,10.73,9.01,10.68,8.14,8.56,9.63],
  [13.37,3.87,8.69,10.03,15.12,19.34,5.94,5.84,3.68,6.93,6.93,5.51,8.59,5.53,6.48,7.32,8.31,6.53,6.87,8.54,7.34,7.50,11.32,14.10,11.37,15.68,14.94,20.61,19.49,11.74,12.13,8.81,10.99,12.19,9.31,11.77,8.67,7.05,11.89,10.98,10.01,9.74,10.42,7.68,14.67,16.68,14.79,15.01,16.74,15.40,14.07,14.05,15.00,14.89,16.40,15.52,13.19,14.12,13.67,14.42,14.76,14.63,13.87,14.11,14.72,15.01,6.62,7.51,7.51,1.71,99.00,2.05,1.41,2.87,7.68,1.60,1.20,0.59,0.41,10.87,12.42,10.70,12.30,9.84,10.26,11.33],
  [11.87,4.28,6.68,9.94,16.58,17.44,7.60,7.53,5.57,7.29,7.29,6.68,6.55,3.52,4.67,5.79,6.30,4.52,5.06,6.56,6.09,5.88,12.37,15.56,12.94,16.50,15.83,21.63,20.30,11.63,12.60,8.77,11.39,12.86,10.15,12.32,8.96,8.00,11.89,11.47,10.02,10.43,10.94,8.08,13.50,15.48,13.25,13.55,15.55,14.08,12.82,12.66,13.71,13.59,15.20,14.34,11.81,12.24,11.68,12.50,12.97,12.70,12.05,12.15,12.89,13.19,4.87,5.66,5.66,1.69,2.05,99.00,1.35,1.26,5.73,0.45,0.93,1.62,1.64,9.85,11.03,9.87,10.70,8.85,9.29,10.34],
  [11.96,3.06,7.89,10.86,16.53,18.03,7.35,7.25,5.07,7.96,7.96,6.83,7.63,4.42,5.16,5.91,7.14,5.38,5.55,7.33,5.94,6.11,12.63,15.50,12.78,16.93,16.21,21.93,20.75,12.56,13.24,9.66,12.06,13.38,10.55,12.91,9.68,8.31,12.77,12.10,10.89,10.93,11.54,8.74,13.28,15.30,13.38,13.60,15.36,14.00,12.67,12.64,13.60,13.49,15.02,14.13,11.79,12.80,12.45,13.12,13.40,13.35,12.52,12.86,13.37,13.66,6.21,6.98,6.98,0.43,1.41,1.35,99.00,1.59,6.99,1.09,0.65,1.41,1.12,9.51,11.01,9.38,10.90,8.49,8.91,9.98],
  [10.66,3.67,6.49,11.10,17.77,16.48,8.71,8.63,6.54,8.53,8.53,7.91,6.12,2.86,3.61,4.57,5.55,3.80,4.01,5.74,4.83,4.70,13.62,16.75,14.09,17.76,17.09,22.89,21.57,12.78,13.84,9.95,12.63,14.12,11.41,13.57,10.20,9.26,13.06,12.72,11.20,11.69,12.20,9.33,12.24,14.22,12.06,12.33,14.29,12.83,11.57,11.43,12.46,12.34,13.94,13.08,10.57,11.25,10.86,11.56,11.90,11.78,11.00,11.28,11.86,12.14,5.21,5.83,5.83,1.62,2.87,1.26,1.59,99.00,5.68,1.54,1.69,2.62,2.49,8.59,9.79,8.63,9.52,7.59,8.03,9.08],
  [10.88,9.26,1.17,9.98,19.92,13.77,12.07,12.07,10.67,9.12,9.12,10.33,1.96,3.33,4.72,6.44,3.47,3.16,4.82,3.95,7.54,6.12,14.92,18.94,16.74,18.12,17.67,23.52,21.67,11.28,13.63,9.21,12.43,14.38,12.47,13.62,10.21,10.95,11.81,12.74,10.29,12.35,12.37,9.80,13.58,15.23,11.91,12.50,15.33,13.54,12.73,12.01,13.32,13.20,14.98,14.29,11.29,9.12,7.70,9.11,10.34,9.17,9.39,8.34,10.08,10.39,1.79,0.96,0.96,7.19,7.68,5.73,6.99,5.68,99.00,6.14,6.65,7.14,7.29,10.96,10.63,11.54,9.41,10.25,10.64,11.42],
  [12.20,4.12,7.12,9.91,16.24,17.86,7.21,7.14,5.14,7.14,7.14,6.37,6.99,3.96,5.06,6.11,6.75,4.96,5.46,7.00,6.34,6.23,12.10,15.21,12.57,16.28,15.60,21.38,20.09,11.61,12.45,8.72,11.25,12.67,9.92,12.15,8.84,7.74,11.84,11.32,9.96,10.23,10.78,7.93,13.75,15.74,13.59,13.87,15.81,14.37,13.09,12.97,13.99,13.88,15.46,14.59,12.11,12.65,12.12,12.93,13.37,13.13,12.45,12.58,13.30,13.59,5.22,6.05,6.05,1.48,1.60,0.45,1.09,1.54,6.14,99.00,0.53,1.18,1.19,10.07,11.33,10.04,11.05,9.06,9.49,10.55],
  [12.31,3.71,7.61,10.21,16.13,18.15,7.02,6.94,4.85,7.34,7.34,6.35,7.44,4.34,5.30,6.23,7.11,5.33,5.70,7.34,6.36,6.38,12.13,15.11,12.43,16.38,15.67,21.42,20.19,11.92,12.63,9.01,11.45,12.80,10.00,12.31,9.06,7.78,12.13,11.49,10.25,10.35,10.95,8.12,13.75,15.75,13.71,13.96,15.81,14.41,13.11,13.03,14.02,13.91,15.47,14.59,12.17,12.93,12.47,13.23,13.60,13.44,12.70,12.91,13.55,13.84,5.75,6.57,6.57,1.08,1.20,0.93,0.65,1.69,6.65,0.53,99.00,0.94,0.80,10.01,11.39,9.93,11.20,8.99,9.42,10.48],
  [13.25,4.23,8.16,9.62,15.19,19.03,6.09,6.01,3.96,6.61,6.61,5.43,8.11,5.13,6.21,7.17,7.92,6.13,6.60,8.17,7.29,7.32,11.23,14.17,11.49,15.52,14.80,20.52,19.34,11.33,11.86,8.41,10.70,11.98,9.14,11.52,8.34,6.90,11.50,10.72,9.62,9.52,10.16,7.38,14.67,16.67,14.65,14.90,16.74,15.35,14.04,13.97,14.96,14.84,16.39,15.51,13.11,13.82,13.30,14.10,14.51,14.30,13.60,13.76,14.45,14.74,6.04,6.94,6.94,1.80,0.59,1.62,1.41,2.62,7.14,1.18,0.94,99.00,0.37,10.91,12.33,10.80,12.14,9.89,10.31,11.38],
  [13.05,3.85,8.29,9.99,15.42,18.95,6.26,6.17,4.06,6.97,6.97,5.72,8.18,5.12,6.10,6.98,7.90,6.12,6.49,8.14,7.05,7.15,11.52,14.39,11.69,15.84,15.11,20.82,19.66,11.70,12.21,8.78,11.05,12.32,9.46,11.87,8.71,7.21,11.88,11.07,9.99,9.86,10.51,7.73,14.41,16.42,14.46,14.69,16.48,15.11,13.79,13.75,14.71,14.60,16.14,15.25,12.89,13.73,13.27,14.03,14.39,14.24,13.49,13.71,14.34,14.63,6.26,7.13,7.13,1.48,0.41,1.64,1.12,2.49,7.29,1.19,0.80,0.37,99.00,10.63,12.11,10.49,11.96,9.60,10.03,11.10],
  [4.12,7.83,10.78,19.46,25.93,12.17,16.69,16.57,14.26,17.11,17.11,16.34,9.61,8.22,6.41,4.64,7.77,7.90,6.21,7.37,3.85,4.88,22.13,24.91,22.13,26.35,25.66,31.43,30.16,21.06,22.41,18.36,21.18,22.71,19.98,22.15,18.75,17.79,21.43,21.30,19.61,20.28,20.78,17.91,3.87,5.90,5.38,5.14,5.95,4.91,3.45,4.01,4.46,4.37,5.62,4.72,3.32,7.93,9.31,8.54,7.36,8.91,7.03,9.16,7.66,7.79,11.87,11.76,11.76,9.17,10.87,9.85,9.51,8.59,10.96,10.07,10.01,10.91,10.63,99.00,2.83,1.10,4.29,1.03,0.64,0.49],
  [1.30,9.95,10.16,19.98,27.53,9.35,18.35,18.25,16.00,18.02,18.02,17.70,8.94,8.57,6.75,5.25,7.18,7.94,6.42,6.71,5.08,5.25,23.38,26.50,23.79,27.38,26.76,32.61,31.15,21.49,23.22,18.97,21.98,23.66,21.11,23.04,19.56,19.01,21.93,22.16,20.19,21.30,21.67,18.82,2.96,4.65,2.66,2.64,4.74,3.08,2.10,1.64,2.76,2.64,4.39,3.65,0.78,5.38,7.08,6.01,4.61,6.38,4.43,6.79,4.95,5.05,11.90,11.54,11.54,10.73,12.42,11.03,11.01,9.79,10.63,11.33,11.39,12.33,12.11,2.83,99.00,3.90,1.83,3.46,3.31,2.81],
  [5.18,7.40,11.45,19.65,25.64,13.25,16.40,16.27,13.94,17.16,17.16,16.20,10.31,8.62,6.87,5.11,8.48,8.41,6.72,8.11,4.13,5.42,22.01,24.62,21.81,26.30,25.59,31.31,30.12,21.28,22.47,18.53,21.26,22.71,19.93,22.19,18.83,17.70,21.62,21.35,19.78,20.27,20.81,17.96,4.46,6.43,6.39,6.08,6.46,5.68,4.21,4.95,5.21,5.14,6.16,5.26,4.34,9.02,10.36,9.63,8.46,10.00,8.13,10.23,8.76,8.88,12.32,12.29,12.29,9.01,10.70,9.87,9.38,8.63,11.54,10.04,9.93,10.80,10.49,1.10,3.90,99.00,5.39,1.30,0.96,1.13],
  [1.47,10.35,8.80,19.07,27.27,8.10,18.22,18.13,15.97,17.38,17.38,17.35,7.60,7.82,6.12,4.99,5.96,7.04,5.75,5.48,5.25,4.82,22.91,26.25,23.62,26.74,26.16,32.04,30.46,20.52,22.46,18.13,21.23,22.99,20.57,22.32,18.83,18.56,21.00,21.44,19.32,20.69,20.98,18.16,4.55,5.89,2.61,3.10,6.00,4.17,3.68,2.67,4.01,3.90,5.66,5.10,2.14,3.64,5.26,4.26,3.15,4.63,2.74,4.98,3.40,3.56,10.83,10.35,10.35,10.68,12.30,10.70,10.90,9.52,9.41,11.05,11.20,12.14,11.96,4.29,1.83,5.39,99.00,4.62,4.62,4.42],
  [4.75,6.83,10.15,18.52,24.91,12.67,15.66,15.54,13.23,16.12,16.12,15.32,9.01,7.38,5.60,3.83,7.19,7.13,5.44,6.82,2.92,4.13,21.11,23.88,21.10,25.34,24.65,30.41,29.15,20.13,21.42,17.41,20.20,21.71,18.97,21.16,17.77,16.77,20.49,20.31,18.66,19.28,19.79,16.92,4.89,6.92,6.10,5.96,6.97,5.87,4.42,4.84,5.42,5.33,6.64,5.74,4.08,8.15,9.33,8.74,7.77,9.10,7.32,9.25,8.02,8.18,11.06,11.01,11.01,8.14,9.84,8.85,8.49,7.59,10.25,9.06,8.99,9.89,9.60,1.03,3.46,1.30,4.62,99.00,0.44,1.49],
  [4.61,7.19,10.52,18.95,25.31,12.61,16.06,15.94,13.63,16.56,16.56,15.74,9.37,7.80,6.01,4.24,7.54,7.54,5.84,7.16,3.35,4.53,21.54,24.29,21.50,25.77,25.08,30.83,29.58,20.57,21.86,17.85,20.64,22.14,19.40,21.60,18.20,17.20,20.92,20.75,19.10,19.71,20.22,17.36,4.52,6.54,5.92,5.73,6.59,5.55,4.09,4.60,5.10,5.01,6.26,5.36,3.87,8.20,9.47,8.80,7.74,9.17,7.34,9.36,8.01,8.16,11.48,11.41,11.41,8.56,10.26,9.29,8.91,8.03,10.64,9.49,9.42,10.31,10.03,0.64,3.31,0.96,4.62,0.44,99.00,1.07],
  [4.08,8.24,11.22,19.95,26.38,12.15,17.14,17.01,14.70,17.60,17.60,16.81,10.04,8.71,6.89,5.12,8.20,8.37,6.68,7.79,4.34,5.36,22.61,25.36,22.57,26.83,26.14,31.90,30.64,21.55,22.89,18.85,21.67,23.19,20.46,22.64,19.24,18.27,21.92,21.79,20.10,20.76,21.27,18.40,3.48,5.49,5.26,4.95,5.53,4.60,3.13,3.82,4.14,4.06,5.22,4.31,3.21,8.06,9.53,8.68,7.41,9.05,7.15,9.35,7.73,7.84,12.35,12.23,12.23,9.63,11.33,10.34,9.98,9.08,11.42,10.55,10.48,11.38,11.10,0.49,2.81,1.13,4.42,1.49,1.07,99.00]
];
