// Chosen Depots: [1, 2, 3, 4, 5, 6]
// Chosen Demand Points (Original DP No): [3, 7, 8, 10, 14, 19, 20, 25, 30, 31, 32, 34, 38, 40, 41, 42, 45, 46, 47, 49, 51, 53, 54, 56, 58, 60, 61, 62, 65, 66, 67, 70, 71, 73, 76, 78, 79, 83, 84, 89, 95, 96, 98, 99, 100, 101, 102, 103, 104, 106, 108, 111, 112, 113, 115, 117, 118, 121, 122, 128, 130, 133, 135, 140, 145, 146, 147, 151, 153, 154, 156, 160, 162, 163, 164, 165, 166, 168, 169, 171]
// Original Weights: [9, 8, 4, 4, 5, 5, 6, 5, 5, 6, 6, 7, 8, 9, 6, 7, 8, 6, 6, 8, 6, 5, 4, 5, 6, 5, 7, 4, 7, 6, 6, 6, 7, 6, 5, 5, 4, 5, 6, 7, 7, 7, 6, 6, 7, 7, 6, 7, 7, 7, 7, 7, 7, 7, 7, 7, 7, 6, 8, 2, 4, 4, 4, 4, 7, 8, 5, 8, 8, 4, 7, 6, 8, 8, 9, 6, 6, 5, 8, 8]

|W| = 6;
|D| = 80;
V = 54;
C = 3;
|K| = 1;
M = 100;
S = 0.25;
|TR| = 14;
δmax = 18.3;
Runtime = 40;

// Priority weights for selected demand points
pj = [
  9, 8, 4, 4, 5, 5, 6, 5, 5, 6, 6, 7, 8, 9, 6, 7, 8, 6, 6, 8, 6, 5, 4, 5, 6, 5, 7, 4, 7, 6, 6, 6, 7, 6, 5, 5, 4, 5, 6, 7, 7, 7, 6, 6, 7, 7, 6, 7, 7, 7, 7, 7, 7, 7, 7, 7, 7, 6, 8, 2, 4, 4, 4, 4, 7, 8, 5, 8, 8, 4, 7, 6, 8, 8, 9, 6, 6, 5, 8, 8
];

δij =
[
  [99.00,99.00,99.00,99.00,99.00,99.00,17.00,18.65,17.26,9.07,5.42,8.42,5.52,7.21,7.81,6.00,19.04,24.34,22.24,21.64,28.07,27.47,34.53,31.29,31.81,33.29,21.14,20.04,21.94,21.43,24.56,21.87,23.45,20.86,21.85,23.67,20.18,21.71,19.47,22.79,22.19,22.64,20.72,21.08,22.32,4.43,4.45,4.53,2.57,1.26,2.70,2.39,1.23,2.57,2.81,2.46,4.35,2.79,3.68,3.80,4.28,3.26,4.65,0.99,3.86,7.10,3.46,3.51,3.45,11.81,11.87,11.96,10.83,10.58,11.66,10.88,12.20,13.61,13.05,4.12,4.80,1.06,1.30,1.47,4.75,4.08],
  [99.00,99.00,99.00,99.00,99.00,99.00,6.60,9.55,11.93,9.37,7.73,6.83,7.11,6.74,7.88,6.09,11.43,15.21,12.71,11.84,19.41,18.64,25.19,22.83,23.22,23.93,12.74,12.98,15.55,13.93,15.96,14.43,14.85,14.68,13.08,15.61,12.54,13.23,10.51,14.84,14.39,15.19,13.85,13.75,14.27,13.73,13.62,13.77,13.06,12.15,12.68,11.24,11.52,12.24,12.45,12.14,13.23,12.72,12.55,13.79,13.17,12.79,13.75,10.69,9.10,13.25,13.26,12.30,12.49,9.48,4.28,3.06,6.71,3.07,3.44,9.26,4.12,7.56,3.85,7.83,7.77,10.11,9.95,10.35,6.83,8.24],
  [99.00,99.00,99.00,99.00,99.00,99.00,11.78,11.31,7.52,1.22,5.27,3.36,5.60,4.22,2.93,6.07,10.31,16.13,14.70,14.51,19.18,18.75,25.90,22.12,22.69,24.73,12.68,10.81,12.19,12.30,15.88,12.64,14.88,11.10,13.61,14.68,11.30,13.23,11.81,13.80,13.16,13.36,11.30,11.87,13.45,14.68,14.68,14.78,12.81,11.47,12.97,12.25,11.45,12.78,13.03,12.66,14.52,13.05,13.79,14.06,14.45,13.49,14.88,10.77,11.88,6.09,9.45,8.25,8.50,1.98,6.68,7.89,3.65,7.01,7.29,1.17,7.12,5.54,8.29,10.78,11.46,10.04,10.16,8.80,10.15,11.22],
  [99.00,99.00,99.00,99.00,99.00,99.00,9.40,5.74,3.46,11.94,15.06,12.06,15.01,13.29,12.74,14.81,2.69,6.38,6.55,7.18,8.38,8.10,15.11,11.16,11.75,14.02,3.60,1.05,1.71,1.80,5.48,1.90,4.79,1.08,4.55,4.01,2.11,3.85,5.14,3.24,2.66,2.47,0.46,1.37,3.17,24.62,24.58,24.71,23.04,21.74,23.03,21.99,21.51,22.74,23.00,22.62,24.32,23.11,23.56,24.20,24.25,23.45,24.77,20.71,20.79,16.97,20.31,19.10,19.35,9.03,9.94,10.86,9.71,11.56,10.66,9.98,9.91,7.07,9.99,19.46,19.85,19.95,19.98,19.07,18.52,19.95],
  [99.00,99.00,99.00,99.00,99.00,99.00,11.70,9.95,14.60,21.69,23.44,20.66,23.11,21.64,21.72,22.46,10.98,5.36,6.39,6.81,5.98,5.32,7.69,7.99,7.89,6.52,8.64,11.21,11.89,9.94,6.48,9.91,6.95,12.45,7.62,8.03,10.29,8.17,9.30,8.57,9.10,9.64,11.28,10.39,8.57,31.79,31.70,31.85,30.77,29.64,30.52,29.18,29.16,30.12,30.36,30.01,31.34,30.58,30.62,31.69,31.27,30.75,31.85,28.30,27.26,27.08,29.41,28.21,28.46,19.13,16.58,16.53,18.34,17.87,16.78,19.92,16.24,15.67,15.42,25.93,25.99,27.61,27.53,27.27,24.91,26.38],
  [99.00,99.00,99.00,99.00,99.00,99.00,22.99,23.59,20.10,11.89,10.64,12.99,11.18,12.22,11.86,12.13,22.96,28.75,27.13,26.78,31.85,31.43,38.57,34.73,35.31,37.41,25.31,23.47,24.66,24.96,28.55,25.30,27.54,23.59,26.21,27.35,23.97,25.87,24.22,26.47,25.83,25.99,23.92,24.53,26.12,9.89,10.04,9.99,8.16,7.82,8.87,9.81,8.61,9.19,9.24,9.17,10.32,8.93,10.13,8.91,10.28,9.42,10.18,8.99,11.89,6.60,4.97,5.85,5.66,14.66,17.44,18.03,15.21,16.65,17.56,13.77,17.86,17.85,18.95,12.17,12.88,9.09,9.35,8.10,12.67,12.15],
  [17.00,6.60,11.78,9.40,11.70,22.99,99.00,3.81,9.14,11.90,12.42,10.08,11.97,10.78,11.27,11.18,6.72,8.86,6.26,5.31,13.13,12.30,18.64,16.55,16.88,17.37,7.05,8.37,11.00,8.78,9.84,9.26,8.80,10.44,7.06,9.84,7.52,7.41,4.69,9.23,8.94,9.90,9.22,8.77,8.65,20.14,20.04,20.19,19.23,18.17,18.93,17.56,17.63,18.52,18.75,18.41,19.67,18.98,18.96,20.08,19.60,19.12,20.18,16.77,15.57,17.05,18.44,17.31,17.55,10.26,5.57,5.07,8.24,6.48,5.47,10.67,5.14,6.57,4.06,14.26,14.29,16.11,16.00,15.97,13.23,14.70],
  [18.65,9.55,11.31,5.74,9.95,23.59,3.81,99.00,6.34,11.81,13.53,10.71,13.23,11.71,11.77,12.66,3.12,5.79,3.60,3.21,9.88,9.14,15.97,13.29,13.70,14.71,3.30,4.69,7.26,4.97,6.41,5.44,5.30,6.81,3.53,6.15,3.75,3.72,0.96,5.47,5.14,6.09,5.50,4.98,4.89,22.27,22.20,22.34,21.07,19.89,20.89,19.62,19.47,20.52,20.77,20.40,21.87,20.95,21.12,22.07,21.80,21.18,22.36,18.61,17.92,17.21,19.46,18.26,18.51,9.44,6.81,7.08,8.39,8.28,7.18,10.14,6.53,5.79,5.97,16.57,16.76,17.89,17.84,17.43,15.54,17.04],
  [17.26,11.93,7.52,3.46,14.60,20.10,9.14,6.34,99.00,8.53,11.85,8.90,11.87,10.15,9.46,11.79,3.75,9.31,8.67,8.93,11.80,11.47,18.54,14.62,15.21,17.42,5.97,3.50,4.71,4.97,8.70,5.24,7.84,3.62,7.00,7.35,4.31,6.43,6.26,6.51,5.87,5.91,3.83,4.52,6.26,21.49,21.46,21.58,19.83,18.50,19.86,18.89,18.33,19.59,19.85,19.47,21.23,19.94,20.47,21.02,21.15,20.31,21.65,17.56,17.88,13.51,16.91,15.70,15.95,5.61,7.71,8.87,6.69,9.23,8.52,6.57,7.81,4.46,8.27,16.58,17.06,16.80,16.84,15.82,15.70,17.07],
  [9.07,9.37,1.22,11.94,21.69,11.89,11.90,11.81,8.53,99.00,4.07,2.56,4.43,3.18,1.83,4.98,11.09,16.86,15.29,15.02,20.06,19.60,26.75,23.06,23.63,25.57,13.43,11.71,13.23,13.19,16.70,13.56,15.67,12.13,14.32,15.56,12.12,13.99,12.39,14.67,14.03,14.29,12.25,12.78,14.29,13.47,13.47,13.57,11.61,10.27,11.76,11.04,10.24,11.56,11.82,11.45,13.31,11.85,12.57,12.86,13.23,12.28,13.67,9.56,10.68,5.40,8.39,7.17,7.43,2.91,6.55,7.63,3.66,6.59,7.04,1.96,6.99,6.02,8.18,9.61,10.30,8.83,8.94,7.60,9.01,10.04],
  [5.42,7.73,5.27,15.06,23.44,10.64,12.42,13.53,11.85,4.07,99.00,3.01,0.66,1.83,2.47,1.69,13.67,19.10,17.13,16.63,22.72,22.15,29.25,25.91,26.43,28.02,15.83,14.63,16.53,16.03,19.23,16.46,18.14,15.45,16.58,18.30,14.80,16.39,14.29,17.41,16.80,17.23,15.30,15.67,16.95,9.66,9.64,9.75,7.99,6.68,8.01,7.11,6.48,7.75,8.01,7.63,9.43,8.09,8.68,9.17,9.35,8.47,9.83,5.72,6.62,5.62,6.03,4.89,5.12,6.52,6.94,7.41,5.43,6.01,6.96,5.63,7.34,8.23,8.37,5.58,6.30,4.96,5.03,4.03,5.07,6.00],
  [8.42,6.83,3.36,12.06,20.66,12.99,10.08,10.71,8.90,2.56,3.01,99.00,2.97,1.24,1.20,3.02,10.67,16.17,14.30,13.86,19.73,19.17,26.29,22.91,23.43,25.07,12.86,11.62,13.55,13.03,16.26,13.45,15.17,12.48,13.64,15.30,11.80,13.43,11.42,14.41,13.80,14.23,12.30,12.66,13.96,12.59,12.56,12.68,10.98,9.68,10.97,9.99,9.45,10.69,10.96,10.57,12.32,11.05,11.57,12.14,12.25,11.41,12.75,8.66,9.12,7.00,8.76,7.55,7.81,3.87,4.52,5.38,2.43,4.18,4.82,3.16,4.96,5.25,6.12,7.90,8.49,7.90,7.94,7.04,7.13,8.37],
  [5.52,7.11,5.60,15.01,23.11,11.18,11.97,13.23,11.87,4.43,0.66,2.97,99.00,1.73,2.70,1.04,13.51,18.86,16.83,16.29,22.55,21.96,29.03,25.77,26.28,27.80,15.63,14.54,16.52,15.92,19.05,16.36,17.94,15.44,16.36,18.15,14.66,16.19,14.02,17.27,16.67,17.14,15.23,15.57,16.80,9.62,9.59,9.71,8.06,6.78,8.02,7.02,6.50,7.73,7.99,7.61,9.36,8.10,8.60,9.19,9.28,8.44,9.78,5.70,6.31,6.28,6.48,5.38,5.60,6.68,6.55,6.93,5.32,5.52,6.51,5.83,6.93,8.09,7.92,5.19,5.87,4.94,4.97,4.21,4.60,5.63],
  [7.21,6.74,4.22,13.29,21.64,12.22,10.78,11.71,10.15,3.18,1.83,1.24,1.73,99.00,1.36,1.87,11.84,17.27,15.32,14.83,20.89,20.32,27.41,24.09,24.61,26.19,13.99,12.83,14.79,14.22,17.40,14.66,16.30,13.72,14.75,16.47,12.98,14.56,12.47,15.59,14.98,15.43,13.52,13.86,15.13,11.35,11.32,11.44,9.76,8.47,9.74,8.75,8.22,9.45,9.72,9.33,11.08,9.82,10.32,10.91,11.00,10.17,11.50,7.42,7.92,6.59,7.78,6.60,6.84,5.04,5.23,5.85,3.61,4.51,5.35,4.25,5.65,6.41,6.74,6.72,7.34,6.66,6.70,5.85,6.00,7.18],
  [7.81,7.88,2.93,12.74,21.72,11.86,11.27,11.77,9.46,1.83,2.47,1.20,2.70,1.36,99.00,3.15,11.53,17.14,15.34,14.95,20.59,20.06,27.20,23.72,24.25,25.99,13.78,12.37,14.16,13.81,17.15,14.22,16.07,13.07,14.60,16.12,12.63,14.35,12.45,15.23,14.61,14.98,13.00,13.43,14.81,12.11,12.09,12.20,10.38,9.05,10.44,9.58,8.91,10.20,10.46,10.08,11.89,10.52,11.14,11.59,11.82,10.92,12.29,8.17,9.00,5.80,7.77,6.55,6.81,4.05,5.72,6.58,3.39,5.35,6.02,3.16,6.16,6.16,7.32,7.88,8.54,7.41,7.49,6.36,7.23,8.32],
  [6.00,6.09,6.07,14.81,22.46,12.13,11.18,12.66,11.79,4.98,1.69,3.02,1.04,1.87,3.15,99.00,13.16,18.35,16.25,15.66,22.14,21.52,28.55,25.40,25.90,27.31,15.20,14.27,16.36,15.61,18.62,16.06,17.50,15.31,15.88,17.79,14.32,15.76,13.48,16.92,16.33,16.85,15.00,15.28,16.43,9.84,9.79,9.92,8.45,7.23,8.32,7.19,6.85,7.99,8.25,7.87,9.52,8.40,8.76,9.51,9.45,8.69,9.97,6.01,6.12,7.31,7.35,6.29,6.51,6.88,5.88,6.11,5.12,4.70,5.74,6.12,6.23,7.78,7.15,4.88,5.48,5.27,5.25,4.82,4.13,5.36],
  [19.04,11.43,10.31,2.69,10.98,22.96,6.72,3.12,3.75,11.09,13.67,10.67,13.51,11.84,11.53,13.16,99.00,5.84,4.92,5.22,9.07,8.54,15.68,12.26,12.77,14.49,2.38,1.66,4.32,2.54,5.62,3.03,4.58,3.73,3.37,4.64,1.17,2.92,2.70,3.76,3.18,3.81,2.53,2.32,3.29,23.00,22.94,23.07,21.56,20.30,21.48,20.34,19.99,21.15,21.41,21.03,22.65,21.55,21.89,22.66,22.58,21.84,23.12,19.16,18.93,16.40,19.29,18.06,18.32,8.33,7.80,8.54,8.24,9.42,8.43,9.20,7.69,5.43,7.59,17.58,17.90,18.41,18.40,17.69,16.60,18.07],
  [24.34,15.21,16.13,6.38,5.36,28.75,8.86,5.79,9.31,16.86,19.10,16.17,18.86,17.27,17.14,18.35,5.84,99.00,2.63,3.69,4.28,3.45,10.20,7.69,8.03,8.95,3.46,5.87,6.67,4.58,1.61,4.57,1.62,7.13,2.54,2.92,5.00,2.92,4.90,3.28,3.76,4.40,5.92,5.03,3.22,28.04,27.97,28.11,26.80,25.58,26.63,25.39,25.20,26.27,26.52,26.15,27.65,26.70,26.90,27.82,27.58,26.94,28.14,24.35,23.71,22.21,24.91,23.69,23.95,14.15,12.57,12.86,13.76,14.06,12.97,15.00,12.31,10.98,11.75,22.35,22.54,23.61,23.57,23.07,21.33,22.83],
  [22.24,12.71,14.70,6.55,6.39,27.13,6.26,3.60,8.67,15.29,17.13,14.30,16.83,15.32,15.34,16.25,4.92,2.63,99.00,1.09,6.91,6.06,12.52,10.31,10.63,11.25,2.94,5.70,7.45,4.93,3.89,5.19,3.10,7.53,2.04,4.51,4.59,2.76,2.91,4.33,4.46,5.42,6.12,5.26,3.92,25.80,25.72,25.86,24.64,23.47,24.44,23.15,23.04,24.06,24.31,23.95,25.37,24.50,24.64,25.62,25.30,24.71,25.87,22.18,21.38,20.69,23.06,21.85,22.10,12.77,10.38,10.52,11.95,11.79,10.69,13.54,10.07,9.28,9.40,20.03,20.17,21.46,21.40,21.03,19.00,20.49],
  [21.64,11.84,14.51,7.18,6.81,26.78,5.31,3.21,8.93,15.02,16.63,13.86,16.29,14.83,14.95,15.66,5.22,3.69,1.09,99.00,7.95,7.09,13.35,11.33,11.63,12.08,3.61,6.25,8.24,5.69,4.98,6.00,4.16,8.20,2.89,5.54,5.12,3.57,2.78,5.28,5.33,6.33,6.78,5.96,4.82,25.10,25.01,25.16,24.01,22.86,23.78,22.47,22.40,23.39,23.63,23.28,24.66,23.84,23.93,24.95,24.59,24.03,25.16,21.54,20.63,20.42,22.60,21.41,21.65,12.62,9.77,9.80,11.58,11.11,10.01,13.34,9.44,9.00,8.68,19.29,19.40,20.83,20.76,20.47,18.26,19.74],
  [28.07,19.41,19.18,8.38,5.98,31.85,13.13,9.88,11.80,20.06,22.72,19.73,22.55,20.89,20.59,22.14,9.07,4.28,6.91,7.95,99.00,0.90,6.74,3.42,3.82,5.64,6.95,8.38,7.73,6.89,3.53,6.57,4.65,8.64,6.38,4.50,7.96,6.39,8.94,5.39,6.03,5.91,7.98,7.32,5.79,31.93,31.87,32.01,30.58,29.33,30.46,29.27,28.99,30.12,30.38,30.00,31.56,30.53,30.81,31.65,31.49,30.80,32.04,28.15,27.71,25.25,28.33,27.11,27.37,17.21,16.50,16.93,17.30,18.05,16.98,18.12,16.28,14.49,15.84,26.35,26.59,27.41,27.38,26.74,25.34,26.83],
  [27.47,18.64,18.75,8.10,5.32,31.43,12.30,9.14,11.47,19.60,22.15,19.17,21.96,20.32,20.06,21.52,8.54,3.45,6.06,7.09,0.90,99.00,7.15,4.25,4.59,5.98,6.33,7.99,7.63,6.50,2.92,6.23,4.02,8.46,5.68,4.12,7.47,5.76,8.21,4.97,5.61,5.65,7.68,6.95,5.31,31.29,31.22,31.36,29.96,28.72,29.83,28.63,28.37,29.48,29.74,29.37,30.90,29.90,30.15,31.02,30.83,30.16,31.39,27.53,27.02,24.84,27.82,26.60,26.86,16.77,15.83,16.21,16.74,17.36,16.28,17.67,15.60,13.93,15.11,25.66,25.88,26.79,26.76,26.16,24.65,26.14],
  [34.53,25.19,25.90,15.11,7.69,38.57,18.64,15.97,18.54,26.75,29.25,26.29,29.03,27.41,27.20,28.55,15.68,10.20,12.52,13.35,6.74,7.15,99.00,4.63,3.99,1.27,13.43,15.11,14.36,13.61,10.06,13.30,11.13,15.32,12.68,11.22,14.62,12.86,15.09,12.10,12.74,12.65,14.72,14.05,12.45,38.24,38.17,38.31,36.99,35.77,36.83,35.59,35.39,36.47,36.72,36.35,37.84,36.90,37.09,38.02,37.77,37.14,38.33,34.54,33.88,31.97,34.96,33.74,34.00,23.92,22.77,23.01,23.86,24.24,23.15,24.82,22.50,21.05,21.90,32.52,32.69,33.81,33.77,33.24,31.50,32.99],
  [31.29,22.83,22.12,11.16,7.99,34.73,16.55,13.29,14.62,23.06,25.91,22.91,25.77,24.09,23.72,25.40,12.26,7.69,10.31,11.33,3.42,4.25,4.63,99.00,0.65,4.05,10.27,11.36,10.15,9.90,6.89,9.51,8.02,11.19,9.77,7.62,11.11,9.73,12.34,8.50,9.11,8.77,10.82,10.30,8.98,35.23,35.17,35.30,33.82,32.55,33.73,32.57,32.24,33.39,33.65,33.28,34.87,33.80,34.11,34.92,34.80,34.08,35.34,31.41,31.06,28.13,31.40,30.18,30.44,20.17,19.84,20.32,20.48,21.41,20.35,21.11,19.64,17.68,19.23,29.70,29.95,30.66,30.65,29.94,28.69,30.18],
  [31.81,23.22,22.69,11.75,7.89,35.31,16.88,13.70,15.21,23.63,26.43,23.43,26.28,24.61,24.25,25.90,12.77,8.03,10.63,11.63,3.82,4.59,3.99,0.65,99.00,3.47,10.74,11.92,10.77,10.45,7.33,10.07,8.46,11.80,10.20,8.14,11.64,10.19,12.76,9.03,9.64,9.34,11.40,10.85,9.48,35.71,35.65,35.79,34.33,33.06,34.23,33.05,32.75,33.89,34.15,33.77,35.35,34.30,34.59,35.41,35.28,34.58,35.83,31.91,31.52,28.72,31.96,30.73,30.99,20.74,20.30,20.75,21.01,21.86,20.79,21.67,20.09,18.20,19.66,30.16,30.40,31.16,31.15,30.46,29.15,30.64],
  [33.29,23.93,24.73,14.02,6.52,37.41,17.37,14.71,17.42,25.57,28.02,25.07,27.80,26.19,25.99,27.31,14.49,8.95,11.25,12.08,5.64,5.98,1.27,4.05,3.47,99.00,12.21,13.97,13.34,12.47,8.87,12.18,9.92,14.27,11.44,10.09,13.45,11.65,13.84,10.95,11.59,11.55,13.61,12.92,11.29,36.99,36.91,37.06,35.75,34.54,35.59,34.34,34.15,35.22,35.47,35.11,36.58,35.65,35.84,36.77,36.51,35.88,37.07,33.30,32.62,30.82,33.76,32.54,32.79,22.75,21.51,21.75,22.65,22.99,21.89,23.65,21.25,19.84,20.64,31.26,31.42,32.57,32.52,32.01,30.24,31.73],
  [21.14,12.74,12.68,3.60,8.64,25.31,7.05,3.30,5.97,13.43,15.83,12.86,15.63,13.99,13.78,15.20,2.38,3.46,2.94,3.61,6.95,6.33,13.43,10.27,10.74,12.21,99.00,2.77,4.64,2.09,3.43,2.46,2.31,4.60,1.03,2.87,1.70,0.57,2.37,2.18,1.93,2.94,3.19,2.35,1.60,24.98,24.92,25.06,23.64,22.40,23.51,22.32,22.05,23.17,23.43,23.05,24.61,23.59,23.86,24.70,24.54,23.85,25.09,21.21,20.78,18.76,21.55,20.33,20.59,10.70,9.57,10.08,10.43,11.14,10.08,11.56,9.37,7.63,9.02,19.42,19.68,20.46,20.44,19.83,18.42,19.91],
  [20.04,12.98,10.81,1.05,11.21,23.47,8.37,4.69,3.50,11.71,14.63,11.62,14.54,12.83,12.37,14.27,1.66,5.87,5.70,6.25,8.38,7.99,15.11,11.36,11.92,13.97,2.77,99.00,2.66,1.49,5.20,1.85,4.35,2.12,3.78,3.88,1.13,3.12,4.11,3.02,2.38,2.61,0.88,1.06,2.76,24.11,24.07,24.19,22.59,21.30,22.55,21.47,21.04,22.24,22.50,22.12,23.79,22.63,23.03,23.73,23.72,22.95,24.25,20.23,20.18,16.87,20.04,18.82,19.08,8.84,9.19,10.03,9.22,10.81,9.87,9.76,9.12,6.49,9.12,18.83,19.20,19.47,19.48,18.66,17.88,19.32],
  [21.94,15.55,12.19,1.71,11.89,24.66,11.00,7.26,4.71,13.23,16.53,13.55,16.52,14.79,14.16,16.36,4.32,6.67,7.45,8.24,7.73,7.63,14.36,10.15,10.77,13.34,4.64,2.66,99.00,2.55,5.42,2.26,5.07,1.10,5.41,3.86,3.51,4.69,6.56,3.40,3.04,2.27,1.79,2.34,3.61,26.14,26.10,26.23,24.51,23.20,24.53,23.52,23.00,24.25,24.51,24.13,25.86,24.61,25.10,25.69,25.78,24.96,26.29,22.22,22.39,18.09,21.61,20.40,20.66,10.32,11.63,12.56,11.24,13.25,12.36,11.28,11.61,8.69,11.70,21.06,21.48,21.45,21.49,20.52,20.13,21.55],
  [21.43,13.93,12.30,1.80,9.94,24.96,8.78,4.97,4.97,13.19,16.03,13.03,15.92,14.22,13.81,15.61,2.54,4.58,4.93,5.69,6.89,6.50,13.61,9.90,10.45,12.47,2.09,1.49,2.55,99.00,3.75,0.50,2.99,2.64,2.89,2.39,1.39,2.18,4.16,1.53,0.90,1.28,1.34,0.47,1.37,25.46,25.41,25.54,23.98,22.69,23.91,22.81,22.41,23.60,23.86,23.48,25.13,23.99,24.37,25.10,25.05,24.30,25.58,21.59,21.45,18.37,21.51,20.28,20.54,10.33,10.34,11.07,10.61,11.96,10.97,11.25,10.23,7.84,10.10,20.09,20.43,20.84,20.84,20.06,19.12,20.58],
  [24.56,15.96,15.88,5.48,6.48,28.55,9.84,6.41,8.70,16.70,19.23,16.26,19.05,17.40,17.15,18.62,5.62,1.61,3.89,4.98,3.53,2.92,10.06,6.89,7.33,8.87,3.43,5.20,5.42,3.75,99.00,3.58,1.13,6.05,2.89,1.56,4.58,2.87,5.46,2.23,2.85,3.19,5.02,4.21,2.45,28.41,28.34,28.48,27.06,25.82,26.94,25.75,25.47,26.59,26.85,26.48,28.03,27.01,27.28,28.13,27.96,27.28,28.51,24.63,24.18,21.97,24.91,23.68,23.94,13.90,12.97,13.42,13.83,14.53,13.46,14.79,12.76,11.01,12.34,22.82,23.07,23.89,23.86,23.25,21.82,23.30],
  [21.87,14.43,12.64,1.90,9.91,25.30,9.26,5.44,5.24,13.56,16.46,13.45,16.36,14.66,14.22,16.06,3.03,4.57,5.19,6.00,6.57,6.23,13.30,9.51,10.07,12.18,2.46,1.85,2.26,0.50,3.58,99.00,2.96,2.55,3.15,2.12,1.90,2.45,4.62,1.35,0.82,0.79,1.45,0.79,1.39,25.91,25.86,25.99,24.41,23.13,24.36,23.26,22.86,24.05,24.31,23.93,25.58,24.43,24.82,25.54,25.51,24.75,26.04,22.04,21.92,18.70,21.89,20.67,20.93,10.68,10.83,11.57,11.04,12.45,11.46,11.61,10.72,8.28,10.60,20.57,20.91,21.28,21.29,20.49,19.60,21.06],
  [23.45,14.85,14.88,4.79,6.95,27.54,8.80,5.30,7.84,15.67,18.14,15.17,17.94,16.30,16.07,17.50,4.58,1.62,3.10,4.16,4.65,4.02,11.13,8.02,8.46,9.92,2.31,4.35,5.07,2.99,1.13,2.96,99.00,5.51,1.78,1.47,3.60,1.75,4.34,1.67,2.15,2.81,4.33,3.45,1.63,27.28,27.22,27.36,25.95,24.71,25.82,24.62,24.36,25.47,25.73,25.36,26.91,25.89,26.16,27.01,26.84,26.15,27.39,23.52,23.06,20.97,23.84,22.62,22.87,12.89,11.85,12.30,12.74,13.40,12.33,13.77,11.63,9.93,11.21,21.69,21.94,22.77,22.75,22.14,20.69,22.18],
  [20.86,14.68,11.10,1.08,12.45,23.59,10.44,6.81,3.62,12.13,15.45,12.48,15.44,13.72,13.07,15.31,3.73,7.13,7.53,8.20,8.64,8.46,15.32,11.19,11.80,14.27,4.60,2.12,1.10,2.64,6.05,2.55,5.51,99.00,5.50,4.51,3.18,4.79,6.22,3.88,3.37,2.87,1.42,2.27,3.93,25.06,25.03,25.15,23.43,22.11,23.45,22.45,21.92,23.17,23.43,23.05,24.79,23.53,24.03,24.61,24.71,23.88,25.22,21.14,21.35,17.01,20.52,19.31,19.56,9.22,10.68,11.66,10.18,12.29,11.43,10.18,10.68,7.67,10.85,20.03,20.45,20.38,20.41,19.43,19.11,20.52],
  [21.85,13.08,13.61,4.55,7.62,26.21,7.06,3.53,7.00,14.32,16.58,13.64,16.36,14.75,14.60,15.88,3.37,2.54,2.04,2.89,6.38,5.68,12.68,9.77,10.20,11.44,1.03,3.78,5.41,2.89,2.89,3.15,1.78,5.50,99.00,2.84,2.73,0.72,2.57,2.42,2.45,3.44,4.12,3.23,1.94,25.62,25.55,25.69,24.32,23.10,24.18,22.96,22.73,23.82,24.08,23.71,25.23,24.25,24.48,25.37,25.16,24.50,25.71,21.88,21.34,19.68,22.37,21.15,21.41,11.64,10.15,10.55,11.23,11.68,10.60,12.47,9.92,8.44,9.46,19.98,20.21,21.14,21.11,20.57,18.97,20.46],
  [23.67,15.61,14.68,4.01,8.03,27.35,9.84,6.15,7.35,15.56,18.30,15.30,18.15,16.47,16.12,17.79,4.64,2.92,4.51,5.54,4.50,4.12,11.22,7.62,8.14,10.09,2.87,3.88,3.86,2.39,1.56,2.12,1.47,4.51,2.84,99.00,3.50,2.44,5.21,0.89,1.52,1.64,3.57,2.83,1.37,27.62,27.57,27.70,26.20,24.93,26.11,24.97,24.63,25.78,26.04,25.67,27.28,26.19,26.52,27.30,27.20,26.48,27.74,23.80,23.51,20.75,23.85,22.62,22.88,12.70,12.32,12.91,12.87,13.92,12.88,13.62,12.15,10.07,11.87,22.15,22.45,23.05,23.04,22.32,21.16,22.64],
  [20.18,12.54,11.30,2.11,10.29,23.97,7.52,3.75,4.31,12.12,14.80,11.80,14.66,12.98,12.63,14.32,1.17,5.00,4.59,5.12,7.96,7.47,14.62,11.11,11.64,13.45,1.70,1.13,3.51,1.39,4.58,1.90,3.60,3.18,2.73,3.50,99.00,2.12,3.07,2.61,2.01,2.67,1.79,1.27,2.18,24.16,24.10,24.24,22.71,21.44,22.63,21.50,21.14,22.31,22.57,22.19,23.82,22.71,23.06,23.82,23.74,23.00,24.28,20.31,20.10,17.39,20.37,19.15,19.40,9.31,8.96,9.68,9.37,10.58,9.58,10.21,8.84,6.57,8.71,18.75,19.07,19.56,19.56,18.83,17.77,19.24],
  [21.71,13.23,13.23,3.85,8.17,25.87,7.41,3.72,6.43,13.99,16.39,13.43,16.19,14.56,14.35,15.76,2.92,2.92,2.76,3.57,6.39,5.76,12.86,9.73,10.19,11.65,0.57,3.12,4.69,2.18,2.87,2.45,1.75,4.79,0.72,2.44,2.12,99.00,2.77,1.86,1.77,2.79,3.41,2.52,1.32,25.54,25.48,25.61,24.20,22.96,24.07,22.88,22.61,23.73,23.98,23.61,25.17,24.14,24.41,25.26,25.10,24.41,25.65,21.77,21.33,19.32,22.12,20.89,21.15,11.25,10.11,10.60,11.00,11.68,10.62,12.11,9.91,8.19,9.53,19.97,20.22,21.02,21.00,20.40,18.96,20.45],
  [19.47,10.51,11.81,5.14,9.30,24.22,4.69,0.96,6.26,12.39,14.29,11.42,14.02,12.47,12.45,13.48,2.70,4.90,2.91,2.78,8.94,8.21,15.09,12.34,12.76,13.84,2.37,4.11,6.56,4.16,5.46,4.62,4.34,6.22,2.57,5.21,3.07,2.77,99.00,4.54,4.25,5.23,4.85,4.24,3.97,23.15,23.08,23.22,21.92,20.71,21.74,20.50,20.31,21.38,21.63,21.26,22.75,21.81,22.00,22.93,22.68,22.04,23.24,19.46,18.83,17.78,20.18,18.97,19.23,9.90,7.67,8.00,9.06,9.17,8.08,10.64,7.41,6.37,6.90,17.47,17.67,18.73,18.68,18.23,16.45,17.94],
  [22.79,14.84,13.80,3.24,8.57,26.47,9.23,5.47,6.51,14.67,17.41,14.41,17.27,15.59,15.23,16.92,3.76,3.28,4.33,5.28,5.39,4.97,12.10,8.50,9.03,10.95,2.18,3.02,3.40,1.53,2.23,1.35,1.67,3.88,2.42,0.89,2.61,1.86,4.54,99.00,0.64,1.16,2.79,1.99,0.58,26.75,26.70,26.83,25.32,24.05,25.24,24.09,23.75,24.91,25.17,24.79,26.40,25.31,25.65,26.42,26.33,25.60,26.87,22.92,22.66,19.88,22.96,21.73,21.99,11.82,11.47,12.10,11.98,13.08,12.05,12.74,11.32,9.18,11.07,21.30,21.60,22.16,22.16,21.44,20.31,21.79],
  [22.19,14.39,13.16,2.66,9.10,25.83,8.94,5.14,5.87,14.03,16.80,13.80,16.67,14.98,14.61,16.33,3.18,3.76,4.46,5.33,6.03,5.61,12.74,9.11,9.64,11.59,1.93,2.38,3.04,0.90,2.85,0.82,2.15,3.37,2.45,1.52,2.01,1.77,4.25,0.64,99.00,1.02,2.20,1.36,0.57,26.17,26.12,26.25,24.72,23.45,24.64,23.51,23.15,24.32,24.58,24.20,25.83,24.72,25.07,25.83,25.75,25.02,26.29,22.33,22.10,19.23,22.33,21.10,21.36,11.18,10.94,11.60,11.37,12.55,11.53,12.10,10.80,8.58,10.59,20.75,21.06,21.57,21.57,20.83,19.76,21.23],
  [22.64,15.19,13.36,2.47,9.64,25.99,9.90,6.09,5.91,14.29,17.23,14.23,17.14,15.43,14.98,16.85,3.81,4.40,5.42,6.33,5.91,5.65,12.65,8.77,9.34,11.55,2.94,2.61,2.27,1.28,3.19,0.79,2.81,2.87,3.44,1.64,2.67,2.79,5.23,1.16,1.02,99.00,2.07,1.57,1.51,26.69,26.65,26.78,25.19,23.90,25.14,24.05,23.64,24.83,25.09,24.71,26.37,25.22,25.61,26.32,26.30,25.53,26.83,22.82,22.71,19.39,22.64,21.42,21.68,11.40,11.61,12.35,11.82,13.24,12.25,12.34,11.50,9.07,11.37,21.36,21.70,22.06,22.07,21.26,20.39,21.85],
  [20.72,13.85,11.30,0.46,11.28,23.92,9.22,5.50,3.83,12.25,15.30,12.30,15.23,13.52,13.00,15.00,2.53,5.92,6.12,6.78,7.98,7.68,14.72,10.82,11.40,13.61,3.19,0.88,1.79,1.34,5.02,1.45,4.33,1.42,4.12,3.57,1.79,3.41,4.85,2.79,2.20,2.07,99.00,0.91,2.70,24.83,24.79,24.91,23.28,21.98,23.25,22.19,21.74,22.95,23.22,22.83,24.52,23.33,23.76,24.43,24.45,23.66,24.97,20.93,20.95,17.33,20.62,19.40,19.65,9.35,10.02,10.89,9.92,11.65,10.71,10.29,9.96,7.24,9.99,19.61,19.99,20.17,20.19,19.32,18.66,20.10],
  [21.08,13.75,11.87,1.37,10.39,24.53,8.77,4.98,4.52,12.78,15.67,12.66,15.57,13.86,13.43,15.28,2.32,5.03,5.26,5.96,7.32,6.95,14.05,10.30,10.85,12.92,2.35,1.06,2.34,0.47,4.21,0.79,3.45,2.27,3.23,2.83,1.27,2.52,4.24,1.99,1.36,1.57,0.91,99.00,1.82,25.12,25.07,25.20,23.62,22.34,23.57,22.47,22.07,23.26,23.52,23.14,24.80,23.65,24.04,24.75,24.73,23.96,25.25,21.25,21.15,17.93,21.11,19.88,20.14,9.90,10.08,10.86,10.25,11.71,10.73,10.83,9.99,7.50,9.91,19.80,20.15,20.49,20.50,19.70,18.83,20.29],
  [22.32,14.27,13.45,3.17,8.57,26.12,8.65,4.89,6.26,14.29,16.95,13.96,16.80,15.13,14.81,16.43,3.29,3.22,3.92,4.82,5.79,5.31,12.45,8.98,9.48,11.29,1.60,2.76,3.61,1.37,2.45,1.39,1.63,3.93,1.94,1.37,2.18,1.32,3.97,0.58,0.57,1.51,2.70,1.82,99.00,26.26,26.20,26.34,24.84,23.58,24.75,23.60,23.27,24.42,24.68,24.30,25.91,24.83,25.15,25.94,25.83,25.11,26.38,22.44,22.14,19.54,22.55,21.32,21.58,11.47,10.94,11.54,11.53,12.54,11.51,12.37,10.78,8.72,10.51,20.78,21.07,21.69,21.67,20.98,19.79,21.27],
  [4.43,13.73,14.68,24.62,31.79,9.89,20.14,22.27,21.49,13.47,9.66,12.59,9.62,11.35,12.11,9.84,23.00,28.04,25.80,25.10,31.93,31.29,38.24,35.23,35.71,36.99,24.98,24.11,26.14,25.46,28.41,25.91,27.28,25.06,25.62,27.62,24.16,25.54,23.15,26.75,26.17,26.69,24.83,25.12,26.26,99.00,0.17,0.12,2.13,3.35,1.73,2.66,3.23,1.91,1.65,2.03,0.61,1.64,1.18,0.99,0.64,1.19,0.29,3.94,4.66,11.19,6.86,7.48,7.33,16.14,15.48,15.30,14.91,14.01,15.11,15.23,15.74,17.62,16.42,5.90,6.02,4.70,4.65,5.89,6.92,5.49],
  [4.45,13.62,14.68,24.58,31.70,10.04,20.04,22.20,21.46,13.47,9.64,12.56,9.59,11.32,12.09,9.79,22.94,27.97,25.72,25.01,31.87,31.22,38.17,35.17,35.65,36.91,24.92,24.07,26.10,25.41,28.34,25.86,27.22,25.03,25.55,27.57,24.10,25.48,23.08,26.70,26.12,26.65,24.79,25.07,26.20,0.17,99.00,0.15,2.21,3.40,1.77,2.60,3.24,1.90,1.64,2.02,0.45,1.68,1.08,1.13,0.48,1.19,0.20,3.93,4.54,11.26,6.95,7.55,7.40,16.13,15.41,15.21,14.87,13.93,15.03,15.22,15.67,17.58,16.33,5.80,5.90,4.68,4.62,5.91,6.82,5.38],
  [4.53,13.77,14.78,24.71,31.85,9.99,20.19,22.34,21.58,13.57,9.75,12.68,9.71,11.44,12.20,9.92,23.07,28.11,25.86,25.16,32.01,31.36,38.31,35.30,35.79,37.06,25.06,24.19,26.23,25.54,28.48,25.99,27.36,25.15,25.69,27.70,24.24,25.61,23.22,26.83,26.25,26.78,24.91,25.20,26.34,0.12,0.15,99.00,2.25,3.46,1.84,2.74,3.33,2.01,1.75,2.13,0.60,1.75,1.23,1.10,0.63,1.29,0.19,4.04,4.69,11.30,6.98,7.59,7.44,16.24,15.55,15.36,15.00,14.08,15.17,15.33,15.81,17.71,16.48,5.95,6.05,4.79,4.74,6.00,6.97,5.53],
  [2.57,13.06,12.81,23.04,30.77,8.16,19.23,21.07,19.83,11.61,7.99,10.98,8.06,9.76,10.38,8.45,21.56,26.80,24.64,24.01,30.58,29.96,36.99,33.82,34.33,35.75,23.64,22.59,24.51,23.98,27.06,24.41,25.95,23.43,24.32,26.20,22.71,24.20,21.92,25.32,24.72,25.19,23.28,23.62,24.84,2.13,2.21,2.25,99.00,1.34,0.72,2.04,1.61,1.12,1.10,1.15,2.33,0.77,1.99,1.29,2.27,1.28,2.41,2.47,4.48,9.06,4.74,5.36,5.20,14.37,14.27,14.25,13.37,12.90,13.99,13.44,14.57,16.14,15.36,5.40,5.80,3.18,3.25,4.02,6.31,5.12],
  [1.26,12.15,11.47,21.74,29.64,7.82,18.17,19.89,18.50,10.27,6.68,9.68,6.78,8.47,9.05,7.23,20.30,25.58,23.47,22.86,29.33,28.72,35.77,32.55,33.06,34.54,22.40,21.30,23.20,22.69,25.82,23.13,24.71,22.11,23.10,24.93,21.44,22.96,20.71,24.05,23.45,23.90,21.98,22.34,23.58,3.35,3.40,3.46,1.34,99.00,1.64,2.01,0.81,1.68,1.87,1.60,3.40,1.73,2.84,2.61,3.33,2.27,3.60,1.49,4.16,7.88,3.76,4.18,4.05,13.04,13.09,13.15,12.09,11.78,12.86,12.10,13.42,14.87,14.24,4.78,5.33,2.06,2.20,2.69,5.56,4.61],
  [2.70,12.68,12.97,23.03,30.52,8.87,18.93,20.89,19.86,11.76,8.01,10.97,8.02,9.74,10.44,8.32,21.48,26.63,24.44,23.78,30.46,29.83,36.83,33.73,34.23,35.59,23.51,22.55,24.53,23.91,26.94,24.36,25.82,23.45,24.18,26.11,22.63,24.07,21.74,25.24,24.64,25.14,23.25,23.57,24.75,1.73,1.77,1.84,0.72,1.64,99.00,1.47,1.53,0.47,0.38,0.54,1.77,0.09,1.30,1.19,1.70,0.64,1.97,2.32,3.90,9.51,5.29,5.81,5.67,14.47,14.08,14.00,13.33,12.67,13.76,13.54,14.37,16.08,15.11,4.91,5.25,3.08,3.08,4.17,5.87,4.60],
  [2.39,11.24,12.25,21.99,29.18,9.81,17.56,19.62,18.89,11.04,7.11,9.99,7.02,8.75,9.58,7.19,20.34,25.39,23.15,22.47,29.27,28.63,35.59,32.57,33.05,34.34,22.32,21.47,23.52,22.81,25.75,23.26,24.62,22.45,22.96,24.97,21.50,22.88,20.50,24.09,23.51,24.05,22.19,22.47,23.60,2.66,2.60,2.74,2.04,2.01,1.47,99.00,1.29,1.01,1.21,0.93,2.34,1.50,1.58,2.54,2.26,1.56,2.78,1.54,2.45,9.48,5.67,5.88,5.80,13.63,12.82,12.67,12.29,11.37,12.47,12.73,13.09,14.98,13.79,3.45,3.78,2.22,2.10,3.68,4.42,3.13],
  [1.23,11.52,11.45,21.51,29.16,8.61,17.63,19.47,18.33,10.24,6.48,9.45,6.50,8.22,8.91,6.85,19.99,25.20,23.04,22.40,28.99,28.37,35.39,32.24,32.75,34.15,22.05,21.04,23.00,22.41,25.47,22.86,24.36,21.92,22.73,24.63,21.14,22.61,20.31,23.75,23.15,23.64,21.74,22.07,23.27,3.23,3.24,3.33,1.61,0.81,1.53,1.29,99.00,1.34,1.59,1.23,3.13,1.62,2.45,2.69,3.05,2.05,3.44,0.86,3.35,8.28,4.37,4.63,4.54,12.94,12.66,12.64,11.82,11.29,12.38,12.01,12.97,14.58,13.75,4.01,4.54,1.58,1.64,2.67,4.84,3.82],
  [2.57,12.24,12.78,22.74,30.12,9.19,18.52,20.52,19.59,11.56,7.75,10.69,7.73,9.45,10.20,7.99,21.15,26.27,24.06,23.39,30.12,29.48,36.47,33.39,33.89,35.22,23.17,22.24,24.25,23.60,26.59,24.05,25.47,23.17,23.82,25.78,22.31,23.73,21.38,24.91,24.32,24.83,22.95,23.26,24.42,1.91,1.90,2.01,1.12,1.68,0.47,1.01,1.34,99.00,0.26,0.12,1.79,0.49,1.16,1.57,1.71,0.72,2.10,2.04,3.43,9.53,5.43,5.84,5.73,14.24,13.71,13.60,13.03,12.28,13.38,13.32,13.99,15.76,14.71,4.46,4.78,2.80,2.76,4.01,5.42,4.14],
  [2.81,12.45,13.03,23.00,30.36,9.24,18.75,20.77,19.85,11.82,8.01,10.96,7.99,9.72,10.46,8.25,21.41,26.52,24.31,23.63,30.38,29.74,36.72,33.65,34.15,35.47,23.43,22.50,24.51,23.86,26.85,24.31,25.73,23.43,24.08,26.04,22.57,23.98,21.63,25.17,24.58,25.09,23.22,23.52,24.68,1.65,1.64,1.75,1.10,1.87,0.38,1.21,1.59,0.26,99.00,0.38,1.55,0.35,0.98,1.33,1.48,0.46,1.85,2.30,3.59,9.74,5.59,6.04,5.92,14.50,13.96,13.84,13.30,12.53,13.63,13.58,14.24,16.02,14.96,4.66,4.95,3.06,3.02,4.27,5.63,4.32],
  [2.46,12.14,12.66,22.62,30.01,9.17,18.41,20.40,19.47,11.45,7.63,10.57,7.61,9.33,10.08,7.87,21.03,26.15,23.95,23.28,30.00,29.37,36.35,33.28,33.77,35.11,23.05,22.12,24.13,23.48,26.48,23.93,25.36,23.05,23.71,25.67,22.19,23.61,21.26,24.79,24.20,24.71,22.83,23.14,24.30,2.03,2.02,2.13,1.15,1.60,0.54,0.93,1.23,0.12,0.38,99.00,1.90,0.58,1.25,1.68,1.82,0.84,2.22,1.91,3.37,9.44,5.35,5.75,5.64,14.12,13.59,13.49,12.91,12.17,13.27,13.20,13.88,15.64,14.60,4.37,4.71,2.67,2.64,3.90,5.33,4.06],
  [4.35,13.23,14.52,24.32,31.34,10.32,19.67,21.87,21.23,13.31,9.43,12.32,9.36,11.08,11.89,9.52,22.65,27.65,25.37,24.66,31.56,30.90,37.84,34.87,35.35,36.58,24.61,23.79,25.86,25.13,28.03,25.58,26.91,24.79,25.23,27.28,23.82,25.17,22.75,26.40,25.83,26.37,24.52,24.80,25.91,0.61,0.45,0.60,2.33,3.40,1.77,2.34,3.13,1.79,1.55,1.90,99.00,1.67,0.76,1.43,0.08,1.13,0.52,3.75,4.13,11.28,7.04,7.57,7.44,15.94,15.08,14.86,14.62,13.59,14.69,15.03,15.34,17.30,15.98,5.41,5.49,4.49,4.40,5.79,6.44,4.99],
  [2.79,12.72,13.05,23.11,30.58,8.93,18.98,20.95,19.94,11.85,8.09,11.05,8.10,9.82,10.52,8.40,21.55,26.70,24.50,23.84,30.53,29.90,36.90,33.80,34.30,35.65,23.59,22.63,24.61,23.99,27.01,24.43,25.89,23.53,24.25,26.19,22.71,24.14,21.81,25.31,24.72,25.22,23.33,23.65,24.83,1.64,1.68,1.75,0.77,1.73,0.09,1.50,1.62,0.49,0.35,0.58,1.67,99.00,1.23,1.12,1.61,0.56,1.88,2.40,3.91,9.61,5.38,5.90,5.76,14.55,14.14,14.05,13.41,12.73,13.83,13.63,14.43,16.15,15.17,4.94,5.27,3.16,3.15,4.26,5.90,4.62],
  [3.68,12.55,13.79,23.56,30.62,10.13,18.96,21.12,20.47,12.57,8.68,11.57,8.60,10.32,11.14,8.76,21.89,26.90,24.64,23.93,30.81,30.15,37.09,34.11,34.59,35.84,23.86,23.03,25.10,24.37,27.28,24.82,26.16,24.03,24.48,26.52,23.06,24.41,22.00,25.65,25.07,25.61,23.76,24.04,25.15,1.18,1.08,1.23,1.99,2.84,1.30,1.58,2.45,1.16,0.98,1.25,0.76,1.23,99.00,1.55,0.69,0.71,1.24,3.02,3.48,10.69,6.56,7.00,6.89,15.19,14.34,14.13,13.86,12.85,13.95,14.29,14.59,16.54,15.25,4.72,4.85,3.75,3.65,5.10,5.74,4.31],
  [3.80,13.79,14.06,24.20,31.69,8.91,20.08,22.07,21.02,12.86,9.17,12.14,9.19,10.91,11.59,9.51,22.66,27.82,25.62,24.95,31.65,31.02,38.02,34.92,35.41,36.77,24.70,23.73,25.69,25.10,28.13,25.54,27.01,24.61,25.37,27.30,23.82,25.26,22.93,26.42,25.83,26.32,24.43,24.75,25.94,0.99,1.13,1.10,1.29,2.61,1.19,2.54,2.69,1.57,1.33,1.68,1.43,1.12,1.55,99.00,1.41,1.03,1.28,3.50,4.85,10.32,5.94,6.62,6.46,15.60,15.26,15.17,14.51,13.84,14.94,14.67,15.55,17.26,16.28,5.98,6.23,4.26,4.27,5.27,6.96,5.62],
  [4.28,13.17,14.45,24.25,31.27,10.28,19.60,21.80,21.15,13.23,9.35,12.25,9.28,11.00,11.82,9.45,22.58,27.58,25.30,24.59,31.49,30.83,37.77,34.80,35.28,36.51,24.54,23.72,25.78,25.05,27.96,25.51,26.84,24.71,25.16,27.20,23.74,25.10,22.68,26.33,25.75,26.30,24.45,24.73,25.83,0.64,0.48,0.63,2.27,3.33,1.70,2.26,3.05,1.71,1.48,1.82,0.08,1.61,0.69,1.41,99.00,1.06,0.58,3.67,4.08,11.21,6.98,7.50,7.37,15.86,15.01,14.80,14.54,13.53,14.62,14.96,15.27,17.23,15.92,5.35,5.43,4.41,4.33,5.72,6.37,4.93],
  [3.26,12.79,13.49,23.45,30.75,9.42,19.12,21.18,20.31,12.28,8.47,11.41,8.44,10.17,10.92,8.69,21.84,26.94,24.71,24.03,30.80,30.16,37.14,34.08,34.58,35.88,23.85,22.95,24.96,24.30,27.28,24.75,26.15,23.88,24.50,26.48,23.00,24.41,22.04,25.60,25.02,25.53,23.66,23.96,25.11,1.19,1.19,1.29,1.28,2.27,0.64,1.56,2.05,0.72,0.46,0.84,1.13,0.56,0.71,1.03,1.06,99.00,1.39,2.75,3.83,10.15,5.94,6.44,6.31,14.96,14.37,14.23,13.74,12.93,14.03,14.04,14.65,16.46,15.35,4.96,5.20,3.51,3.47,4.72,5.96,4.60],
  [4.65,13.75,14.88,24.77,31.85,10.18,20.18,22.36,21.65,13.67,9.83,12.75,9.78,11.50,12.29,9.97,23.12,28.14,25.87,25.16,32.04,31.39,38.33,35.34,35.83,37.07,25.09,24.25,26.29,25.58,28.51,26.04,27.39,25.22,25.71,27.74,24.28,25.65,23.24,26.87,26.29,26.83,24.97,25.25,26.38,0.29,0.20,0.19,2.41,3.60,1.97,2.78,3.44,2.10,1.85,2.22,0.52,1.88,1.24,1.28,0.58,1.39,99.00,4.12,4.66,11.46,7.14,7.75,7.60,16.33,15.57,15.36,15.06,14.09,15.19,15.42,15.83,17.76,16.49,5.93,6.01,4.87,4.81,6.11,6.95,5.51],
  [0.99,10.69,10.77,20.71,28.30,8.99,16.77,18.61,17.56,9.56,5.72,8.66,5.70,7.42,8.17,6.01,19.16,24.35,22.18,21.54,28.15,27.53,34.54,31.41,31.91,33.30,21.21,20.23,22.22,21.59,24.63,22.04,23.52,21.14,21.88,23.80,20.31,21.77,19.46,22.92,22.33,22.82,20.93,21.25,22.44,3.94,3.93,4.04,2.47,1.49,2.32,1.54,0.86,2.04,2.30,1.91,3.75,2.40,3.02,3.50,3.67,2.75,4.12,99.00,2.91,8.00,4.45,4.47,4.43,12.21,11.81,11.79,11.01,10.43,11.53,11.29,12.11,13.76,12.89,3.32,3.94,0.76,0.78,2.14,4.08,3.21],
  [3.86,9.10,11.88,20.79,27.26,11.89,15.57,17.92,17.88,10.68,6.62,9.12,6.31,7.92,9.00,6.12,18.93,23.71,21.38,20.63,27.71,27.02,33.88,31.06,31.52,32.62,20.78,20.18,22.39,21.45,24.18,21.92,23.06,21.35,21.34,23.51,20.10,21.33,18.83,22.66,22.10,22.71,20.95,21.15,22.14,4.66,4.54,4.69,4.48,4.16,3.90,2.45,3.35,3.43,3.59,3.37,4.13,3.91,3.48,4.85,4.08,3.83,4.66,2.91,99.00,10.37,7.30,7.14,7.15,12.96,11.21,10.86,11.20,9.66,10.75,12.13,11.43,13.72,11.98,1.36,1.37,3.00,2.72,4.50,2.38,0.89],
  [7.10,13.25,6.09,16.97,27.08,6.60,17.05,17.21,13.51,5.40,5.62,7.00,6.28,6.59,5.80,7.31,16.40,22.21,20.69,20.42,25.25,24.84,31.97,28.13,28.72,30.82,18.76,16.87,18.09,18.37,21.97,18.70,20.97,17.01,19.68,20.75,17.39,19.32,17.78,19.88,19.23,19.39,17.33,17.93,19.54,11.19,11.26,11.30,9.06,7.88,9.51,9.48,8.28,9.53,9.74,9.44,11.28,9.61,10.69,10.32,11.21,10.15,11.46,8.00,10.37,99.00,4.50,3.71,3.87,8.07,11.51,12.36,8.93,11.07,11.81,7.21,11.96,11.42,13.12,9.88,10.70,7.52,7.77,5.94,9.83,10.13],
  [3.46,13.26,9.45,20.31,29.41,4.97,18.44,19.46,16.91,8.39,6.03,8.76,6.48,7.78,7.77,7.35,19.29,24.91,23.06,22.60,28.33,27.82,34.96,31.40,31.96,33.76,21.55,20.04,21.61,21.51,24.91,21.89,23.84,20.52,22.37,23.85,20.37,22.12,20.18,22.96,22.33,22.64,20.62,21.11,22.55,6.86,6.95,6.98,4.74,3.76,5.29,5.67,4.37,5.43,5.59,5.35,7.04,5.38,6.56,5.94,6.98,5.94,7.14,4.45,7.30,4.50,99.00,1.23,0.97,11.30,12.97,13.40,11.15,11.99,12.98,10.34,13.37,13.93,14.39,7.36,8.11,4.34,4.61,3.15,7.77,7.41],
  [3.51,12.30,8.25,19.10,28.21,5.85,17.31,18.26,15.70,7.17,4.89,7.55,5.38,6.60,6.55,6.29,18.06,23.69,21.85,21.41,27.11,26.60,33.74,30.18,30.73,32.54,20.33,18.82,20.40,20.28,23.68,20.67,22.62,19.31,21.15,22.62,19.15,20.89,18.97,21.73,21.10,21.42,19.40,19.88,21.32,7.48,7.55,7.59,5.36,4.18,5.81,5.88,4.63,5.84,6.04,5.75,7.57,5.90,7.00,6.62,7.50,6.44,7.75,4.47,7.14,3.71,1.23,99.00,0.26,10.08,11.81,12.29,9.93,10.89,11.85,9.13,12.21,12.71,13.26,6.98,7.77,4.15,4.42,2.69,7.23,7.11],
  [3.45,12.49,8.50,19.35,28.46,5.66,17.55,18.51,15.95,7.43,5.12,7.81,5.60,6.84,6.81,6.51,18.32,23.95,22.10,21.65,27.37,26.86,34.00,30.44,30.99,32.79,20.59,19.08,20.66,20.54,23.94,20.93,22.87,19.56,21.41,22.88,19.40,21.15,19.23,21.99,21.36,21.68,19.65,20.14,21.58,7.33,7.40,7.44,5.20,4.05,5.67,5.80,4.54,5.73,5.92,5.64,7.44,5.76,6.89,6.46,7.37,6.31,7.60,4.43,7.15,3.87,0.97,0.26,99.00,10.34,12.05,12.52,10.19,11.11,12.08,9.39,12.45,12.97,13.49,7.03,7.82,4.15,4.43,2.74,7.32,7.15],
  [11.81,9.48,1.98,9.03,19.13,14.66,10.26,9.44,5.61,2.91,6.52,3.87,6.68,5.04,4.05,6.88,8.33,14.15,12.77,12.62,17.21,16.77,23.92,20.17,20.74,22.75,10.70,8.84,10.32,10.33,13.90,10.68,12.89,9.22,11.64,12.70,9.31,11.25,9.90,11.82,11.18,11.40,9.35,9.90,11.47,16.14,16.13,16.24,14.37,13.04,14.47,13.63,12.94,14.24,14.50,14.12,15.94,14.55,15.19,15.60,15.86,14.96,16.33,12.21,12.96,8.07,11.30,10.08,10.34,99.00,5.66,6.98,2.77,6.42,6.39,0.96,6.05,3.78,7.13,11.76,12.36,11.46,11.54,10.35,11.01,12.23],
  [11.87,4.28,6.68,9.94,16.58,17.44,5.57,6.81,7.71,6.55,6.94,4.52,6.55,5.23,5.72,5.88,7.80,12.57,10.38,9.77,16.50,15.83,22.77,19.84,20.30,21.51,9.57,9.19,11.63,10.34,12.97,10.83,11.85,10.68,10.15,12.32,8.96,10.11,7.67,11.47,10.94,11.61,10.02,10.08,10.94,15.48,15.41,15.55,14.27,13.09,14.08,12.82,12.66,13.71,13.96,13.59,15.08,14.14,14.34,15.26,15.01,14.37,15.57,11.81,11.21,11.51,12.97,11.81,12.05,5.66,99.00,1.35,3.05,1.63,0.84,5.73,0.45,3.29,1.64,9.85,10.13,11.09,11.03,10.70,8.85,10.34],
  [11.96,3.06,7.89,10.86,16.53,18.03,5.07,7.08,8.87,7.63,7.41,5.38,6.93,5.85,6.58,6.11,8.54,12.86,10.52,9.80,16.93,16.21,23.01,20.32,20.75,21.75,10.08,10.03,12.56,11.07,13.42,11.57,12.30,11.66,10.55,12.91,9.68,10.60,8.00,12.10,11.60,12.35,10.89,10.86,11.54,15.30,15.21,15.36,14.25,13.15,14.00,12.67,12.64,13.60,13.84,13.49,14.86,14.05,14.13,15.17,14.80,14.23,15.36,11.79,10.86,12.36,13.40,12.29,12.52,6.98,1.35,99.00,4.30,1.41,0.60,6.99,1.09,4.54,1.12,9.51,9.68,11.10,11.01,10.90,8.49,9.98],
  [10.83,6.71,3.65,9.71,18.34,15.21,8.24,8.39,6.69,3.66,5.43,2.43,5.32,3.61,3.39,5.12,8.24,13.76,11.95,11.58,17.30,16.74,23.86,20.48,21.01,22.65,10.43,9.22,11.24,10.61,13.83,11.04,12.74,10.18,11.23,12.87,9.37,11.00,9.06,11.98,11.37,11.82,9.92,10.25,11.53,14.91,14.87,15.00,13.37,12.09,13.33,12.29,11.82,13.03,13.30,12.91,14.62,13.41,13.86,14.51,14.54,13.74,15.06,11.01,11.20,8.93,11.15,9.93,10.19,2.77,3.05,4.30,99.00,3.65,3.70,2.69,3.47,2.81,4.64,9.90,10.39,10.25,10.27,9.46,9.03,10.39],
  [10.58,3.07,7.01,11.56,17.87,16.65,6.48,8.28,9.23,6.59,6.01,4.18,5.52,4.51,5.35,4.70,9.42,14.06,11.79,11.11,18.05,17.36,24.24,21.41,21.86,22.99,11.14,10.81,13.25,11.96,14.53,12.45,13.40,12.29,11.68,13.92,10.58,11.68,9.17,13.08,12.55,13.24,11.65,11.71,12.54,14.01,13.93,14.08,12.90,11.78,12.67,11.37,11.29,12.28,12.53,12.17,13.59,12.73,12.85,13.84,13.53,12.93,14.09,10.43,9.66,11.07,11.99,10.89,11.11,6.42,1.63,1.41,3.65,99.00,1.10,6.24,1.77,4.77,2.47,8.30,8.54,9.74,9.65,9.50,7.29,8.78],
  [11.66,3.44,7.29,10.66,16.78,17.56,5.47,7.18,8.52,7.04,6.96,4.82,6.51,5.35,6.02,5.74,8.43,12.97,10.69,10.01,16.98,16.28,23.15,20.35,20.79,21.89,10.08,9.87,12.36,10.97,13.46,11.46,12.33,11.43,10.60,12.88,9.58,10.62,8.08,12.05,11.53,12.25,10.71,10.73,11.51,15.11,15.03,15.17,13.99,12.86,13.76,12.47,12.38,13.38,13.63,13.27,14.69,13.83,13.95,14.94,14.62,14.03,15.19,11.53,10.75,11.81,12.98,11.85,12.08,6.39,0.84,0.60,3.70,1.10,99.00,6.39,0.75,4.12,1.42,9.39,9.61,10.83,10.75,10.55,8.37,9.86],
  [10.88,9.26,1.17,9.98,19.92,13.77,10.67,10.14,6.57,1.96,5.63,3.16,5.83,4.25,3.16,6.12,9.20,15.00,13.54,13.34,18.12,17.67,24.82,21.11,21.67,23.65,11.56,9.76,11.28,11.25,14.79,11.61,13.77,10.18,12.47,13.62,10.21,12.11,10.64,12.74,12.10,12.34,10.29,10.83,12.37,15.23,15.22,15.33,13.44,12.10,13.54,12.73,12.01,13.32,13.58,13.20,15.03,13.63,14.29,14.67,14.96,14.04,15.42,11.29,12.13,7.21,10.34,9.13,9.39,0.96,5.73,6.99,2.69,6.24,6.39,99.00,6.14,4.37,7.29,10.96,11.59,10.55,10.63,9.41,10.25,11.42],
  [12.20,4.12,7.12,9.91,16.24,17.86,5.14,6.53,7.81,6.99,7.34,4.96,6.93,5.65,6.16,6.23,7.69,12.31,10.07,9.44,16.28,15.60,22.50,19.64,20.09,21.25,9.37,9.12,11.61,10.23,12.76,10.72,11.63,10.68,9.92,12.15,8.84,9.91,7.41,11.32,10.80,11.50,9.96,9.99,10.78,15.74,15.67,15.81,14.57,13.42,14.37,13.09,12.97,13.99,14.24,13.88,15.34,14.43,14.59,15.55,15.27,14.65,15.83,12.11,11.43,11.96,13.37,12.21,12.45,6.05,0.45,1.09,3.47,1.77,0.75,6.14,99.00,3.46,1.19,10.07,10.31,11.40,11.33,11.05,9.06,10.55],
  [13.61,7.56,5.54,7.07,15.67,17.85,6.57,5.79,4.46,6.02,8.23,5.25,8.09,6.41,6.16,7.78,5.43,10.98,9.28,9.00,14.49,13.93,21.05,17.68,18.20,19.84,7.63,6.49,8.69,7.84,11.01,8.28,9.93,7.67,8.44,10.07,6.57,8.19,6.37,9.18,8.58,9.07,7.24,7.50,8.72,17.62,17.58,17.71,16.14,14.87,16.08,14.98,14.58,15.76,16.02,15.64,17.30,16.15,16.54,17.26,17.23,16.46,17.76,13.76,13.72,11.42,13.93,12.71,12.97,3.78,3.29,4.54,2.81,4.77,4.12,4.37,3.46,99.00,4.17,12.38,12.79,13.00,13.00,12.26,11.45,12.88],
  [13.05,3.85,8.29,9.99,15.42,18.95,4.06,5.97,8.27,8.18,8.37,6.12,7.92,6.74,7.32,7.15,7.59,11.75,9.40,8.68,15.84,15.11,21.90,19.23,19.66,20.64,9.02,9.12,11.70,10.10,12.34,10.60,11.21,10.85,9.46,11.87,8.71,9.53,6.90,11.07,10.59,11.37,9.99,9.91,10.51,16.42,16.33,16.48,15.36,14.24,15.11,13.79,13.75,14.71,14.96,14.60,15.98,15.17,15.25,16.28,15.92,15.35,16.49,12.89,11.98,13.12,14.39,13.26,13.49,7.13,1.64,1.12,4.64,2.47,1.42,7.29,1.19,4.17,99.00,10.63,10.79,12.20,12.11,11.96,9.60,11.10],
  [4.12,7.83,10.78,19.46,25.93,12.17,14.26,16.57,16.58,9.61,5.58,7.90,5.19,6.72,7.88,4.88,17.58,22.35,20.03,19.29,26.35,25.66,32.52,29.70,30.16,31.26,19.42,18.83,21.06,20.09,22.82,20.57,21.69,20.03,19.98,22.15,18.75,19.97,17.47,21.30,20.75,21.36,19.61,19.80,20.78,5.90,5.80,5.95,5.40,4.78,4.91,3.45,4.01,4.46,4.66,4.37,5.41,4.94,4.72,5.98,5.35,4.96,5.93,3.32,1.36,9.88,7.36,6.98,7.03,11.76,9.85,9.51,9.90,8.30,9.39,10.96,10.07,12.38,10.63,99.00,0.82,3.09,2.83,4.29,1.03,0.49],
  [4.80,7.77,11.46,19.85,25.99,12.88,14.29,16.76,17.06,10.30,6.30,8.49,5.87,7.34,8.54,5.48,17.90,22.54,20.17,19.40,26.59,25.88,32.69,29.95,30.40,31.42,19.68,19.20,21.48,20.43,23.07,20.91,21.94,20.45,20.21,22.45,19.07,20.22,17.67,21.60,21.06,21.70,19.99,20.15,21.07,6.02,5.90,6.05,5.80,5.33,5.25,3.78,4.54,4.78,4.95,4.71,5.49,5.27,4.85,6.23,5.43,5.20,6.01,3.94,1.37,10.70,8.11,7.77,7.82,12.36,10.13,9.68,10.39,8.54,9.61,11.59,10.31,12.79,10.79,0.82,99.00,3.80,3.53,5.08,1.37,0.73],
  [1.06,10.11,10.04,19.95,27.61,9.09,16.11,17.89,16.80,8.83,4.96,7.90,4.94,6.66,7.41,5.27,18.41,23.61,21.46,20.83,27.41,26.79,33.81,30.66,31.16,32.57,20.46,19.47,21.45,20.84,23.89,21.28,22.77,20.38,21.14,23.05,19.56,21.02,18.73,22.16,21.57,22.06,20.17,20.49,21.69,4.70,4.68,4.79,3.18,2.06,3.08,2.22,1.58,2.80,3.06,2.67,4.49,3.16,3.75,4.26,4.41,3.51,4.87,0.76,3.00,7.52,4.34,4.15,4.15,11.46,11.09,11.10,10.25,9.74,10.83,10.55,11.40,13.00,12.20,3.09,3.80,99.00,0.28,1.58,3.69,3.09],
  [1.30,9.95,10.16,19.98,27.53,9.35,16.00,17.84,16.84,8.94,5.03,7.94,4.97,6.70,7.49,5.25,18.40,23.57,21.40,20.76,27.38,26.76,33.77,30.65,31.15,32.52,20.44,19.48,21.49,20.84,23.86,21.29,22.75,20.41,21.11,23.04,19.56,21.00,18.68,22.16,21.57,22.07,20.19,20.50,21.67,4.65,4.62,4.74,3.25,2.20,3.08,2.10,1.64,2.76,3.02,2.64,4.40,3.15,3.65,4.27,4.33,3.47,4.81,0.78,2.72,7.77,4.61,4.42,4.43,11.54,11.03,11.01,10.27,9.65,10.75,10.63,11.33,13.00,12.11,2.83,3.53,0.28,99.00,1.83,3.46,2.81],
  [1.47,10.35,8.80,19.07,27.27,8.10,15.97,17.43,15.82,7.60,4.03,7.04,4.21,5.85,6.36,4.82,17.69,23.07,21.03,20.47,26.74,26.16,33.24,29.94,30.46,32.01,19.83,18.66,20.52,20.06,23.25,20.49,22.14,19.43,20.57,22.32,18.83,20.40,18.23,21.44,20.83,21.26,19.32,19.70,20.98,5.89,5.91,6.00,4.02,2.69,4.17,3.68,2.67,4.01,4.27,3.90,5.79,4.26,5.10,5.27,5.72,4.72,6.11,2.14,4.50,5.94,3.15,2.69,2.74,10.35,10.70,10.90,9.46,9.50,10.55,9.41,11.05,12.26,11.96,4.29,5.08,1.58,1.83,99.00,4.62,4.42],
  [4.75,6.83,10.15,18.52,24.91,12.67,13.23,15.54,15.70,9.01,5.07,7.13,4.60,6.00,7.23,4.13,16.60,21.33,19.00,18.26,25.34,24.65,31.50,28.69,29.15,30.24,18.42,17.88,20.13,19.12,21.82,19.60,20.69,19.11,18.97,21.16,17.77,18.96,16.45,20.31,19.76,20.39,18.66,18.83,19.79,6.92,6.82,6.97,6.31,5.56,5.87,4.42,4.84,5.42,5.63,5.33,6.44,5.90,5.74,6.96,6.37,5.96,6.95,4.08,2.38,9.83,7.77,7.23,7.32,11.01,8.85,8.49,9.03,7.29,8.37,10.25,9.06,11.45,9.60,1.03,1.37,3.69,3.46,4.62,99.00,1.49],
  [4.08,8.24,11.22,19.95,26.38,12.15,14.70,17.04,17.07,10.04,6.00,8.37,5.63,7.18,8.32,5.36,18.07,22.83,20.49,19.74,26.83,26.14,32.99,30.18,30.64,31.73,19.91,19.32,21.55,20.58,23.30,21.06,22.18,20.52,20.46,22.64,19.24,20.45,17.94,21.79,21.23,21.85,20.10,20.29,21.27,5.49,5.38,5.53,5.12,4.61,4.60,3.13,3.82,4.14,4.32,4.06,4.99,4.62,4.31,5.62,4.93,4.60,5.51,3.21,0.89,10.13,7.41,7.11,7.15,12.23,10.34,9.98,10.39,8.78,9.86,11.42,10.55,12.88,11.10,0.49,0.73,3.09,2.81,4.42,1.49,99.00]
];
