// Chosen Depots: [1, 2, 3, 4, 5, 6]
// Chosen Demand Points (Original DP No): [3, 8, 10, 11, 12, 13, 19, 20, 23, 25, 26, 27, 29, 31, 32, 34, 35, 37, 38, 39, 42, 43, 44, 46, 48, 52, 53, 60, 62, 63, 65, 66, 67, 72, 74, 76, 77, 79, 80, 81, 84, 85, 88, 89, 90, 92, 93, 97, 100, 101, 105, 107, 111, 117, 119, 124, 125, 127, 128, 131, 135, 137, 139, 140, 141, 143, 146, 147, 148, 149, 156, 157, 158, 159, 161, 162, 168, 169, 170, 171]
// Original Weights: [9, 4, 4, 5, 6, 6, 5, 6, 6, 5, 4, 7, 5, 6, 6, 7, 10, 9, 8, 10, 7, 7, 7, 6, 6, 6, 5, 5, 4, 5, 7, 6, 6, 7, 2, 5, 6, 4, 5, 7, 6, 6, 6, 7, 6, 5, 7, 7, 7, 7, 6, 8, 7, 7, 8, 3, 2, 3, 2, 2, 4, 3, 4, 4, 4, 8, 8, 5, 6, 6, 7, 7, 8, 7, 8, 8, 5, 8, 8, 8]

|W| = 6;
|D| = 80;
V = 54;
C = 3;
|K| = 2;
M = 100;
S = 0.25;
|TR| = 14;
δmax = 18.3;
Runtime = 40;

// Priority weights for selected demand points
pj = [
  9, 4, 4, 5, 6, 6, 5, 6, 6, 5, 4, 7, 5, 6, 6, 7, 10, 9, 8, 10, 7, 7, 7, 6, 6, 6, 5, 5, 4, 5, 7, 6, 6, 7, 2, 5, 6, 4, 5, 7, 6, 6, 6, 7, 6, 5, 7, 7, 7, 7, 6, 8, 7, 7, 8, 3, 2, 3, 2, 2, 4, 3, 4, 4, 4, 8, 8, 5, 6, 6, 7, 7, 8, 7, 8, 8, 5, 8, 8, 8
];

δij =
[
  [99.00,99.00,99.00,99.00,99.00,99.00,17.00,17.26,9.07,9.24,9.16,7.40,8.42,5.52,7.04,7.21,9.54,6.11,6.88,6.00,19.04,24.34,27.41,24.08,22.24,24.73,27.47,27.53,33.34,31.29,28.60,19.53,20.04,21.87,20.86,21.04,21.85,23.67,20.18,23.28,24.56,22.19,23.33,20.72,20.91,20.18,22.32,19.49,1.64,4.43,2.02,1.44,3.60,2.58,2.70,2.39,0.36,3.04,2.79,3.26,3.14,4.44,6.34,5.09,7.10,5.42,3.45,3.84,12.27,11.81,11.81,13.37,11.96,10.83,10.90,13.24,12.20,11.63,12.31,10.82,13.25,13.05,1.47,4.75,4.61,4.08],
  [99.00,99.00,99.00,99.00,99.00,99.00,6.60,11.93,9.37,6.43,6.12,5.89,6.83,7.11,6.19,6.74,8.34,5.12,8.14,6.09,11.43,15.21,17.27,14.17,12.71,14.44,18.64,18.77,24.20,22.83,19.93,11.32,12.98,14.43,14.68,13.35,13.08,15.61,12.54,14.62,18.71,14.39,15.04,13.85,13.35,11.14,14.27,11.55,11.70,13.73,12.16,12.55,12.96,10.69,12.68,11.24,11.16,10.10,12.72,12.79,9.42,12.99,13.15,12.55,13.25,13.72,12.49,13.33,8.88,9.48,9.48,3.87,3.06,6.71,5.26,6.76,4.12,4.21,3.71,4.28,4.23,3.85,10.35,6.83,7.19,8.24],
  [99.00,99.00,99.00,99.00,99.00,99.00,11.78,7.52,1.22,3.53,3.84,4.86,3.36,5.60,4.86,4.22,1.62,7.61,3.61,6.07,10.31,16.13,20.10,16.76,14.70,17.92,18.75,18.74,24.59,22.12,19.69,11.18,10.81,12.64,11.10,12.08,13.61,14.68,11.30,14.77,14.51,13.16,14.53,11.30,11.87,12.46,13.45,10.93,11.85,14.68,12.28,11.22,13.82,12.08,12.97,12.25,10.60,12.02,13.05,13.49,11.53,8.16,6.62,7.08,6.09,8.13,8.50,9.15,2.94,1.98,1.98,8.69,7.89,3.65,5.10,5.79,7.12,6.55,7.61,5.98,8.16,8.29,8.80,10.15,10.52,11.22],
  [99.00,99.00,99.00,99.00,99.00,99.00,9.40,3.46,11.94,11.29,11.41,13.26,12.06,15.01,13.57,13.29,11.09,15.61,13.69,14.81,2.69,6.38,10.97,8.28,6.55,9.90,8.10,8.03,13.76,11.16,8.86,3.53,1.05,1.90,1.08,2.10,4.55,4.01,2.11,4.82,4.89,2.66,4.14,0.46,1.82,5.17,3.17,3.00,21.87,24.62,22.35,21.66,23.74,21.64,23.03,21.99,20.75,21.35,23.11,23.45,20.72,19.09,17.56,18.03,16.97,19.10,19.35,20.06,8.32,9.03,9.03,10.03,10.86,9.71,10.06,7.66,9.91,10.12,10.21,10.61,9.62,9.99,19.07,18.52,18.95,19.95],
  [99.00,99.00,99.00,99.00,99.00,99.00,11.70,14.60,21.69,19.75,19.71,21.20,20.66,23.11,21.59,21.64,20.51,22.46,22.60,22.46,10.98,5.36,1.03,4.40,6.39,3.85,5.32,5.59,7.22,7.99,6.08,9.96,11.21,9.91,12.45,9.78,7.62,8.03,10.29,6.92,13.14,9.10,7.66,11.28,10.05,8.63,8.57,10.31,29.43,31.79,29.92,29.83,30.97,28.68,30.52,29.18,28.59,28.17,30.58,30.75,27.49,28.50,27.49,27.59,27.08,28.79,28.46,29.28,18.13,19.13,19.13,15.12,16.53,18.34,17.74,15.71,16.24,16.82,16.13,17.65,15.19,15.42,27.27,24.91,25.31,26.38],
  [99.00,99.00,99.00,99.00,99.00,99.00,22.99,20.10,11.89,13.89,13.99,12.87,12.99,11.18,12.49,12.22,13.02,13.08,11.04,12.13,22.96,28.75,32.52,29.14,27.13,30.13,31.43,31.42,37.25,34.73,32.36,23.78,23.47,25.30,23.59,24.75,26.21,27.35,23.97,27.42,26.58,25.83,27.20,23.92,24.55,24.91,26.12,23.56,8.79,9.89,8.70,7.06,9.64,10.28,8.87,9.81,8.27,10.91,8.93,9.42,11.17,5.23,6.07,5.97,6.60,4.75,5.66,4.83,15.55,14.66,14.66,19.34,18.03,15.21,16.01,17.83,17.86,17.21,18.15,16.37,19.03,18.95,8.10,12.67,12.61,12.15],
  [17.00,6.60,11.78,9.40,11.70,22.99,99.00,9.14,11.90,9.23,9.07,10.15,10.08,11.97,10.55,10.78,10.62,10.92,11.99,11.18,6.72,8.86,10.68,7.58,6.26,7.87,12.30,12.47,17.68,16.55,13.63,6.04,8.37,9.26,10.44,8.13,7.06,9.84,7.52,8.55,14.12,8.94,9.17,9.22,8.24,5.14,8.65,6.49,17.87,20.14,18.35,18.43,19.33,17.04,18.93,17.56,17.13,16.50,18.98,19.12,15.82,17.78,17.24,17.04,17.05,18.27,17.55,18.40,9.24,10.26,10.26,3.68,5.07,8.24,7.09,6.07,5.14,5.79,4.85,6.62,3.96,4.06,15.97,13.23,13.63,14.70],
  [17.26,11.93,7.52,3.46,14.60,20.10,9.14,99.00,8.53,8.21,8.38,10.23,8.90,11.87,10.50,10.15,7.75,12.78,10.40,11.79,3.75,9.31,13.73,10.66,8.67,12.14,11.47,11.42,17.20,14.62,12.30,4.91,3.50,5.24,3.62,4.92,7.00,7.35,4.31,7.79,7.39,5.87,7.33,3.83,4.66,6.66,6.26,4.43,18.70,21.49,19.17,18.38,20.61,18.59,19.86,18.89,17.54,18.35,19.94,20.31,17.75,15.66,14.10,14.59,13.51,15.64,15.95,16.64,4.99,5.61,5.61,8.43,8.87,6.69,7.37,5.21,7.81,7.83,8.23,8.11,7.91,8.27,15.82,15.70,16.13,17.07],
  [9.07,9.37,1.22,11.94,21.69,11.89,11.90,8.53,99.00,3.01,3.29,3.91,2.56,4.43,3.85,3.18,1.28,6.57,2.41,4.98,11.09,16.86,20.70,17.33,15.29,18.41,19.60,19.60,25.46,23.06,20.58,11.89,11.71,13.56,12.13,12.93,14.32,15.56,12.12,15.55,15.63,14.03,15.36,12.25,12.74,13.06,14.29,11.68,10.64,13.47,11.07,10.04,12.61,10.86,11.76,11.04,9.39,10.81,11.85,12.28,10.33,7.16,5.82,6.12,5.40,7.24,7.43,8.12,3.69,2.91,2.91,8.59,7.63,3.66,4.93,6.12,6.99,6.38,7.44,5.70,8.11,8.18,7.60,9.01,9.37,10.04],
  [9.24,6.43,3.53,11.29,19.75,13.89,9.23,8.21,3.01,99.00,0.32,2.03,0.90,3.73,2.29,2.03,1.92,4.75,2.86,3.59,9.82,15.28,18.74,15.36,13.39,16.26,18.30,18.35,24.19,22.07,19.41,10.38,10.81,12.63,11.74,11.81,12.76,14.45,10.95,14.13,15.59,12.95,14.13,11.50,11.68,11.23,13.10,10.29,10.59,13.33,11.07,10.49,12.45,10.39,11.75,10.71,9.49,10.14,11.83,12.16,9.54,8.76,8.02,7.91,7.82,9.13,8.71,9.52,3.46,3.55,3.55,5.73,4.66,1.59,2.14,4.11,4.14,3.50,4.55,2.74,5.31,5.32,7.88,7.60,8.02,8.92],
  [9.16,6.12,3.84,11.41,19.71,13.99,9.07,8.38,3.29,0.32,99.00,1.86,1.01,3.64,2.15,1.98,2.23,4.50,2.95,3.41,9.88,15.29,18.69,15.31,13.36,16.19,18.34,18.39,24.22,22.14,19.46,10.41,10.91,12.72,11.89,11.89,12.77,14.52,11.02,14.16,15.77,13.03,14.18,11.62,11.76,11.21,13.17,10.34,10.48,13.21,10.97,10.43,12.33,10.24,11.64,10.58,9.40,9.97,11.71,12.04,9.37,8.84,8.17,8.02,8.00,9.24,8.75,9.58,3.70,3.84,3.84,5.53,4.42,1.71,2.02,4.12,3.96,3.31,4.34,2.53,5.13,5.12,7.82,7.38,7.80,8.71],
  [7.40,5.89,4.86,13.26,21.20,12.87,10.15,10.23,3.91,2.03,1.86,99.00,1.57,1.91,0.40,0.85,3.35,2.82,2.25,1.56,11.66,16.95,20.18,16.81,14.92,17.59,20.07,20.13,25.94,23.92,21.21,12.13,12.74,14.54,13.75,13.68,14.46,16.30,12.81,15.88,17.62,14.83,15.94,13.46,13.56,12.82,14.94,12.09,8.67,11.37,9.15,8.72,10.49,8.39,9.82,8.73,7.62,8.12,9.90,10.21,7.51,7.64,7.39,6.98,7.41,8.20,7.40,8.25,5.47,5.42,5.42,6.48,5.16,3.56,3.51,5.85,5.06,4.43,5.30,3.58,6.21,6.10,6.12,5.60,6.01,6.89],
  [8.42,6.83,3.36,12.06,20.66,12.99,10.08,8.90,2.56,0.90,1.01,1.57,99.00,2.97,1.69,1.24,1.80,4.38,1.96,3.02,10.67,16.17,19.65,16.26,14.30,17.17,19.17,19.21,25.06,22.91,20.27,11.26,11.62,13.45,12.48,12.66,13.64,15.30,11.80,15.01,16.28,13.80,14.99,12.30,12.51,12.13,13.96,11.16,9.82,12.59,10.29,9.65,11.71,9.69,10.97,9.99,8.68,9.49,11.05,11.41,8.91,7.86,7.17,7.02,7.00,8.24,7.81,8.62,4.01,3.87,3.87,6.53,5.38,2.43,3.02,5.00,4.96,4.31,5.33,3.51,6.13,6.12,7.04,7.13,7.54,8.37],
  [5.52,7.11,5.60,15.01,23.11,11.18,11.97,11.87,4.43,3.73,3.64,1.91,2.97,99.00,1.53,1.73,4.41,2.56,2.05,1.04,13.51,18.86,22.09,18.72,16.83,19.49,21.96,22.01,27.83,25.77,23.08,14.02,14.54,16.36,15.44,15.52,16.36,18.15,14.66,17.77,19.24,16.67,17.81,15.23,15.39,14.73,16.80,13.97,6.86,9.62,7.34,6.82,8.74,6.74,8.02,7.02,5.76,6.57,8.10,8.44,6.02,5.96,6.08,5.45,6.28,6.62,5.60,6.45,6.95,6.68,6.68,8.29,6.93,5.32,5.42,7.73,6.93,6.31,7.13,5.47,8.06,7.92,4.21,4.60,4.95,5.63],
  [7.04,6.19,4.86,13.57,21.59,12.49,10.55,10.50,3.85,2.29,2.15,0.40,1.69,1.53,99.00,0.67,3.41,2.76,1.98,1.33,12.00,17.33,20.57,17.20,15.30,17.99,20.43,20.48,26.30,24.26,21.56,12.49,13.06,14.87,14.03,14.02,14.82,16.64,13.15,16.24,17.88,15.16,16.29,13.77,13.89,13.20,15.29,12.45,8.33,11.06,8.82,8.35,10.17,8.10,9.49,8.43,7.27,7.85,9.57,9.89,7.26,7.25,7.04,6.60,7.08,7.82,7.00,7.85,5.68,5.57,5.57,6.87,5.55,3.86,3.89,6.20,5.46,4.82,5.70,3.98,6.60,6.49,5.75,5.44,5.84,6.68],
  [7.21,6.74,4.22,13.29,21.64,12.22,10.78,10.15,3.18,2.03,1.98,0.85,1.24,1.73,0.67,99.00,2.83,3.40,1.40,1.87,11.84,17.27,20.62,17.25,15.32,18.09,20.32,20.36,26.20,24.09,21.43,12.39,12.83,14.66,13.72,13.84,14.75,16.47,12.98,16.14,17.52,14.98,16.15,13.52,13.70,13.18,15.13,12.31,8.58,11.35,9.06,8.46,10.46,8.45,9.74,8.75,7.46,8.25,9.82,10.17,7.68,7.01,6.62,6.28,6.59,7.50,6.84,7.68,5.25,5.04,5.04,7.13,5.85,3.61,3.90,6.10,5.65,5.00,5.94,4.15,6.81,6.74,5.85,6.00,6.39,7.18],
  [9.54,8.34,1.62,11.09,20.51,13.02,10.62,7.75,1.28,1.92,2.23,3.35,1.80,4.41,3.41,2.83,99.00,6.15,2.67,4.69,10.05,15.76,19.52,16.14,14.12,17.19,18.58,18.59,24.45,22.14,19.60,10.79,10.78,12.63,11.37,11.94,13.22,14.58,11.11,14.49,15.02,13.06,14.35,11.37,11.77,11.89,13.29,10.61,11.04,13.86,11.50,10.63,12.98,11.10,12.19,11.33,9.84,10.96,12.27,12.67,10.43,8.14,6.98,7.15,6.61,8.31,8.30,9.04,2.77,2.29,2.29,7.33,6.41,2.38,3.68,4.88,5.74,5.13,6.20,4.49,6.84,6.92,8.09,8.82,9.21,9.99],
  [6.11,5.12,7.61,15.61,22.46,13.08,10.92,12.78,6.57,4.75,4.50,2.82,4.38,2.56,2.76,3.40,6.15,99.00,4.41,1.65,13.75,18.65,21.44,18.15,16.40,18.72,21.91,22.00,27.72,25.90,23.11,14.05,14.99,16.73,16.19,15.78,16.24,18.34,14.91,17.73,20.14,16.92,17.91,15.76,15.70,14.45,16.97,14.09,6.97,9.40,7.46,7.55,8.55,6.29,8.06,6.75,6.22,5.87,8.12,8.31,5.20,8.00,8.50,7.70,8.77,8.80,7.42,8.25,8.20,8.23,8.23,7.34,5.94,6.12,5.55,7.97,6.34,5.86,6.36,5.15,7.29,7.05,5.25,2.92,3.35,4.34],
  [6.88,8.14,3.61,13.69,22.60,11.04,11.99,10.40,2.41,2.86,2.95,2.25,1.96,2.05,1.98,1.40,2.67,4.41,99.00,2.76,12.48,18.06,21.59,18.21,16.23,19.12,21.01,21.04,26.89,24.67,22.07,13.12,13.33,15.17,14.02,14.43,15.53,17.07,13.58,16.86,17.69,15.56,16.80,13.96,14.27,14.05,15.76,13.00,8.39,11.21,8.84,7.98,10.33,8.50,9.53,8.71,7.17,8.42,9.61,10.02,7.92,5.90,5.29,5.07,5.21,6.29,5.88,6.68,5.41,4.94,4.94,8.39,7.17,4.30,4.96,6.92,6.86,6.20,7.19,5.38,8.03,7.99,5.43,6.64,6.99,7.64],
  [6.00,6.09,6.07,14.81,22.46,12.13,11.18,11.79,4.98,3.59,3.41,1.56,3.02,1.04,1.33,1.87,4.69,1.65,2.76,99.00,13.16,18.35,21.44,18.09,16.25,18.79,21.52,21.58,27.37,25.40,22.68,13.59,14.27,16.06,15.31,15.19,15.88,17.79,14.32,17.32,19.18,16.33,17.41,15.00,15.07,14.19,16.43,13.57,7.18,9.84,7.67,7.37,8.96,6.84,8.32,7.19,6.19,6.56,8.40,8.69,5.95,6.93,7.12,6.46,7.31,7.63,6.51,7.36,7.00,6.88,6.88,7.50,6.11,5.12,4.94,7.33,6.23,5.64,6.38,4.83,7.32,7.15,4.82,4.13,4.53,5.36],
  [19.04,11.43,10.31,2.69,10.98,22.96,6.72,3.75,11.09,9.82,9.88,11.66,10.67,13.51,12.00,11.84,10.05,13.75,12.48,13.16,99.00,5.84,10.08,6.93,4.92,8.39,8.54,8.56,14.42,12.26,9.60,1.18,1.66,3.03,3.73,2.04,3.37,4.64,1.17,4.46,7.49,3.18,4.32,2.53,1.96,2.97,3.29,0.69,20.33,23.00,20.81,20.30,22.12,19.95,21.48,20.34,19.27,19.59,21.55,21.84,18.94,18.19,16.90,17.19,16.40,18.33,18.32,19.08,7.41,8.33,8.33,7.57,8.54,8.24,8.24,5.83,7.69,8.01,7.92,8.62,7.22,7.59,17.69,16.60,17.04,18.07],
  [24.34,15.21,16.13,6.38,5.36,28.75,8.86,9.31,16.86,15.28,15.29,16.95,16.17,18.86,17.33,17.27,15.76,18.65,18.06,18.35,5.84,99.00,4.60,2.66,2.63,4.22,3.45,3.61,9.07,7.69,4.78,4.97,5.87,4.57,7.13,4.43,2.54,2.92,5.00,1.56,8.47,3.76,2.39,5.92,4.70,4.20,3.22,5.21,25.50,28.04,25.99,25.67,27.19,24.94,26.63,25.39,24.54,24.50,26.70,26.94,23.83,23.88,22.68,22.91,22.21,24.07,23.95,24.73,13.21,14.15,14.15,11.56,12.86,13.76,13.44,11.18,12.31,12.80,12.35,13.56,11.45,11.75,23.07,21.33,21.76,22.83],
  [27.41,17.27,20.10,10.97,1.03,32.52,10.68,13.73,20.70,18.74,18.69,20.18,19.65,22.09,20.57,20.62,19.52,21.44,21.59,21.44,10.08,4.60,99.00,3.39,5.41,2.86,5.17,5.45,7.91,8.32,6.11,9.03,10.39,9.17,11.73,8.97,6.73,7.39,9.43,6.15,12.68,8.36,6.96,10.51,9.25,7.64,7.82,9.40,28.41,30.77,28.89,28.80,29.94,27.66,29.50,28.16,27.57,27.14,29.55,29.72,26.46,27.49,26.50,26.59,26.10,27.79,27.44,28.26,17.17,18.17,18.17,14.10,15.50,17.33,16.72,14.70,15.21,15.80,15.11,16.62,14.17,14.39,26.25,23.88,24.29,25.36],
  [24.08,14.17,16.76,8.28,4.40,29.14,7.58,10.66,17.33,15.36,15.31,16.81,16.26,18.72,17.20,17.25,16.14,18.15,18.21,18.09,6.93,2.66,3.39,99.00,2.07,1.66,5.43,5.67,10.19,9.55,6.75,5.81,7.53,6.69,9.18,6.19,3.76,5.44,6.47,3.81,11.03,5.89,4.79,7.83,6.47,4.30,5.32,6.24,25.11,27.52,25.60,25.46,26.68,24.40,26.21,24.89,24.24,23.91,26.27,26.45,23.23,24.10,23.12,23.20,22.73,24.40,24.06,24.88,13.82,14.84,14.84,10.83,12.22,13.95,13.34,11.32,11.88,12.45,11.80,13.27,10.86,11.10,22.90,20.66,21.07,22.15],
  [22.24,12.71,14.70,6.55,6.39,27.13,6.26,8.67,15.29,13.39,13.36,14.92,14.30,16.83,15.30,15.32,14.12,16.40,16.23,16.25,4.92,2.63,5.41,2.07,99.00,3.48,6.06,6.24,11.49,10.31,7.40,3.78,5.70,5.19,7.53,4.47,2.04,4.51,4.59,2.84,9.93,4.46,3.78,6.12,4.74,2.24,3.92,4.24,23.33,25.80,23.82,23.61,24.95,22.68,24.44,23.15,22.42,22.21,24.50,24.71,21.53,22.12,21.09,21.20,20.69,22.40,22.10,22.92,11.77,12.77,12.77,9.16,10.52,11.95,11.42,9.33,10.07,10.62,10.05,11.42,9.13,9.40,21.03,19.00,19.42,20.49],
  [24.73,14.44,17.92,9.90,3.85,30.13,7.87,12.14,18.41,16.26,16.19,17.59,17.17,19.49,17.99,18.09,17.19,18.72,19.12,18.79,8.39,4.22,2.86,1.66,3.48,99.00,6.52,6.79,10.54,10.39,7.76,7.24,9.12,8.35,10.82,7.80,5.35,7.07,8.03,5.46,12.66,7.55,6.44,9.46,8.08,5.59,6.97,7.71,25.69,28.00,26.17,26.14,27.18,24.90,26.76,25.41,24.88,24.37,26.82,26.97,23.69,25.03,24.15,24.16,23.80,25.38,24.93,25.76,15.00,16.03,16.03,11.37,12.78,14.93,14.19,12.32,12.57,13.18,12.43,14.01,11.49,11.69,23.62,21.10,21.50,22.57],
  [27.47,18.64,18.75,8.10,5.32,31.43,12.30,11.47,19.60,18.30,18.34,20.07,19.17,21.96,20.43,20.32,18.58,21.91,21.01,21.52,8.54,3.45,5.17,5.43,6.06,6.52,99.00,0.29,5.89,4.25,1.35,7.94,7.99,6.23,8.46,6.67,5.68,4.12,7.47,4.20,8.10,5.61,4.23,7.68,6.88,7.54,5.31,8.02,28.69,31.29,29.18,28.77,30.42,28.19,29.83,28.63,27.69,27.78,29.90,30.16,27.11,26.72,25.37,25.71,24.84,26.83,26.86,27.62,15.91,16.77,16.77,14.94,16.21,16.74,16.58,14.23,15.60,16.06,15.67,16.79,14.80,15.11,26.16,24.65,25.08,26.14],
  [27.53,18.77,18.74,8.03,5.59,31.42,12.47,11.42,19.60,18.35,18.39,20.13,19.21,22.01,20.48,20.36,18.59,22.00,21.04,21.58,8.56,3.61,5.45,5.67,6.24,6.79,0.29,99.00,5.86,4.08,1.17,8.00,7.96,6.18,8.36,6.67,5.77,4.08,7.48,4.27,7.89,5.59,4.24,7.61,6.87,7.66,5.30,8.05,28.76,31.36,29.25,28.82,30.49,28.28,29.90,28.70,27.75,27.86,29.97,30.23,27.20,26.73,25.36,25.71,24.82,26.83,26.88,27.63,15.91,16.76,16.76,15.05,16.32,16.78,16.64,14.28,15.69,16.14,15.77,16.86,14.91,15.22,26.21,24.74,25.17,26.23],
  [33.34,24.20,24.59,13.76,7.22,37.25,17.68,17.20,25.46,24.19,24.22,25.94,25.06,27.83,26.30,26.20,24.45,27.72,26.89,27.37,14.42,9.07,7.91,10.19,11.49,10.54,5.89,5.86,99.00,3.25,4.90,13.81,13.78,11.97,13.94,12.52,11.50,9.91,13.34,10.06,12.40,11.43,10.11,13.37,12.72,13.27,11.17,13.90,34.54,37.11,35.03,34.65,36.25,34.01,35.68,34.45,33.55,33.57,35.74,35.99,32.90,32.59,31.21,31.57,30.66,32.69,32.74,33.50,21.77,22.61,22.61,20.61,21.93,22.63,22.44,20.11,21.38,21.86,21.42,22.61,20.52,20.82,32.04,30.41,30.83,31.90],
  [31.29,22.83,22.12,11.16,7.99,34.73,16.55,14.62,23.06,22.07,22.14,23.92,22.91,25.77,24.26,24.09,22.14,25.90,24.67,25.40,12.26,7.69,8.32,9.55,10.31,10.39,4.25,4.08,3.25,99.00,2.91,11.86,11.36,9.51,11.19,10.25,9.77,7.62,11.11,8.24,9.24,9.11,8.00,10.82,10.40,11.69,8.98,11.84,32.58,35.23,33.07,32.55,34.35,32.16,33.73,32.57,31.53,31.77,33.80,34.08,31.11,30.22,28.73,29.17,28.13,30.25,30.44,31.17,19.39,20.17,20.17,19.08,20.32,20.48,20.47,18.07,19.64,20.07,19.75,20.76,18.91,19.23,29.94,28.69,29.13,30.18],
  [28.60,19.93,19.69,8.86,6.08,32.36,13.63,12.30,20.58,19.41,19.46,21.21,20.27,23.08,21.56,21.43,19.60,23.11,22.07,22.68,9.60,4.78,6.11,6.75,7.40,7.76,1.35,1.17,4.90,2.91,99.00,9.09,8.89,7.07,9.09,7.66,6.91,5.02,8.49,5.40,8.11,6.54,5.28,8.47,7.84,8.81,6.32,9.12,29.85,32.47,30.34,29.89,31.60,29.39,31.00,29.81,28.83,28.98,31.07,31.34,28.32,27.72,26.32,26.69,25.76,27.80,27.89,28.64,16.89,17.72,17.72,16.21,17.46,17.83,17.73,15.36,16.82,17.26,16.91,17.98,16.05,16.37,27.28,25.88,26.31,27.37],
  [19.53,11.32,11.18,3.53,9.96,23.78,6.04,4.91,11.89,10.38,10.41,12.13,11.26,14.02,12.49,12.39,10.79,14.05,13.12,13.59,1.18,4.97,9.03,5.81,3.78,7.24,7.94,8.00,13.81,11.86,9.09,99.00,2.49,3.24,4.61,2.11,2.43,4.34,1.49,3.75,8.08,3.08,3.86,3.26,2.20,1.80,2.98,0.56,20.76,23.38,21.25,20.83,22.51,20.31,21.91,20.72,19.75,19.91,21.98,22.25,19.25,18.91,17.71,17.94,17.25,19.10,19.00,19.78,8.25,9.22,9.22,7.45,8.57,8.83,8.65,6.29,7.82,8.21,7.97,8.90,7.19,7.54,18.22,16.84,17.28,18.33],
  [20.04,12.98,10.81,1.05,11.21,23.47,8.37,3.50,11.71,10.81,10.91,12.74,11.62,14.54,13.06,12.83,10.78,14.99,13.33,14.27,1.66,5.87,10.39,7.53,5.70,9.12,7.99,7.96,13.78,11.36,8.89,2.49,99.00,1.85,2.12,1.44,3.78,3.88,1.13,4.33,5.84,2.38,3.83,0.88,1.17,4.17,2.76,1.95,21.39,24.11,21.88,21.26,23.23,21.10,22.55,21.47,20.29,20.78,22.63,22.95,20.14,18.87,17.43,17.83,16.87,18.92,19.08,19.81,8.04,8.84,8.84,9.13,10.03,9.22,9.44,7.01,9.12,9.38,9.39,9.92,8.75,9.12,18.66,17.88,18.31,19.32],
  [21.87,14.43,12.64,1.90,9.91,25.30,9.26,5.24,13.56,12.63,12.72,14.54,13.45,16.36,14.87,14.66,12.63,16.73,15.17,16.06,3.03,4.57,9.17,6.69,5.19,8.35,6.23,6.18,11.97,9.51,7.07,3.24,1.85,99.00,2.55,1.13,3.15,2.12,1.90,3.03,4.98,0.82,2.26,1.45,1.09,4.39,1.39,2.90,23.20,25.91,23.69,23.09,25.03,22.88,24.36,23.26,22.12,22.55,24.43,24.75,21.90,20.72,19.26,19.67,18.70,20.77,20.93,21.66,9.88,10.68,10.68,10.56,11.57,11.04,11.19,8.76,10.72,11.03,10.95,11.62,10.24,10.60,20.49,19.60,20.03,21.06],
  [20.86,14.68,11.10,1.08,12.45,23.59,10.44,3.62,12.13,11.74,11.89,13.75,12.48,15.44,14.03,13.72,11.37,16.19,14.02,15.31,3.73,7.13,11.73,9.18,7.53,10.82,8.46,8.36,13.94,11.19,9.09,4.61,2.12,2.55,99.00,3.06,5.50,4.51,3.18,5.58,4.04,3.37,4.79,1.42,2.80,6.24,3.93,4.07,22.29,25.06,22.76,22.00,24.18,22.13,23.45,22.45,21.14,21.86,23.53,23.88,21.25,19.25,17.64,18.17,17.01,19.20,19.56,20.24,8.60,9.22,9.22,10.91,11.66,10.18,10.67,8.32,10.68,10.85,11.01,11.29,10.47,10.85,19.43,19.11,19.54,20.52],
  [21.04,13.35,12.08,2.10,9.78,24.75,8.13,4.92,12.93,11.81,11.89,13.68,12.66,15.52,14.02,13.84,11.94,15.78,14.43,15.19,2.04,4.43,8.97,6.19,4.47,7.80,6.67,6.67,12.52,10.25,7.66,2.11,1.44,1.13,3.06,99.00,2.46,2.64,0.87,2.89,6.05,1.14,2.45,1.66,0.28,3.35,1.37,1.80,22.35,25.03,22.84,22.30,24.15,21.98,23.50,22.37,21.29,21.63,23.58,23.87,20.97,20.07,18.70,19.05,18.16,20.17,20.24,20.99,9.24,10.10,10.10,9.48,10.52,10.23,10.28,7.86,9.70,10.03,9.90,10.66,9.17,9.53,19.69,18.64,19.07,20.10],
  [21.85,13.08,13.61,4.55,7.62,26.21,7.06,7.00,14.32,12.76,12.77,14.46,13.64,16.36,14.82,14.75,13.22,16.24,15.53,15.88,3.37,2.54,6.73,3.76,2.04,5.35,5.68,5.77,11.50,9.77,6.91,2.43,3.78,3.15,5.50,2.46,99.00,2.84,2.73,1.54,7.98,2.45,2.13,4.12,2.73,1.96,1.94,2.71,23.04,25.62,23.53,23.17,24.75,22.52,24.18,22.96,22.06,22.10,24.25,24.50,21.43,21.34,20.14,20.37,19.68,21.53,21.41,22.19,10.68,11.64,11.64,9.31,10.55,11.23,10.95,8.65,9.92,10.38,10.00,11.12,9.14,9.46,20.57,18.97,19.40,20.46],
  [23.67,15.61,14.68,4.01,8.03,27.35,9.84,7.35,15.56,14.45,14.52,16.30,15.30,18.15,16.64,16.47,14.58,18.34,17.07,17.79,4.64,2.92,7.39,5.44,4.51,7.07,4.12,4.08,9.91,7.62,5.02,4.34,3.88,2.12,4.51,2.64,2.84,99.00,3.50,1.70,5.59,1.52,0.74,3.57,2.82,4.71,1.37,4.24,24.96,27.62,25.45,24.94,26.75,24.57,26.11,24.97,23.91,24.20,26.19,26.48,23.54,22.70,21.30,21.67,20.75,22.78,22.88,23.62,11.87,12.70,12.70,11.77,12.91,12.87,12.87,10.46,12.15,12.53,12.31,13.20,11.52,11.87,22.32,21.16,21.60,22.64],
  [20.18,12.54,11.30,2.11,10.29,23.97,7.52,4.31,12.12,10.95,11.02,12.81,11.80,14.66,13.15,12.98,11.11,14.91,13.58,14.32,1.17,5.00,9.43,6.47,4.59,8.03,7.47,7.48,13.34,11.11,8.49,1.49,1.13,1.90,3.18,0.87,2.73,3.50,99.00,3.52,6.60,2.01,3.24,1.79,0.81,3.06,2.18,1.04,21.48,24.16,21.97,21.44,23.28,21.11,22.63,21.50,20.42,20.76,22.71,23.00,20.10,19.25,17.91,18.23,17.39,19.36,19.40,20.16,8.44,9.31,9.31,8.67,9.68,9.37,9.41,6.99,8.84,9.17,9.06,9.79,8.34,8.71,18.83,17.77,18.20,19.24],
  [23.28,14.62,14.77,4.82,6.92,27.42,8.55,7.79,15.55,14.13,14.16,15.88,15.01,17.77,16.24,16.14,14.49,17.73,16.86,17.32,4.46,1.56,6.15,3.81,2.84,5.46,4.20,4.27,10.06,8.24,5.40,3.75,4.33,3.03,5.58,2.89,1.54,1.70,3.52,99.00,7.26,2.21,0.99,4.36,3.16,3.49,1.66,3.88,24.50,27.09,24.99,24.59,26.23,24.00,25.64,24.43,23.50,23.59,25.71,25.97,22.93,22.62,21.36,21.63,20.86,22.78,22.73,23.50,11.87,12.79,12.79,10.84,12.08,12.58,12.38,10.05,11.42,11.87,11.52,12.59,10.67,10.99,21.98,20.48,20.91,21.97],
  [24.56,18.71,14.51,4.89,13.14,26.58,14.12,7.39,15.63,15.59,15.77,17.62,16.28,19.24,17.88,17.52,15.02,20.14,17.69,19.18,7.49,8.47,12.68,11.03,9.93,12.66,8.10,7.89,12.40,9.24,8.11,8.08,5.84,4.98,4.04,6.05,7.98,5.59,6.60,7.26,99.00,5.55,6.26,4.96,5.90,9.37,6.04,7.64,26.04,28.84,26.51,25.64,27.96,25.97,27.19,26.26,24.86,25.73,27.28,27.66,25.13,22.59,20.82,21.48,20.12,22.43,23.00,23.62,12.31,12.78,12.78,14.91,15.70,14.07,14.66,12.34,14.72,14.88,15.05,15.30,14.49,14.86,23.11,23.06,23.49,24.45],
  [22.19,14.39,13.16,2.66,9.10,25.83,8.94,5.87,14.03,12.95,13.03,14.83,13.80,16.67,15.16,14.98,13.06,16.92,15.56,16.33,3.18,3.76,8.36,5.89,4.46,7.55,5.61,5.59,11.43,9.11,6.54,3.08,2.38,0.82,3.37,1.14,2.45,1.52,2.01,2.21,5.55,99.00,1.49,2.20,1.29,3.91,0.57,2.87,23.49,26.17,23.98,23.44,25.29,23.12,24.64,23.51,22.43,22.76,24.72,25.02,22.11,21.18,19.78,20.15,19.23,21.26,21.36,22.10,10.35,11.18,11.18,10.52,11.60,11.37,11.42,9.00,10.80,11.15,10.99,11.78,10.24,10.59,20.83,19.76,20.20,21.23],
  [23.33,15.04,14.53,4.14,7.66,27.20,9.17,7.33,15.36,14.13,14.18,15.94,14.99,17.81,16.29,16.15,14.35,17.91,16.80,17.41,4.32,2.39,6.96,4.79,3.78,6.44,4.23,4.24,10.11,8.00,5.28,3.86,3.83,2.26,4.79,2.45,2.13,0.74,3.24,0.99,6.26,1.49,99.00,3.68,2.68,4.04,1.08,3.84,24.59,27.23,25.08,24.61,26.36,24.16,25.74,24.57,23.56,23.77,25.81,26.09,23.11,22.49,21.14,21.47,20.61,22.60,22.63,23.39,11.67,12.54,12.54,11.21,12.39,12.55,12.48,10.09,11.67,12.08,11.81,12.76,10.99,11.33,22.00,20.71,21.14,22.19],
  [20.72,13.85,11.30,0.46,11.28,23.92,9.22,3.83,12.25,11.50,11.62,13.46,12.30,15.23,13.77,13.52,11.37,15.76,13.96,15.00,2.53,5.92,10.51,7.83,6.12,9.46,7.68,7.61,13.37,10.82,8.47,3.26,0.88,1.45,1.42,1.66,4.12,3.57,1.79,4.36,4.96,2.20,3.68,99.00,1.39,4.83,2.70,2.75,22.10,24.83,22.58,21.92,23.95,21.84,23.25,22.19,20.98,21.53,23.33,23.66,20.90,19.41,17.91,18.35,17.33,19.43,19.65,20.37,8.61,9.35,9.35,10.01,10.89,9.92,10.21,7.80,9.96,10.20,10.25,10.73,9.62,9.99,19.32,18.66,19.10,20.10],
  [20.91,13.35,11.87,1.82,10.05,24.55,8.24,4.66,12.74,11.68,11.76,13.56,12.51,15.39,13.89,13.70,11.77,15.70,14.27,15.07,1.96,4.70,9.25,6.47,4.74,8.08,6.88,6.87,12.72,10.40,7.84,2.20,1.17,1.09,2.80,0.28,2.73,2.82,0.81,3.16,5.90,1.29,2.68,1.39,99.00,3.55,1.60,1.82,22.23,24.91,22.71,22.16,24.04,21.88,23.38,22.26,21.16,21.53,23.46,23.76,20.88,19.89,18.50,18.86,17.96,19.97,20.07,20.81,9.05,9.90,9.90,9.48,10.49,10.09,10.18,7.75,9.65,9.97,9.87,10.58,9.15,9.52,19.55,18.56,18.99,20.02],
  [20.18,11.14,12.46,5.17,8.63,24.91,5.14,6.66,13.06,11.23,11.21,12.82,12.13,14.73,13.20,13.18,11.89,14.45,14.05,14.19,2.97,4.20,7.64,4.30,2.24,5.59,7.54,7.66,13.27,11.69,8.81,1.80,4.17,4.39,6.24,3.35,1.96,4.71,3.06,3.49,9.37,3.91,4.04,4.83,3.55,99.00,3.56,2.34,21.32,23.85,21.81,21.53,22.99,20.75,22.45,21.20,20.38,20.31,22.52,22.75,19.63,19.93,18.86,19.00,18.46,20.18,19.93,20.74,9.53,10.54,10.54,7.40,8.68,9.76,9.31,7.13,8.11,8.61,8.15,9.38,7.27,7.58,18.94,17.14,17.57,18.63],
  [22.32,14.27,13.45,3.17,8.57,26.12,8.65,6.26,14.29,13.10,13.17,14.94,13.96,16.80,15.29,15.13,13.29,16.97,15.76,16.43,3.29,3.22,7.82,5.32,3.92,6.97,5.31,5.30,11.17,8.98,6.32,2.98,2.76,1.39,3.93,1.37,1.94,1.37,2.18,1.66,6.04,0.57,1.08,2.70,1.60,3.56,99.00,2.87,23.60,26.26,24.09,23.59,25.38,23.20,24.75,23.60,22.56,22.82,24.83,25.11,22.17,21.42,20.07,20.40,19.54,21.53,21.58,22.33,10.60,11.47,11.47,10.42,11.54,11.53,11.50,9.10,10.78,11.16,10.95,11.82,10.16,10.51,20.98,19.79,20.22,21.27],
  [19.49,11.55,10.93,3.00,10.31,23.56,6.49,4.43,11.68,10.29,10.34,12.09,11.16,13.97,12.45,12.31,10.61,14.09,13.00,13.57,0.69,5.21,9.40,6.24,4.24,7.71,8.02,8.05,13.90,11.84,9.12,0.56,1.95,2.90,4.07,1.80,2.71,4.24,1.04,3.88,7.64,2.87,3.84,2.75,1.82,2.34,2.87,99.00,20.75,23.39,21.24,20.77,22.52,20.33,21.90,20.73,19.71,19.95,21.97,22.25,19.30,18.74,17.49,17.75,17.01,18.90,18.85,19.62,8.01,8.95,8.95,7.68,8.74,8.73,8.64,6.25,7.93,8.30,8.12,8.95,7.38,7.73,18.16,16.92,17.36,18.40],
  [1.64,11.70,11.85,21.87,29.43,8.79,17.87,18.70,10.64,10.59,10.48,8.67,9.82,6.86,8.33,8.58,11.04,6.97,8.39,7.18,20.33,25.50,28.41,25.11,23.33,25.69,28.69,28.76,34.54,32.58,29.85,20.76,21.39,23.20,22.29,22.35,23.04,24.96,21.48,24.50,26.04,23.49,24.59,22.10,22.23,21.32,23.60,20.75,99.00,2.83,0.49,1.76,1.97,1.51,1.16,1.02,1.28,2.20,1.24,1.64,2.64,5.88,7.89,6.64,8.67,6.83,4.91,5.13,13.74,13.33,13.33,14.32,12.91,12.18,12.12,14.51,13.25,12.72,13.31,11.94,14.25,14.02,3.08,4.96,4.69,3.85],
  [4.43,13.73,14.68,24.62,31.79,9.89,20.14,21.49,13.47,13.33,13.21,11.37,12.59,9.62,11.06,11.35,13.86,9.40,11.21,9.84,23.00,28.04,30.77,27.52,25.80,28.00,31.29,31.36,37.11,35.23,32.47,23.38,24.11,25.91,25.06,25.03,25.62,27.62,24.16,27.09,28.84,26.17,27.23,24.83,24.91,23.85,26.26,23.39,2.83,99.00,2.40,3.89,0.88,3.11,1.73,2.66,4.09,3.64,1.64,1.19,4.32,8.25,10.38,9.15,11.19,9.11,7.33,7.33,16.54,16.14,16.14,16.68,15.30,14.91,14.76,17.17,15.74,15.24,15.75,14.50,16.67,16.42,5.89,6.92,6.54,5.49],
  [2.02,12.16,12.28,22.35,29.92,8.70,18.35,19.17,11.07,11.07,10.97,9.15,10.29,7.34,8.82,9.06,11.50,7.46,8.84,7.67,20.81,25.99,28.89,25.60,23.82,26.17,29.18,29.25,35.03,33.07,30.34,21.25,21.88,23.69,22.76,22.84,23.53,25.45,21.97,24.99,26.51,23.98,25.08,22.58,22.71,21.81,24.09,21.24,0.49,2.40,99.00,1.80,1.58,1.76,0.69,1.19,1.69,2.47,0.77,1.25,2.98,6.09,8.14,6.90,8.93,7.01,5.12,5.27,14.21,13.78,13.78,14.80,13.40,12.66,12.61,14.99,13.74,13.21,13.80,12.43,14.74,14.50,3.49,5.39,5.10,4.22],
  [1.44,12.55,11.22,21.66,29.83,7.06,18.43,18.38,10.04,10.49,10.43,8.72,9.65,6.82,8.35,8.46,10.63,7.55,7.98,7.37,20.30,25.67,28.80,25.46,23.61,26.14,28.77,28.82,34.65,32.55,29.89,20.83,21.26,23.09,22.00,22.30,23.17,24.94,21.44,24.59,25.64,23.44,24.61,21.92,22.16,21.53,23.59,20.77,1.76,3.89,1.80,99.00,3.22,3.22,2.26,2.78,1.42,3.86,2.35,2.90,4.16,4.37,6.49,5.27,7.30,5.26,3.44,3.50,13.39,12.86,12.86,14.79,13.38,12.07,12.23,14.54,13.59,13.01,13.71,12.19,14.65,14.46,2.61,6.10,5.92,5.26],
  [3.60,12.96,13.82,23.74,30.97,9.64,19.33,20.61,12.61,12.45,12.33,10.49,11.71,8.74,10.17,10.46,12.98,8.55,10.33,8.96,22.12,27.19,29.94,26.68,24.95,27.18,30.42,30.49,36.25,34.35,31.60,22.51,23.23,25.03,24.18,24.15,24.75,26.75,23.28,26.23,27.96,25.29,26.36,23.95,24.04,22.99,25.38,22.52,1.97,0.88,1.58,3.22,99.00,2.29,0.97,1.80,3.25,2.87,0.88,0.34,3.54,7.58,9.68,8.44,10.48,8.48,6.64,6.71,15.66,15.27,15.27,15.85,14.46,14.03,13.88,16.29,14.89,14.38,14.90,13.64,15.83,15.58,5.05,6.13,5.77,4.75],
  [2.58,10.69,12.08,21.64,28.68,10.28,17.04,18.59,10.86,10.39,10.24,8.39,9.69,6.74,8.10,8.45,11.10,6.29,8.50,6.84,19.95,24.94,27.66,24.40,22.68,24.90,28.19,28.28,34.01,32.16,29.39,20.31,21.10,22.88,22.13,21.98,22.52,24.57,21.11,24.00,25.97,23.12,24.16,21.84,21.88,20.75,23.20,20.33,1.51,3.11,1.76,3.22,2.29,99.00,2.07,0.60,2.25,0.71,2.09,2.09,1.29,7.02,8.88,7.64,9.61,8.00,6.03,6.39,13.69,13.39,13.39,13.57,12.18,11.95,11.70,14.13,12.64,12.14,12.64,11.41,13.56,13.30,3.71,3.86,3.52,2.54],
  [2.70,12.68,12.97,23.03,30.52,8.87,18.93,19.86,11.76,11.75,11.64,9.82,10.97,8.02,9.49,9.74,12.19,8.06,9.53,8.32,21.48,26.63,29.50,26.21,24.44,26.76,29.83,29.90,35.68,33.73,31.00,21.91,22.55,24.36,23.45,23.50,24.18,26.11,22.63,25.64,27.19,24.64,25.74,23.25,23.38,22.45,24.75,21.90,1.16,1.73,0.69,2.26,0.97,2.07,99.00,1.47,2.37,2.76,0.09,0.64,3.35,6.62,8.71,7.48,9.51,7.51,5.67,5.75,14.89,14.47,14.47,15.40,14.00,13.33,13.26,15.66,14.37,13.84,14.41,13.07,15.35,15.11,4.17,5.87,5.55,4.60],
  [2.39,11.24,12.25,21.99,29.18,9.81,17.56,18.89,11.04,10.71,10.58,8.73,9.99,7.02,8.43,8.75,11.33,6.75,8.71,7.19,20.34,25.39,28.16,24.89,23.15,25.41,28.63,28.70,34.45,32.57,29.81,20.72,21.47,23.26,22.45,22.37,22.96,24.97,21.50,24.43,26.26,23.51,24.57,22.19,22.26,21.20,23.60,20.73,1.02,2.66,1.19,2.78,1.80,0.60,1.47,99.00,2.03,1.30,1.50,1.56,1.88,6.78,8.73,7.48,9.48,7.75,5.80,6.09,13.97,13.63,13.63,14.07,12.67,12.29,12.10,14.51,13.09,12.59,13.11,11.84,14.04,13.79,3.68,4.42,4.09,3.13],
  [0.36,11.16,10.60,20.75,28.59,8.27,17.13,17.54,9.39,9.49,9.40,7.62,8.68,5.76,7.27,7.46,9.84,6.22,7.17,6.19,19.27,24.54,27.57,24.24,22.42,24.88,27.69,27.75,33.55,31.53,28.83,19.75,20.29,22.12,21.14,21.29,22.06,23.91,20.42,23.50,24.86,22.43,23.56,20.98,21.16,20.38,22.56,19.71,1.28,4.09,1.69,1.42,3.25,2.25,2.37,2.03,99.00,2.75,2.46,2.92,2.91,4.77,6.70,5.45,7.45,5.75,3.79,4.15,12.56,12.11,12.11,13.51,12.10,11.08,11.11,13.47,12.37,11.81,12.46,11.01,13.40,13.20,1.81,4.68,4.51,3.91],
  [3.04,10.10,12.02,21.35,28.17,10.91,16.50,18.35,10.81,10.14,9.97,8.12,9.49,6.57,7.85,8.25,10.96,5.87,8.42,6.56,19.59,24.50,27.14,23.91,22.21,24.37,27.78,27.86,33.57,31.77,28.98,19.91,20.78,22.55,21.86,21.63,22.10,24.20,20.76,23.59,25.73,22.76,23.77,21.53,21.53,20.31,22.82,19.95,2.20,3.64,2.47,3.86,2.87,0.71,2.76,1.30,2.75,99.00,2.77,2.72,0.68,7.44,9.22,7.99,9.92,8.43,6.46,6.89,13.50,13.25,13.25,13.08,11.70,11.68,11.35,13.78,12.19,11.72,12.17,11.01,13.09,12.82,3.97,3.28,2.91,1.88],
  [2.79,12.72,13.05,23.11,30.58,8.93,18.98,19.94,11.85,11.83,11.71,9.90,11.05,8.10,9.57,9.82,12.27,8.12,9.61,8.40,21.55,26.70,29.55,26.27,24.50,26.82,29.90,29.97,35.74,33.80,31.07,21.98,22.63,24.43,23.53,23.58,24.25,26.19,22.71,25.71,27.28,24.72,25.81,23.33,23.46,22.52,24.83,21.97,1.24,1.64,0.77,2.35,0.88,2.09,0.09,1.50,2.46,2.77,99.00,0.56,3.38,6.71,8.80,7.57,9.61,7.60,5.76,5.84,14.97,14.55,14.55,15.46,14.05,13.41,13.33,15.73,14.43,13.90,14.47,13.14,15.41,15.17,4.26,5.90,5.58,4.62],
  [3.26,12.79,13.49,23.45,30.75,9.42,19.12,20.31,12.28,12.16,12.04,10.21,11.41,8.44,9.89,10.17,12.67,8.31,10.02,8.69,21.84,26.94,29.72,26.45,24.71,26.97,30.16,30.23,35.99,34.08,31.34,22.25,22.95,24.75,23.88,23.87,24.50,26.48,23.00,25.97,27.66,25.02,26.09,23.66,23.76,22.75,25.11,22.25,1.64,1.19,1.25,2.90,0.34,2.09,0.64,1.56,2.92,2.72,0.56,99.00,3.37,7.26,9.35,8.11,10.15,8.16,6.31,6.40,15.35,14.96,14.96,15.63,14.23,13.74,13.61,16.02,14.65,14.13,14.67,13.38,15.60,15.35,4.72,5.96,5.61,4.60],
  [3.14,9.42,11.53,20.72,27.49,11.17,15.82,17.75,10.33,9.54,9.37,7.51,8.91,6.02,7.26,7.68,10.43,5.20,7.92,5.95,18.94,23.83,26.46,23.23,21.53,23.69,27.11,27.20,32.90,31.11,28.32,19.25,20.14,21.90,21.25,20.97,21.43,23.54,20.10,22.93,25.13,22.11,23.11,20.90,20.88,19.63,22.17,19.30,2.64,4.32,2.98,4.16,3.54,1.29,3.35,1.88,2.91,0.68,3.38,3.37,99.00,7.41,9.08,7.87,9.75,8.41,6.46,6.95,12.92,12.70,12.70,12.40,11.02,11.07,10.71,13.14,11.52,11.05,11.49,10.35,12.41,12.14,3.83,2.60,2.24,1.25],
  [4.44,12.99,8.16,19.09,28.50,5.23,17.78,15.66,7.16,8.76,8.84,7.64,7.86,5.96,7.25,7.01,8.14,8.00,5.90,6.93,18.19,23.88,27.49,24.10,22.12,25.03,26.72,26.73,32.59,30.22,27.72,18.91,18.87,20.72,19.25,20.07,21.34,22.70,19.25,22.62,22.59,21.18,22.49,19.41,19.89,19.93,21.42,18.74,5.88,8.25,6.09,4.37,7.58,7.02,6.62,6.78,4.77,7.44,6.71,7.26,7.41,99.00,2.18,1.12,3.01,1.00,0.98,1.08,10.83,10.06,10.06,14.12,12.80,10.17,10.85,12.80,12.65,12.01,12.93,11.16,13.82,13.73,3.64,8.15,8.20,8.06],
  [6.34,13.15,6.62,17.56,27.49,6.07,17.24,14.10,5.82,8.02,8.17,7.39,7.17,6.08,7.04,6.62,6.98,8.50,5.29,7.12,16.90,22.68,26.50,23.12,21.09,24.15,25.37,25.36,31.21,28.73,26.32,17.71,17.43,19.26,17.64,18.70,20.14,21.30,17.91,21.36,20.82,19.78,21.14,17.91,18.50,18.86,20.07,17.49,7.89,10.38,8.14,6.49,9.68,8.88,8.71,8.73,6.70,9.22,8.80,9.35,9.08,2.18,99.00,1.25,0.84,1.64,3.05,3.23,9.48,8.60,8.60,13.67,12.45,9.23,10.17,11.83,12.12,11.47,12.47,10.66,13.30,13.27,5.26,9.33,9.47,9.53],
  [5.09,12.55,7.08,18.03,27.59,5.97,17.04,14.59,6.12,7.91,8.02,6.98,7.02,5.45,6.60,6.28,7.15,7.70,5.07,6.46,17.19,22.91,26.59,23.20,21.20,24.16,25.71,25.71,31.57,29.17,26.69,17.94,17.83,19.67,18.17,19.05,20.37,21.67,18.23,21.63,21.48,20.15,21.47,18.35,18.86,19.00,20.40,17.75,6.64,9.15,6.90,5.27,8.44,7.64,7.48,7.48,5.45,7.99,7.57,8.11,7.87,1.12,1.25,99.00,2.04,1.23,1.84,2.19,9.80,9.00,9.00,13.41,12.13,9.26,10.03,11.88,11.90,11.25,12.21,10.42,13.08,13.01,4.04,8.26,8.37,8.37],
  [7.10,13.25,6.09,16.97,27.08,6.60,17.05,13.51,5.40,7.82,8.00,7.41,7.00,6.28,7.08,6.59,6.61,8.77,5.21,7.31,16.40,22.21,26.10,22.73,20.69,23.80,24.84,24.82,30.66,28.13,25.76,17.25,16.87,18.70,17.01,18.16,19.68,20.75,17.39,20.86,20.12,19.23,20.61,17.33,17.96,18.46,19.54,17.01,8.67,11.19,8.93,7.30,10.48,9.61,9.51,9.48,7.45,9.92,9.61,10.15,9.75,3.01,0.84,2.04,99.00,2.44,3.87,4.07,9.00,8.07,8.07,13.53,12.36,8.93,9.96,11.49,11.96,11.31,12.34,10.51,13.13,13.12,5.94,9.83,10.00,10.13],
  [5.42,13.72,8.13,19.10,28.79,4.75,18.27,15.64,7.24,9.13,9.24,8.20,8.24,6.62,7.82,7.50,8.31,8.80,6.29,7.63,18.33,24.07,27.79,24.40,22.40,25.38,26.83,26.83,32.69,30.25,27.80,19.10,18.92,20.77,19.20,20.17,21.53,22.78,19.36,22.78,22.43,21.26,22.60,19.43,19.97,20.18,21.53,18.90,6.83,9.11,7.01,5.26,8.48,8.00,7.51,7.75,5.75,8.43,7.60,8.16,8.41,1.00,1.64,1.23,2.44,99.00,1.97,1.78,10.92,10.09,10.09,14.63,13.35,10.46,11.26,13.09,13.13,12.48,13.44,11.64,14.30,14.24,4.63,9.10,9.17,9.05],
  [3.45,12.49,8.50,19.35,28.46,5.66,17.55,15.95,7.43,8.71,8.75,7.40,7.81,5.60,7.00,6.84,8.30,7.42,5.88,6.51,18.32,23.95,27.44,24.06,22.10,24.93,26.86,26.88,32.74,30.44,27.89,19.00,19.08,20.93,19.56,20.24,21.41,22.88,19.40,22.73,23.00,21.36,22.63,19.65,20.07,19.93,21.58,18.85,4.91,7.33,5.12,3.44,6.64,6.03,5.67,5.80,3.79,6.46,5.76,6.31,6.46,0.98,3.05,1.84,3.87,1.97,99.00,0.86,11.05,10.34,10.34,13.87,12.52,10.19,10.74,12.80,12.45,11.81,12.70,10.97,13.60,13.49,2.74,7.32,7.34,7.15],
  [3.84,13.33,9.15,20.06,29.28,4.83,18.40,16.64,8.12,9.52,9.58,8.25,8.62,6.45,7.85,7.68,9.04,8.25,6.68,7.36,19.08,24.73,28.26,24.88,22.92,25.76,27.62,27.63,33.50,31.17,28.64,19.78,19.81,21.66,20.24,20.99,22.19,23.62,20.16,23.50,23.62,22.10,23.39,20.37,20.81,20.74,22.33,19.62,5.13,7.33,5.27,3.50,6.71,6.39,5.75,6.09,4.15,6.89,5.84,6.40,6.95,1.08,3.23,2.19,4.07,1.78,0.86,99.00,11.77,11.03,11.03,14.72,13.37,10.98,11.57,13.60,13.30,12.66,13.55,11.81,14.45,14.34,3.40,8.02,8.01,7.73],
  [12.27,8.88,2.94,8.32,18.13,15.55,9.24,4.99,3.69,3.46,3.70,5.47,4.01,6.95,5.68,5.25,2.77,8.20,5.41,7.00,7.41,13.21,17.17,13.82,11.77,15.00,15.91,15.91,21.77,19.39,16.89,8.25,8.04,9.88,8.60,9.24,10.68,11.87,8.44,11.87,12.31,10.35,11.67,8.61,9.05,9.53,10.60,8.01,13.74,16.54,14.21,13.39,15.66,13.69,14.89,13.97,12.56,13.50,14.97,15.35,12.92,10.83,9.48,9.80,9.00,10.92,11.05,11.77,99.00,1.05,1.05,6.62,6.21,2.27,3.62,3.17,5.22,4.83,5.75,4.60,6.04,6.26,10.83,11.06,11.48,12.35],
  [11.81,9.48,1.98,9.03,19.13,14.66,10.26,5.61,2.91,3.55,3.84,5.42,3.87,6.68,5.57,5.04,2.29,8.23,4.94,6.88,8.33,14.15,18.17,14.84,12.77,16.03,16.77,16.76,22.61,20.17,17.72,9.22,8.84,10.68,9.22,10.10,11.64,12.70,9.31,12.79,12.78,11.18,12.54,9.35,9.90,10.54,11.47,8.95,13.33,16.14,13.78,12.86,15.27,13.39,14.47,13.63,12.11,13.25,14.55,14.96,12.70,10.06,8.60,9.00,8.07,10.09,10.34,11.03,1.05,99.00,0.00,7.51,6.98,2.77,4.26,4.19,6.05,5.59,6.57,5.24,6.94,7.13,10.35,11.01,11.41,12.23],
  [11.81,9.48,1.98,9.03,19.13,14.66,10.26,5.61,2.91,3.55,3.84,5.42,3.87,6.68,5.57,5.04,2.29,8.23,4.94,6.88,8.33,14.15,18.17,14.84,12.77,16.03,16.77,16.76,22.61,20.17,17.72,9.22,8.84,10.68,9.22,10.10,11.64,12.70,9.31,12.79,12.78,11.18,12.54,9.35,9.90,10.54,11.47,8.95,13.33,16.14,13.78,12.86,15.27,13.39,14.47,13.63,12.11,13.25,14.55,14.96,12.70,10.06,8.60,9.00,8.07,10.09,10.34,11.03,1.05,0.00,99.00,7.51,6.98,2.77,4.26,4.19,6.05,5.59,6.57,5.24,6.94,7.13,10.35,11.01,11.41,12.23],
  [13.37,3.87,8.69,10.03,15.12,19.34,3.68,8.43,8.59,5.73,5.53,6.48,6.53,8.29,6.87,7.13,7.33,7.34,8.39,7.50,7.57,11.56,14.10,10.83,9.16,11.37,14.94,15.05,20.61,19.08,16.21,7.45,9.13,10.56,10.91,9.48,9.31,11.77,8.67,10.84,14.91,10.52,11.21,10.01,9.48,7.40,10.42,7.68,14.32,16.68,14.80,14.79,15.85,13.57,15.40,14.07,13.51,13.08,15.46,15.63,12.40,14.12,13.67,13.41,13.53,14.63,13.87,14.72,6.62,7.51,7.51,99.00,1.41,5.04,3.66,3.68,1.60,2.23,1.20,3.02,0.59,0.41,12.30,9.84,10.26,11.33],
  [11.96,3.06,7.89,10.86,16.53,18.03,5.07,8.87,7.63,4.66,4.42,5.16,5.38,6.93,5.55,5.85,6.41,5.94,7.17,6.11,8.54,12.86,15.50,12.22,10.52,12.78,16.21,16.32,21.93,20.32,17.46,8.57,10.03,11.57,11.66,10.52,10.55,12.91,9.68,12.08,15.70,11.60,12.39,10.89,10.49,8.68,11.54,8.74,12.91,15.30,13.40,13.38,14.46,12.18,14.00,12.67,12.10,11.70,14.05,14.23,11.02,12.80,12.45,12.13,12.36,13.35,12.52,13.37,6.21,6.98,6.98,1.41,99.00,4.30,2.80,3.74,1.09,1.39,0.65,1.93,1.41,1.12,10.90,8.49,8.91,9.98],
  [10.83,6.71,3.65,9.71,18.34,15.21,8.24,6.69,3.66,1.59,1.71,3.56,2.43,5.32,3.86,3.61,2.38,6.12,4.30,5.12,8.24,13.76,17.33,13.95,11.95,14.93,16.74,16.78,22.63,20.48,17.83,8.83,9.22,11.04,10.18,10.23,11.23,12.87,9.37,12.58,14.07,11.37,12.55,9.92,10.09,9.76,11.53,8.73,12.18,14.91,12.66,12.07,14.03,11.95,13.33,12.29,11.08,11.68,13.41,13.74,11.07,10.17,9.23,9.26,8.93,10.46,10.19,10.98,2.27,2.77,2.77,5.04,4.30,99.00,1.51,2.63,3.47,2.93,3.97,2.48,4.52,4.64,9.46,9.03,9.46,10.39],
  [10.90,5.26,5.10,10.06,17.74,16.01,7.09,7.37,4.93,2.14,2.02,3.51,3.02,5.42,3.89,3.90,3.68,5.55,4.96,4.94,8.24,13.44,16.72,13.34,11.42,14.19,16.58,16.64,22.44,20.47,17.73,8.65,9.44,11.19,10.67,10.28,10.95,12.87,9.41,12.38,14.66,11.42,12.48,10.21,10.18,9.31,11.50,8.64,12.12,14.76,12.61,12.23,13.88,11.70,13.26,12.10,11.11,11.35,13.33,13.61,10.71,10.85,10.17,10.03,9.96,11.26,10.74,11.57,3.62,4.26,4.26,3.66,2.80,1.51,99.00,2.43,2.06,1.46,2.52,0.98,3.20,3.25,9.63,8.45,8.89,9.89],
  [13.24,6.76,5.79,7.66,15.71,17.83,6.07,5.21,6.12,4.11,4.12,5.85,5.00,7.73,6.20,6.10,4.88,7.97,6.92,7.33,5.83,11.18,14.70,11.32,9.33,12.32,14.23,14.28,20.11,18.07,15.36,6.29,7.01,8.76,8.32,7.86,8.65,10.46,6.99,10.05,12.34,9.00,10.09,7.80,7.75,7.13,9.10,6.25,14.51,17.17,14.99,14.54,16.29,14.13,15.66,14.51,13.47,13.78,15.73,16.02,13.14,12.80,11.83,11.88,11.49,13.09,12.80,13.60,3.17,4.19,4.19,3.68,3.74,2.63,2.43,99.00,2.66,2.61,3.13,2.97,3.09,3.39,11.93,10.86,11.30,12.31],
  [12.20,4.12,7.12,9.91,16.24,17.86,5.14,7.81,6.99,4.14,3.96,5.06,4.96,6.93,5.46,5.65,5.74,6.34,6.86,6.23,7.69,12.31,15.21,11.88,10.07,12.57,15.60,15.69,21.38,19.64,16.82,7.82,9.12,10.72,10.68,9.70,9.92,12.15,8.84,11.42,14.72,10.80,11.67,9.96,9.65,8.11,10.78,7.93,13.25,15.74,13.74,13.59,14.89,12.64,14.37,13.09,12.37,12.19,14.43,14.65,11.52,12.65,12.12,11.90,11.96,13.13,12.45,13.30,5.22,6.05,6.05,1.60,1.09,3.47,2.06,2.66,99.00,0.65,0.53,1.49,1.18,1.19,11.05,9.06,9.49,10.55],
  [11.63,4.21,6.55,10.12,16.82,17.21,5.79,7.83,6.38,3.50,3.31,4.43,4.31,6.31,4.82,5.00,5.13,5.86,6.20,5.64,8.01,12.80,15.80,12.45,10.62,13.18,16.06,16.14,21.86,20.07,17.26,8.21,9.38,11.03,10.85,10.03,10.38,12.53,9.17,11.87,14.88,11.15,12.08,10.20,9.97,8.61,11.16,8.30,12.72,15.24,13.21,13.01,14.38,12.14,13.84,12.59,11.81,11.72,13.90,14.13,11.05,12.01,11.47,11.25,11.31,12.48,11.81,12.66,4.83,5.59,5.59,2.23,1.39,2.93,1.46,2.61,0.65,99.00,1.06,0.85,1.83,1.82,10.46,8.63,9.07,10.11],
  [12.31,3.71,7.61,10.21,16.13,18.15,4.85,8.23,7.44,4.55,4.34,5.30,5.33,7.13,5.70,5.94,6.20,6.36,7.19,6.38,7.92,12.35,15.11,11.80,10.05,12.43,15.67,15.77,21.42,19.75,16.91,7.97,9.39,10.95,11.01,9.90,10.00,12.31,9.06,11.52,15.05,10.99,11.81,10.25,9.87,8.15,10.95,8.12,13.31,15.75,13.80,13.71,14.90,12.64,14.41,13.11,12.46,12.17,14.47,14.67,11.49,12.93,12.47,12.21,12.34,13.44,12.70,13.55,5.75,6.57,6.57,1.20,0.65,3.97,2.52,3.13,0.53,1.06,99.00,1.82,0.94,0.80,11.20,8.99,9.42,10.48],
  [10.82,4.28,5.98,10.61,17.65,16.37,6.62,8.11,5.70,2.74,2.53,3.58,3.51,5.47,3.98,4.15,4.49,5.15,5.38,4.83,8.62,13.56,16.62,13.27,11.42,14.01,16.79,16.86,22.61,20.76,17.98,8.90,9.92,11.62,11.29,10.66,11.12,13.20,9.79,12.59,15.30,11.78,12.76,10.73,10.58,9.38,11.82,8.95,11.94,14.50,12.43,12.19,13.64,11.41,13.07,11.84,11.01,11.01,13.14,13.38,10.35,11.16,10.66,10.42,10.51,11.64,10.97,11.81,4.60,5.24,5.24,3.02,1.93,2.48,0.98,2.97,1.49,0.85,1.82,99.00,2.66,2.61,9.63,7.98,8.42,9.45],
  [13.25,4.23,8.16,9.62,15.19,19.03,3.96,7.91,8.11,5.31,5.13,6.21,6.13,8.06,6.60,6.81,6.84,7.29,8.03,7.32,7.22,11.45,14.17,10.86,9.13,11.49,14.80,14.91,20.52,18.91,16.05,7.19,8.75,10.24,10.47,9.17,9.14,11.52,8.34,10.67,14.49,10.24,10.99,9.62,9.15,7.27,10.16,7.38,14.25,16.67,14.74,14.65,15.83,13.56,15.35,14.04,13.40,13.09,15.41,15.60,12.41,13.82,13.30,13.08,13.13,14.30,13.60,14.45,6.04,6.94,6.94,0.59,1.41,4.52,3.20,3.09,1.18,1.83,0.94,2.66,99.00,0.37,12.14,9.89,10.31,11.38],
  [13.05,3.85,8.29,9.99,15.42,18.95,4.06,8.27,8.18,5.32,5.12,6.10,6.12,7.92,6.49,6.74,6.92,7.05,7.99,7.15,7.59,11.75,14.39,11.10,9.40,11.69,15.11,15.22,20.82,19.23,16.37,7.54,9.12,10.60,10.85,9.53,9.46,11.87,8.71,10.99,14.86,10.59,11.33,9.99,9.52,7.58,10.51,7.73,14.02,16.42,14.50,14.46,15.58,13.30,15.11,13.79,13.20,12.82,15.17,15.35,12.14,13.73,13.27,13.01,13.12,14.24,13.49,14.34,6.26,7.13,7.13,0.41,1.12,4.64,3.25,3.39,1.19,1.82,0.80,2.61,0.37,99.00,11.96,9.60,10.03,11.10],
  [1.47,10.35,8.80,19.07,27.27,8.10,15.97,15.82,7.60,7.88,7.82,6.12,7.04,4.21,5.75,5.85,8.09,5.25,5.43,4.82,17.69,23.07,26.25,22.90,21.03,23.62,26.16,26.21,32.04,29.94,27.28,18.22,18.66,20.49,19.43,19.69,20.57,22.32,18.83,21.98,23.11,20.83,22.00,19.32,19.55,18.94,20.98,18.16,3.08,5.89,3.49,2.61,5.05,3.71,4.17,3.68,1.81,3.97,4.26,4.72,3.83,3.64,5.26,4.04,5.94,4.63,2.74,3.40,10.83,10.35,10.35,12.30,10.90,9.46,9.63,11.93,11.05,10.46,11.20,9.63,12.14,11.96,99.00,4.62,4.62,4.42],
  [4.75,6.83,10.15,18.52,24.91,12.67,13.23,15.70,9.01,7.60,7.38,5.60,7.13,4.60,5.44,6.00,8.82,2.92,6.64,4.13,16.60,21.33,23.88,20.66,19.00,21.10,24.65,24.74,30.41,28.69,25.88,16.84,17.88,19.60,19.11,18.64,18.97,21.16,17.77,20.48,23.06,19.76,20.71,18.66,18.56,17.14,19.79,16.92,4.96,6.92,5.39,6.10,6.13,3.86,5.87,4.42,4.68,3.28,5.90,5.96,2.60,8.15,9.33,8.26,9.83,9.10,7.32,8.02,11.06,11.01,11.01,9.84,8.49,9.03,8.45,10.86,9.06,8.63,8.99,7.98,9.89,9.60,4.62,99.00,0.44,1.49],
  [4.61,7.19,10.52,18.95,25.31,12.61,13.63,16.13,9.37,8.02,7.80,6.01,7.54,4.95,5.84,6.39,9.21,3.35,6.99,4.53,17.04,21.76,24.29,21.07,19.42,21.50,25.08,25.17,30.83,29.13,26.31,17.28,18.31,20.03,19.54,19.07,19.40,21.60,18.20,20.91,23.49,20.20,21.14,19.10,18.99,17.57,20.22,17.36,4.69,6.54,5.10,5.92,5.77,3.52,5.55,4.09,4.51,2.91,5.58,5.61,2.24,8.20,9.47,8.37,10.00,9.17,7.34,8.01,11.48,11.41,11.41,10.26,8.91,9.46,8.89,11.30,9.49,9.07,9.42,8.42,10.31,10.03,4.62,0.44,99.00,1.07],
  [4.08,8.24,11.22,19.95,26.38,12.15,14.70,17.07,10.04,8.92,8.71,6.89,8.37,5.63,6.68,7.18,9.99,4.34,7.64,5.36,18.07,22.83,25.36,22.15,20.49,22.57,26.14,26.23,31.90,30.18,27.37,18.33,19.32,21.06,20.52,20.10,20.46,22.64,19.24,21.97,24.45,21.23,22.19,20.10,20.02,18.63,21.27,18.40,3.85,5.49,4.22,5.26,4.75,2.54,4.60,3.13,3.91,1.88,4.62,4.60,1.25,8.06,9.53,8.37,10.13,9.05,7.15,7.73,12.35,12.23,12.23,11.33,9.98,10.39,9.89,12.31,10.55,10.11,10.48,9.45,11.38,11.10,4.42,1.49,1.07,99.00]
];
