// Chosen Depots: [1, 2, 3, 4, 5, 6]
// Chosen Demand Points (Original DP No): [1, 3, 5, 6, 10, 11, 14, 17, 20, 23, 24, 26, 28, 29, 30, 31, 32, 38, 39, 40, 41, 42, 43, 44, 46, 47, 48, 49, 51, 54, 58, 60, 61, 62, 64, 66, 69, 71, 72, 73, 74, 76, 77, 80, 85, 88, 89, 91, 92, 96, 98, 99, 100, 101, 103, 104, 105, 109, 110, 111, 113, 115, 116, 120, 121, 122, 123, 124, 125, 128, 129, 131, 132, 133, 134, 135, 136, 137, 138, 141, 143, 144, 146, 148, 149, 150, 151, 152, 153, 155, 157, 159, 160, 162, 165, 166, 167, 168, 169, 170]
// Original Weights: [9, 9, 6, 9, 4, 5, 5, 5, 6, 6, 5, 4, 5, 5, 5, 6, 6, 8, 10, 9, 6, 7, 7, 7, 6, 6, 6, 8, 6, 4, 6, 5, 7, 4, 6, 6, 4, 7, 7, 6, 2, 5, 6, 5, 6, 6, 7, 6, 5, 7, 6, 6, 7, 7, 7, 7, 6, 7, 7, 7, 7, 7, 7, 7, 6, 8, 6, 3, 2, 2, 2, 2, 4, 4, 4, 4, 2, 3, 3, 4, 8, 8, 8, 6, 6, 7, 8, 7, 8, 5, 7, 7, 6, 8, 6, 6, 9, 5, 8, 8]

|W| = 6;
|D| = 100;
V = 54;
C = 3;
|K| = 1;
M = 100;
S = 0.25;
|TR| = 15;
δmax = 18.3;
Runtime = 50;

// Priority weights for selected demand points
pj = [
  9, 9, 6, 9, 4, 5, 5, 5, 6, 6, 5, 4, 5, 5, 5, 6, 6, 8, 10, 9, 6, 7, 7, 7, 6, 6, 6, 8, 6, 4, 6, 5, 7, 4, 6, 6, 4, 7, 7, 6, 2, 5, 6, 5, 6, 6, 7, 6, 5, 7, 6, 6, 7, 7, 7, 7, 6, 7, 7, 7, 7, 7, 7, 7, 6, 8, 6, 3, 2, 2, 2, 2, 4, 4, 4, 4, 2, 3, 3, 4, 8, 8, 8, 6, 6, 7, 8, 7, 8, 5, 7, 7, 6, 8, 6, 6, 9, 5, 8, 8
];

δij =
[
  [99.00,99.00,99.00,99.00,99.00,99.00,19.31,17.00,18.70,18.10,9.07,9.24,5.42,6.15,5.52,7.04,6.93,9.54,6.17,6.88,7.81,6.00,19.04,22.24,24.73,21.64,28.07,27.47,27.53,33.34,31.29,31.81,28.60,33.29,21.14,21.94,24.56,21.87,23.45,20.86,24.33,23.67,22.41,19.47,23.28,22.79,24.56,22.19,23.33,20.91,19.49,1.64,4.43,1.03,1.44,4.53,2.57,1.26,2.70,2.39,2.57,2.81,0.36,3.63,4.20,2.79,3.80,4.28,2.70,4.21,0.99,3.86,2.62,4.44,6.34,7.10,6.83,5.42,3.51,3.51,3.27,3.45,5.95,3.84,3.89,11.81,13.37,13.22,11.96,10.90,13.24,13.09,10.58,10.66,11.66,12.30,11.63,10.82,13.61,13.05,1.06,1.30,5.18,1.47,4.75,4.61],
  [99.00,99.00,99.00,99.00,99.00,99.00,9.07,6.60,10.80,8.14,9.37,6.43,7.73,8.33,7.11,6.19,8.35,8.34,7.46,8.14,7.88,6.09,11.43,12.71,14.44,11.84,19.41,18.64,18.77,24.20,22.83,23.22,19.93,23.93,12.74,15.55,15.96,14.43,14.85,14.68,16.01,15.61,15.73,10.51,14.62,14.84,18.71,14.39,15.04,13.35,11.55,11.70,13.73,11.79,12.55,13.77,13.06,12.15,12.68,11.24,12.24,12.45,11.16,13.40,13.45,12.72,13.79,13.17,10.14,13.76,10.69,9.10,12.84,12.99,13.15,13.25,14.13,13.72,12.30,12.30,13.57,12.49,13.42,13.33,13.59,9.48,3.87,4.76,3.06,5.26,6.76,5.00,3.07,3.67,3.44,7.87,4.21,4.28,7.56,3.85,10.11,9.95,7.40,10.35,6.83,7.19],
  [99.00,99.00,99.00,99.00,99.00,99.00,13.23,11.78,10.26,11.91,1.22,3.53,5.27,4.25,5.60,4.86,3.48,1.62,4.64,3.61,2.93,6.07,10.31,14.70,17.92,14.51,19.18,18.75,18.74,24.59,22.12,22.69,19.69,24.73,12.68,12.19,15.88,12.64,14.88,11.10,15.46,14.68,12.75,11.81,14.77,13.80,14.51,13.16,14.53,11.87,10.93,11.85,14.68,11.29,11.22,14.78,12.81,11.47,12.97,12.25,12.78,13.03,10.60,13.90,14.44,13.05,14.06,14.45,11.77,14.47,10.77,11.88,12.89,8.16,6.62,6.09,7.39,8.13,8.25,8.25,10.13,8.50,7.28,9.15,9.46,1.98,8.69,7.61,7.89,5.10,5.79,7.23,7.01,6.49,7.29,3.80,6.55,5.98,5.54,8.29,10.04,10.16,11.45,8.80,10.15,10.52],
  [99.00,99.00,99.00,99.00,99.00,99.00,8.44,9.40,3.42,7.92,11.94,11.29,15.06,14.42,15.01,13.57,13.68,11.09,14.31,13.69,12.74,14.81,2.69,6.55,9.90,7.18,8.38,8.10,8.03,13.76,11.16,11.75,8.86,14.02,3.60,1.71,5.48,1.90,4.79,1.08,4.86,4.01,1.97,5.14,4.82,3.24,4.89,2.66,4.14,1.82,3.00,21.87,24.62,21.49,21.66,24.71,23.04,21.74,23.03,21.99,22.74,23.00,20.75,23.95,24.35,23.11,24.20,24.25,21.20,24.49,20.71,20.79,23.03,19.09,17.56,16.97,18.27,19.10,19.10,19.10,20.98,19.35,18.24,20.06,20.36,9.03,10.03,9.10,10.86,10.06,7.66,8.91,11.56,11.10,10.66,8.18,10.12,10.61,7.07,9.99,19.95,19.98,19.65,19.07,18.52,18.95],
  [99.00,99.00,99.00,99.00,99.00,99.00,9.24,11.70,10.87,10.36,21.69,19.75,23.44,23.24,23.11,21.59,22.68,20.51,22.76,22.60,21.72,22.46,10.98,6.39,3.85,6.81,5.98,5.32,5.59,7.22,7.99,7.89,6.08,6.52,8.64,11.89,6.48,9.91,6.95,12.45,7.23,8.03,11.26,9.30,6.92,8.57,13.14,9.10,7.66,10.05,10.31,29.43,31.79,29.31,29.83,31.85,30.77,29.64,30.52,29.18,30.12,30.36,28.59,31.34,31.51,30.58,31.69,31.27,28.15,31.77,28.30,27.26,30.62,28.50,27.49,27.08,28.35,28.79,28.21,28.21,29.96,28.46,28.07,29.28,29.58,19.13,15.12,15.22,16.53,17.74,15.71,15.37,17.87,17.77,16.78,17.39,16.82,17.65,15.67,15.42,27.61,27.53,25.64,27.27,24.91,25.31],
  [99.00,99.00,99.00,99.00,99.00,99.00,24.98,22.99,22.86,23.67,11.89,13.89,10.64,10.49,11.18,12.49,10.93,13.02,11.16,11.04,11.86,12.13,22.96,27.13,30.13,26.78,31.85,31.43,31.42,37.25,34.73,35.31,32.36,37.41,25.31,24.66,28.55,25.30,27.54,23.59,28.13,27.35,25.26,24.22,27.42,26.47,26.58,25.83,27.20,24.55,23.56,8.79,9.89,8.11,7.06,9.99,8.16,7.82,8.87,9.81,9.19,9.24,8.27,9.20,9.89,8.93,8.91,10.28,10.60,9.55,8.99,11.89,8.56,5.23,6.07,6.60,5.30,4.75,5.85,5.85,4.86,5.66,5.45,4.83,4.60,14.66,19.34,18.76,18.03,16.01,17.83,18.49,16.65,16.48,17.56,16.16,17.21,16.37,17.85,18.95,9.09,9.35,13.25,8.10,12.67,12.61],
  [19.31,9.07,13.23,8.44,9.24,24.98,99.00,2.47,5.23,1.32,13.53,11.10,14.54,14.51,14.14,12.66,14.06,12.26,13.92,13.94,13.14,13.40,5.90,3.94,5.45,2.91,10.84,9.99,10.18,15.25,14.24,14.55,11.34,14.91,5.42,9.85,7.72,7.83,6.76,9.52,8.04,7.98,9.64,3.30,6.50,7.50,12.81,7.35,7.26,6.95,5.45,20.24,22.56,20.16,20.72,22.61,21.59,20.50,21.31,19.96,20.91,21.15,19.45,22.12,22.27,21.37,22.48,22.03,18.91,22.54,19.13,18.02,21.43,19.81,19.10,18.83,20.03,20.23,19.41,19.41,21.07,19.65,19.62,20.49,20.79,11.50,5.94,6.25,7.35,8.98,7.44,6.49,8.73,8.71,7.67,9.44,7.84,8.68,7.73,6.26,18.45,18.35,16.40,18.22,15.66,16.06],
  [17.00,6.60,11.78,9.40,11.70,22.99,2.47,99.00,5.98,1.75,11.90,9.23,12.42,12.50,11.97,10.55,12.13,10.62,11.85,11.99,11.27,11.18,6.72,6.26,7.87,5.31,13.13,12.30,12.47,17.68,16.55,16.88,13.63,17.37,7.05,11.00,9.84,9.26,8.80,10.44,10.05,9.84,10.93,4.69,8.55,9.23,14.12,8.94,9.17,8.24,6.49,17.87,20.14,17.82,18.43,20.19,19.23,18.17,18.93,17.56,18.52,18.75,17.13,19.72,19.86,18.98,20.08,19.60,16.50,20.13,16.77,15.57,19.05,17.78,17.24,17.05,18.20,18.27,17.31,17.31,18.91,17.55,17.71,18.40,18.69,10.26,3.68,4.31,5.07,7.09,6.07,4.63,6.48,6.54,5.47,8.12,5.79,6.62,6.57,4.06,16.11,16.00,13.94,15.97,13.23,13.63],
  [18.70,10.80,10.26,3.42,10.87,22.86,5.23,5.98,99.00,4.54,10.98,9.52,13.36,12.93,13.18,11.66,12.28,9.88,12.63,12.24,11.30,12.78,0.74,4.64,8.08,4.80,9.37,8.79,8.83,14.67,12.63,13.13,9.91,14.69,2.48,5.05,5.87,3.64,4.78,4.46,5.64,5.05,5.07,2.13,4.63,4.19,8.21,3.66,4.64,2.55,0.80,19.95,22.59,19.67,19.99,22.67,21.21,19.95,21.10,19.93,20.76,21.02,18.92,22.00,22.32,21.17,22.29,22.16,19.04,22.50,18.79,18.47,21.14,18.01,16.79,16.33,17.62,18.19,17.85,17.85,19.68,18.11,17.41,18.88,19.19,8.29,6.93,6.20,7.96,7.84,5.45,6.11,8.89,8.53,7.88,6.73,7.50,8.15,5.15,6.97,18.04,18.02,17.16,17.38,16.12,16.56],
  [18.10,8.14,11.91,7.92,10.36,23.67,1.32,1.75,4.54,99.00,12.21,9.79,13.26,13.20,12.87,11.39,12.75,10.94,12.63,12.63,11.83,12.16,5.26,4.58,6.63,3.71,11.41,10.59,10.75,16.06,14.83,15.18,11.92,15.79,5.33,9.45,8.10,7.60,7.05,8.98,8.30,8.10,9.33,2.99,6.79,7.50,12.52,7.24,7.42,6.62,4.94,19.07,21.44,18.97,19.51,21.50,20.41,19.30,20.16,18.82,19.76,20.00,18.25,20.98,21.16,20.22,21.33,20.92,17.79,21.41,17.95,16.94,20.26,18.51,17.78,17.51,18.71,18.92,18.12,18.12,19.79,18.36,18.30,19.20,19.50,10.21,4.76,4.97,6.16,7.67,6.12,5.19,7.52,7.46,6.44,8.13,6.56,7.41,6.43,5.06,17.26,17.17,15.37,16.98,14.57,14.98],
  [9.07,9.37,1.22,11.94,21.69,11.89,13.53,11.90,10.98,12.21,99.00,3.01,4.07,3.03,4.43,3.85,2.27,1.28,3.47,2.41,1.83,4.98,11.09,15.29,18.41,15.02,20.06,19.60,19.60,25.46,23.06,23.63,20.58,25.57,13.43,13.23,16.70,13.56,15.67,12.13,16.31,15.56,13.77,12.39,15.55,14.67,15.63,14.03,15.36,12.74,11.68,10.64,13.47,10.09,10.04,13.57,11.61,10.27,11.76,11.04,11.56,11.82,9.39,12.69,13.22,11.85,12.86,13.23,10.55,13.27,9.56,10.68,11.68,7.16,5.82,5.40,6.66,7.24,7.17,7.17,9.06,7.43,6.44,8.12,8.43,2.91,8.59,7.63,7.63,4.93,6.12,7.28,6.59,6.12,7.04,4.29,6.38,5.70,6.02,8.18,8.83,8.94,10.31,7.60,9.01,9.37],
  [9.24,6.43,3.53,11.29,19.75,13.89,11.10,9.23,9.52,9.79,3.01,99.00,3.85,3.49,3.73,2.29,2.96,1.92,3.11,2.86,2.05,3.59,9.82,13.39,16.26,12.96,18.87,18.30,18.35,24.19,22.07,22.59,19.41,24.19,11.98,12.81,15.39,12.63,14.29,11.74,15.12,14.45,13.24,10.52,14.13,13.56,15.59,12.95,14.13,11.68,10.29,10.59,13.33,10.23,10.49,13.42,11.78,10.50,11.75,10.71,11.45,11.71,9.49,12.67,13.07,11.83,12.92,12.97,9.96,13.20,9.43,9.70,11.75,8.76,8.02,7.82,8.97,9.13,8.46,8.46,10.24,8.71,8.52,9.52,9.83,3.55,5.73,4.93,4.66,2.14,4.11,4.63,3.58,3.12,4.08,3.14,3.50,2.74,4.38,5.32,8.67,8.69,8.86,7.88,7.60,8.02],
  [5.42,7.73,5.27,15.06,23.44,10.64,14.54,12.42,13.36,13.26,4.07,3.85,99.00,1.11,0.66,1.88,1.80,4.22,0.75,1.66,2.47,1.69,13.67,17.13,19.86,16.63,22.72,22.15,22.19,28.03,25.91,26.43,23.26,28.02,15.83,16.53,19.23,16.46,18.14,15.45,18.97,18.30,16.99,14.29,17.97,17.41,19.19,16.80,17.98,15.52,14.14,6.85,9.66,6.43,6.64,9.75,7.99,6.68,8.01,7.11,7.75,8.01,5.69,8.94,9.40,8.09,9.17,9.35,6.53,9.49,5.72,6.62,7.99,5.41,5.44,5.62,6.40,6.03,4.89,4.89,6.53,5.12,5.69,5.97,6.26,6.52,8.75,8.30,7.41,5.71,7.93,8.09,6.01,5.88,6.96,6.88,6.70,5.86,8.23,8.37,4.96,5.03,6.35,4.03,5.07,5.39],
  [6.15,8.33,4.25,14.42,23.24,10.49,14.51,12.50,12.93,13.20,3.03,3.49,1.11,99.00,1.66,2.15,0.79,3.39,0.88,0.73,1.68,2.56,13.18,16.88,19.73,16.44,22.25,21.71,21.74,27.59,25.38,25.92,22.78,27.62,15.41,15.84,18.79,15.89,17.71,14.74,18.49,17.79,16.32,14.01,17.56,16.90,18.41,16.28,17.50,14.99,13.69,7.67,10.50,7.18,7.25,10.60,8.72,7.39,8.81,8.02,8.59,8.85,6.46,9.75,10.25,8.90,9.94,10.24,7.52,10.31,6.57,7.68,8.76,5.31,4.90,4.93,5.87,5.77,4.97,4.97,6.76,5.22,5.27,6.04,6.34,5.66,8.87,8.27,7.60,5.54,7.58,8.02,6.25,6.02,7.09,6.30,6.72,5.88,7.78,8.47,5.82,5.93,7.46,4.70,6.18,6.50],
  [5.52,7.11,5.60,15.01,23.11,11.18,14.14,11.97,13.18,12.87,4.43,3.73,0.66,1.66,99.00,1.53,2.23,4.41,0.96,2.05,2.70,1.04,13.51,16.83,19.49,16.29,22.55,21.96,22.01,27.83,25.77,26.28,23.08,27.80,15.63,16.52,19.05,16.36,17.94,15.44,18.81,18.15,16.96,14.02,17.77,17.27,19.24,16.67,17.81,15.39,13.97,6.86,9.62,6.51,6.82,9.71,8.06,6.78,8.02,7.02,7.73,7.99,5.76,8.94,9.36,8.10,9.19,9.28,6.35,9.48,5.70,6.31,8.02,5.96,6.08,6.28,7.05,6.62,5.38,5.38,6.94,5.60,6.32,6.45,6.74,6.68,8.29,7.92,6.93,5.42,7.73,7.74,5.52,5.44,6.51,6.84,6.31,5.47,8.09,7.92,4.94,4.97,5.89,4.21,4.60,4.95],
  [7.04,6.19,4.86,13.57,21.59,12.49,12.66,10.55,11.66,11.39,3.85,2.29,1.88,2.15,1.53,99.00,2.19,3.41,1.34,1.98,2.03,1.33,12.00,15.30,17.99,14.77,21.03,20.43,20.48,26.30,24.26,24.77,21.56,26.27,14.10,15.10,17.52,14.87,16.41,14.03,17.29,16.64,15.52,12.49,16.24,15.76,17.88,15.16,16.29,13.89,12.45,8.33,11.06,8.02,8.35,11.14,9.56,8.30,9.49,8.43,9.18,9.44,7.27,10.40,10.79,9.57,10.67,10.69,7.67,10.93,7.17,7.44,9.51,7.25,7.04,7.08,8.02,7.82,6.77,6.77,8.41,7.00,7.39,7.85,8.14,5.57,6.87,6.42,5.55,3.89,6.20,6.23,4.16,4.01,5.08,5.43,4.82,3.98,6.59,6.49,6.41,6.42,6.72,5.75,5.44,5.84],
  [6.93,8.35,3.48,13.68,22.68,10.93,14.06,12.13,12.28,12.75,2.27,2.96,1.80,0.79,2.23,2.19,99.00,2.62,1.29,0.22,0.98,2.97,12.51,16.31,19.22,15.90,21.57,21.04,21.07,26.93,24.68,25.22,22.10,26.97,14.76,15.08,18.13,15.18,17.05,13.99,17.81,17.10,15.58,13.42,16.91,16.20,17.64,15.58,16.83,14.29,13.03,8.46,11.28,7.96,8.01,11.38,9.50,8.16,9.60,8.81,9.38,9.64,7.24,10.53,11.03,9.68,10.73,11.02,8.29,11.10,7.35,8.42,9.54,5.82,5.13,5.03,6.10,6.18,5.57,5.57,7.41,5.83,5.58,6.62,6.93,4.88,8.54,7.85,7.33,5.08,6.99,7.58,6.04,5.74,6.80,5.60,6.35,5.53,7.14,8.14,6.61,6.71,8.11,5.48,6.82,7.16],
  [9.54,8.34,1.62,11.09,20.51,13.02,12.26,10.62,9.88,10.94,1.28,1.92,4.22,3.39,4.41,3.41,2.62,99.00,3.51,2.67,1.75,4.69,10.05,14.12,17.19,13.81,19.07,18.58,18.59,24.45,22.14,22.69,19.60,24.54,12.35,12.47,15.67,12.63,14.62,11.37,15.32,14.58,12.97,11.21,14.49,13.69,15.02,13.06,14.35,11.77,10.61,11.04,13.86,10.57,10.63,13.96,12.11,10.78,12.19,11.33,11.95,12.21,9.84,13.13,13.61,12.27,13.33,13.57,10.74,13.69,9.92,10.70,12.15,8.14,6.98,6.61,7.86,8.31,8.04,8.04,9.91,8.30,7.57,9.04,9.35,2.29,7.33,6.35,6.41,3.68,4.88,6.00,5.45,4.95,5.81,3.15,5.13,4.49,4.84,6.92,9.17,9.25,10.12,8.09,8.82,9.21],
  [6.17,7.46,4.64,14.31,22.76,11.16,13.92,11.85,12.63,12.63,3.47,3.11,0.75,0.88,0.96,1.34,1.29,3.51,99.00,1.10,1.77,1.71,12.93,16.44,19.20,15.95,21.99,21.42,21.46,27.30,25.17,25.69,22.52,27.30,15.10,15.78,18.50,15.71,17.41,14.70,18.23,17.55,16.24,13.59,17.24,16.67,18.45,16.05,17.24,14.77,13.41,7.60,10.40,7.18,7.39,10.49,8.74,7.43,8.75,7.84,8.49,8.76,6.44,9.69,10.14,8.84,9.92,10.09,7.23,10.24,6.46,7.24,8.74,5.93,5.72,5.79,6.69,6.48,5.49,5.49,7.19,5.73,6.05,6.57,6.87,5.80,8.19,7.67,6.88,5.03,7.21,7.45,5.50,5.32,6.40,6.13,6.09,5.24,7.50,7.80,5.70,5.76,6.85,4.78,5.55,5.90],
  [6.88,8.14,3.61,13.69,22.60,11.04,13.94,11.99,12.24,12.63,2.41,2.86,1.66,0.73,2.05,1.98,0.22,2.67,1.10,99.00,0.96,2.76,12.48,16.23,19.12,15.81,21.54,21.01,21.04,26.89,24.67,25.21,22.07,26.93,14.72,15.11,18.09,15.17,17.01,14.02,17.78,17.07,15.60,13.35,16.86,16.18,17.69,15.56,16.80,14.27,13.00,8.39,11.21,7.90,7.98,11.30,9.45,8.11,9.53,8.71,9.30,9.56,7.17,10.46,10.96,9.61,10.66,10.93,8.17,11.03,7.27,8.27,9.48,5.90,5.29,5.21,6.26,6.29,5.63,5.63,7.45,5.88,5.72,6.68,6.99,4.94,8.39,7.72,7.17,4.96,6.92,7.45,5.86,5.58,6.64,5.58,6.20,5.38,7.09,7.99,6.52,6.61,7.94,5.43,6.64,6.99],
  [7.81,7.88,2.93,12.74,21.72,11.86,13.14,11.27,11.30,11.83,1.83,2.05,2.47,1.68,2.70,2.03,0.98,1.75,1.77,0.96,99.00,3.15,11.53,15.34,18.27,14.95,20.59,20.06,20.09,25.95,23.72,24.25,21.12,25.99,13.78,14.16,17.15,14.22,16.07,13.07,16.83,16.12,14.64,12.45,15.93,15.23,16.76,14.61,15.85,13.32,12.05,9.29,12.11,8.83,8.93,12.20,10.38,9.05,10.44,9.58,10.20,10.46,8.10,11.38,11.85,10.52,11.59,11.82,8.99,11.94,8.17,9.00,10.40,6.78,5.98,5.80,6.93,7.11,6.55,6.55,8.38,6.81,6.47,7.60,7.90,4.05,7.73,6.97,6.58,4.19,6.02,6.68,5.35,4.99,6.02,4.63,5.51,4.72,6.16,7.32,7.41,7.49,8.53,6.36,7.23,7.60],
  [6.00,6.09,6.07,14.81,22.46,12.13,13.40,11.18,12.78,12.16,4.98,3.59,1.69,2.56,1.04,1.33,2.97,4.69,1.71,2.76,3.15,99.00,13.16,16.25,18.79,15.66,22.14,21.52,21.58,27.37,25.40,25.90,22.68,27.31,15.20,16.36,18.62,16.06,17.50,15.31,18.42,17.79,16.77,13.48,17.32,16.92,19.18,16.33,17.41,15.07,13.57,7.18,9.84,6.93,7.37,9.92,8.45,7.23,8.32,7.19,7.99,8.25,6.19,9.22,9.57,8.40,9.51,9.45,6.39,9.74,6.01,6.12,8.37,6.93,7.12,7.31,8.08,7.63,6.29,6.29,7.76,6.51,7.35,7.36,7.63,6.88,7.50,7.24,6.11,4.94,7.33,7.10,4.70,4.70,5.74,6.72,5.64,4.83,7.78,7.15,5.27,5.25,5.42,4.82,4.13,4.53],
  [19.04,11.43,10.31,2.69,10.98,22.96,5.90,6.72,0.74,5.26,11.09,9.82,13.67,13.18,13.51,12.00,12.51,10.05,12.93,12.48,11.53,13.16,99.00,4.92,8.39,5.22,9.07,8.54,8.56,14.42,12.26,12.77,9.60,14.49,2.38,4.32,5.62,3.03,4.58,3.73,5.31,4.64,4.36,2.70,4.46,3.76,7.49,3.18,4.32,1.96,0.69,20.33,23.00,20.02,20.30,23.07,21.56,20.30,21.48,20.34,21.15,21.41,19.27,22.38,22.72,21.55,22.66,22.58,19.47,22.89,19.16,18.93,21.51,18.19,16.90,16.40,17.70,18.33,18.06,18.06,19.91,18.32,17.53,19.08,19.39,8.33,7.57,6.78,8.54,8.24,5.83,6.66,9.42,9.03,8.43,6.92,8.01,8.62,5.43,7.59,18.41,18.40,17.66,17.69,16.60,17.04],
  [22.24,12.71,14.70,6.55,6.39,27.13,3.94,6.26,4.64,4.58,15.29,13.39,17.13,16.88,16.83,15.30,16.31,14.12,16.44,16.23,15.34,16.25,4.92,99.00,3.48,1.09,6.91,6.06,6.24,11.49,10.31,10.63,7.40,11.25,2.94,7.45,3.89,5.19,3.10,7.53,4.34,4.51,7.02,2.91,2.84,4.33,9.93,4.46,3.78,4.74,4.24,23.33,25.80,23.15,23.61,25.86,24.64,23.47,24.44,23.15,24.06,24.31,22.42,25.29,25.51,24.50,25.62,25.30,22.16,25.75,22.18,21.38,24.52,22.12,21.09,20.69,21.96,22.40,21.85,21.85,23.62,22.10,21.68,22.92,23.22,12.77,9.16,9.04,10.52,11.42,9.33,9.15,11.79,11.61,10.69,11.00,10.62,11.42,9.28,9.40,21.46,21.40,19.86,21.03,19.00,19.42],
  [24.73,14.44,17.92,9.90,3.85,30.13,5.45,7.87,8.08,6.63,18.41,16.26,19.86,19.73,19.49,17.99,19.22,17.19,19.20,19.12,18.27,18.79,8.39,3.48,99.00,3.41,7.41,6.52,6.79,10.54,10.39,10.51,7.76,10.01,6.35,10.58,5.83,8.35,5.63,10.82,6.54,7.07,10.06,6.16,5.46,7.23,12.66,7.55,6.44,8.08,7.71,25.69,28.00,25.59,26.14,28.06,27.03,25.93,26.76,25.41,26.36,26.60,24.88,27.57,27.72,26.82,27.93,27.47,24.36,27.99,24.57,23.45,26.87,25.03,24.15,23.80,25.04,25.38,24.68,24.68,26.39,24.93,24.70,25.76,26.06,16.03,11.37,11.57,12.78,14.19,12.32,11.76,14.15,14.09,13.08,14.15,13.18,14.01,12.40,11.69,23.88,23.79,21.81,23.62,21.10,21.50],
  [21.64,11.84,14.51,7.18,6.81,26.78,2.91,5.31,4.80,3.71,15.02,12.96,16.63,16.44,16.29,14.77,15.90,13.81,15.95,15.81,14.95,15.66,5.22,1.09,3.41,99.00,7.95,7.09,7.28,12.38,11.33,11.63,8.43,12.08,3.61,8.24,4.98,6.00,4.16,8.20,5.41,5.54,7.86,2.78,3.90,5.28,10.86,5.33,4.80,5.41,4.56,22.68,25.10,22.53,23.03,25.16,24.01,22.86,23.78,22.47,23.39,23.63,21.81,24.61,24.81,23.84,24.95,24.59,21.45,25.06,21.54,20.63,23.87,21.72,20.78,20.42,21.67,22.04,21.41,21.41,23.15,21.65,21.35,22.48,22.78,12.62,8.42,8.42,9.80,10.93,8.96,8.56,11.11,10.98,10.01,10.75,10.02,10.84,9.00,8.68,20.83,20.76,19.07,20.47,18.26,18.67],
  [28.07,19.41,19.18,8.38,5.98,31.85,10.84,13.13,9.37,11.41,20.06,18.87,22.72,22.25,22.55,21.03,21.57,19.07,21.99,21.54,20.59,22.14,9.07,6.91,7.41,7.95,99.00,0.90,0.67,5.40,3.42,3.82,0.54,5.64,6.95,7.73,3.53,6.57,4.65,8.64,3.76,4.50,7.04,8.94,4.86,5.39,7.84,6.03,4.75,7.32,8.58,29.32,31.93,29.04,29.36,32.01,30.58,29.33,30.46,29.27,30.12,30.38,28.30,31.35,31.66,30.53,31.65,31.49,28.35,31.85,28.15,27.71,30.50,27.20,25.81,25.25,26.55,27.29,27.11,27.11,28.97,27.37,26.46,28.12,28.43,17.21,15.68,15.28,16.93,17.20,14.83,15.28,18.05,17.76,16.98,15.97,16.73,17.44,14.49,15.84,27.41,27.38,26.30,26.74,25.34,25.77],
  [27.47,18.64,18.75,8.10,5.32,31.43,9.99,12.30,8.79,10.59,19.60,18.30,22.15,21.71,21.96,20.43,21.04,18.58,21.42,21.01,20.06,21.52,8.54,6.06,6.52,7.09,0.90,99.00,0.29,5.89,4.25,4.59,1.35,5.98,6.33,7.63,2.92,6.23,4.02,8.46,3.30,4.12,6.94,8.21,4.20,4.97,8.10,5.61,4.23,6.88,8.02,28.69,31.29,28.43,28.77,31.36,29.96,28.72,29.83,28.63,29.48,29.74,27.69,30.72,31.01,29.90,31.02,30.83,27.69,31.21,27.53,27.02,29.88,26.72,25.37,24.84,26.14,26.83,26.60,26.60,28.45,26.86,26.02,27.62,27.93,16.77,14.94,14.58,16.21,16.58,14.23,14.60,17.36,17.09,16.28,15.46,16.06,16.79,13.93,15.11,26.79,26.76,25.59,26.16,24.65,25.08],
  [27.53,18.77,18.74,8.03,5.59,31.42,10.18,12.47,8.83,10.75,19.60,18.35,22.19,21.74,22.01,20.48,21.07,18.59,21.46,21.04,20.09,21.58,8.56,6.24,6.79,7.28,0.67,0.29,99.00,5.86,4.08,4.44,1.17,6.01,6.39,7.50,2.96,6.18,4.08,8.36,3.29,4.08,6.81,8.32,4.27,4.94,7.89,5.59,4.24,6.87,8.05,28.76,31.36,28.49,28.82,31.43,30.02,28.78,29.90,28.70,29.55,29.81,27.75,30.79,31.08,29.97,31.09,30.91,27.77,31.28,27.59,27.12,29.95,26.73,25.36,24.82,26.12,26.83,26.62,26.62,28.47,26.88,26.01,27.63,27.94,16.76,15.05,14.68,16.32,16.64,14.28,14.69,17.46,17.18,16.38,15.48,16.14,16.86,13.97,15.22,26.85,26.82,25.70,26.21,24.74,25.17],
  [33.34,24.20,24.59,13.76,7.22,37.25,15.25,17.68,14.67,16.06,25.46,24.19,28.03,27.59,27.83,26.30,26.93,24.45,27.30,26.89,25.95,27.37,14.42,11.49,10.54,12.38,5.40,5.89,5.86,99.00,3.25,2.63,4.90,1.03,12.21,12.97,8.80,11.97,9.89,13.94,9.14,9.91,12.30,13.96,10.06,10.79,12.40,11.43,10.11,12.72,13.90,34.54,37.11,34.30,34.65,37.18,35.82,34.59,35.68,34.45,35.32,35.57,33.55,36.55,36.83,35.74,36.86,36.64,33.50,37.04,33.38,32.79,35.73,32.59,31.21,30.66,31.96,32.69,32.48,32.48,34.33,32.74,31.86,33.50,33.80,22.61,20.61,20.36,21.93,22.44,20.11,20.40,23.13,22.89,22.04,21.34,21.86,22.61,19.82,20.82,32.64,32.61,31.31,32.04,30.41,30.83],
  [31.29,22.83,22.12,11.16,7.99,34.73,14.24,16.55,12.63,14.83,23.06,22.07,25.91,25.38,25.77,24.26,24.68,22.14,25.17,24.67,23.72,25.40,12.26,10.31,10.39,11.33,3.42,4.25,4.08,3.25,99.00,0.65,2.91,4.05,10.27,10.15,6.89,9.51,8.02,11.19,6.99,7.62,9.51,12.34,8.24,8.50,9.24,9.11,8.00,10.40,11.84,32.58,35.23,32.28,32.55,35.30,33.82,32.55,33.73,32.57,33.39,33.65,31.53,34.63,34.95,33.80,34.92,34.80,31.67,35.13,31.41,31.06,33.76,30.22,28.73,28.13,29.43,30.25,30.18,30.18,32.05,30.44,29.40,31.17,31.47,20.17,19.08,18.65,20.32,20.47,18.07,18.63,21.41,21.10,20.35,19.09,20.07,20.76,17.68,19.23,30.66,30.65,29.68,29.94,28.69,29.13],
  [31.81,23.22,22.69,11.75,7.89,35.31,14.55,16.88,13.13,15.18,23.63,22.59,26.43,25.92,26.28,24.77,25.22,22.69,25.69,25.21,24.25,25.90,12.77,10.63,10.51,11.63,3.82,4.59,4.44,2.63,0.65,99.00,3.29,3.47,10.74,10.77,7.33,10.07,8.46,11.80,7.48,8.14,10.12,12.76,8.67,9.03,9.89,9.64,8.49,10.94,12.33,33.08,35.71,32.79,33.07,35.79,34.33,33.06,34.23,33.05,33.89,34.15,32.04,35.12,35.44,34.30,35.41,35.28,32.15,35.63,31.91,31.52,34.26,30.78,29.31,28.72,30.02,30.82,30.73,30.73,32.60,30.99,29.97,31.72,32.03,20.74,19.49,19.09,20.75,20.96,18.57,19.08,21.86,21.57,20.79,19.63,20.53,21.23,18.20,19.66,31.16,31.15,30.12,30.46,29.15,29.58],
  [28.60,19.93,19.69,8.86,6.08,32.36,11.34,13.63,9.91,11.92,20.58,19.41,23.26,22.78,23.08,21.56,22.10,19.60,22.52,22.07,21.12,22.68,9.60,7.40,7.76,8.43,0.54,1.35,1.17,4.90,2.91,3.29,99.00,5.18,7.49,8.16,4.06,7.07,5.19,9.09,4.29,5.02,7.48,9.47,5.40,5.91,8.11,6.54,5.28,7.84,9.12,29.85,32.47,29.58,29.89,32.54,31.11,29.86,31.00,29.81,30.65,30.91,28.83,31.89,32.19,31.07,32.19,32.03,28.89,32.39,28.69,28.25,31.04,27.72,26.32,25.76,27.06,27.80,27.63,27.63,29.49,27.89,26.97,28.64,28.95,17.72,16.21,15.81,17.46,17.73,15.36,15.81,18.59,18.30,17.51,16.50,17.26,17.98,15.02,16.37,27.94,27.92,26.84,27.28,25.88,26.31],
  [33.29,23.93,24.73,14.02,6.52,37.41,14.91,17.37,14.69,15.79,25.57,24.19,28.02,27.62,27.80,26.27,26.97,24.54,27.30,26.93,25.99,27.31,14.49,11.25,10.01,12.08,5.64,5.98,6.01,1.03,4.05,3.47,5.18,99.00,12.21,13.34,8.87,12.18,9.92,14.27,9.28,10.09,12.66,13.84,10.07,10.95,12.99,11.59,10.21,12.86,13.94,34.46,36.99,34.23,34.62,37.06,35.75,34.54,35.59,34.34,35.22,35.47,33.49,36.45,36.71,35.65,36.77,36.51,33.36,36.93,33.30,32.62,35.65,32.68,31.35,30.82,32.12,32.81,32.54,32.54,34.38,32.79,32.00,33.56,33.87,22.75,20.41,20.22,21.75,22.39,20.09,20.28,22.99,22.77,21.89,21.40,21.75,22.52,19.84,20.64,32.57,32.52,31.11,32.01,30.24,30.66],
  [21.14,12.74,12.68,3.60,8.64,25.31,5.42,7.05,2.48,5.33,13.43,11.98,15.83,15.41,15.63,14.10,14.76,12.35,15.10,14.72,13.78,15.20,2.38,2.94,6.35,3.61,6.95,6.33,6.39,12.21,10.27,10.74,7.49,12.21,99.00,4.64,3.43,2.46,2.31,4.60,3.30,2.87,4.31,2.37,2.15,2.18,7.42,1.93,2.31,1.80,1.76,22.37,24.98,22.11,22.44,25.06,23.64,22.40,23.51,22.32,23.17,23.43,21.36,24.40,24.71,23.59,24.70,24.54,21.41,24.90,21.21,20.78,23.56,20.49,19.25,18.76,20.06,20.66,20.33,20.33,22.16,20.59,19.87,21.36,21.67,10.70,8.91,8.38,10.08,10.26,7.90,8.36,11.14,10.83,10.08,9.21,9.79,10.50,7.63,9.02,20.46,20.44,19.41,19.83,18.42,18.85],
  [21.94,15.55,12.19,1.71,11.89,24.66,9.85,11.00,5.05,9.45,13.23,12.81,16.53,15.84,16.52,15.10,15.08,12.47,15.78,15.11,14.16,16.36,4.32,7.45,10.58,8.24,7.73,7.63,7.50,12.97,10.15,10.77,8.16,13.34,4.64,99.00,5.42,2.26,5.07,1.10,4.69,3.86,0.69,6.56,5.18,3.40,3.18,3.04,4.29,2.91,4.52,23.37,26.14,22.96,23.09,26.23,24.51,23.20,24.53,23.52,24.25,24.51,22.22,25.45,25.87,24.61,25.69,25.78,22.76,26.00,22.22,22.39,24.51,20.34,18.72,18.09,19.38,20.29,20.40,20.40,22.29,20.66,19.41,21.34,21.64,10.32,11.74,10.81,12.56,11.69,9.31,10.62,13.25,12.78,12.36,9.68,11.80,12.27,8.69,11.70,21.45,21.49,21.28,20.52,20.13,20.57],
  [24.56,15.96,15.88,5.48,6.48,28.55,7.72,9.84,5.87,8.10,16.70,15.39,19.23,18.79,19.05,17.52,18.13,15.67,18.50,18.09,17.15,18.62,5.62,3.89,5.83,4.98,3.53,2.92,2.96,8.80,6.89,7.33,4.06,8.87,3.43,5.42,99.00,3.58,1.13,6.05,0.77,1.56,4.78,5.46,1.35,2.23,6.92,2.85,1.37,4.05,5.10,25.80,28.41,25.53,25.86,28.48,27.06,25.82,26.94,25.75,26.59,26.85,24.79,27.83,28.13,27.01,28.13,27.96,24.83,28.33,24.63,24.18,26.99,23.81,22.49,21.97,23.27,23.94,23.68,23.68,25.53,23.94,23.13,24.70,25.01,13.90,12.19,11.76,13.42,13.68,11.32,11.75,14.53,14.24,13.46,12.54,13.20,13.91,11.01,12.34,23.89,23.86,22.79,23.25,21.82,22.25],
  [21.87,14.43,12.64,1.90,9.91,25.30,7.83,9.26,3.64,7.60,13.56,12.63,16.46,15.89,16.36,14.87,15.18,12.63,15.71,15.17,14.22,16.06,3.03,5.19,8.35,6.00,6.57,6.23,6.18,11.97,9.51,10.07,7.07,12.18,2.46,2.26,3.58,99.00,2.96,2.55,2.97,2.12,1.86,4.62,3.03,1.35,4.98,0.82,2.26,1.09,2.90,23.20,25.91,22.86,23.09,25.99,24.41,23.13,24.36,23.26,24.05,24.31,22.12,25.27,25.63,24.43,25.54,25.51,22.41,25.79,22.04,21.92,24.38,20.72,19.26,18.70,20.00,20.77,20.67,20.67,22.54,20.93,19.93,21.66,21.96,10.68,10.56,9.81,11.57,11.19,8.76,9.70,12.45,12.05,11.46,9.60,11.03,11.62,8.28,10.60,21.28,21.29,20.67,20.49,19.60,20.03],
  [23.45,14.85,14.88,4.79,6.95,27.54,6.76,8.80,4.78,7.05,15.67,14.29,18.14,17.71,17.94,16.41,17.05,14.62,17.41,17.01,16.07,17.50,4.58,3.10,5.63,4.16,4.65,4.02,4.08,9.89,8.02,8.46,5.19,9.92,2.31,5.07,1.13,2.96,99.00,5.51,1.28,1.47,4.49,4.34,0.26,1.67,7.06,2.15,0.81,3.18,4.02,24.68,27.28,24.42,24.76,27.36,25.95,24.71,25.82,24.62,25.47,25.73,23.67,26.71,27.01,25.89,27.01,26.84,23.70,27.20,23.52,23.06,25.87,22.76,21.47,20.97,22.26,22.90,22.62,22.62,24.46,22.87,22.11,23.64,23.95,12.89,11.07,10.63,12.30,12.56,10.22,10.62,13.40,13.11,12.33,11.48,12.07,12.79,9.93,11.21,22.77,22.75,21.66,22.14,20.69,21.12],
  [20.86,14.68,11.10,1.08,12.45,23.59,9.52,10.44,4.46,8.98,12.13,11.74,15.45,14.74,15.44,14.03,13.99,11.37,14.70,14.02,13.07,15.31,3.73,7.53,10.82,8.20,8.64,8.46,8.36,13.94,11.19,11.80,9.09,14.27,4.60,1.10,6.05,2.55,5.51,99.00,5.36,4.51,1.68,6.22,5.58,3.88,4.04,3.37,4.79,2.80,4.07,22.29,25.06,21.88,22.00,25.15,23.43,22.11,23.45,22.45,23.17,23.43,21.14,24.38,24.80,23.53,24.61,24.71,21.70,24.92,21.14,21.35,23.43,19.25,17.64,17.01,18.30,19.20,19.31,19.31,21.20,19.56,18.32,20.24,20.55,9.22,10.91,9.92,11.66,10.67,8.32,9.71,12.29,11.80,11.43,8.61,10.85,11.29,7.67,10.85,20.38,20.41,20.27,19.43,19.11,19.54],
  [24.33,16.01,15.46,4.86,7.23,28.13,8.04,10.05,5.64,8.30,16.31,15.12,18.97,18.49,18.81,17.29,17.81,15.32,18.23,17.78,16.83,18.42,5.31,4.34,6.54,5.41,3.76,3.30,3.29,9.14,6.99,7.48,4.29,9.28,3.30,4.69,0.77,2.97,1.28,5.36,99.00,0.86,4.03,5.52,1.54,1.67,6.16,2.31,1.01,3.58,4.85,25.60,28.23,25.31,25.61,28.31,26.84,25.59,26.74,25.58,26.41,26.67,24.56,27.64,27.96,26.82,27.93,27.80,24.67,28.14,24.43,24.07,26.78,23.45,22.08,21.54,22.84,23.55,23.35,23.35,25.21,23.61,22.73,24.36,24.67,13.48,12.19,11.68,13.38,13.48,11.09,11.65,14.44,14.12,13.38,12.21,13.08,13.77,10.74,12.32,23.68,23.66,22.71,22.99,21.71,22.14],
  [23.67,15.61,14.68,4.01,8.03,27.35,7.98,9.84,5.05,8.10,15.56,14.45,18.30,17.79,18.15,16.64,17.10,14.58,17.55,17.07,16.12,17.79,4.64,4.51,7.07,5.54,4.50,4.12,4.08,9.91,7.62,8.14,5.02,10.09,2.87,3.86,1.56,2.12,1.47,4.51,0.86,99.00,3.23,5.21,1.70,0.89,5.59,1.52,0.74,2.82,4.24,24.96,27.62,24.66,24.94,27.70,26.20,24.93,26.11,24.97,25.78,26.04,23.91,27.02,27.35,26.19,27.30,27.20,24.08,27.53,23.80,23.51,26.15,22.70,21.30,20.75,22.05,22.78,22.62,22.62,24.49,22.88,21.96,23.62,23.93,12.70,11.77,11.18,12.91,12.87,10.46,11.13,13.92,13.57,12.88,11.50,12.53,13.20,10.07,11.87,23.05,23.04,22.19,22.32,21.16,21.60],
  [22.41,15.73,12.75,1.97,11.26,25.26,9.64,10.93,5.07,9.33,13.77,13.24,16.99,16.32,16.96,15.52,15.58,12.97,16.24,15.60,14.64,16.77,4.36,7.02,10.06,7.86,7.04,6.94,6.81,12.30,9.51,10.12,7.48,12.66,4.31,0.69,4.78,1.86,4.49,1.68,4.03,3.23,99.00,6.39,4.62,2.84,3.19,2.56,3.69,2.71,4.45,23.82,26.57,23.42,23.58,26.66,24.98,23.67,24.97,23.95,24.69,24.95,22.68,25.90,26.31,25.05,26.15,26.21,23.16,26.44,22.66,22.76,24.97,20.90,19.30,18.68,19.98,20.86,20.94,20.94,22.83,21.20,19.99,21.88,22.19,10.86,11.89,11.01,12.77,12.04,9.64,10.84,13.52,13.06,12.59,10.12,12.07,12.58,9.04,11.88,21.90,21.93,21.62,21.00,20.49,20.92],
  [19.47,10.51,11.81,5.14,9.30,24.22,3.30,4.69,2.13,2.99,12.39,10.52,14.29,14.01,14.02,12.49,13.42,11.21,13.59,13.35,12.45,13.48,2.70,2.91,6.16,2.78,8.94,8.21,8.32,13.96,12.34,12.76,9.47,13.84,2.37,6.56,5.46,4.62,4.34,6.22,5.52,5.21,6.39,99.00,4.11,4.54,9.57,4.25,4.58,3.68,2.17,20.62,23.15,20.41,20.82,23.22,21.92,20.71,21.74,20.50,21.38,21.63,19.67,22.61,22.87,21.81,22.93,22.68,19.53,23.09,19.46,18.83,21.81,19.23,18.18,17.78,19.05,19.49,18.97,18.97,20.76,19.23,18.77,20.03,20.34,9.90,6.74,6.39,8.00,8.60,6.43,6.44,9.17,8.93,8.08,8.09,7.91,8.68,6.37,6.90,18.73,18.68,17.38,18.23,16.45,16.88],
  [23.28,14.62,14.77,4.82,6.92,27.42,6.50,8.55,4.63,6.79,15.55,14.13,17.97,17.56,17.77,16.24,16.91,14.49,17.24,16.86,15.93,17.32,4.46,2.84,5.46,3.90,4.86,4.20,4.27,10.06,8.24,8.67,5.40,10.07,2.15,5.18,1.35,3.03,0.26,5.58,1.54,1.70,4.62,4.11,99.00,1.79,7.26,2.21,0.99,3.16,3.88,24.50,27.09,24.24,24.59,27.17,25.77,24.53,25.64,24.43,25.29,25.54,23.50,26.52,26.81,25.71,26.83,26.64,23.50,27.01,23.33,22.85,25.69,22.62,21.36,20.86,22.15,22.78,22.47,22.47,24.31,22.73,21.99,23.50,23.81,12.79,10.84,10.42,12.08,12.38,10.05,10.42,13.19,12.91,12.12,11.34,11.87,12.59,9.77,10.99,22.59,22.56,21.45,21.98,20.48,20.91],
  [22.79,14.84,13.80,3.24,8.57,26.47,7.50,9.23,4.19,7.50,14.67,13.56,17.41,16.90,17.27,15.76,16.20,13.69,16.67,16.18,15.23,16.92,3.76,4.33,7.23,5.28,5.39,4.97,4.94,10.79,8.50,9.03,5.91,10.95,2.18,3.40,2.23,1.35,1.67,3.88,1.67,0.89,2.84,4.54,1.79,99.00,5.61,0.64,0.91,1.93,3.39,24.08,26.75,23.77,24.05,26.83,25.32,24.05,25.24,24.09,24.91,25.17,23.03,26.14,26.48,25.31,26.42,26.33,23.22,26.65,22.92,22.66,25.26,21.81,20.42,19.88,21.18,21.90,21.73,21.73,23.60,21.99,21.08,22.74,23.04,11.82,10.98,10.36,12.10,11.99,9.58,10.29,13.08,12.72,12.05,10.61,11.69,12.34,9.18,11.07,22.16,22.16,21.35,21.44,20.31,20.75],
  [24.56,18.71,14.51,4.89,13.14,26.58,12.81,14.12,8.21,12.52,15.63,15.59,19.19,18.41,19.24,17.88,17.64,15.02,18.45,17.69,16.76,19.18,7.49,9.93,12.66,10.86,7.84,8.10,7.89,12.40,9.24,9.89,8.11,12.99,7.42,3.18,6.92,4.98,7.06,4.04,6.16,5.59,3.19,9.57,7.26,5.61,99.00,5.55,6.26,5.90,7.64,26.04,28.84,25.59,25.64,28.94,27.13,25.80,27.19,26.26,26.94,27.20,24.86,28.13,28.58,27.28,28.34,28.52,25.55,28.68,24.91,25.27,27.16,22.59,20.82,20.12,21.38,22.43,22.75,22.75,24.63,23.00,21.52,23.62,23.92,12.78,14.91,13.95,15.70,14.66,12.34,13.74,16.32,15.83,15.46,12.47,14.88,15.30,11.67,14.86,24.15,24.20,24.24,23.11,23.06,23.49],
  [22.19,14.39,13.16,2.66,9.10,25.83,7.35,8.94,3.66,7.24,14.03,12.95,16.80,16.28,16.67,15.16,15.58,13.06,16.05,15.56,14.61,16.33,3.18,4.46,7.55,5.33,6.03,5.61,5.59,11.43,9.11,9.64,6.54,11.59,1.93,3.04,2.85,0.82,2.15,3.37,2.31,1.52,2.56,4.25,2.21,0.64,5.55,99.00,1.49,1.29,2.87,23.49,26.17,23.17,23.44,26.25,24.72,23.45,24.64,23.51,24.32,24.58,22.43,25.55,25.89,24.72,25.83,25.75,22.64,26.07,22.33,22.10,24.67,21.18,19.78,19.23,20.54,21.26,21.10,21.10,22.97,21.36,20.44,22.10,22.41,11.18,10.52,9.86,11.60,11.42,9.00,9.77,12.55,12.18,11.53,9.98,11.15,11.78,8.58,10.59,21.57,21.57,20.81,20.83,19.76,20.20],
  [23.33,15.04,14.53,4.14,7.66,27.20,7.26,9.17,4.64,7.42,15.36,14.13,17.98,17.50,17.81,16.29,16.83,14.35,17.24,16.80,15.85,17.41,4.32,3.78,6.44,4.80,4.75,4.23,4.24,10.11,8.00,8.49,5.28,10.21,2.31,4.29,1.37,2.26,0.81,4.79,1.01,0.74,3.69,4.58,0.99,0.91,6.26,1.49,99.00,2.68,3.84,24.59,27.23,24.30,24.61,27.30,25.84,24.59,25.74,24.57,25.40,25.66,23.56,26.64,26.95,25.81,26.93,26.80,23.67,27.14,23.43,23.07,25.78,22.49,21.14,20.61,21.91,22.60,22.38,22.38,24.23,22.63,21.79,23.39,23.70,12.54,11.21,10.69,12.39,12.48,10.09,10.65,13.44,13.11,12.38,11.23,12.08,12.76,9.74,11.33,22.68,22.66,21.71,22.00,20.71,21.14],
  [20.91,13.35,11.87,1.82,10.05,24.55,6.95,8.24,2.55,6.62,12.74,11.68,15.52,14.99,15.39,13.89,14.29,11.77,14.77,14.27,13.32,15.07,1.96,4.74,8.08,5.41,7.32,6.88,6.87,12.72,10.40,10.94,7.84,12.86,1.80,2.91,4.05,1.09,3.18,2.80,3.58,2.82,2.71,3.68,3.16,1.93,5.90,1.29,2.68,99.00,1.82,22.23,24.91,21.90,22.16,24.99,23.45,22.17,23.38,22.26,23.06,23.32,21.16,24.29,24.64,23.46,24.57,24.51,21.40,24.81,21.06,20.89,23.40,19.89,18.50,17.96,19.26,19.97,19.81,19.81,21.67,20.07,19.15,20.81,21.12,9.90,9.48,8.73,10.49,10.18,7.75,8.62,11.39,10.99,10.39,8.69,9.97,10.58,7.31,9.52,20.31,20.31,19.62,19.55,18.56,18.99],
  [19.49,11.55,10.93,3.00,10.31,23.56,5.45,6.49,0.80,4.94,11.68,10.29,14.14,13.69,13.97,12.45,13.03,10.61,13.41,13.00,12.05,13.57,0.69,4.24,7.71,4.56,8.58,8.02,8.05,13.90,11.84,12.33,9.12,13.94,1.76,4.52,5.10,2.90,4.02,4.07,4.85,4.24,4.45,2.17,3.88,3.39,7.64,2.87,3.84,1.82,99.00,20.75,23.39,20.46,20.77,23.47,22.00,20.74,21.90,20.73,21.56,21.82,19.71,22.79,23.12,21.97,23.08,22.97,19.84,23.30,19.58,19.27,21.93,18.74,17.49,17.01,18.30,18.90,18.60,18.60,20.44,18.85,18.12,19.62,19.93,8.95,7.68,6.99,8.74,8.64,6.25,6.91,9.69,9.33,8.67,7.46,8.30,8.95,5.91,7.73,18.83,18.82,17.96,18.16,16.92,17.36],
  [1.64,11.70,11.85,21.87,29.43,8.79,20.24,17.87,19.95,19.07,10.64,10.59,6.85,7.67,6.86,8.33,8.46,11.04,7.60,8.39,9.29,7.18,20.33,23.33,25.69,22.68,29.32,28.69,28.76,34.54,32.58,33.08,29.85,34.46,22.37,23.37,25.80,23.20,24.68,22.29,25.60,24.96,23.82,20.62,24.50,24.08,26.04,23.49,24.59,22.23,20.75,99.00,2.83,0.79,1.76,2.93,1.36,0.99,1.16,1.02,0.93,1.19,1.28,2.09,2.59,1.24,2.34,2.64,1.93,2.64,1.17,3.30,1.19,5.88,7.89,8.67,8.31,6.83,5.00,5.00,4.31,4.91,7.45,5.13,5.11,13.33,14.32,14.28,12.91,12.12,14.51,14.19,11.57,11.72,12.66,13.70,12.72,11.94,14.92,14.02,1.92,1.94,4.97,3.08,4.96,4.69],
  [4.43,13.73,14.68,24.62,31.79,9.89,22.56,20.14,22.59,21.44,13.47,13.33,9.66,10.50,9.62,11.06,11.28,13.86,10.40,11.21,12.11,9.84,23.00,25.80,28.00,25.10,31.93,31.29,31.36,37.11,35.23,35.71,32.47,36.99,24.98,26.14,28.41,25.91,27.28,25.06,28.23,27.62,26.57,23.15,27.09,26.75,28.84,26.17,27.23,24.91,23.39,2.83,99.00,3.43,3.89,0.12,2.13,3.35,1.73,2.66,1.91,1.65,4.09,0.86,0.28,1.64,0.99,0.64,3.65,0.35,3.94,4.66,1.89,8.25,10.38,11.19,10.65,9.11,7.48,7.48,6.29,7.33,9.85,7.33,7.21,16.14,16.68,16.77,15.30,14.76,17.17,16.71,14.01,14.22,15.11,16.46,15.24,14.50,17.62,16.42,4.70,4.65,6.43,5.89,6.92,6.54],
  [1.03,11.79,11.29,21.49,29.31,8.11,20.16,17.82,19.67,18.97,10.09,10.23,6.43,7.18,6.51,8.02,7.96,10.57,7.18,7.90,8.83,6.93,20.02,23.15,25.59,22.53,29.04,28.43,28.49,34.30,32.28,32.79,29.58,34.23,22.11,22.96,25.53,22.86,24.42,21.88,25.31,24.66,23.42,20.41,24.24,23.77,25.59,23.17,24.30,21.90,20.46,0.79,3.43,99.00,1.06,3.54,1.55,0.37,1.70,1.77,1.64,1.86,0.75,2.62,3.22,1.79,2.77,3.34,2.49,3.19,1.12,3.82,1.59,5.09,7.12,7.90,7.52,6.04,4.22,4.22,3.54,4.12,6.67,4.34,4.32,12.83,14.22,14.12,12.81,11.86,14.22,14.01,11.44,11.55,12.53,13.31,12.54,11.74,14.60,13.91,1.71,1.84,5.38,2.50,5.19,4.97],
  [1.44,12.55,11.22,21.66,29.83,7.06,20.72,18.43,19.99,19.51,10.04,10.49,6.64,7.25,6.82,8.35,8.01,10.63,7.39,7.98,8.93,7.37,20.30,23.61,26.14,23.03,29.36,28.77,28.82,34.65,32.55,33.07,29.89,34.62,22.44,23.09,25.86,23.09,24.76,22.00,25.61,24.94,23.58,20.82,24.59,24.05,25.64,23.44,24.61,22.16,20.77,1.76,3.89,1.06,99.00,4.00,1.76,0.77,2.26,2.78,2.39,2.54,1.42,3.03,3.73,2.35,3.04,3.95,3.55,3.59,2.06,4.87,2.02,4.37,6.49,7.30,6.78,5.26,3.59,3.59,2.58,3.44,5.97,3.50,3.43,12.86,14.79,14.61,13.38,12.23,14.54,14.47,11.99,12.06,13.07,13.50,13.01,12.19,14.87,14.46,2.46,2.66,6.39,2.61,6.10,5.92],
  [4.53,13.77,14.78,24.71,31.85,9.99,22.61,20.19,22.67,21.50,13.57,13.42,9.75,10.60,9.71,11.14,11.38,13.96,10.49,11.30,12.20,9.92,23.07,25.86,28.06,25.16,32.01,31.36,31.43,37.18,35.30,35.79,32.54,37.06,25.06,26.23,28.48,25.99,27.36,25.15,28.31,27.70,26.66,23.22,27.17,26.83,28.94,26.25,27.30,24.99,23.47,2.93,0.12,3.54,4.00,99.00,2.25,3.46,1.84,2.74,2.01,1.75,4.19,0.97,0.36,1.75,1.10,0.63,3.70,0.45,4.04,4.69,2.00,8.36,10.49,11.30,10.76,9.22,7.59,7.59,6.40,7.44,9.97,7.44,7.33,16.24,16.74,16.84,15.36,14.84,17.25,16.78,14.08,14.29,15.17,16.55,15.31,14.57,17.71,16.48,4.79,4.74,6.46,6.00,6.97,6.59],
  [2.57,13.06,12.81,23.04,30.77,8.16,21.59,19.23,21.21,20.41,11.61,11.78,7.99,8.72,8.06,9.56,9.50,12.11,8.74,9.45,10.38,8.45,21.56,24.64,27.03,24.01,30.58,29.96,30.02,35.82,33.82,34.33,31.11,35.75,23.64,24.51,27.06,24.41,25.95,23.43,26.84,26.20,24.98,21.92,25.77,25.32,27.13,24.72,25.84,23.45,22.00,1.36,2.13,1.55,1.76,2.25,99.00,1.34,0.72,2.04,1.12,1.10,2.30,1.28,2.00,0.77,1.29,2.27,3.15,1.83,2.47,4.48,0.41,6.12,8.25,9.06,8.52,6.98,5.36,5.36,4.19,5.20,7.72,5.20,5.09,14.37,15.66,15.60,14.25,13.38,15.75,15.50,12.90,13.03,13.99,14.86,14.03,13.24,16.14,15.36,3.18,3.25,6.23,4.02,6.31,6.02],
  [1.26,12.15,11.47,21.74,29.64,7.82,20.50,18.17,19.95,19.30,10.27,10.50,6.68,7.39,6.78,8.30,8.16,10.78,7.43,8.11,9.05,7.23,20.30,23.47,25.93,22.86,29.33,28.72,28.78,34.59,32.55,33.06,29.86,34.54,22.40,23.20,25.82,23.13,24.71,22.11,25.59,24.93,23.67,20.71,24.53,24.05,25.80,23.45,24.59,22.17,20.74,0.99,3.35,0.37,0.77,3.46,1.34,99.00,1.64,2.01,1.68,1.87,1.05,2.51,3.16,1.73,2.61,3.33,2.82,3.09,1.49,4.16,1.47,5.01,7.08,7.88,7.44,5.93,4.18,4.18,3.33,4.05,6.60,4.20,4.16,13.04,14.56,14.44,13.15,12.15,14.50,14.32,11.78,11.88,12.86,13.56,12.85,12.05,14.87,14.24,2.06,2.20,5.74,2.69,5.56,5.35],
  [2.70,12.68,12.97,23.03,30.52,8.87,21.31,18.93,21.10,20.16,11.76,11.75,8.01,8.81,8.02,9.49,9.60,12.19,8.75,9.53,10.44,8.32,21.48,24.44,26.76,23.78,30.46,29.83,29.90,35.68,33.73,34.23,31.00,35.59,23.51,24.53,26.94,24.36,25.82,23.45,26.74,26.11,24.97,21.74,25.64,25.24,27.19,24.64,25.74,23.38,21.90,1.16,1.73,1.70,2.26,1.84,0.72,1.64,99.00,1.47,0.47,0.38,2.37,0.94,1.53,0.09,1.19,1.70,2.61,1.51,2.32,3.90,0.31,6.62,8.71,9.51,9.04,7.51,5.81,5.81,4.79,5.67,8.22,5.75,5.67,14.47,15.40,15.40,14.00,13.26,15.66,15.31,12.67,12.83,13.76,14.86,13.84,13.07,16.08,15.11,3.08,3.08,5.68,4.17,5.87,5.55],
  [2.39,11.24,12.25,21.99,29.18,9.81,19.96,17.56,19.93,18.82,11.04,10.71,7.11,8.02,7.02,8.43,8.81,11.33,7.84,8.71,9.58,7.19,20.34,23.15,25.41,22.47,29.27,28.63,28.70,34.45,32.57,33.05,29.81,34.34,22.32,23.52,25.75,23.26,24.62,22.45,25.58,24.97,23.95,20.50,24.43,24.09,26.26,23.51,24.57,22.26,20.73,1.02,2.66,1.77,2.78,2.74,2.04,2.01,1.47,99.00,1.01,1.21,2.03,2.16,2.38,1.50,2.54,2.26,1.14,2.60,1.54,2.45,1.70,6.78,8.73,9.48,9.20,7.75,5.88,5.88,5.31,5.80,8.33,6.09,6.08,13.63,14.07,14.12,12.67,12.10,14.51,14.06,11.37,11.57,12.47,13.85,12.59,11.84,14.98,13.79,2.22,2.10,4.21,3.68,4.42,4.09],
  [2.57,12.24,12.78,22.74,30.12,9.19,20.91,18.52,20.76,19.76,11.56,11.45,7.75,8.59,7.73,9.18,9.38,11.95,8.49,9.30,10.20,7.99,21.15,24.06,26.36,23.39,30.12,29.48,29.55,35.32,33.39,33.89,30.65,35.22,23.17,24.25,26.59,24.05,25.47,23.17,26.41,25.78,24.69,21.38,25.29,24.91,26.94,24.32,25.40,23.06,21.56,0.93,1.91,1.64,2.39,2.01,1.12,1.68,0.47,1.01,99.00,0.26,2.22,1.24,1.66,0.49,1.57,1.71,2.15,1.75,2.04,3.43,0.73,6.69,8.75,9.53,9.12,7.61,5.84,5.84,4.96,5.73,8.28,5.88,5.82,14.24,15.00,15.02,13.60,12.92,15.33,14.94,12.28,12.46,13.38,14.57,13.47,12.71,15.76,14.71,2.80,2.76,5.21,4.01,5.42,5.10],
  [2.81,12.45,13.03,23.00,30.36,9.24,21.15,18.75,21.02,20.00,11.82,11.71,8.01,8.85,7.99,9.44,9.64,12.21,8.76,9.56,10.46,8.25,21.41,24.31,26.60,23.63,30.38,29.74,29.81,35.57,33.65,34.15,30.91,35.47,23.43,24.51,26.85,24.31,25.73,23.43,26.67,26.04,24.95,21.63,25.54,25.17,27.20,24.58,25.66,23.32,21.82,1.19,1.65,1.86,2.54,1.75,1.10,1.87,0.38,1.21,0.26,99.00,2.46,0.98,1.40,0.35,1.33,1.48,2.34,1.49,2.30,3.59,0.69,6.88,8.95,9.74,9.30,7.79,6.04,6.04,5.10,5.92,8.47,6.04,5.97,14.50,15.24,15.27,13.84,13.18,15.59,15.20,12.53,12.71,13.63,14.83,13.72,12.96,16.02,14.96,3.06,3.02,5.38,4.27,5.63,5.30],
  [0.36,11.16,10.60,20.75,28.59,8.27,19.45,17.13,18.92,18.25,9.39,9.49,5.69,6.46,5.76,7.27,7.24,9.84,6.44,7.17,8.10,6.19,19.27,22.42,24.88,21.81,28.30,27.69,27.75,33.55,31.53,32.04,28.83,33.49,21.36,22.22,24.79,22.12,23.67,21.14,24.56,23.91,22.68,19.67,23.50,23.03,24.86,22.43,23.56,21.16,19.71,1.28,4.09,0.75,1.42,4.19,2.30,1.05,2.37,2.03,2.22,2.46,99.00,3.31,3.86,2.46,3.49,3.93,2.41,3.88,0.72,3.63,2.31,4.77,6.70,7.45,7.18,5.75,3.85,3.85,3.51,3.79,6.30,4.15,4.18,12.11,13.51,13.39,12.10,11.11,13.47,13.27,10.73,10.83,11.81,12.57,11.81,11.01,13.85,13.20,1.05,1.23,5.03,1.81,4.68,4.51],
  [3.63,13.40,13.90,23.95,31.34,9.20,22.12,19.72,22.00,20.98,12.69,12.67,8.94,9.75,8.94,10.40,10.53,13.13,9.69,10.46,11.38,9.22,22.38,25.29,27.57,24.61,31.35,30.72,30.79,36.55,34.63,35.12,31.89,36.45,24.40,25.45,27.83,25.27,26.71,24.38,27.64,27.02,25.90,22.61,26.52,26.14,28.13,25.55,26.64,24.29,22.79,2.09,0.86,2.62,3.03,0.97,1.28,2.51,0.94,2.16,1.24,0.98,3.31,99.00,0.73,0.85,0.43,1.09,3.26,0.58,3.24,4.43,1.04,7.39,9.52,10.33,9.79,8.25,6.62,6.62,5.45,6.47,9.00,6.47,6.36,15.40,16.22,16.25,14.82,14.16,16.56,16.18,13.51,13.69,14.61,15.78,14.70,13.94,16.99,15.94,4.00,3.99,6.23,5.10,6.57,6.22],
  [4.20,13.45,14.44,24.35,31.51,9.89,22.27,19.86,22.32,21.16,13.22,13.07,9.40,10.25,9.36,10.79,11.03,13.61,10.14,10.96,11.85,9.57,22.72,25.51,27.72,24.81,31.66,31.01,31.08,36.83,34.95,35.44,32.19,36.71,24.71,25.87,28.13,25.63,27.01,24.80,27.96,27.35,26.31,22.87,26.81,26.48,28.58,25.89,26.95,24.64,23.12,2.59,0.28,3.22,3.73,0.36,2.00,3.16,1.53,2.38,1.66,1.40,3.86,0.73,99.00,1.43,0.99,0.44,3.37,0.43,3.69,4.38,1.71,8.10,10.22,11.02,10.51,8.97,7.31,7.31,6.18,7.17,9.70,7.20,7.09,15.89,16.40,16.49,15.02,14.48,16.90,16.43,13.73,13.94,14.83,16.19,14.96,14.22,17.35,16.14,4.44,4.39,6.16,5.66,6.64,6.26],
  [2.79,12.72,13.05,23.11,30.58,8.93,21.37,18.98,21.17,20.22,11.85,11.83,8.09,8.90,8.10,9.57,9.68,12.27,8.84,9.61,10.52,8.40,21.55,24.50,26.82,23.84,30.53,29.90,29.97,35.74,33.80,34.30,31.07,35.65,23.59,24.61,27.01,24.43,25.89,23.53,26.82,26.19,25.05,21.81,25.71,25.31,27.28,24.72,25.81,23.46,21.97,1.24,1.64,1.79,2.35,1.75,0.77,1.73,0.09,1.50,0.49,0.35,2.46,0.85,1.43,99.00,1.12,1.61,2.63,1.42,2.40,3.91,0.37,6.71,8.80,9.61,9.13,7.60,5.90,5.90,4.87,5.76,8.31,5.84,5.76,14.55,15.46,15.46,14.05,13.33,15.73,15.38,12.73,12.90,13.83,14.94,13.90,13.14,16.15,15.17,3.16,3.15,5.69,4.26,5.90,5.58],
  [3.80,13.79,14.06,24.20,31.69,8.91,22.48,20.08,22.29,21.33,12.86,12.92,9.17,9.94,9.19,10.67,10.73,13.33,9.92,10.66,11.59,9.51,22.66,25.62,27.93,24.95,31.65,31.02,31.09,36.86,34.92,35.41,32.19,36.77,24.70,25.69,28.13,25.54,27.01,24.61,27.93,27.30,26.15,22.93,26.83,26.42,28.34,25.83,26.93,24.57,23.08,2.34,0.99,2.77,3.04,1.10,1.29,2.61,1.19,2.54,1.57,1.33,3.49,0.43,0.99,1.12,99.00,1.41,3.66,0.65,3.50,4.85,1.18,7.35,9.50,10.32,9.73,8.18,6.62,6.62,5.34,6.46,8.96,6.40,6.27,15.60,16.57,16.58,15.17,14.45,16.84,16.50,13.84,14.02,14.94,16.03,15.03,14.26,17.26,16.28,4.26,4.27,6.65,5.27,6.96,6.62],
  [4.28,13.17,14.45,24.25,31.27,10.28,22.03,19.60,22.16,20.92,13.23,12.97,9.35,10.24,9.28,10.69,11.02,13.57,10.09,10.93,11.82,9.45,22.58,25.30,27.47,24.59,31.49,30.83,30.91,36.64,34.80,35.28,32.03,36.51,24.54,25.78,27.96,25.51,26.84,24.71,27.80,27.20,26.21,22.68,26.64,26.33,28.52,25.75,26.80,24.51,22.97,2.64,0.64,3.34,3.95,0.63,2.27,3.33,1.70,2.26,1.71,1.48,3.93,1.09,0.44,1.61,1.41,99.00,3.15,0.87,3.67,4.08,1.94,8.32,10.41,11.21,10.74,9.21,7.50,7.50,6.45,7.37,9.92,7.44,7.35,15.86,16.18,16.29,14.80,14.34,16.76,16.25,13.53,13.75,14.62,16.11,14.78,14.05,17.23,15.92,4.41,4.33,5.84,5.72,6.37,5.99],
  [2.70,10.14,11.77,21.20,28.15,10.60,18.91,16.50,19.04,17.79,10.55,9.96,6.53,7.52,6.35,7.67,8.29,10.74,7.23,8.17,8.99,6.39,19.47,22.16,24.36,21.45,28.35,27.69,27.77,33.50,31.67,32.15,28.89,33.36,21.41,22.76,24.83,22.41,23.70,21.70,24.67,24.08,23.16,19.53,23.50,23.22,25.55,22.64,23.67,21.40,19.84,1.93,3.65,2.49,3.55,3.70,3.15,2.82,2.61,1.14,2.15,2.34,2.41,3.26,3.37,2.63,3.66,3.15,99.00,3.64,1.70,1.36,2.83,7.09,8.88,9.58,9.45,8.08,6.14,6.14,5.91,6.12,8.55,6.54,6.58,13.02,13.04,13.15,11.65,11.23,13.65,13.10,10.38,10.61,11.48,13.10,11.64,10.91,14.15,12.77,2.05,1.82,3.08,3.64,3.31,2.96],
  [4.21,13.76,14.47,24.49,31.77,9.55,22.54,20.13,22.50,21.41,13.27,13.20,9.49,10.31,9.48,10.93,11.10,13.69,10.24,11.03,11.94,9.74,22.89,25.75,27.99,25.06,31.85,31.21,31.28,37.04,35.13,35.63,32.39,36.93,24.90,26.00,28.33,25.79,27.20,24.92,28.14,27.53,26.44,23.09,27.01,26.65,28.68,26.07,27.14,24.81,23.30,2.64,0.35,3.19,3.59,0.45,1.83,3.09,1.51,2.60,1.75,1.49,3.88,0.58,0.43,1.42,0.65,0.87,3.64,99.00,3.78,4.72,1.62,7.94,10.08,10.89,10.33,8.79,7.18,7.18,5.96,7.03,9.55,7.01,6.89,15.97,16.66,16.72,15.26,14.66,17.07,16.65,13.96,14.16,15.06,16.32,15.18,14.43,17.51,16.38,4.54,4.51,6.51,5.68,6.94,6.57],
  [0.99,10.69,10.77,20.71,28.30,8.99,19.13,16.77,18.79,17.95,9.56,9.43,5.72,6.57,5.70,7.17,7.35,9.92,6.46,7.27,8.17,6.01,19.16,22.18,24.57,21.54,28.15,27.53,27.59,33.38,31.41,31.91,28.69,33.30,21.21,22.22,24.63,22.04,23.52,21.14,24.43,23.80,22.66,19.46,23.33,22.92,24.91,22.33,23.43,21.06,19.58,1.17,3.94,1.12,2.06,4.04,2.47,1.49,2.32,1.54,2.04,2.30,0.72,3.24,3.69,2.40,3.50,3.67,1.70,3.78,99.00,2.91,2.35,5.41,7.26,8.00,7.79,6.40,4.47,4.47,4.23,4.43,6.90,4.84,4.88,12.21,13.19,13.14,11.79,10.95,13.34,13.04,10.43,10.57,11.53,12.54,11.57,10.78,13.76,12.89,0.76,0.78,4.34,2.14,4.08,3.87],
  [3.86,9.10,11.88,20.79,27.26,11.89,18.02,15.57,18.47,16.94,10.68,9.70,6.62,7.68,6.31,7.44,8.42,10.70,7.24,8.27,9.00,6.12,18.93,21.38,23.45,20.63,27.71,27.02,27.12,32.79,31.06,31.52,28.25,32.62,20.78,22.39,24.18,21.92,23.06,21.35,24.07,23.51,22.76,18.83,22.85,22.66,25.27,22.10,23.07,20.89,19.27,3.30,4.66,3.82,4.87,4.69,4.48,4.16,3.90,2.45,3.43,3.59,3.63,4.43,4.38,3.91,4.85,4.08,1.36,4.72,2.91,99.00,4.15,8.10,9.73,10.37,10.38,9.10,7.14,7.14,7.13,7.15,9.48,7.66,7.74,12.96,12.22,12.44,10.86,10.74,13.16,12.43,9.66,9.95,10.75,12.81,10.99,10.32,13.72,11.98,3.00,2.72,1.80,4.50,2.38,1.96],
  [2.62,12.84,12.89,23.03,30.62,8.56,21.43,19.05,21.14,20.26,11.68,11.75,7.99,8.76,8.02,9.51,9.54,12.15,8.74,9.48,10.40,8.37,21.51,24.52,26.87,23.87,30.50,29.88,29.95,35.73,33.76,34.26,31.04,35.65,23.56,24.51,26.99,24.38,25.87,23.43,26.78,26.15,24.97,21.81,25.69,25.26,27.16,24.67,25.78,23.40,21.93,1.19,1.89,1.59,2.02,2.00,0.41,1.47,0.31,1.70,0.73,0.69,2.31,1.04,1.71,0.37,1.18,1.94,2.83,1.62,2.35,4.15,99.00,6.39,8.50,9.31,8.80,7.27,5.60,5.60,4.52,5.46,7.99,5.51,5.41,14.42,15.50,15.48,14.10,13.31,15.69,15.39,12.76,12.91,13.86,14.85,13.91,13.13,16.10,15.21,3.10,3.13,5.91,4.09,6.05,5.74],
  [4.44,12.99,8.16,19.09,28.50,5.23,19.81,17.78,18.01,18.51,7.16,8.76,5.41,5.31,5.96,7.25,5.82,8.14,5.93,5.90,6.78,6.93,18.19,22.12,25.03,21.72,27.20,26.72,26.73,32.59,30.22,30.78,27.72,32.68,20.49,20.34,23.81,20.72,22.76,19.25,23.45,22.70,20.90,19.23,22.62,21.81,22.59,21.18,22.49,19.89,18.74,5.88,8.25,5.09,4.37,8.36,6.12,5.01,6.62,6.78,6.69,6.88,4.77,7.39,8.10,6.71,7.35,8.32,7.09,7.94,5.41,8.10,6.39,99.00,2.18,3.01,2.43,1.00,0.96,0.96,2.21,0.98,1.61,1.08,1.35,10.06,14.12,13.57,12.80,10.85,12.80,13.32,11.41,11.25,12.33,11.28,12.01,11.16,12.91,13.73,5.11,5.38,9.02,3.64,8.15,8.20],
  [6.34,13.15,6.62,17.56,27.49,6.07,19.10,17.24,16.79,17.78,5.82,8.02,5.44,4.90,6.08,7.04,5.13,6.98,5.72,5.29,5.98,7.12,16.90,21.09,24.15,20.78,25.81,25.37,25.36,31.21,28.73,29.31,26.32,31.35,19.25,18.72,22.49,19.26,21.47,17.64,22.08,21.30,19.30,18.18,21.36,20.42,20.82,19.78,21.14,18.50,17.49,7.89,10.38,7.12,6.49,10.49,8.25,7.08,8.71,8.73,8.75,8.95,6.70,9.52,10.22,8.80,9.50,10.41,8.88,10.08,7.26,9.73,8.50,2.18,99.00,0.84,0.98,1.64,2.91,2.91,4.36,3.05,0.70,3.23,3.46,8.60,13.67,12.95,12.45,10.17,11.83,12.66,11.13,10.86,11.92,10.10,11.47,10.66,11.81,13.27,6.83,7.08,10.36,5.26,9.33,9.47],
  [7.10,13.25,6.09,16.97,27.08,6.60,18.83,17.05,16.33,17.51,5.40,7.82,5.62,4.93,6.28,7.08,5.03,6.61,5.79,5.21,5.80,7.31,16.40,20.69,23.80,20.42,25.25,24.84,24.82,30.66,28.13,28.72,25.76,30.82,18.76,18.09,21.97,18.70,20.97,17.01,21.54,20.75,18.68,17.78,20.86,19.88,20.12,19.23,20.61,17.96,17.01,8.67,11.19,7.90,7.30,11.30,9.06,7.88,9.51,9.48,9.53,9.74,7.45,10.33,11.02,9.61,10.32,11.21,9.58,10.89,8.00,10.37,9.31,3.01,0.84,99.00,1.30,2.44,3.71,3.71,5.20,3.87,1.50,4.07,4.29,8.07,13.53,12.74,12.36,9.96,11.49,12.43,11.07,10.77,11.81,9.69,11.31,10.51,11.42,13.12,7.52,7.77,10.91,5.94,9.83,10.00],
  [6.83,14.13,7.39,18.27,28.35,5.30,20.03,18.20,17.62,18.71,6.66,8.97,6.40,5.87,7.05,8.02,6.10,7.86,6.69,6.26,6.93,8.08,17.70,21.96,25.04,21.67,26.55,26.14,26.12,31.96,29.43,30.02,27.06,32.12,20.06,19.38,23.27,20.00,22.26,18.30,22.84,22.05,19.98,19.05,22.15,21.18,21.38,20.54,21.91,19.26,18.30,8.31,10.65,7.52,6.78,10.76,8.52,7.44,9.04,9.20,9.12,9.30,7.18,9.79,10.51,9.13,9.73,10.74,9.45,10.33,7.79,10.38,8.80,2.43,0.98,1.30,99.00,1.55,3.33,3.33,4.43,3.40,0.91,3.33,3.49,9.37,14.64,13.90,13.42,11.11,12.72,13.60,12.11,11.83,12.89,10.96,12.43,11.62,12.68,14.23,7.43,7.69,11.13,5.89,10.14,10.25],
  [5.42,13.72,8.13,19.10,28.79,4.75,20.23,18.27,18.19,18.92,7.24,9.13,6.03,5.77,6.62,7.82,6.18,8.31,6.48,6.29,7.11,7.63,18.33,22.40,25.38,22.04,27.29,26.83,26.83,32.69,30.25,30.82,27.80,32.81,20.66,20.29,23.94,20.77,22.90,19.20,23.55,22.78,20.86,19.49,22.78,21.90,22.43,21.26,22.60,19.97,18.90,6.83,9.11,6.04,5.26,9.22,6.98,5.93,7.51,7.75,7.61,7.79,5.75,8.25,8.97,7.60,8.18,9.21,8.08,8.79,6.40,9.10,7.27,1.00,1.64,2.44,1.55,99.00,1.95,1.95,2.89,1.97,0.94,1.78,1.94,10.09,14.63,14.01,13.35,11.26,13.09,13.75,11.98,11.78,12.86,11.46,12.48,11.64,13.14,14.24,6.11,6.38,10.00,4.63,9.10,9.17],
  [3.51,12.30,8.25,19.10,28.21,5.85,19.41,17.31,17.85,18.12,7.17,8.46,4.89,4.97,5.38,6.77,5.57,8.04,5.49,5.63,6.55,6.29,18.06,21.85,24.68,21.41,27.11,26.60,26.62,32.48,30.18,30.73,27.63,32.54,20.33,20.40,23.68,20.67,22.62,19.31,23.35,22.62,20.94,18.97,22.47,21.73,22.75,21.10,22.38,19.81,18.60,5.00,7.48,4.22,3.59,7.59,5.36,4.18,5.81,5.88,5.84,6.04,3.85,6.62,7.31,5.90,6.62,7.50,6.14,7.18,4.47,7.14,5.60,0.96,2.91,3.71,3.33,1.95,99.00,0.00,1.89,0.26,2.45,1.08,1.38,10.08,13.64,13.16,12.29,10.49,12.54,12.93,10.89,10.77,11.85,11.14,11.57,10.73,12.71,13.26,4.15,4.42,8.07,2.69,7.23,7.27],
  [3.51,12.30,8.25,19.10,28.21,5.85,19.41,17.31,17.85,18.12,7.17,8.46,4.89,4.97,5.38,6.77,5.57,8.04,5.49,5.63,6.55,6.29,18.06,21.85,24.68,21.41,27.11,26.60,26.62,32.48,30.18,30.73,27.63,32.54,20.33,20.40,23.68,20.67,22.62,19.31,23.35,22.62,20.94,18.97,22.47,21.73,22.75,21.10,22.38,19.81,18.60,5.00,7.48,4.22,3.59,7.59,5.36,4.18,5.81,5.88,5.84,6.04,3.85,6.62,7.31,5.90,6.62,7.50,6.14,7.18,4.47,7.14,5.60,0.96,2.91,3.71,3.33,1.95,0.00,99.00,1.89,0.26,2.45,1.08,1.38,10.08,13.64,13.16,12.29,10.49,12.54,12.93,10.89,10.77,11.85,11.14,11.57,10.73,12.71,13.26,4.15,4.42,8.07,2.69,7.23,7.27],
  [3.27,13.57,10.13,20.98,29.96,4.86,21.07,18.91,19.68,19.79,9.06,10.24,6.53,6.76,6.94,8.41,7.41,9.91,7.19,7.45,8.38,7.76,19.91,23.62,26.39,23.15,28.97,28.45,28.47,34.33,32.05,32.60,29.49,34.38,22.16,22.29,25.53,22.54,24.46,21.20,25.21,24.49,22.83,20.76,24.31,23.60,24.63,22.97,24.23,21.67,20.44,4.31,6.29,3.54,2.58,6.40,4.19,3.33,4.79,5.31,4.96,5.10,3.51,5.45,6.18,4.87,5.34,6.45,5.91,5.96,4.23,7.13,4.52,2.21,4.36,5.20,4.43,2.89,1.89,1.89,99.00,1.63,3.74,1.14,0.94,11.97,15.23,14.83,13.85,12.22,14.34,14.63,12.44,12.38,13.44,13.00,13.23,12.39,14.54,14.86,4.24,4.52,8.41,3.29,7.82,7.75],
  [3.45,12.49,8.50,19.35,28.46,5.66,19.65,17.55,18.11,18.36,7.43,8.71,5.12,5.22,5.60,7.00,5.83,8.30,5.73,5.88,6.81,6.51,18.32,22.10,24.93,21.65,27.37,26.86,26.88,32.74,30.44,30.99,27.89,32.79,20.59,20.66,23.94,20.93,22.87,19.56,23.61,22.88,21.20,19.23,22.73,21.99,23.00,21.36,22.63,20.07,18.85,4.91,7.33,4.12,3.44,7.44,5.20,4.05,5.67,5.80,5.73,5.92,3.79,6.47,7.17,5.76,6.46,7.37,6.12,7.03,4.43,7.15,5.46,0.98,3.05,3.87,3.40,1.97,0.26,0.26,1.63,99.00,2.55,0.86,1.14,10.34,13.87,13.40,12.52,10.74,12.80,13.18,11.11,11.00,12.08,11.40,11.81,10.97,12.97,13.49,4.15,4.43,8.13,2.74,7.32,7.34],
  [5.95,13.42,7.28,18.24,28.07,5.45,19.62,17.71,17.41,18.30,6.44,8.52,5.69,5.27,6.32,7.39,5.58,7.57,6.05,5.72,6.47,7.35,17.53,21.68,24.70,21.35,26.46,26.02,26.01,31.86,29.40,29.97,26.97,32.00,19.87,19.41,23.13,19.93,22.11,18.32,22.73,21.96,19.99,18.77,21.99,21.08,21.52,20.44,21.79,19.15,18.12,7.45,9.85,6.67,5.97,9.97,7.72,6.60,8.22,8.33,8.28,8.47,6.30,9.00,9.70,8.31,8.96,9.92,8.55,9.55,6.90,9.48,7.99,1.61,0.70,1.50,0.91,0.94,2.45,2.45,3.74,2.55,99.00,2.60,2.81,9.25,14.11,13.43,12.86,10.66,12.39,13.15,11.52,11.28,12.35,10.71,11.93,11.10,12.40,13.71,6.53,6.79,10.23,4.98,9.25,9.36],
  [3.84,13.33,9.15,20.06,29.28,4.83,20.49,18.40,18.88,19.20,8.12,9.52,5.97,6.04,6.45,7.85,6.62,9.04,6.57,6.68,7.60,7.36,19.08,22.92,25.76,22.48,28.12,27.62,27.63,33.50,31.17,31.72,28.64,33.56,21.36,21.34,24.70,21.66,23.64,20.24,24.36,23.62,21.88,20.03,23.50,22.74,23.62,22.10,23.39,20.81,19.62,5.13,7.33,4.34,3.50,7.44,5.20,4.20,5.75,6.09,5.88,6.04,4.15,6.47,7.20,5.84,6.40,7.44,6.54,7.01,4.84,7.66,5.51,1.08,3.23,4.07,3.33,1.78,1.08,1.08,1.14,0.86,2.60,99.00,0.31,11.03,14.72,14.24,13.37,11.57,13.60,14.02,11.97,11.86,12.93,12.16,12.66,11.81,13.75,14.34,4.68,4.95,8.76,3.40,8.02,8.01],
  [3.89,13.59,9.46,20.36,29.58,4.60,20.79,18.69,19.19,19.50,8.43,9.83,6.26,6.34,6.74,8.14,6.93,9.35,6.87,6.99,7.90,7.63,19.39,23.22,26.06,22.78,28.43,27.93,27.94,33.80,31.47,32.03,28.95,33.87,21.67,21.64,25.01,21.96,23.95,20.55,24.67,23.93,22.19,20.34,23.81,23.04,23.92,22.41,23.70,21.12,19.93,5.11,7.21,4.32,3.43,7.33,5.09,4.16,5.67,6.08,5.82,5.97,4.18,6.36,7.09,5.76,6.27,7.35,6.58,6.89,4.88,7.74,5.41,1.35,3.46,4.29,3.49,1.94,1.38,1.38,0.94,1.14,2.81,0.31,99.00,11.34,15.01,14.54,13.66,11.87,13.91,14.31,12.25,12.14,13.22,12.47,12.95,12.11,14.06,14.63,4.77,5.05,8.88,3.56,8.18,8.16],
  [11.81,9.48,1.98,9.03,19.13,14.66,11.50,10.26,8.29,10.21,2.91,3.55,6.52,5.66,6.68,5.57,4.88,2.29,5.80,4.94,4.05,6.88,8.33,12.77,16.03,12.62,17.21,16.77,16.76,22.61,20.17,20.74,17.72,22.75,10.70,10.32,13.90,10.68,12.89,9.22,13.48,12.70,10.86,9.90,12.79,11.82,12.78,11.18,12.54,9.90,8.95,13.33,16.14,12.83,12.86,16.24,14.37,13.04,14.47,13.63,14.24,14.50,12.11,15.40,15.89,14.55,15.60,15.86,13.02,15.97,12.21,12.96,14.42,10.06,8.60,8.07,9.37,10.09,10.08,10.08,11.97,10.34,9.25,11.03,11.34,99.00,7.51,6.31,6.98,4.26,4.19,5.91,6.42,5.83,6.39,2.14,5.59,5.24,3.78,7.13,11.46,11.54,12.29,10.35,11.01,11.41],
  [13.37,3.87,8.69,10.03,15.12,19.34,5.94,3.68,6.93,4.76,8.59,5.73,8.75,8.87,8.29,6.87,8.54,7.33,8.19,8.39,7.73,7.50,7.57,9.16,11.37,8.42,15.68,14.94,15.05,20.61,19.08,19.49,16.21,20.41,8.91,11.74,12.19,10.56,11.07,10.91,12.19,11.77,11.89,6.74,10.84,10.98,14.91,10.52,11.21,9.48,7.68,14.32,16.68,14.22,14.79,16.74,15.66,14.56,15.40,14.07,15.00,15.24,13.51,16.22,16.40,15.46,16.57,16.18,13.04,16.66,13.19,12.22,15.50,14.12,13.67,13.53,14.64,14.63,13.64,13.64,15.23,13.87,14.11,14.72,15.01,7.51,99.00,1.28,1.41,3.66,3.68,1.67,2.80,2.87,1.79,5.46,2.23,3.02,4.44,0.41,12.51,12.42,10.70,12.30,9.84,10.26],
  [13.22,4.76,7.61,9.10,15.22,18.76,6.25,4.31,6.20,4.97,7.63,4.93,8.30,8.27,7.92,6.42,7.85,6.35,7.67,7.72,6.97,7.24,6.78,9.04,11.57,8.42,15.28,14.58,14.68,20.36,18.65,19.09,15.81,20.22,8.38,10.81,11.76,9.81,10.63,9.92,11.68,11.18,11.01,6.39,10.42,10.36,13.95,9.86,10.69,8.73,6.99,14.28,16.77,14.12,14.61,16.84,15.60,14.44,15.40,14.12,15.02,15.27,13.39,16.25,16.49,15.46,16.58,16.29,13.15,16.72,13.14,12.44,15.48,13.57,12.95,12.74,13.90,14.01,13.16,13.16,14.83,13.40,13.43,14.24,14.54,6.31,1.28,99.00,1.76,2.79,2.40,0.40,2.78,2.57,1.70,4.22,1.60,2.44,3.17,1.02,12.42,12.36,11.03,12.06,10.07,10.50],
  [11.96,3.06,7.89,10.86,16.53,18.03,7.35,5.07,7.96,6.16,7.63,4.66,7.41,7.60,6.93,5.55,7.33,6.41,6.88,7.17,6.58,6.11,8.54,10.52,12.78,9.80,16.93,16.21,16.32,21.93,20.32,20.75,17.46,21.75,10.08,12.56,13.42,11.57,12.30,11.66,13.38,12.91,12.77,8.00,12.08,12.10,15.70,11.60,12.39,10.49,8.74,12.91,15.30,12.81,13.38,15.36,14.25,13.15,14.00,12.67,13.60,13.84,12.10,14.82,15.02,14.05,15.17,14.80,11.65,15.26,11.79,10.86,14.10,12.80,12.45,12.36,13.42,13.35,12.29,12.29,13.85,12.52,12.86,13.37,13.66,6.98,1.41,1.76,99.00,2.80,3.74,1.96,1.41,1.59,0.60,5.11,1.39,1.93,4.54,1.12,11.10,11.01,9.38,10.90,8.49,8.91],
  [10.90,5.26,5.10,10.06,17.74,16.01,8.98,7.09,7.84,7.67,4.93,2.14,5.71,5.54,5.42,3.89,5.08,3.68,5.03,4.96,4.19,4.94,8.24,11.42,14.19,10.93,17.20,16.58,16.64,22.44,20.47,20.96,17.73,22.39,10.26,11.69,13.68,11.19,12.56,10.67,13.48,12.87,12.04,8.60,12.38,11.99,14.66,11.42,12.48,10.18,8.64,12.12,14.76,11.86,12.23,14.84,13.38,12.15,13.26,12.10,12.92,13.18,11.11,14.16,14.48,13.33,14.45,14.34,11.23,14.66,10.95,10.74,13.31,10.85,10.17,9.96,11.11,11.26,10.49,10.49,12.22,10.74,10.66,11.57,11.87,4.26,3.66,2.79,2.80,99.00,2.43,2.49,2.19,1.59,2.19,2.67,1.46,0.98,3.00,3.25,10.21,10.19,9.60,9.63,8.45,8.89],
  [13.24,6.76,5.79,7.66,15.71,17.83,7.44,6.07,5.45,6.12,6.12,4.11,7.93,7.58,7.73,6.20,6.99,4.88,7.21,6.92,6.02,7.33,5.83,9.33,12.32,8.96,14.83,14.23,14.28,20.11,18.07,18.57,15.36,20.09,7.90,9.31,11.32,8.76,10.22,8.32,11.09,10.46,9.64,6.43,10.05,9.58,12.34,9.00,10.09,7.75,6.25,14.51,17.17,14.22,14.54,17.25,15.75,14.50,15.66,14.51,15.33,15.59,13.47,16.56,16.90,15.73,16.84,16.76,13.65,17.07,13.34,13.16,15.69,12.80,11.83,11.49,12.72,13.09,12.54,12.54,14.34,12.80,12.39,13.60,13.91,4.19,3.68,2.40,3.74,2.43,99.00,2.01,4.02,3.50,3.33,2.05,2.61,2.97,0.80,3.39,12.59,12.58,11.98,11.93,10.86,11.30],
  [13.09,5.00,7.23,8.91,15.37,18.49,6.49,4.63,6.11,5.19,7.28,4.63,8.09,8.02,7.74,6.23,7.58,6.00,7.45,7.45,6.68,7.10,6.66,9.15,11.76,8.56,15.28,14.60,14.69,20.40,18.63,19.08,15.81,20.28,8.36,10.62,11.75,9.70,10.62,9.71,11.65,11.13,10.84,6.44,10.42,10.29,13.74,9.77,10.65,8.62,6.91,14.19,16.71,14.01,14.47,16.78,15.50,14.32,15.31,14.06,14.94,15.20,13.27,16.18,16.43,15.38,16.50,16.25,13.10,16.65,13.04,12.43,15.39,13.32,12.66,12.43,13.60,13.75,12.93,12.93,14.63,13.18,13.15,14.02,14.31,5.91,1.67,0.40,1.96,2.49,2.01,99.00,2.79,2.49,1.77,3.82,1.47,2.28,2.79,1.38,12.32,12.26,11.06,11.90,10.07,10.50],
  [10.58,3.07,7.01,11.56,17.87,16.65,8.73,6.48,8.89,7.52,6.59,3.58,6.01,6.25,5.52,4.16,6.04,5.45,5.50,5.86,5.35,4.70,9.42,11.79,14.15,11.11,18.05,17.36,17.46,23.13,21.41,21.86,18.59,22.99,11.14,13.25,14.53,12.45,13.40,12.29,14.44,13.92,13.52,9.17,13.19,13.08,16.32,12.55,13.44,11.39,9.69,11.57,14.01,11.44,11.99,14.08,12.90,11.78,12.67,11.37,12.28,12.53,10.73,13.51,13.73,12.73,13.84,13.53,10.38,13.96,10.43,9.66,12.76,11.41,11.13,11.07,12.11,11.98,10.89,10.89,12.44,11.11,11.52,11.97,12.25,6.42,2.80,2.78,1.41,2.19,4.02,2.79,99.00,0.60,1.10,4.83,1.45,1.22,4.77,2.47,9.74,9.65,8.27,9.50,7.29,7.72],
  [10.66,3.67,6.49,11.10,17.77,16.48,8.71,6.54,8.53,7.46,6.12,3.12,5.88,6.02,5.44,4.01,5.74,4.95,5.32,5.58,4.99,4.70,9.03,11.61,14.09,10.98,17.76,17.09,17.18,22.89,21.10,21.57,18.30,22.77,10.83,12.78,14.24,12.05,13.11,11.80,14.12,13.57,13.06,8.93,12.91,12.72,15.83,12.18,13.11,10.99,9.33,11.72,14.22,11.55,12.06,14.29,13.03,11.88,12.83,11.57,12.46,12.71,10.83,13.69,13.94,12.90,14.02,13.75,10.61,14.16,10.57,9.95,12.91,11.25,10.86,10.77,11.83,11.78,10.77,10.77,12.38,11.00,11.28,11.86,12.14,5.83,2.87,2.57,1.59,1.59,3.50,2.49,0.60,99.00,1.08,4.23,1.04,0.62,4.23,2.49,9.86,9.79,8.63,9.52,7.59,8.03],
  [11.66,3.44,7.29,10.66,16.78,17.56,7.67,5.47,7.88,6.44,7.04,4.08,6.96,7.09,6.51,5.08,6.80,5.81,6.40,6.64,6.02,5.74,8.43,10.69,13.08,10.01,16.98,16.28,16.38,22.04,20.35,20.79,17.51,21.89,10.08,12.36,13.46,11.46,12.33,11.43,13.38,12.88,12.59,8.08,12.12,12.05,15.46,11.53,12.38,10.39,8.67,12.66,15.11,12.53,13.07,15.17,13.99,12.86,13.76,12.47,13.38,13.63,11.81,14.61,14.83,13.83,14.94,14.62,11.48,15.06,11.53,10.75,13.86,12.33,11.92,11.81,12.89,12.86,11.85,11.85,13.44,12.08,12.35,12.93,13.22,6.39,1.79,1.70,0.60,2.19,3.33,1.77,1.10,1.08,99.00,4.56,0.82,1.34,4.12,1.42,10.83,10.75,9.33,10.55,8.37,8.80],
  [12.30,7.87,3.80,8.18,17.39,16.16,9.44,8.12,6.73,8.13,4.29,3.14,6.88,6.30,6.84,5.43,5.60,3.15,6.13,5.58,4.63,6.72,6.92,11.00,14.15,10.75,15.97,15.46,15.48,21.34,19.09,19.63,16.50,21.40,9.21,9.68,12.54,9.60,11.48,8.61,12.21,11.50,10.12,8.09,11.34,10.61,12.47,9.98,11.23,8.69,7.46,13.70,16.46,13.31,13.50,16.55,14.86,13.56,14.86,13.85,14.57,14.83,12.57,15.78,16.19,14.94,16.03,16.11,13.10,16.32,12.54,12.81,14.85,11.28,10.10,9.69,10.96,11.46,11.14,11.14,13.00,11.40,10.71,12.16,12.47,2.14,5.46,4.22,5.11,2.67,2.05,3.82,4.83,4.23,4.56,99.00,3.74,3.61,1.75,5.10,11.78,11.81,11.86,10.91,10.64,11.07],
  [11.63,4.21,6.55,10.12,16.82,17.21,7.84,5.79,7.50,6.56,6.38,3.50,6.70,6.72,6.31,4.82,6.35,5.13,6.09,6.20,5.51,5.64,8.01,10.62,13.18,10.02,16.73,16.06,16.14,21.86,20.07,20.53,17.26,21.75,9.79,11.80,13.20,11.03,12.07,10.85,13.08,12.53,12.07,7.91,11.87,11.69,14.88,11.15,12.08,9.97,8.30,12.72,15.24,12.54,13.01,15.31,14.03,12.85,13.84,12.59,13.47,13.72,11.81,14.70,14.96,13.90,15.03,14.78,11.64,15.18,11.57,10.99,13.91,12.01,11.47,11.31,12.43,12.48,11.57,11.57,13.23,11.81,11.93,12.66,12.95,5.59,2.23,1.60,1.39,1.46,2.61,1.47,1.45,1.04,0.82,3.74,99.00,0.85,3.39,1.82,10.85,10.79,9.66,10.46,8.63,9.07],
  [10.82,4.28,5.98,10.61,17.65,16.37,8.68,6.62,8.15,7.41,5.70,2.74,5.86,5.88,5.47,3.98,5.53,4.49,5.24,5.38,4.72,4.83,8.62,11.42,14.01,10.84,17.44,16.79,16.86,22.61,20.76,21.23,17.98,22.52,10.50,12.27,13.91,11.62,12.79,11.29,13.77,13.20,12.58,8.68,12.59,12.34,15.30,11.78,12.76,10.58,8.95,11.94,14.50,11.74,12.19,14.57,13.24,12.05,13.07,11.84,12.71,12.96,11.01,13.94,14.22,13.14,14.26,14.05,10.91,14.43,10.78,10.32,13.13,11.16,10.66,10.51,11.62,11.64,10.73,10.73,12.39,10.97,11.10,11.81,12.11,5.24,3.02,2.44,1.93,0.98,2.97,2.28,1.22,0.62,1.34,3.61,0.85,99.00,3.67,2.61,10.06,10.01,9.06,9.63,7.98,8.42],
  [13.61,7.56,5.54,7.07,15.67,17.85,7.73,6.57,5.15,6.43,6.02,4.38,8.23,7.78,8.09,6.59,7.14,4.84,7.50,7.09,6.16,7.78,5.43,9.28,12.40,9.00,14.49,13.93,13.97,19.82,17.68,18.20,15.02,19.84,7.63,8.69,11.01,8.28,9.93,7.67,10.74,10.07,9.04,6.37,9.77,9.18,11.67,8.58,9.74,7.31,5.91,14.92,17.62,14.60,14.87,17.71,16.14,14.87,16.08,14.98,15.76,16.02,13.85,16.99,17.35,16.15,17.26,17.23,14.15,17.51,13.76,13.72,16.10,12.91,11.81,11.42,12.68,13.14,12.71,12.71,14.54,12.97,12.40,13.75,14.06,3.78,4.44,3.17,4.54,3.00,0.80,2.79,4.77,4.23,4.12,1.75,3.39,3.67,99.00,4.17,13.00,13.00,12.60,12.26,11.45,11.88],
  [13.05,3.85,8.29,9.99,15.42,18.95,6.26,4.06,6.97,5.06,8.18,5.32,8.37,8.47,7.92,6.49,8.14,6.92,7.80,7.99,7.32,7.15,7.59,9.40,11.69,8.68,15.84,15.11,15.22,20.82,19.23,19.66,16.37,20.64,9.02,11.70,12.34,10.60,11.21,10.85,12.32,11.87,11.88,6.90,10.99,11.07,14.86,10.59,11.33,9.52,7.73,14.02,16.42,13.91,14.46,16.48,15.36,14.24,15.11,13.79,14.71,14.96,13.20,15.94,16.14,15.17,16.28,15.92,12.77,16.38,12.89,11.98,15.21,13.73,13.27,13.12,14.23,14.24,13.26,13.26,14.86,13.49,13.71,14.34,14.63,7.13,0.41,1.02,1.12,3.25,3.39,1.38,2.47,2.49,1.42,5.10,1.82,2.61,4.17,99.00,12.20,12.11,10.49,11.96,9.60,10.03],
  [1.06,10.11,10.04,19.95,27.61,9.09,18.45,16.11,18.04,17.26,8.83,8.67,4.96,5.82,4.94,6.41,6.61,9.17,5.70,6.52,7.41,5.27,18.41,21.46,23.88,20.83,27.41,26.79,26.85,32.64,30.66,31.16,27.94,32.57,20.46,21.45,23.89,21.28,22.77,20.38,23.68,23.05,21.90,18.73,22.59,22.16,24.15,21.57,22.68,20.31,18.83,1.92,4.70,1.71,2.46,4.79,3.18,2.06,3.08,2.22,2.80,3.06,1.05,4.00,4.44,3.16,4.26,4.41,2.05,4.54,0.76,3.00,3.10,5.11,6.83,7.52,7.43,6.11,4.15,4.15,4.24,4.15,6.53,4.68,4.77,11.46,12.51,12.42,11.10,10.21,12.59,12.32,9.74,9.86,10.83,11.78,10.85,10.06,13.00,12.20,99.00,0.28,4.16,1.58,3.69,3.56],
  [1.30,9.95,10.16,19.98,27.53,9.35,18.35,16.00,18.02,17.17,8.94,8.69,5.03,5.93,4.97,6.42,6.71,9.25,5.76,6.61,7.49,5.25,18.40,21.40,23.79,20.76,27.38,26.76,26.82,32.61,30.65,31.15,27.92,32.52,20.44,21.49,23.86,21.29,22.75,20.41,23.66,23.04,21.93,18.68,22.56,22.16,24.20,21.57,22.66,20.31,18.82,1.94,4.65,1.84,2.66,4.74,3.25,2.20,3.08,2.10,2.76,3.02,1.23,3.99,4.39,3.15,4.27,4.33,1.82,4.51,0.78,2.72,3.13,5.38,7.08,7.77,7.69,6.38,4.42,4.42,4.52,4.43,6.79,4.95,5.05,11.54,12.42,12.36,11.01,10.19,12.58,12.26,9.65,9.79,10.75,11.81,10.79,10.01,13.00,12.11,0.28,99.00,3.90,1.83,3.46,3.31],
  [5.18,7.40,11.45,19.65,25.64,13.25,16.40,13.94,17.16,15.37,10.31,8.86,6.35,7.46,5.89,6.72,8.11,10.12,6.85,7.94,8.53,5.42,17.66,19.86,21.81,19.07,26.30,25.59,25.70,31.31,29.68,30.12,26.84,31.11,19.41,21.28,22.79,20.67,21.66,20.27,22.71,22.19,21.62,17.38,21.45,21.35,24.24,20.81,21.71,19.62,17.96,4.97,6.43,5.38,6.39,6.46,6.23,5.74,5.68,4.21,5.21,5.38,5.03,6.23,6.16,5.69,6.65,5.84,3.08,6.51,4.34,1.80,5.91,9.02,10.36,10.91,11.13,10.00,8.07,8.07,8.41,8.13,10.23,8.76,8.88,12.29,10.70,11.03,9.38,9.60,11.98,11.06,8.27,8.63,9.33,11.86,9.66,9.06,12.60,10.49,4.16,3.90,99.00,5.39,1.30,0.96],
  [1.47,10.35,8.80,19.07,27.27,8.10,18.22,15.97,17.38,16.98,7.60,7.88,4.03,4.70,4.21,5.75,5.48,8.09,4.78,5.43,6.36,4.82,17.69,21.03,23.62,20.47,26.74,26.16,26.21,32.04,29.94,30.46,27.28,32.01,19.83,20.52,23.25,20.49,22.14,19.43,22.99,22.32,21.00,18.23,21.98,21.44,23.11,20.83,22.00,19.55,18.16,3.08,5.89,2.50,2.61,6.00,4.02,2.69,4.17,3.68,4.01,4.27,1.81,5.10,5.66,4.26,5.27,5.72,3.64,5.68,2.14,4.50,4.09,3.64,5.26,5.94,5.89,4.63,2.69,2.69,3.29,2.74,4.98,3.40,3.56,10.35,12.30,12.06,10.90,9.63,11.93,11.90,9.50,9.52,10.55,10.91,10.46,9.63,12.26,11.96,1.58,1.83,5.39,99.00,4.62,4.62],
  [4.75,6.83,10.15,18.52,24.91,12.67,15.66,13.23,16.12,14.57,9.01,7.60,5.07,6.18,4.60,5.44,6.82,8.82,5.55,6.64,7.23,4.13,16.60,19.00,21.10,18.26,25.34,24.65,24.74,30.41,28.69,29.15,25.88,30.24,18.42,20.13,21.82,19.60,20.69,19.11,21.71,21.16,20.49,16.45,20.48,20.31,23.06,19.76,20.71,18.56,16.92,4.96,6.92,5.19,6.10,6.97,6.31,5.56,5.87,4.42,5.42,5.63,4.68,6.57,6.64,5.90,6.96,6.37,3.31,6.94,4.08,2.38,6.05,8.15,9.33,9.83,10.14,9.10,7.23,7.23,7.82,7.32,9.25,8.02,8.18,11.01,9.84,10.07,8.49,8.45,10.86,10.07,7.29,7.59,8.37,10.64,8.63,7.98,11.45,9.60,3.69,3.46,1.30,4.62,99.00,0.44],
  [4.61,7.19,10.52,18.95,25.31,12.61,16.06,13.63,16.56,14.98,9.37,8.02,5.39,6.50,4.95,5.84,7.16,9.21,5.90,6.99,7.60,4.53,17.04,19.42,21.50,18.67,25.77,25.08,25.17,30.83,29.13,29.58,26.31,30.66,18.85,20.57,22.25,20.03,21.12,19.54,22.14,21.60,20.92,16.88,20.91,20.75,23.49,20.20,21.14,18.99,17.36,4.69,6.54,4.97,5.92,6.59,6.02,5.35,5.55,4.09,5.10,5.30,4.51,6.22,6.26,5.58,6.62,5.99,2.96,6.57,3.87,1.96,5.74,8.20,9.47,10.00,10.25,9.17,7.27,7.27,7.75,7.34,9.36,8.01,8.16,11.41,10.26,10.50,8.91,8.89,11.30,10.50,7.72,8.03,8.80,11.07,9.07,8.42,11.88,10.03,3.56,3.31,0.96,4.62,0.44,99.00]
];
