// Chosen Depots: [1, 2, 3, 4, 5, 6]
// Chosen Demand Points (Original DP No): [1, 4, 8, 9, 15, 17, 21, 22, 26, 27, 28, 30, 31, 33, 35, 37, 38, 39, 40, 45, 47, 50, 51, 52, 53, 55, 58, 59, 60, 61, 63, 66, 70, 73, 74, 77, 78, 80, 82, 83, 86, 87, 88, 91, 95, 99, 103, 104, 105, 108, 111, 112, 113, 116, 118, 119, 121, 123, 124, 127, 129, 130, 131, 137, 139, 140, 143, 144, 145, 149, 152, 156, 157, 158, 160, 161, 162, 164, 166, 171]
// Original Weights: [9, 6, 4, 8, 7, 5, 6, 6, 4, 7, 5, 5, 6, 8, 10, 9, 8, 10, 9, 8, 6, 3, 6, 6, 5, 5, 6, 5, 5, 7, 5, 6, 6, 6, 2, 6, 5, 5, 6, 5, 6, 7, 6, 6, 7, 6, 7, 7, 6, 7, 7, 7, 7, 7, 7, 8, 6, 6, 3, 3, 2, 4, 2, 3, 4, 4, 8, 8, 7, 6, 7, 7, 7, 8, 6, 8, 8, 9, 6, 8]

|W| = 6;
|D| = 80;
V = 54;
C = 3;
|K| = 3;
M = 100;
S = 0.25;
|TR| = 14;
δmax = 18.3;
Runtime = 40;

// Priority weights for selected demand points
pj = [
  9, 6, 4, 8, 7, 5, 6, 6, 4, 7, 5, 5, 6, 8, 10, 9, 8, 10, 9, 8, 6, 3, 6, 6, 5, 5, 6, 5, 5, 7, 5, 6, 6, 6, 2, 6, 5, 5, 6, 5, 6, 7, 6, 6, 7, 6, 7, 7, 6, 7, 7, 7, 7, 7, 7, 8, 6, 6, 3, 3, 2, 4, 2, 3, 4, 4, 8, 8, 7, 6, 7, 7, 7, 8, 6, 8, 8, 9, 6, 8
];

δij =
[
  [99.00,99.00,99.00,99.00,99.00,99.00,19.31,18.70,17.26,18.55,6.09,6.15,8.30,6.76,9.54,6.11,6.17,7.81,6.00,24.16,27.41,24.08,22.24,24.73,21.64,34.53,31.81,24.83,21.14,19.53,20.04,23.83,24.56,22.59,21.87,23.45,21.04,23.67,21.71,22.79,24.56,23.33,22.64,20.91,22.00,21.08,20.20,3.22,1.64,1.03,4.45,1.26,2.57,2.81,0.36,4.35,2.79,3.68,3.80,2.70,4.65,3.14,0.99,2.62,4.44,5.09,6.83,3.46,5.42,3.84,12.27,11.81,13.37,13.22,11.87,13.24,10.66,12.20,11.63,12.31,13.61,13.25,13.05,4.80,1.30,4.08],
  [99.00,99.00,99.00,99.00,99.00,99.00,9.07,10.80,11.93,9.19,5.71,8.33,5.99,6.36,8.34,5.12,7.46,7.88,6.09,14.95,17.27,14.17,12.71,14.44,11.84,25.19,23.22,18.64,12.74,11.32,12.98,15.99,15.96,14.85,14.43,14.85,13.35,15.61,13.23,14.84,18.71,15.04,15.19,13.35,13.56,13.75,11.95,11.71,11.70,11.79,13.62,12.15,12.24,12.45,11.16,13.23,12.72,12.55,13.79,10.14,13.75,9.42,10.69,12.84,12.99,12.55,14.13,13.26,13.72,13.33,8.88,9.48,3.87,4.76,4.28,6.76,3.67,4.12,4.21,3.71,7.56,4.23,3.85,7.77,9.95,8.24],
  [99.00,99.00,99.00,99.00,99.00,99.00,13.23,10.26,7.52,11.50,6.45,4.25,4.22,4.96,1.62,7.61,4.64,2.93,6.07,16.06,20.10,16.76,14.70,17.92,14.51,25.90,22.69,14.86,12.68,11.18,10.81,14.67,15.88,13.48,12.64,14.88,12.08,14.68,13.23,13.80,14.51,14.53,13.36,11.87,13.46,11.87,11.77,13.12,11.85,11.29,14.68,11.47,12.78,13.03,10.60,14.52,13.05,13.79,14.06,11.77,14.88,11.53,10.77,12.89,8.16,7.08,7.39,9.45,8.13,9.15,2.94,1.98,8.69,7.61,6.68,5.79,6.49,7.12,6.55,7.61,5.54,8.16,8.29,11.46,10.16,11.22],
  [99.00,99.00,99.00,99.00,99.00,99.00,8.44,3.42,3.46,6.34,14.92,14.42,12.30,13.83,11.09,15.61,14.31,12.74,14.81,6.49,10.97,8.28,6.55,9.90,7.18,15.11,11.75,4.80,3.60,3.53,1.05,3.82,5.48,2.79,1.90,4.79,2.10,4.01,3.85,3.24,4.89,4.14,2.47,1.82,3.85,1.37,3.37,22.77,21.87,21.49,24.58,21.74,22.74,23.00,20.75,24.32,23.11,23.56,24.20,21.20,24.77,20.72,20.71,23.03,19.09,18.03,18.27,20.31,19.10,20.06,8.32,9.03,10.03,9.10,9.94,7.66,11.10,9.91,10.12,10.21,7.07,9.62,9.99,19.85,19.98,19.95],
  [99.00,99.00,99.00,99.00,99.00,99.00,9.24,10.87,14.60,9.95,22.35,23.24,20.44,21.87,20.51,22.46,22.76,21.72,22.46,5.29,1.03,4.40,6.39,3.85,6.81,7.69,7.89,12.40,8.64,9.96,11.21,8.51,6.48,9.08,9.91,6.95,9.78,8.03,8.17,8.57,13.14,7.66,9.64,10.05,8.04,10.39,9.46,29.77,29.43,29.31,31.70,29.64,30.12,30.36,28.59,31.34,30.58,30.62,31.69,28.15,31.85,27.49,28.30,30.62,28.50,27.59,28.35,29.41,28.79,29.28,18.13,19.13,15.12,15.22,16.58,15.71,17.77,16.24,16.82,16.13,15.67,15.19,15.42,25.99,27.53,26.38],
  [99.00,99.00,99.00,99.00,99.00,99.00,24.98,22.86,20.10,23.66,12.46,10.49,13.40,12.23,13.02,13.08,11.16,11.86,12.13,28.66,32.52,29.14,27.13,30.13,26.78,38.57,35.31,27.05,25.31,23.78,23.47,27.32,28.55,26.14,25.30,27.54,24.75,27.35,25.87,26.47,26.58,27.20,25.99,24.55,26.11,24.53,24.39,10.29,8.79,8.11,10.04,7.82,9.19,9.24,8.27,10.32,8.93,10.13,8.91,10.60,10.18,11.17,8.99,8.56,5.23,5.97,5.30,4.97,4.75,4.83,15.55,14.66,19.34,18.76,17.44,17.83,16.48,17.86,17.21,18.15,17.85,19.03,18.95,12.88,9.35,12.15],
  [19.31,9.07,13.23,8.44,9.24,24.98,99.00,5.23,9.10,2.26,13.24,14.51,11.62,12.94,12.26,13.27,13.92,13.14,13.40,6.26,8.22,5.11,3.94,5.45,2.91,16.18,14.55,12.42,5.42,4.91,7.40,8.54,7.72,7.76,7.83,6.76,6.77,7.98,5.64,7.50,12.81,7.26,8.36,6.95,5.92,7.52,5.16,20.53,20.24,20.16,22.46,20.50,20.91,21.15,19.45,22.09,21.37,21.38,22.48,18.91,22.61,18.24,19.13,21.43,19.81,19.01,20.03,20.57,20.23,20.49,10.45,11.50,5.94,6.25,7.60,7.44,8.71,7.21,7.84,7.02,7.73,6.09,6.26,16.75,18.35,17.14],
  [18.70,10.80,10.26,3.42,10.87,22.86,5.23,99.00,4.14,3.01,12.80,12.93,10.40,11.94,9.88,13.29,12.63,11.30,12.78,5.80,9.94,6.69,4.64,8.08,4.80,15.90,13.13,8.01,2.48,0.92,2.39,5.31,5.87,4.11,3.64,4.78,2.56,5.05,3.05,4.19,8.21,4.64,4.40,2.55,3.32,2.98,1.54,20.66,19.95,19.67,22.54,19.95,20.76,21.02,18.92,22.24,21.17,21.48,22.29,19.04,22.71,18.49,18.79,21.14,18.01,17.03,17.62,19.07,18.19,18.88,7.33,8.29,6.93,6.20,7.29,5.45,8.53,7.14,7.50,7.34,5.15,6.61,6.97,17.41,18.02,17.60],
  [17.26,11.93,7.52,3.46,14.60,20.10,9.10,4.14,99.00,6.85,11.96,11.13,9.26,10.74,7.75,12.78,11.10,9.46,11.79,9.33,13.73,10.66,8.67,12.14,8.93,18.54,15.21,7.59,5.97,4.91,3.50,7.25,8.70,6.12,5.24,7.84,4.92,7.35,6.43,6.51,7.39,7.33,5.91,4.66,6.58,4.52,5.24,19.70,18.70,18.27,21.46,18.50,19.59,19.85,17.54,21.23,19.94,20.47,21.02,18.17,21.65,17.75,17.56,19.84,15.66,14.59,14.81,16.91,15.64,16.64,4.99,5.61,8.43,7.26,7.71,5.21,8.68,7.81,7.83,8.23,4.46,7.91,8.27,17.06,16.84,17.07],
  [18.55,9.19,11.50,6.34,9.95,23.66,2.26,3.01,6.85,99.00,12.47,13.30,10.49,11.93,10.72,12.70,12.81,11.81,12.55,5.81,8.93,5.56,3.71,6.48,3.14,16.18,14.03,10.61,3.80,2.85,5.29,7.11,6.79,6.13,6.01,5.70,4.89,6.63,4.19,5.98,10.92,5.99,6.64,5.02,4.51,5.57,3.26,20.09,19.62,19.45,22.01,19.77,20.35,20.60,18.72,21.67,20.80,20.94,21.92,18.46,22.17,17.84,18.48,20.82,18.58,17.70,18.57,19.46,18.91,19.34,8.63,9.67,5.51,5.34,6.68,5.85,7.91,6.37,6.92,6.35,5.96,5.43,5.72,16.51,17.70,16.81],
  [6.09,5.71,6.45,14.92,22.35,12.46,13.24,12.80,11.96,12.47,99.00,3.03,2.72,1.49,5.03,1.20,2.17,3.55,0.46,18.13,21.32,17.99,16.17,18.65,15.55,28.52,25.92,19.51,15.20,13.59,14.36,18.03,18.62,16.80,16.13,17.50,15.24,17.83,15.76,16.96,19.35,17.43,16.92,15.13,16.06,15.35,14.27,7.88,7.19,6.99,9.74,7.30,7.97,8.23,6.26,9.45,8.39,8.69,9.51,6.28,9.91,5.80,6.03,8.38,7.28,6.86,8.50,7.63,8.01,7.67,7.24,7.18,7.32,7.14,5.79,7.38,4.57,6.11,5.55,6.23,7.87,7.17,6.98,5.19,5.25,5.12],
  [6.15,8.33,4.25,14.42,23.24,10.49,14.51,12.93,11.13,13.30,3.03,99.00,2.90,1.97,3.39,4.19,0.88,1.68,2.56,18.61,22.23,18.84,16.88,19.73,16.44,28.84,25.92,18.69,15.41,13.81,14.05,17.89,18.79,16.66,15.89,17.71,15.14,17.79,15.98,16.90,18.41,17.50,16.66,14.99,16.25,15.10,14.47,8.88,7.67,7.18,10.49,7.39,8.59,8.85,6.46,10.31,8.90,9.57,9.94,7.52,10.69,7.30,6.57,8.76,5.31,4.54,5.87,6.18,5.77,6.04,6.14,5.66,8.87,8.27,6.94,7.58,6.02,7.37,6.72,7.67,7.78,8.54,8.47,7.40,5.93,7.09],
  [8.30,5.99,4.22,12.30,20.44,13.40,11.62,10.40,9.26,10.49,2.72,2.90,99.00,1.54,2.62,3.70,2.32,1.91,2.53,15.95,19.43,16.05,14.13,16.88,13.63,26.27,23.51,16.83,12.86,11.25,11.79,15.54,16.27,14.31,13.60,15.17,12.76,15.38,13.42,14.50,16.65,15.03,14.39,12.63,13.71,12.81,11.92,10.47,9.60,9.28,12.28,9.55,10.45,10.71,8.53,12.02,10.83,11.26,11.94,8.92,12.46,8.48,8.44,10.77,8.20,7.44,8.68,8.98,8.67,8.88,4.52,4.54,5.98,5.37,4.04,4.95,3.16,4.47,3.81,4.78,5.32,5.64,5.58,7.90,7.69,7.85],
  [6.76,6.36,4.96,13.83,21.87,12.23,12.94,11.94,10.74,11.93,1.49,1.97,1.54,99.00,3.55,2.67,1.12,2.07,1.14,17.45,20.85,17.49,15.59,18.27,15.06,27.78,25.05,18.33,14.38,12.77,13.33,17.08,17.80,15.85,15.14,16.70,14.30,16.92,14.95,16.04,18.13,16.57,15.92,14.17,15.24,14.35,13.44,8.96,8.06,7.74,10.75,8.02,8.91,9.18,6.99,10.50,9.29,9.74,10.40,7.43,10.94,7.03,6.90,9.23,7.00,6.37,7.81,7.64,7.58,7.58,5.90,5.75,7.14,6.70,5.34,6.48,4.27,5.73,5.10,5.97,6.86,6.88,6.76,6.62,6.15,6.48],
  [9.54,8.34,1.62,11.09,20.51,13.02,12.26,9.88,7.75,10.72,5.03,3.39,2.62,3.55,99.00,6.15,3.51,1.75,4.69,15.66,19.52,16.14,14.12,17.19,13.81,25.73,22.69,15.30,12.35,10.79,10.78,14.64,15.67,13.42,12.63,14.62,11.94,14.58,12.92,13.69,15.02,14.35,13.38,11.77,13.18,11.84,11.42,12.18,11.04,10.57,13.85,10.78,11.95,12.21,9.84,13.65,12.27,12.90,13.33,10.74,14.04,10.43,9.92,12.15,8.14,7.15,7.86,9.27,8.31,9.04,2.77,2.29,7.33,6.35,5.29,4.88,4.95,5.74,5.13,6.20,4.84,6.84,6.92,10.16,9.25,9.99],
  [6.11,5.12,7.61,15.61,22.46,13.08,13.27,13.29,12.78,12.70,1.20,4.19,3.70,2.67,6.15,99.00,3.36,4.74,1.65,18.44,21.44,18.15,16.40,18.72,15.72,28.84,26.38,20.27,15.64,14.05,14.99,18.58,19.05,17.35,16.73,17.92,15.78,18.34,16.19,17.48,20.14,17.91,17.52,15.70,16.50,15.96,14.72,7.41,6.97,6.90,9.33,7.25,7.67,7.91,6.22,9.00,8.12,8.25,9.23,5.78,9.49,5.20,5.86,8.16,8.00,7.70,9.43,8.16,8.80,8.25,8.20,8.23,7.34,7.37,6.09,7.97,4.83,6.34,5.86,6.36,8.54,7.29,7.05,4.28,5.08,4.34],
  [6.17,7.46,4.64,14.31,22.76,11.16,13.92,12.63,11.10,12.81,2.17,0.88,2.32,1.12,3.51,3.36,99.00,1.77,1.71,18.23,21.75,18.37,16.44,19.20,15.95,28.52,25.69,18.69,15.10,13.49,13.88,17.68,18.50,16.45,15.71,17.41,14.91,17.55,15.66,16.67,18.45,17.24,16.49,14.77,15.95,14.92,14.15,8.67,7.60,7.18,10.37,7.43,8.49,8.76,6.44,10.16,8.84,9.41,9.92,7.23,10.57,6.93,6.46,8.74,5.93,5.26,6.69,6.66,6.48,6.57,6.14,5.80,8.19,7.67,6.32,7.21,5.32,6.73,6.09,7.00,7.50,7.89,7.80,6.83,5.76,6.58],
  [7.81,7.88,2.93,12.74,21.72,11.86,13.14,11.30,9.46,11.81,3.55,1.68,1.91,2.07,1.75,4.74,1.77,99.00,3.15,17.01,20.71,17.33,15.34,18.27,14.95,27.20,24.25,17.02,13.78,12.19,12.37,16.22,17.15,14.99,14.22,16.07,13.48,16.12,14.35,15.23,16.76,15.85,14.98,13.32,14.62,13.43,12.84,10.42,9.29,8.83,12.09,9.05,10.20,10.46,8.10,11.89,10.52,11.14,11.59,8.99,12.29,8.70,8.17,10.40,6.78,5.89,6.93,7.77,7.11,7.60,4.47,4.05,7.73,6.97,5.72,6.02,4.99,6.16,5.51,6.54,6.16,7.33,7.32,8.54,7.49,8.32],
  [6.00,6.09,6.07,14.81,22.46,12.13,13.40,12.78,11.79,12.55,0.46,2.56,2.53,1.14,4.69,1.65,1.71,3.15,99.00,18.17,21.44,18.09,16.25,18.79,15.66,28.55,25.90,19.36,15.20,13.59,14.27,17.98,18.62,16.75,16.06,17.50,15.19,17.79,15.76,16.92,19.18,17.41,16.85,15.07,16.06,15.28,14.26,7.96,7.18,6.93,9.79,7.23,7.99,8.25,6.19,9.52,8.40,8.76,9.51,6.39,9.97,5.95,6.01,8.37,6.93,6.46,8.08,7.35,7.63,7.36,7.00,6.88,7.50,7.24,5.88,7.33,4.70,6.23,5.64,6.38,7.78,7.32,7.15,5.48,5.25,5.36],
  [24.16,14.95,16.06,6.49,5.29,28.66,6.26,5.80,9.33,5.81,18.13,18.61,15.95,17.45,15.66,18.44,18.23,17.01,18.17,99.00,4.48,2.34,2.32,3.93,3.36,10.40,8.32,8.10,3.41,4.88,5.93,3.77,1.94,3.96,4.72,1.79,4.49,3.17,2.90,3.45,8.74,2.59,4.60,4.77,2.75,5.13,4.30,25.85,25.31,25.10,27.77,25.41,26.07,26.33,24.36,27.44,26.51,26.69,27.63,24.22,27.93,23.61,24.16,26.51,23.76,22.80,23.42,24.78,23.97,24.61,13.13,14.09,11.32,11.07,12.37,11.03,13.62,12.10,12.60,12.13,10.86,11.23,11.52,22.32,23.38,22.61],
  [27.41,17.27,20.10,10.97,1.03,32.52,8.22,9.94,13.73,8.93,21.32,22.23,19.43,20.85,19.52,21.44,21.75,20.71,21.44,4.48,99.00,3.39,5.41,2.86,5.79,8.50,8.30,11.96,7.76,9.03,10.39,7.91,5.87,8.37,9.17,6.21,8.97,7.39,7.31,7.87,12.68,6.96,8.97,9.25,7.20,9.61,8.55,28.75,28.41,28.29,30.68,28.62,29.10,29.34,27.57,30.31,29.55,29.59,30.67,27.12,30.82,26.46,27.28,29.60,27.49,26.59,27.36,28.39,27.79,28.26,17.17,18.17,14.10,14.20,15.56,14.70,16.75,15.21,15.80,15.11,14.68,14.17,14.39,24.97,26.50,25.36],
  [24.08,14.17,16.76,8.28,4.40,29.14,5.11,6.69,10.66,5.56,17.99,18.84,16.05,17.49,16.14,18.15,18.37,17.33,18.09,2.34,3.39,99.00,2.07,1.66,2.44,11.08,9.76,10.41,4.77,5.81,7.53,6.06,4.27,6.06,6.69,3.99,6.19,5.44,4.44,5.57,11.03,4.79,6.73,6.47,4.44,6.93,5.42,25.50,25.11,24.97,27.43,25.29,25.82,26.06,24.24,27.08,26.27,26.35,27.38,23.87,27.58,23.23,23.97,26.30,24.10,23.20,23.99,25.01,24.40,24.88,13.82,14.84,10.83,10.86,12.21,11.32,13.42,11.88,12.45,11.80,11.31,10.86,11.10,21.79,23.19,22.15],
  [22.24,12.71,14.70,6.55,6.39,27.13,3.94,4.64,8.67,3.71,16.17,16.88,14.13,15.59,14.12,16.40,16.44,15.34,16.25,2.32,5.41,2.07,99.00,3.48,1.09,12.52,10.63,9.40,2.94,3.78,5.70,5.13,3.89,4.75,5.19,3.10,4.47,4.51,2.76,4.33,9.93,3.78,5.42,4.74,2.87,5.26,3.45,23.79,23.33,23.15,25.72,23.47,24.06,24.31,22.42,25.37,24.50,24.64,25.62,22.16,25.87,21.53,22.18,24.52,22.12,21.20,21.96,23.06,22.40,22.92,11.77,12.77,9.16,9.04,10.38,9.33,11.61,10.07,10.62,10.05,9.28,9.13,9.40,20.17,21.40,20.49],
  [24.73,14.44,17.92,9.90,3.85,30.13,5.45,8.08,12.14,6.48,18.65,19.73,16.88,18.27,17.19,18.72,19.20,18.27,18.79,3.93,2.86,1.66,3.48,99.00,3.41,11.25,10.51,12.03,6.35,7.24,9.12,7.69,5.83,7.72,8.35,5.63,7.80,7.07,6.05,7.23,12.66,6.44,8.39,8.08,6.07,8.56,6.92,25.98,25.69,25.59,27.91,25.93,26.36,26.60,24.88,27.54,26.82,26.82,27.93,24.36,28.05,23.69,24.57,26.87,25.03,24.16,25.04,25.86,25.38,25.76,15.00,16.03,11.37,11.57,12.94,12.32,14.09,12.57,13.18,12.43,12.40,11.49,11.69,22.17,23.79,22.57],
  [21.64,11.84,14.51,7.18,6.81,26.78,2.91,4.80,8.93,3.14,15.55,16.44,13.63,15.06,13.81,15.72,15.95,14.95,15.66,3.36,5.79,2.44,1.09,3.41,99.00,13.35,11.63,10.36,3.61,4.04,6.25,6.15,4.98,5.66,6.00,4.16,5.16,5.54,3.57,5.28,10.86,4.80,6.33,5.41,3.75,5.96,3.88,23.08,22.68,22.53,25.01,22.86,23.39,23.63,21.81,24.66,23.84,23.93,24.95,21.45,25.16,20.81,21.54,23.87,21.72,20.83,21.67,22.60,22.04,22.48,11.59,12.62,8.42,8.42,9.77,8.96,10.98,9.44,10.02,9.37,9.00,8.43,8.68,19.40,20.76,19.74],
  [34.53,25.19,25.90,15.11,7.69,38.57,16.18,15.90,18.54,16.18,28.52,28.84,26.27,27.78,25.73,28.84,28.52,27.20,28.55,10.40,8.50,11.08,12.52,11.25,13.35,99.00,3.99,13.07,13.43,15.03,15.11,11.29,10.06,12.44,13.30,11.13,13.82,11.22,12.86,12.10,13.81,11.38,12.65,14.02,12.58,14.05,14.37,36.25,35.70,35.48,38.17,35.77,36.47,36.72,34.73,37.84,36.90,37.09,38.02,34.62,38.33,34.01,34.54,36.90,33.87,32.86,33.28,34.96,33.98,34.76,23.06,23.92,21.68,21.47,22.77,21.32,24.02,22.50,23.00,22.52,21.05,21.61,21.90,32.69,33.77,32.99],
  [31.81,23.22,22.69,11.75,7.89,35.31,14.55,13.13,15.21,14.03,25.92,25.92,23.51,25.05,22.69,26.38,25.69,24.25,25.90,8.32,8.30,9.76,10.63,10.51,11.63,3.99,99.00,9.17,10.74,12.33,11.92,8.05,7.33,9.27,10.07,8.46,10.78,8.14,10.19,9.03,9.89,8.49,9.34,10.94,9.88,10.85,11.66,33.77,33.08,32.79,35.65,33.06,33.89,34.15,32.04,35.35,34.30,34.59,35.41,32.15,35.83,31.58,31.91,34.26,30.78,29.74,30.02,31.96,30.82,31.72,19.95,20.74,19.49,19.09,20.30,18.57,21.57,20.09,20.53,20.19,18.20,19.34,19.66,30.40,31.15,30.64],
  [24.83,18.64,14.86,4.80,12.40,27.05,12.42,8.01,7.59,10.61,19.51,18.69,16.83,18.33,15.30,20.27,18.69,17.02,19.36,8.10,11.96,10.41,9.40,12.03,10.36,13.07,9.17,99.00,7.01,7.80,5.68,4.35,6.24,4.71,4.61,6.45,5.72,4.98,6.86,5.08,0.77,5.68,4.08,5.60,6.63,5.08,7.35,27.29,26.29,25.85,29.05,26.07,27.18,27.44,25.12,28.82,27.53,28.06,28.60,25.75,29.24,25.31,25.14,27.42,22.98,21.87,21.83,24.30,22.84,24.00,12.56,13.08,14.81,13.90,14.73,12.40,15.87,14.70,14.90,15.01,11.75,14.42,14.79,24.54,24.43,24.59],
  [21.14,12.74,12.68,3.60,8.64,25.31,5.42,2.48,5.97,3.80,15.20,15.41,12.86,14.38,12.35,15.64,15.10,13.78,15.20,3.41,7.76,4.77,2.94,6.35,3.61,13.43,10.74,7.01,99.00,1.61,2.77,3.31,3.43,2.36,2.46,2.31,1.55,2.87,0.57,2.18,7.42,2.31,2.94,1.80,0.86,2.35,0.94,23.03,22.37,22.11,24.92,22.40,23.17,23.43,21.36,24.61,23.59,23.86,24.70,21.41,25.09,20.84,21.21,23.56,20.49,19.50,20.06,21.55,20.66,21.36,9.77,10.70,8.91,8.38,9.57,7.90,10.83,9.37,9.79,9.50,7.63,8.69,9.02,19.68,20.44,19.91],
  [19.53,11.32,11.18,3.53,9.96,23.78,4.91,0.92,4.91,2.85,13.59,13.81,11.25,12.77,10.79,14.05,13.49,12.19,13.59,4.88,9.03,5.81,3.78,7.24,4.04,15.03,12.33,7.80,1.61,99.00,2.49,4.68,5.03,3.54,3.24,3.92,2.11,4.34,2.18,3.53,8.08,3.86,3.94,2.20,2.47,2.73,0.68,21.43,20.76,20.50,23.32,20.78,21.56,21.82,19.75,23.02,21.98,22.26,23.10,19.81,23.49,19.25,19.60,21.95,18.91,17.94,18.54,19.96,19.10,19.78,8.25,9.22,7.45,6.84,7.99,6.29,9.25,7.82,8.21,7.97,6.03,7.19,7.54,18.12,18.83,18.33],
  [20.04,12.98,10.81,1.05,11.21,23.47,7.40,2.39,3.50,5.29,14.36,14.05,11.79,13.33,10.78,14.99,13.88,12.37,14.27,5.93,10.39,7.53,5.70,9.12,6.25,15.11,11.92,5.68,2.77,2.49,99.00,3.87,5.20,2.67,1.85,4.35,1.44,3.88,3.12,3.02,5.84,3.83,2.61,1.17,3.19,1.06,2.39,22.23,21.39,21.04,24.07,21.30,22.24,22.50,20.29,23.79,22.63,23.03,23.73,20.64,24.25,20.14,20.23,22.56,18.87,17.83,18.17,20.04,18.92,19.81,8.04,8.84,9.13,8.27,9.19,7.01,10.38,9.12,9.38,9.39,6.49,8.75,9.12,19.20,19.48,19.32],
  [23.83,15.99,14.67,3.82,8.51,27.32,8.54,5.31,7.25,7.11,18.03,17.89,15.54,17.08,14.64,18.58,17.68,16.22,17.98,3.77,7.91,6.06,5.13,7.69,6.15,11.29,8.05,4.35,3.31,4.68,3.87,99.00,2.05,1.24,2.03,2.11,2.80,0.63,2.94,1.15,4.97,1.36,1.36,2.91,2.63,2.81,4.04,25.91,25.14,24.82,27.77,25.09,25.97,26.23,24.07,27.48,26.37,26.72,27.48,24.30,27.95,23.77,23.97,26.32,22.74,21.70,22.02,23.91,22.79,23.67,11.91,12.71,12.13,11.50,12.60,10.65,13.84,12.45,12.81,12.63,10.22,11.86,12.21,22.72,23.22,22.89],
  [24.56,15.96,15.88,5.48,6.48,28.55,7.72,5.87,8.70,6.79,18.62,18.79,16.27,17.80,15.67,19.05,18.50,17.15,18.62,1.94,5.87,4.27,3.89,5.83,4.98,10.06,7.33,6.24,3.43,5.03,5.20,2.05,99.00,2.70,3.58,1.13,3.82,1.56,2.87,2.23,6.92,1.37,3.19,4.05,2.56,4.21,4.36,26.45,25.80,25.53,28.34,25.82,26.59,26.85,24.79,28.03,27.01,27.28,28.13,24.83,28.51,24.25,24.63,26.99,23.81,22.80,23.27,24.91,23.94,24.70,13.01,13.90,12.19,11.76,12.97,11.32,14.24,12.76,13.20,12.86,11.01,12.01,12.34,23.07,23.86,23.30],
  [22.59,14.85,13.48,2.79,9.08,26.14,7.76,4.11,6.12,6.13,16.80,16.66,14.31,15.85,13.42,17.35,16.45,14.99,16.75,3.96,8.37,6.06,4.75,7.72,5.66,12.44,9.27,4.71,2.36,3.54,2.67,1.24,2.70,99.00,0.89,2.18,1.57,1.23,2.15,0.51,5.20,1.42,0.68,1.68,1.92,1.62,2.94,24.68,23.90,23.58,26.54,23.85,24.74,25.00,22.83,26.25,25.13,25.49,26.24,23.07,26.71,22.54,22.74,25.08,21.53,20.49,20.85,22.69,21.59,22.46,10.69,11.51,10.99,10.31,11.39,9.42,12.63,11.25,11.60,11.45,8.98,10.70,11.05,21.50,21.98,21.67],
  [21.87,14.43,12.64,1.90,9.91,25.30,7.83,3.64,5.24,6.01,16.13,15.89,13.60,15.14,12.63,16.73,15.71,14.22,16.06,4.72,9.17,6.69,5.19,8.35,6.00,13.30,10.07,4.61,2.46,3.24,1.85,2.03,3.58,0.89,99.00,2.96,1.13,2.12,2.45,1.35,4.98,2.26,0.79,1.09,2.32,0.79,2.75,24.01,23.20,22.86,25.86,23.13,24.05,24.31,22.12,25.58,24.43,24.82,25.54,22.41,26.04,21.90,22.04,24.38,20.72,19.67,20.00,21.89,20.77,21.66,9.88,10.68,10.56,9.81,10.83,8.76,12.05,10.72,11.03,10.95,8.28,10.24,10.60,20.91,21.29,21.06],
  [23.45,14.85,14.88,4.79,6.95,27.54,6.76,4.78,7.84,5.70,17.50,17.71,15.17,16.70,14.62,17.92,17.41,16.07,17.50,1.79,6.21,3.99,3.10,5.63,4.16,11.13,8.46,6.45,2.31,3.92,4.35,2.11,1.13,2.18,2.96,99.00,2.92,1.47,1.75,1.67,7.06,0.81,2.81,3.18,1.46,3.45,3.25,25.32,24.68,24.42,27.22,24.71,25.47,25.73,23.67,26.91,25.89,26.16,27.01,23.70,27.39,23.13,23.52,25.87,22.76,21.76,22.26,23.84,22.90,23.64,11.99,12.89,11.07,10.63,11.85,10.22,13.11,11.63,12.07,11.73,9.93,10.89,11.21,21.94,22.75,22.18],
  [21.04,13.35,12.08,2.10,9.78,24.75,6.77,2.56,4.92,4.89,15.24,15.14,12.76,14.30,11.94,15.78,14.91,13.48,15.19,4.49,8.97,6.19,4.47,7.80,5.16,13.82,10.78,5.72,1.55,2.11,1.44,2.80,3.82,1.57,1.13,2.92,99.00,2.64,1.75,1.75,6.05,2.45,1.85,0.28,1.78,0.80,1.64,23.11,22.35,22.03,24.97,22.30,23.18,23.44,21.29,24.69,23.58,23.93,24.69,21.50,25.15,20.97,21.18,23.53,20.07,19.05,19.46,21.21,20.17,20.99,9.24,10.10,9.48,8.77,9.83,7.86,11.06,9.70,10.03,9.90,7.44,9.17,9.53,19.94,20.42,20.10],
  [23.67,15.61,14.68,4.01,8.03,27.35,7.98,5.05,7.35,6.63,17.83,17.79,15.38,16.92,14.58,18.34,17.55,16.12,17.79,3.17,7.39,5.44,4.51,7.07,5.54,11.22,8.14,4.98,2.87,4.34,3.88,0.63,1.56,1.23,2.12,1.47,2.64,99.00,2.44,0.89,5.59,0.74,1.64,2.82,2.12,2.83,3.68,25.70,24.96,24.66,27.57,24.93,25.78,26.04,23.91,27.28,26.19,26.52,27.30,24.08,27.74,23.54,23.80,26.15,22.70,21.67,22.05,23.85,22.78,23.62,11.87,12.70,11.77,11.18,12.32,10.46,13.57,12.15,12.53,12.31,10.07,11.52,11.87,22.45,23.04,22.64],
  [21.71,13.23,13.23,3.85,8.17,25.87,5.64,3.05,6.43,4.19,15.76,15.98,13.42,14.95,12.92,16.19,15.66,14.35,15.76,2.90,7.31,4.44,2.76,6.05,3.57,12.86,10.19,6.86,0.57,2.18,3.12,2.94,2.87,2.15,2.45,1.75,1.75,2.44,99.00,1.86,7.32,1.81,2.79,2.04,0.33,2.52,1.51,23.58,22.93,22.67,25.48,22.96,23.73,23.98,21.92,25.17,24.14,24.41,25.26,21.96,25.65,21.39,21.77,24.12,21.05,20.06,20.61,22.12,21.22,21.93,10.32,11.25,9.41,8.92,10.11,8.47,11.37,9.91,10.34,10.03,8.19,9.20,9.53,20.22,21.00,20.45],
  [22.79,14.84,13.80,3.24,8.57,26.47,7.50,4.19,6.51,5.98,16.96,16.90,14.50,16.04,13.69,17.48,16.67,15.23,16.92,3.45,7.87,5.57,4.33,7.23,5.28,12.10,9.03,5.08,2.18,3.53,3.02,1.15,2.23,0.51,1.35,1.67,1.75,0.89,1.86,99.00,5.61,0.91,1.16,1.93,1.58,1.99,2.89,24.83,24.08,23.77,26.70,24.05,24.91,25.17,23.03,26.40,25.31,25.65,26.42,23.22,26.87,22.68,22.92,25.26,21.81,20.79,21.18,22.96,21.90,22.74,10.98,11.82,10.98,10.36,11.47,9.58,12.72,11.32,11.69,11.49,9.18,10.72,11.07,21.60,22.16,21.79],
  [24.56,18.71,14.51,4.89,13.14,26.58,12.81,8.21,7.39,10.92,19.35,18.41,16.65,18.13,15.02,20.14,18.45,16.76,19.18,8.74,12.68,11.03,9.93,12.66,10.86,13.81,9.89,0.77,7.42,8.08,5.84,4.97,6.92,5.20,4.98,7.06,6.05,5.59,7.32,5.61,99.00,6.26,4.54,5.90,7.12,5.36,7.68,27.08,26.04,25.59,28.82,25.80,26.94,27.20,24.86,28.60,27.28,27.84,28.34,25.55,29.01,25.13,24.91,27.16,22.59,21.48,21.38,23.93,22.43,23.62,12.31,12.78,14.91,13.95,14.72,12.34,15.83,14.72,14.88,15.05,11.67,14.49,14.86,24.42,24.20,24.45],
  [23.33,15.04,14.53,4.14,7.66,27.20,7.26,4.64,7.33,5.99,17.43,17.50,15.03,16.57,14.35,17.91,17.24,15.85,17.41,2.59,6.96,4.79,3.78,6.44,4.80,11.38,8.49,5.68,2.31,3.86,3.83,1.36,1.37,1.42,2.26,0.81,2.45,0.74,1.81,0.91,6.26,99.00,2.02,2.68,1.49,2.85,3.18,25.29,24.59,24.30,27.17,24.59,25.40,25.66,23.56,26.87,25.81,26.11,26.93,23.67,27.34,23.11,23.43,25.78,22.49,21.47,21.91,23.60,22.60,23.39,11.67,12.54,11.21,10.69,11.86,10.09,13.11,11.67,12.08,11.81,9.74,10.99,11.33,21.98,22.66,22.19],
  [22.64,15.19,13.36,2.47,9.64,25.99,8.36,4.40,5.91,6.64,16.92,16.66,14.39,15.92,13.38,17.52,16.49,14.98,16.85,4.60,8.97,6.73,5.42,8.39,6.33,12.65,9.34,4.08,2.94,3.94,2.61,1.36,3.19,0.68,0.79,2.81,1.85,1.64,2.79,1.16,4.54,2.02,99.00,1.86,2.58,1.57,3.40,24.80,23.99,23.64,26.65,23.90,24.83,25.09,22.90,26.37,25.22,25.61,26.32,23.20,26.83,22.69,22.82,25.16,21.45,20.40,20.70,22.64,21.49,22.40,10.63,11.40,11.32,10.59,11.61,9.55,12.84,11.50,11.82,11.72,9.07,11.01,11.37,21.70,22.07,21.85],
  [20.91,13.35,11.87,1.82,10.05,24.55,6.95,2.55,4.66,5.02,15.13,14.99,12.63,14.17,11.77,15.70,14.77,13.32,15.07,4.77,9.25,6.47,4.74,8.08,5.41,14.02,10.94,5.60,1.80,2.20,1.17,2.91,4.05,1.68,1.09,3.18,0.28,2.82,2.04,1.93,5.90,2.68,1.86,99.00,2.06,0.57,1.79,23.01,22.23,21.90,24.86,22.17,23.06,23.32,21.16,24.58,23.46,23.82,24.57,21.40,25.04,20.88,21.06,23.40,19.89,18.86,19.26,21.03,19.97,20.81,9.05,9.90,9.48,8.73,9.77,7.75,10.99,9.65,9.97,9.87,7.31,9.15,9.52,19.86,20.31,20.02],
  [22.00,13.56,13.46,3.85,8.04,26.11,5.92,3.32,6.58,4.51,16.06,16.25,13.71,15.24,13.18,16.50,15.95,14.62,16.06,2.75,7.20,4.44,2.87,6.07,3.75,12.58,9.88,6.63,0.86,2.47,3.19,2.63,2.56,1.92,2.32,1.46,1.78,2.12,0.33,1.58,7.12,1.49,2.58,2.06,99.00,2.50,1.80,23.89,23.23,22.97,25.78,23.26,24.03,24.29,22.22,25.48,24.45,24.72,25.57,22.27,25.95,21.70,22.07,24.42,21.31,20.32,20.85,22.39,21.47,22.19,10.56,11.48,9.74,9.24,10.43,8.76,11.69,10.23,10.65,10.35,8.47,9.52,9.86,20.54,21.30,20.76],
  [21.08,13.75,11.87,1.37,10.39,24.53,7.52,2.98,4.52,5.57,15.35,15.10,12.81,14.35,11.84,15.96,14.92,13.43,15.28,5.13,9.61,6.93,5.26,8.56,5.96,14.05,10.85,5.08,2.35,2.73,1.06,2.81,4.21,1.62,0.79,3.45,0.80,2.83,2.52,1.99,5.36,2.85,1.57,0.57,2.50,99.00,2.36,23.23,22.42,22.07,25.07,22.34,23.26,23.52,21.33,24.80,23.65,24.04,24.75,21.63,25.25,21.12,21.25,23.59,19.93,18.89,19.23,21.11,19.99,20.87,9.10,9.90,9.89,9.10,10.08,7.99,11.30,9.99,10.28,10.23,7.50,9.54,9.91,20.15,20.50,20.29],
  [20.20,11.95,11.77,3.37,9.46,24.39,5.16,1.54,5.24,3.26,14.27,14.47,11.92,13.44,11.42,14.72,14.15,12.84,14.26,4.30,8.55,5.42,3.45,6.92,3.88,14.37,11.66,7.35,0.94,0.68,2.39,4.04,4.36,2.94,2.75,3.25,1.64,3.68,1.51,2.89,7.68,3.18,3.40,1.79,1.80,2.36,99.00,22.11,21.44,21.17,24.00,21.46,22.24,22.50,20.42,23.69,22.65,22.94,23.77,20.49,24.17,19.93,20.27,22.63,19.55,18.56,19.13,20.61,19.72,20.42,8.85,9.79,8.10,7.51,8.67,6.96,9.93,8.49,8.89,8.64,6.68,7.84,8.19,18.79,19.51,19.01],
  [3.22,11.71,13.12,22.77,29.77,10.29,20.53,20.66,19.70,20.09,7.88,8.88,10.47,8.96,12.18,7.41,8.67,10.42,7.96,25.85,28.75,25.50,23.79,25.98,23.08,36.25,33.77,27.29,23.03,21.43,22.23,25.91,26.45,24.68,24.01,25.32,23.11,25.70,23.58,24.83,27.08,25.29,24.80,23.01,23.89,23.23,22.11,99.00,1.69,2.48,1.93,2.63,1.10,1.11,2.86,1.59,1.46,0.85,2.22,1.63,2.08,2.29,2.41,1.80,7.56,8.30,9.99,6.38,8.51,6.82,14.79,14.47,14.67,14.78,13.50,15.26,12.24,13.75,13.27,13.75,15.74,14.67,14.41,4.04,2.96,3.48],
  [1.64,11.70,11.85,21.87,29.43,8.79,20.24,19.95,18.70,19.62,7.19,7.67,9.60,8.06,11.04,6.97,7.60,9.29,7.18,25.31,28.41,25.11,23.33,25.69,22.68,35.70,33.08,26.29,22.37,20.76,21.39,25.14,25.80,23.90,23.20,24.68,22.35,24.96,22.93,24.08,26.04,24.59,23.99,22.23,23.23,22.42,21.44,1.69,99.00,0.79,2.83,0.99,0.93,1.19,1.28,2.72,1.24,2.05,2.34,1.93,3.03,2.64,1.17,1.19,5.88,6.64,8.31,4.69,6.83,5.13,13.74,13.33,14.32,14.28,12.96,14.51,11.72,13.25,12.72,13.31,14.92,14.25,14.02,4.54,1.94,3.85],
  [1.03,11.79,11.29,21.49,29.31,8.11,20.16,19.67,18.27,19.45,6.99,7.18,9.28,7.74,10.57,6.90,7.18,8.83,6.93,25.10,28.29,24.97,23.15,25.59,22.53,35.48,32.79,25.85,22.11,20.50,21.04,24.82,25.53,23.58,22.86,24.42,22.03,24.66,22.67,23.77,25.59,24.30,23.64,21.90,22.97,22.07,21.17,2.48,0.79,99.00,3.46,0.37,1.64,1.86,0.75,3.41,1.79,2.79,2.77,2.49,3.67,3.12,1.12,1.59,5.09,5.87,7.52,3.91,6.04,4.34,13.29,12.83,14.22,14.12,12.78,14.22,11.55,13.09,12.54,13.18,14.60,14.12,13.91,4.97,1.84,4.25],
  [4.45,13.62,14.68,24.58,31.70,10.04,22.46,22.54,21.46,22.01,9.74,10.49,12.28,10.75,13.85,9.33,10.37,12.09,9.79,27.77,30.68,27.43,25.72,27.91,25.01,38.17,35.65,29.05,24.92,23.32,24.07,27.77,28.34,26.54,25.86,27.22,24.97,27.57,25.48,26.70,28.82,27.17,26.65,24.86,25.78,25.07,24.00,1.93,2.83,3.46,99.00,3.40,1.90,1.64,4.10,0.45,1.68,1.08,1.13,3.56,0.20,4.22,3.93,1.95,8.33,9.22,10.73,6.95,9.19,7.41,16.52,16.13,16.60,16.70,15.41,17.12,14.15,15.67,15.17,15.67,17.58,16.59,16.33,5.90,4.62,5.38],
  [1.26,12.15,11.47,21.74,29.64,7.82,20.50,19.95,18.50,19.77,7.30,7.39,9.55,8.02,10.78,7.25,7.43,9.05,7.23,25.41,28.62,25.29,23.47,25.93,22.86,35.77,33.06,26.07,22.40,20.78,21.30,25.09,25.82,23.85,23.13,24.71,22.30,24.93,22.96,24.05,25.80,24.59,23.90,22.17,23.26,22.34,21.46,2.63,0.99,0.37,3.40,99.00,1.68,1.87,1.05,3.40,1.73,2.84,2.61,2.82,3.60,3.47,1.49,1.47,5.01,5.84,7.44,3.76,5.93,4.20,13.52,13.04,14.56,14.44,13.09,14.50,11.88,13.42,12.85,13.51,14.87,14.45,14.24,5.33,2.20,4.61],
  [2.57,12.24,12.78,22.74,30.12,9.19,20.91,20.76,19.59,20.35,7.97,8.59,10.45,8.91,11.95,7.67,8.49,10.20,7.99,26.07,29.10,25.82,24.06,26.36,23.39,36.47,33.89,27.18,23.17,21.56,22.24,25.97,26.59,24.74,24.05,25.47,23.18,25.78,23.73,24.91,26.94,25.40,24.83,23.06,24.03,23.26,22.24,1.10,0.93,1.64,1.90,1.68,99.00,0.26,2.22,1.79,0.49,1.16,1.57,2.15,2.10,2.89,2.04,0.73,6.69,7.50,9.12,5.43,7.61,5.88,14.63,14.24,15.00,15.02,13.71,15.33,12.46,13.99,13.47,14.02,15.76,14.96,14.71,4.78,2.76,4.14],
  [2.81,12.45,13.03,23.00,30.36,9.24,21.15,21.02,19.85,20.60,8.23,8.85,10.71,9.18,12.21,7.91,8.76,10.46,8.25,26.33,29.34,26.06,24.31,26.60,23.63,36.72,34.15,27.44,23.43,21.82,22.50,26.23,26.85,25.00,24.31,25.73,23.44,26.04,23.98,25.17,27.20,25.66,25.09,23.32,24.29,23.52,22.50,1.11,1.19,1.86,1.64,1.87,0.26,99.00,2.46,1.55,0.35,0.98,1.33,2.34,1.85,3.08,2.30,0.69,6.88,7.71,9.30,5.59,7.79,6.04,14.90,14.50,15.24,15.27,13.96,15.59,12.71,14.24,13.72,14.27,16.02,15.20,14.96,4.95,3.02,4.32],
  [0.36,11.16,10.60,20.75,28.59,8.27,19.45,18.92,17.54,18.72,6.26,6.46,8.53,6.99,9.84,6.22,6.44,8.10,6.19,24.36,27.57,24.24,22.42,24.88,21.81,34.73,32.04,25.12,21.36,19.75,20.29,24.07,24.79,22.83,22.12,23.67,21.29,23.91,21.92,23.03,24.86,23.56,22.90,21.16,22.22,21.33,20.42,2.86,1.28,0.75,4.10,1.05,2.22,2.46,99.00,4.00,2.46,3.32,3.49,2.41,4.31,2.91,0.72,2.31,4.77,5.45,7.18,3.75,5.75,4.15,12.56,12.11,13.51,13.39,12.05,13.47,10.83,12.37,11.81,12.46,13.85,13.40,13.20,4.63,1.23,3.91],
  [4.35,13.23,14.52,24.32,31.34,10.32,22.09,22.24,21.23,21.67,9.45,10.31,12.02,10.50,13.65,9.00,10.16,11.89,9.52,27.44,30.31,27.08,25.37,27.54,24.66,37.84,35.35,28.82,24.61,23.02,23.79,27.48,28.03,26.25,25.58,26.91,24.69,27.28,25.17,26.40,28.60,26.87,26.37,24.58,25.48,24.80,23.69,1.59,2.72,3.41,0.45,3.40,1.79,1.55,4.00,99.00,1.67,0.76,1.43,3.22,0.52,3.85,3.75,2.00,8.38,9.24,10.80,7.04,9.27,7.50,16.30,15.94,16.24,16.36,15.08,16.83,13.82,15.34,14.85,15.33,17.30,16.25,15.98,5.49,4.40,4.99],
  [2.79,12.72,13.05,23.11,30.58,8.93,21.37,21.17,19.94,20.80,8.39,8.90,10.83,9.29,12.27,8.12,8.84,10.52,8.40,26.51,29.55,26.27,24.50,26.82,23.84,36.90,34.30,27.53,23.59,21.98,22.63,26.37,27.01,25.13,24.43,25.89,23.58,26.19,24.14,25.31,27.28,25.81,25.22,23.46,24.45,23.65,22.65,1.46,1.24,1.79,1.68,1.73,0.49,0.35,2.46,1.67,99.00,1.23,1.12,2.63,1.88,3.38,2.40,0.37,6.71,7.57,9.13,5.38,7.60,5.84,14.97,14.55,15.46,15.46,14.14,15.73,12.90,14.43,13.90,14.47,16.15,15.41,15.17,5.27,3.15,4.62],
  [3.68,12.55,13.79,23.56,30.62,10.13,21.38,21.48,20.47,20.94,8.69,9.57,11.26,9.74,12.90,8.25,9.41,11.14,8.76,26.69,29.59,26.35,24.64,26.82,23.93,37.09,34.59,28.06,23.86,22.26,23.03,26.72,27.28,25.49,24.82,26.16,23.93,26.52,24.41,25.65,27.84,26.11,25.61,23.82,24.72,24.04,22.94,0.85,2.05,2.79,1.08,2.84,1.16,0.98,3.32,0.76,1.23,99.00,1.55,2.48,1.24,3.14,3.02,1.60,7.85,8.66,10.27,6.56,8.76,7.02,15.54,15.19,15.52,15.62,14.34,16.07,13.08,14.59,14.10,14.59,16.54,15.51,15.25,4.85,3.65,4.31],
  [3.80,13.79,14.06,24.20,31.69,8.91,22.48,22.29,21.02,21.92,9.51,9.94,11.94,10.40,13.33,9.23,9.92,11.59,9.51,27.63,30.67,27.38,25.62,27.93,24.95,38.02,35.41,28.60,24.70,23.10,23.73,27.48,28.13,26.24,25.54,27.01,24.69,27.30,25.26,26.42,28.34,26.93,26.32,24.57,25.57,24.75,23.77,2.22,2.34,2.77,1.13,2.61,1.57,1.33,3.49,1.43,1.12,1.55,99.00,3.66,1.28,4.39,3.50,1.18,7.35,8.29,9.73,5.94,8.18,6.40,16.04,15.60,16.57,16.58,15.26,16.84,14.02,15.55,15.03,15.59,17.26,16.52,16.28,6.23,4.27,5.62],
  [2.70,10.14,11.77,21.20,28.15,10.60,18.91,19.04,18.17,18.46,6.28,7.52,8.92,7.43,10.74,5.78,7.23,8.99,6.39,24.22,27.12,23.87,22.16,24.36,21.45,34.62,32.15,25.75,21.41,19.81,20.64,24.30,24.83,23.07,22.41,23.70,21.50,24.08,21.96,23.22,25.55,23.67,23.20,21.40,22.27,21.63,20.49,1.63,1.93,2.49,3.56,2.82,2.15,2.34,2.41,3.22,2.63,2.48,3.66,99.00,3.71,0.74,1.70,2.83,7.09,7.64,9.45,6.15,8.08,6.54,13.30,13.02,13.04,13.15,11.87,13.65,10.61,12.12,11.64,12.11,14.15,13.03,12.77,2.65,1.82,1.99],
  [4.65,13.75,14.88,24.77,31.85,10.18,22.61,22.71,21.65,22.17,9.91,10.69,12.46,10.94,14.04,9.49,10.57,12.29,9.97,27.93,30.82,27.58,25.87,28.05,25.16,38.33,35.83,29.24,25.09,23.49,24.25,27.95,28.51,26.71,26.04,27.39,25.15,27.74,25.65,26.87,29.01,27.34,26.83,25.04,25.95,25.25,24.17,2.08,3.03,3.67,0.20,3.60,2.10,1.85,4.31,0.52,1.88,1.24,1.28,3.71,99.00,4.36,4.12,2.15,8.52,9.42,10.93,7.14,9.39,7.61,16.71,16.33,16.75,16.86,15.57,17.29,14.31,15.83,15.34,15.82,17.76,16.75,16.49,6.01,4.81,5.51],
  [3.14,9.42,11.53,20.72,27.49,11.17,18.24,18.49,17.75,17.84,5.80,7.30,8.48,7.03,10.43,5.20,6.93,8.70,5.95,23.61,26.46,23.23,21.53,23.69,20.81,34.01,31.58,25.31,20.84,19.25,20.14,23.77,24.25,22.54,21.90,23.13,20.97,23.54,21.39,22.68,25.13,23.11,22.69,20.88,21.70,21.12,19.93,2.29,2.64,3.12,4.22,3.47,2.89,3.08,2.91,3.85,3.38,3.14,4.39,0.74,4.36,99.00,2.18,3.57,7.41,7.87,9.72,6.59,8.41,6.95,12.92,12.70,12.40,12.54,11.28,13.14,10.02,11.52,11.05,11.49,13.66,12.41,12.14,1.92,2.03,1.25],
  [0.99,10.69,10.77,20.71,28.30,8.99,19.13,18.79,17.56,18.48,6.03,6.57,8.44,6.90,9.92,5.86,6.46,8.17,6.01,24.16,27.28,23.97,22.18,24.57,21.54,34.54,31.91,25.14,21.21,19.60,20.23,23.97,24.63,22.74,22.04,23.52,21.18,23.80,21.77,22.92,24.91,23.43,22.82,21.06,22.07,21.25,20.27,2.41,1.17,1.12,3.93,1.49,2.04,2.30,0.72,3.75,2.40,3.02,3.50,1.70,4.12,2.18,99.00,2.35,5.41,6.02,7.79,4.45,6.40,4.84,12.60,12.21,13.19,13.14,11.81,13.34,10.57,12.11,11.57,12.17,13.76,13.11,12.89,3.94,0.78,3.21],
  [2.62,12.84,12.89,23.03,30.62,8.56,21.43,21.14,19.84,20.82,8.38,8.76,10.77,9.23,12.15,8.16,8.74,10.40,8.37,26.51,29.60,26.30,24.52,26.87,23.87,36.90,34.26,27.42,23.56,21.95,22.56,26.32,26.99,25.08,24.38,25.87,23.53,26.15,24.12,25.26,27.16,25.78,25.16,23.40,24.42,23.59,22.63,1.80,1.19,1.59,1.95,1.47,0.73,0.69,2.31,2.00,0.37,1.60,1.18,2.83,2.15,3.57,2.35,99.00,6.39,7.27,8.80,5.04,7.27,5.51,14.86,14.42,15.50,15.48,14.15,15.69,12.91,14.45,13.91,14.50,16.10,15.44,15.21,5.48,3.13,4.82],
  [4.44,12.99,8.16,19.09,28.50,5.23,19.81,18.01,15.66,18.58,7.28,5.31,8.20,7.00,8.14,8.00,5.93,6.78,6.93,23.76,27.49,24.10,22.12,25.03,21.72,33.87,30.78,22.98,20.49,18.91,18.87,22.74,23.81,21.53,20.72,22.76,20.07,22.70,21.05,21.81,22.59,22.49,21.45,19.89,21.31,19.93,19.55,7.56,5.88,5.09,8.33,5.01,6.69,6.88,4.77,8.38,6.71,7.85,7.35,7.09,8.52,7.41,5.41,6.39,99.00,1.12,2.43,1.50,1.00,1.08,10.83,10.06,14.12,13.57,12.24,12.80,11.25,12.65,12.01,12.93,12.91,13.82,13.73,8.72,5.38,8.06],
  [5.09,12.55,7.08,18.03,27.59,5.97,19.01,17.03,14.59,17.70,6.86,4.54,7.44,6.37,7.15,7.70,5.26,5.89,6.46,22.80,26.59,23.20,21.20,24.16,20.83,32.86,29.74,21.87,19.50,17.94,17.83,21.70,22.80,20.49,19.67,21.76,19.05,21.67,20.06,20.79,21.48,21.47,20.40,18.86,20.32,18.89,18.56,8.30,6.64,5.87,9.22,5.84,7.50,7.71,5.45,9.24,7.57,8.66,8.29,7.64,9.42,7.87,6.02,7.27,1.12,99.00,1.89,2.58,1.23,2.19,9.80,9.00,13.41,12.79,11.48,11.88,10.56,11.90,11.25,12.21,11.95,13.08,13.01,8.98,5.86,8.37],
  [6.83,14.13,7.39,18.27,28.35,5.30,20.03,17.62,14.81,18.57,8.50,5.87,8.68,7.81,7.86,9.43,6.69,6.93,8.08,23.42,27.36,23.99,21.96,25.04,21.67,33.28,30.02,21.83,20.06,18.54,18.17,22.02,23.27,20.85,20.00,22.26,19.46,22.05,20.61,21.18,21.38,21.91,20.70,19.26,20.85,19.23,19.13,9.99,8.31,7.52,10.73,7.44,9.12,9.30,7.18,10.80,9.13,10.27,9.73,9.45,10.93,9.72,7.79,8.80,2.43,1.89,99.00,3.80,1.55,3.33,10.29,9.37,14.64,13.90,12.64,12.72,11.83,13.08,12.43,13.44,12.68,14.26,14.23,10.87,7.69,10.25],
  [3.46,13.26,9.45,20.31,29.41,4.97,20.57,19.07,16.91,19.46,7.63,6.18,8.98,7.64,9.27,8.16,6.66,7.77,7.35,24.78,28.39,25.01,23.06,25.86,22.60,34.96,31.96,24.30,21.55,19.96,20.04,23.91,24.91,22.69,21.89,23.84,21.21,23.85,22.12,22.96,23.93,23.60,22.64,21.03,22.39,21.11,20.61,6.38,4.69,3.91,6.95,3.76,5.43,5.59,3.75,7.04,5.38,6.56,5.94,6.15,7.14,6.59,4.45,5.04,1.50,2.58,3.80,99.00,2.25,0.46,12.01,11.30,14.76,14.32,12.97,13.76,11.90,13.37,12.73,13.60,13.93,14.51,14.39,8.11,4.61,7.41],
  [5.42,13.72,8.13,19.10,28.79,4.75,20.23,18.19,15.64,18.91,8.01,5.77,8.67,7.58,8.31,8.80,6.48,7.11,7.63,23.97,27.79,24.40,22.40,25.38,22.04,33.98,30.82,22.84,20.66,19.10,18.92,22.79,23.94,21.59,20.77,22.90,20.17,22.78,21.22,21.90,22.43,22.60,21.49,19.97,21.47,19.99,19.72,8.51,6.83,6.04,9.19,5.93,7.61,7.79,5.75,9.27,7.60,8.76,8.18,8.08,9.39,8.41,6.40,7.27,1.00,1.23,1.55,2.25,99.00,1.78,10.92,10.09,14.63,14.01,12.70,13.09,11.78,13.13,12.48,13.44,13.14,14.30,14.24,9.70,6.38,9.05],
  [3.84,13.33,9.15,20.06,29.28,4.83,20.49,18.88,16.64,19.34,7.67,6.04,8.88,7.58,9.04,8.25,6.57,7.60,7.36,24.61,28.26,24.88,22.92,25.76,22.48,34.76,31.72,24.00,21.36,19.78,19.81,23.67,24.70,22.46,21.66,23.64,20.99,23.62,21.93,22.74,23.62,23.39,22.40,20.81,22.19,20.87,20.42,6.82,5.13,4.34,7.41,4.20,5.88,6.04,4.15,7.50,5.84,7.02,6.40,6.54,7.61,6.95,4.84,5.51,1.08,2.19,3.33,0.46,1.78,99.00,11.77,11.03,14.72,14.24,12.89,13.60,11.86,13.30,12.66,13.55,13.75,14.45,14.34,8.43,4.95,7.73],
  [12.27,8.88,2.94,8.32,18.13,15.55,10.45,7.33,4.99,8.63,7.24,6.14,4.52,5.90,2.77,8.20,6.14,4.47,7.00,13.13,17.17,13.82,11.77,15.00,11.59,23.06,19.95,12.56,9.77,8.25,8.04,11.91,13.01,10.69,9.88,11.99,9.24,11.87,10.32,10.98,12.31,11.67,10.63,9.05,10.56,9.10,8.85,14.79,13.74,13.29,16.52,13.52,14.63,14.90,12.56,16.30,14.97,15.54,16.04,13.30,16.71,12.92,12.60,14.86,10.83,9.80,10.29,12.01,10.92,11.77,99.00,1.05,6.62,5.39,4.87,3.17,5.21,5.22,4.83,5.75,2.73,6.04,6.26,12.43,11.90,12.35],
  [11.81,9.48,1.98,9.03,19.13,14.66,11.50,8.29,5.61,9.67,7.18,5.66,4.54,5.75,2.29,8.23,5.80,4.05,6.88,14.09,18.17,14.84,12.77,16.03,12.62,23.92,20.74,13.08,10.70,9.22,8.84,12.71,13.90,11.51,10.68,12.89,10.10,12.70,11.25,11.82,12.78,12.54,11.40,9.90,11.48,9.90,9.79,14.47,13.33,12.83,16.13,13.04,14.24,14.50,12.11,15.94,14.55,15.19,15.60,13.02,16.33,12.70,12.21,14.42,10.06,9.00,9.37,11.30,10.09,11.03,1.05,99.00,7.51,6.31,5.66,4.19,5.83,6.05,5.59,6.57,3.78,6.94,7.13,12.36,11.54,12.23],
  [13.37,3.87,8.69,10.03,15.12,19.34,5.94,6.93,8.43,5.51,7.32,8.87,5.98,7.14,7.33,7.34,8.19,7.73,7.50,11.32,14.10,10.83,9.16,11.37,8.42,21.68,19.49,14.81,8.91,7.45,9.13,12.13,12.19,10.99,10.56,11.07,9.48,11.77,9.41,10.98,14.91,11.21,11.32,9.48,9.74,9.89,8.10,14.67,14.32,14.22,16.60,14.56,15.00,15.24,13.51,16.24,15.46,15.52,16.57,13.04,16.75,12.40,13.19,15.50,14.12,13.41,14.64,14.76,14.63,14.72,6.62,7.51,99.00,1.28,2.05,3.68,2.87,1.60,2.23,1.20,4.44,0.59,0.41,11.01,12.42,11.33],
  [13.22,4.76,7.61,9.10,15.22,18.76,6.25,6.20,7.26,5.34,7.14,8.27,5.37,6.70,6.35,7.37,7.67,6.97,7.24,11.07,14.20,10.86,9.04,11.57,8.42,21.47,19.09,13.90,8.38,6.84,8.27,11.50,11.76,10.31,9.81,10.63,8.77,11.18,8.92,10.36,13.95,10.69,10.59,8.73,9.24,9.10,7.51,14.78,14.28,14.12,16.70,14.44,15.02,15.27,13.39,16.36,15.46,15.62,16.58,13.15,16.86,12.54,13.14,15.48,13.57,12.79,13.90,14.32,14.01,14.24,5.39,6.31,1.28,99.00,1.36,2.40,2.57,1.03,1.60,1.13,3.17,0.69,1.02,11.31,12.36,11.56],
  [11.87,4.28,6.68,9.94,16.58,17.44,7.60,7.29,7.71,6.68,5.79,6.94,4.04,5.34,5.29,6.09,6.32,5.72,5.88,12.37,15.56,12.21,10.38,12.94,9.77,22.77,20.30,14.73,9.57,7.99,9.19,12.60,12.97,11.39,10.83,11.85,9.83,12.32,10.11,11.47,14.72,11.86,11.61,9.77,10.43,10.08,8.67,13.50,12.96,12.78,15.41,13.09,13.71,13.96,12.05,15.08,14.14,14.34,15.26,11.87,15.57,11.28,11.81,14.15,12.24,11.48,12.64,12.97,12.70,12.89,4.87,5.66,2.05,1.36,99.00,2.50,1.26,0.45,0.24,0.93,3.29,1.62,1.64,10.13,11.03,10.34],
  [13.24,6.76,5.79,7.66,15.71,17.83,7.44,5.45,5.21,5.85,7.38,7.58,4.95,6.48,4.88,7.97,7.21,6.02,7.33,11.03,14.70,11.32,9.33,12.32,8.96,21.32,18.57,12.40,7.90,6.29,7.01,10.65,11.32,9.42,8.76,10.22,7.86,10.46,8.47,9.58,12.34,10.09,9.55,7.75,8.76,7.99,6.96,15.26,14.51,14.22,17.12,14.50,15.33,15.59,13.47,16.83,15.73,16.07,16.84,13.65,17.29,13.14,13.34,15.69,12.80,11.88,12.72,13.76,13.09,13.60,3.17,4.19,3.68,2.40,2.50,99.00,3.50,2.66,2.61,3.13,0.80,3.09,3.39,12.19,12.58,12.31],
  [10.66,3.67,6.49,11.10,17.77,16.48,8.71,8.53,8.68,7.91,4.57,6.02,3.16,4.27,4.95,4.83,5.32,4.99,4.70,13.62,16.75,13.42,11.61,14.09,10.98,24.02,21.57,15.87,10.83,9.25,10.38,13.84,14.24,12.63,12.05,13.11,11.06,13.57,11.37,12.72,15.83,13.11,12.84,10.99,11.69,11.30,9.93,12.24,11.72,11.55,14.15,11.88,12.46,12.71,10.83,13.82,12.90,13.08,14.02,10.61,14.31,10.02,10.57,12.91,11.25,10.56,11.83,11.90,11.78,11.86,5.21,5.83,2.87,2.57,1.26,3.50,99.00,1.54,1.04,1.69,4.23,2.62,2.49,8.88,9.79,9.08],
  [12.20,4.12,7.12,9.91,16.24,17.86,7.21,7.14,7.81,6.37,6.11,7.37,4.47,5.73,5.74,6.34,6.73,6.16,6.23,12.10,15.21,11.88,10.07,12.57,9.44,22.50,20.09,14.70,9.37,7.82,9.12,12.45,12.76,11.25,10.72,11.63,9.70,12.15,9.91,11.32,14.72,11.67,11.50,9.65,10.23,9.99,8.49,13.75,13.25,13.09,15.67,13.42,13.99,14.24,12.37,15.34,14.43,14.59,15.55,12.12,15.83,11.52,12.11,14.45,12.65,11.90,13.08,13.37,13.13,13.30,5.22,6.05,1.60,1.03,0.45,2.66,1.54,99.00,0.65,0.53,3.46,1.18,1.19,10.31,11.33,10.55],
  [11.63,4.21,6.55,10.12,16.82,17.21,7.84,7.50,7.83,6.92,5.55,6.72,3.81,5.10,5.13,5.86,6.09,5.51,5.64,12.60,15.80,12.45,10.62,13.18,10.02,23.00,20.53,14.90,9.79,8.21,9.38,12.81,13.20,11.60,11.03,12.07,10.03,12.53,10.34,11.69,14.88,12.08,11.82,9.97,10.65,10.28,8.89,13.27,12.72,12.54,15.17,12.85,13.47,13.72,11.81,14.85,13.90,14.10,15.03,11.64,15.34,11.05,11.57,13.91,12.01,11.25,12.43,12.73,12.48,12.66,4.83,5.59,2.23,1.60,0.24,2.61,1.04,0.65,99.00,1.06,3.39,1.83,1.82,9.91,10.79,10.11],
  [12.31,3.71,7.61,10.21,16.13,18.15,7.02,7.34,8.23,6.35,6.23,7.67,4.78,5.97,6.20,6.36,7.00,6.54,6.38,12.13,15.11,11.80,10.05,12.43,9.37,22.52,20.19,15.01,9.50,7.97,9.39,12.63,12.86,11.45,10.95,11.73,9.90,12.31,10.03,11.49,15.05,11.81,11.72,9.87,10.35,10.23,8.64,13.75,13.31,13.18,15.67,13.51,14.02,14.27,12.46,15.33,14.47,14.59,15.59,12.11,15.82,11.49,12.17,14.50,12.93,12.21,13.44,13.60,13.44,13.55,5.75,6.57,1.20,1.13,0.93,3.13,1.69,0.53,1.06,99.00,3.93,0.94,0.80,10.21,11.39,10.48],
  [13.61,7.56,5.54,7.07,15.67,17.85,7.73,5.15,4.46,5.96,7.87,7.78,5.32,6.86,4.84,8.54,7.50,6.16,7.78,10.86,14.68,11.31,9.28,12.40,9.00,21.05,18.20,11.75,7.63,6.03,6.49,10.22,11.01,8.98,8.28,9.93,7.44,10.07,8.19,9.18,11.67,9.74,9.07,7.31,8.47,7.50,6.68,15.74,14.92,14.60,17.58,14.87,15.76,16.02,13.85,17.30,16.15,16.54,17.26,14.15,17.76,13.66,13.76,16.10,12.91,11.95,12.68,13.93,13.14,13.75,2.73,3.78,4.44,3.17,3.29,0.80,4.23,3.46,3.39,3.93,99.00,3.86,4.17,12.79,13.00,12.88],
  [13.25,4.23,8.16,9.62,15.19,19.03,6.09,6.61,7.91,5.43,7.17,8.54,5.64,6.88,6.84,7.29,7.89,7.33,7.32,11.23,14.17,10.86,9.13,11.49,8.43,21.61,19.34,14.42,8.69,7.19,8.75,11.86,12.01,10.70,10.24,10.89,9.17,11.52,9.20,10.72,14.49,10.99,11.01,9.15,9.52,9.54,7.84,14.67,14.25,14.12,16.59,14.45,14.96,15.20,13.40,16.25,15.41,15.51,16.52,13.03,16.75,12.41,13.11,15.44,13.82,13.08,14.26,14.51,14.30,14.45,6.04,6.94,0.59,0.69,1.62,3.09,2.62,1.18,1.83,0.94,3.86,99.00,0.37,11.09,12.33,11.38],
  [13.05,3.85,8.29,9.99,15.42,18.95,6.26,6.97,8.27,5.72,6.98,8.47,5.58,6.76,6.92,7.05,7.80,7.32,7.15,11.52,14.39,11.10,9.40,11.69,8.68,21.90,19.66,14.79,9.02,7.54,9.12,12.21,12.34,11.05,10.60,11.21,9.53,11.87,9.53,11.07,14.86,11.33,11.37,9.52,9.86,9.91,8.19,14.41,14.02,13.91,16.33,14.24,14.71,14.96,13.20,15.98,15.17,15.25,16.28,12.77,16.49,12.14,12.89,15.21,13.73,13.01,14.23,14.39,14.24,14.34,6.26,7.13,0.41,1.02,1.64,3.39,2.49,1.19,1.82,0.80,4.17,0.37,99.00,10.79,12.11,11.10],
  [4.80,7.77,11.46,19.85,25.99,12.88,16.75,17.41,17.06,16.51,5.19,7.40,7.90,6.62,10.16,4.28,6.83,8.54,5.48,22.32,24.97,21.79,20.17,22.17,19.40,32.69,30.40,24.54,19.68,18.12,19.20,22.72,23.07,21.50,20.91,21.94,19.94,22.45,20.22,21.60,24.42,21.98,21.70,19.86,20.54,20.15,18.79,4.04,4.54,4.97,5.90,5.33,4.78,4.95,4.63,5.49,5.27,4.85,6.23,2.65,6.01,1.92,3.94,5.48,8.72,8.98,10.87,8.11,9.70,8.43,12.43,12.36,11.01,11.31,10.13,12.19,8.88,10.31,9.91,10.21,12.79,11.09,10.79,99.00,3.53,0.73],
  [1.30,9.95,10.16,19.98,27.53,9.35,18.35,18.02,16.84,17.70,5.25,5.93,7.69,6.15,9.25,5.08,5.76,7.49,5.25,23.38,26.50,23.19,21.40,23.79,20.76,33.77,31.15,24.43,20.44,18.83,19.48,23.22,23.86,21.98,21.29,22.75,20.42,23.04,21.00,22.16,24.20,22.66,22.07,20.31,21.30,20.50,19.51,2.96,1.94,1.84,4.62,2.20,2.76,3.02,1.23,4.40,3.15,3.65,4.27,1.82,4.81,2.03,0.78,3.13,5.38,5.86,7.69,4.61,6.38,4.95,11.90,11.54,12.42,12.36,11.03,12.58,9.79,11.33,10.79,11.39,13.00,12.33,12.11,3.53,99.00,2.81],
  [4.08,8.24,11.22,19.95,26.38,12.15,17.14,17.60,17.07,16.81,5.12,7.09,7.85,6.48,9.99,4.34,6.58,8.32,5.36,22.61,25.36,22.15,20.49,22.57,19.74,32.99,30.64,24.59,19.91,18.33,19.32,22.89,23.30,21.67,21.06,22.18,20.10,22.64,20.45,21.79,24.45,22.19,21.85,20.02,20.76,20.29,19.01,3.48,3.85,4.25,5.38,4.61,4.14,4.32,3.91,4.99,4.62,4.31,5.62,1.99,5.51,1.25,3.21,4.82,8.06,8.37,10.25,7.41,9.05,7.73,12.35,12.23,11.33,11.56,10.34,12.31,9.08,10.55,10.11,10.48,12.88,11.38,11.10,0.73,2.81,99.00]
];
