// Chosen Depots: [1, 2, 3, 4, 5, 6]
// Chosen Demand Points (Original DP No): [2, 3, 4, 8, 9, 11, 12, 17, 18, 19, 21, 22, 23, 24, 25, 29, 30, 31, 32, 35, 36, 37, 41, 42, 43, 44, 46, 49, 52, 53, 54, 55, 57, 60, 61, 62, 63, 65, 68, 70, 71, 72, 73, 75, 76, 78, 80, 81, 82, 84, 87, 90, 91, 92, 94, 98, 99, 101, 104, 106, 109, 111, 112, 113, 116, 117, 119, 121, 122, 124, 125, 126, 127, 128, 129, 131, 132, 133, 136, 137, 138, 139, 140, 142, 144, 145, 146, 150, 151, 153, 156, 159, 160, 162, 163, 164, 166, 167, 168, 171]
// Original Weights: [9, 9, 6, 4, 8, 5, 6, 5, 4, 5, 6, 6, 6, 5, 5, 5, 5, 6, 6, 10, 9, 9, 6, 7, 7, 7, 6, 8, 6, 5, 4, 5, 5, 5, 7, 4, 5, 7, 7, 6, 7, 7, 6, 2, 5, 5, 5, 7, 6, 6, 7, 6, 6, 5, 6, 6, 6, 7, 7, 7, 7, 7, 7, 7, 7, 7, 8, 6, 8, 3, 2, 3, 3, 2, 2, 2, 4, 4, 2, 3, 3, 4, 4, 8, 8, 7, 8, 7, 8, 8, 7, 7, 6, 8, 8, 9, 6, 9, 5, 8]

|W| = 6;
|D| = 100;
V = 54;
C = 3;
|K| = 3;
M = 100;
S = 0.25;
|TR| = 15;
δmax = 18.3;
Runtime = 50;

// Priority weights for selected demand points
pj = [
  9, 9, 6, 4, 8, 5, 6, 5, 4, 5, 6, 6, 6, 5, 5, 5, 5, 6, 6, 10, 9, 9, 6, 7, 7, 7, 6, 8, 6, 5, 4, 5, 5, 5, 7, 4, 5, 7, 7, 6, 7, 7, 6, 2, 5, 5, 5, 7, 6, 6, 7, 6, 6, 5, 6, 6, 6, 7, 7, 7, 7, 7, 7, 7, 7, 7, 8, 6, 8, 3, 2, 3, 3, 2, 2, 2, 4, 4, 2, 3, 3, 4, 4, 8, 8, 7, 8, 7, 8, 8, 7, 7, 6, 8, 8, 9, 6, 9, 5, 8
];

δij =
[
  [99.00,99.00,99.00,99.00,99.00,99.00,19.21,17.00,18.70,17.26,18.55,9.24,9.16,6.15,8.48,8.42,8.30,6.76,7.04,6.93,7.21,6.88,7.81,6.00,19.04,27.41,27.83,24.08,28.07,27.47,27.53,33.34,31.29,33.29,19.53,20.04,21.94,23.83,19.52,21.87,23.45,20.86,21.04,21.85,19.81,21.71,19.47,23.28,22.79,25.41,22.19,22.64,20.91,20.18,22.00,22.32,3.22,2.02,1.03,1.44,1.70,2.57,1.26,2.39,2.81,2.46,3.63,2.79,3.68,3.80,2.70,3.26,3.14,0.99,3.86,4.44,6.34,5.05,5.09,7.10,6.83,5.42,3.51,3.51,5.95,3.84,3.89,12.27,11.81,11.71,13.22,11.87,11.96,13.09,10.58,11.66,12.20,10.82,13.61,13.05,4.12,4.80,1.30,5.18,1.47,4.08],
  [99.00,99.00,99.00,99.00,99.00,99.00,8.93,6.60,10.80,11.93,9.19,6.43,6.12,8.33,9.26,6.83,5.99,6.36,6.19,8.35,6.74,8.14,7.88,6.09,11.43,17.27,17.89,14.17,19.41,18.64,18.77,24.20,22.83,23.93,11.32,12.98,15.55,15.99,12.63,14.43,14.85,14.68,13.35,13.08,10.80,13.23,10.51,14.62,14.84,19.18,14.39,15.19,13.35,11.14,13.56,14.27,11.71,12.16,11.79,12.55,12.58,13.06,12.15,11.24,12.45,12.14,13.40,12.72,12.55,13.79,10.14,12.79,9.42,10.69,9.10,12.99,13.15,13.43,12.55,13.25,14.13,13.72,12.30,12.30,13.42,13.33,13.59,8.88,9.48,2.64,4.76,4.28,3.06,5.00,3.07,3.44,4.12,4.28,7.56,3.85,7.83,7.77,9.95,7.40,10.35,8.24],
  [99.00,99.00,99.00,99.00,99.00,99.00,13.22,11.78,10.26,7.52,11.50,3.53,3.84,4.25,1.80,3.36,4.22,4.96,4.86,3.48,4.22,3.61,2.93,6.07,10.31,20.10,20.23,16.76,19.18,18.75,18.74,24.59,22.12,24.73,11.18,10.81,12.19,14.67,10.25,12.64,14.88,11.10,12.08,13.61,12.12,13.23,11.81,14.77,13.80,15.43,13.16,13.36,11.87,12.46,13.46,13.45,13.12,12.28,11.29,11.22,11.85,12.81,11.47,12.25,13.03,12.66,13.90,13.05,13.79,14.06,11.77,13.49,11.53,10.77,11.88,8.16,6.62,8.11,7.08,6.09,7.39,8.13,8.25,8.25,7.28,9.15,9.46,2.94,1.98,8.06,7.61,6.68,7.89,7.23,7.01,7.29,7.12,5.98,5.54,8.29,10.78,11.46,10.16,11.45,8.80,11.22],
  [99.00,99.00,99.00,99.00,99.00,99.00,8.59,9.40,3.42,3.46,6.34,11.29,11.41,14.42,12.48,12.06,12.30,13.83,13.57,13.68,13.29,13.69,12.74,14.81,2.69,10.97,10.69,8.28,8.38,8.10,8.03,13.76,11.16,14.02,3.53,1.05,1.71,3.82,1.22,1.90,4.79,1.08,2.10,4.55,5.15,3.85,5.14,4.82,3.24,5.35,2.66,2.47,1.82,5.17,3.85,3.17,22.77,22.35,21.49,21.66,22.17,23.04,21.74,21.99,23.00,22.62,23.95,23.11,23.56,24.20,21.20,23.45,20.72,20.71,20.79,19.09,17.56,19.07,18.03,16.97,18.27,19.10,19.10,19.10,18.24,20.06,20.36,8.32,9.03,11.29,9.10,9.94,10.86,8.91,11.56,10.66,9.91,10.61,7.07,9.99,19.46,19.85,19.98,19.65,19.07,19.95],
  [99.00,99.00,99.00,99.00,99.00,99.00,9.37,11.70,10.87,14.60,9.95,19.75,19.71,23.24,22.10,20.66,20.44,21.87,21.59,22.68,21.64,22.60,21.72,22.46,10.98,1.03,1.11,4.40,5.98,5.32,5.59,7.22,7.99,6.52,9.96,11.21,11.89,8.51,11.69,9.91,6.95,12.45,9.78,7.62,8.98,8.17,9.30,6.92,8.57,12.41,9.10,9.64,10.05,8.63,8.04,8.57,29.77,29.92,29.31,29.83,30.09,30.77,29.64,29.18,30.36,30.01,31.34,30.58,30.62,31.69,28.15,30.75,27.49,28.30,27.26,28.50,27.49,28.66,27.59,27.08,28.35,28.79,28.21,28.21,28.07,29.28,29.58,18.13,19.13,16.83,15.22,16.58,16.53,15.37,17.87,16.78,16.24,17.65,15.67,15.42,25.93,25.99,27.53,25.64,27.27,26.38],
  [99.00,99.00,99.00,99.00,99.00,99.00,24.93,22.99,22.86,20.10,23.66,13.89,13.99,10.49,11.44,12.99,13.40,12.23,12.49,10.93,12.22,11.04,11.86,12.13,22.96,32.52,32.74,29.14,31.85,31.43,31.42,37.25,34.73,37.41,23.78,23.47,24.66,27.32,22.91,25.30,27.54,23.59,24.75,26.21,24.54,25.87,24.22,27.42,26.47,27.59,25.83,25.99,24.55,24.91,26.11,26.12,10.29,8.70,8.11,7.06,7.66,8.16,7.82,9.81,9.24,9.17,9.20,8.93,10.13,8.91,10.60,9.42,11.17,8.99,11.89,5.23,6.07,4.93,5.97,6.60,5.30,4.75,5.85,5.85,5.45,4.83,4.60,15.55,14.66,17.92,18.76,17.44,18.03,18.49,16.65,17.56,17.86,16.37,17.85,18.95,12.17,12.88,9.35,13.25,8.10,12.15],
  [19.21,8.93,13.22,8.59,9.37,24.93,99.00,2.33,5.36,9.20,2.38,11.06,10.94,14.45,13.80,11.94,11.56,12.87,12.59,14.01,12.75,13.89,13.10,13.32,6.04,8.35,8.96,5.27,11.02,10.17,10.36,15.41,14.42,15.07,5.06,7.55,10.02,8.72,7.60,8.00,6.95,9.67,6.94,5.32,3.51,5.82,3.46,6.69,7.68,13.01,7.52,8.53,7.12,3.62,6.10,7.13,20.41,20.62,20.06,20.63,20.85,21.48,20.40,19.85,21.03,20.69,22.01,21.26,21.26,22.37,18.79,21.41,18.13,19.02,17.89,19.76,19.07,20.00,18.96,18.80,20.00,20.18,19.34,19.34,19.58,20.43,20.72,10.47,11.52,7.52,6.19,7.53,7.25,6.44,8.64,7.58,7.14,8.62,7.74,6.17,16.57,16.62,18.25,16.27,18.13,17.01],
  [17.00,6.60,11.78,9.40,11.70,22.99,2.33,99.00,5.98,9.14,3.26,9.23,9.07,12.50,12.12,10.08,9.60,10.82,10.55,12.13,10.78,11.99,11.27,11.18,6.72,10.68,11.29,7.58,13.13,12.30,12.47,17.68,16.55,17.37,6.04,8.37,11.00,10.34,8.26,9.26,8.80,10.44,8.13,7.06,4.89,7.41,4.69,8.55,9.23,14.31,8.94,9.90,8.24,5.14,7.72,8.65,18.11,18.35,17.82,18.43,18.62,19.23,18.17,17.56,18.75,18.41,19.72,18.98,18.96,20.08,16.50,19.12,15.82,16.77,15.57,17.78,17.24,18.06,17.04,17.05,18.20,18.27,17.31,17.31,17.71,18.40,18.69,9.24,10.26,5.29,4.31,5.57,5.07,4.63,6.48,5.47,5.14,6.62,6.57,4.06,14.26,14.29,16.00,13.94,15.97,14.70],
  [18.70,10.80,10.26,3.42,10.87,22.86,5.36,5.98,99.00,4.14,3.01,9.52,9.56,12.93,11.44,10.39,10.40,11.94,11.66,12.28,11.53,12.24,11.30,12.78,0.74,9.94,9.99,6.69,9.37,8.79,8.83,14.67,12.63,14.69,0.92,2.39,5.05,5.31,2.29,3.64,4.78,4.46,2.56,3.35,2.30,3.05,2.13,4.63,4.19,8.52,3.66,4.40,2.55,2.53,3.32,3.67,20.66,20.44,19.67,19.99,20.40,21.21,19.95,19.93,21.02,20.65,22.00,21.17,21.48,22.29,19.04,21.45,18.49,18.79,18.47,18.01,16.79,18.10,17.03,16.33,17.62,18.19,17.85,17.85,17.41,18.88,19.19,7.33,8.29,8.37,6.20,7.29,7.96,6.11,8.89,7.88,7.14,8.15,5.15,6.97,17.11,17.41,18.02,17.16,17.38,17.60],
  [17.26,11.93,7.52,3.46,14.60,20.10,9.20,9.14,4.14,99.00,6.85,8.21,8.38,11.13,9.08,8.90,9.26,10.74,10.50,10.37,10.15,10.40,9.46,11.79,3.75,13.73,13.62,10.66,11.80,11.47,11.42,17.20,14.62,17.42,4.91,3.50,4.71,7.25,2.97,5.24,7.84,3.62,4.92,7.00,6.44,6.43,6.26,7.79,6.51,8.17,5.87,5.91,4.66,6.66,6.58,6.26,19.70,19.17,18.27,18.38,18.92,19.83,18.50,18.89,19.85,19.47,20.79,19.94,20.47,21.02,18.17,20.31,17.75,17.56,17.88,15.66,14.10,15.62,14.59,13.51,14.81,15.64,15.70,15.70,14.78,16.64,16.95,4.99,5.61,9.29,7.26,7.71,8.87,6.96,9.23,8.52,7.81,8.11,4.46,8.27,16.58,17.06,16.84,16.90,15.82,17.07],
  [18.55,9.19,11.50,6.34,9.95,23.66,2.38,3.26,3.01,6.85,99.00,9.82,9.76,13.30,12.31,10.72,10.49,11.93,11.64,12.77,11.69,12.67,11.81,12.55,3.71,8.93,9.29,5.56,10.22,9.45,9.58,15.11,13.64,14.92,2.85,5.29,7.85,7.11,5.28,6.01,5.70,7.40,4.89,3.92,1.66,4.19,1.43,5.46,5.98,11.07,5.68,6.64,5.02,1.97,4.51,5.40,20.09,20.11,19.45,19.92,20.22,20.94,19.77,19.45,20.60,20.24,21.58,20.80,20.94,21.92,18.46,21.01,17.84,18.48,17.70,18.58,17.67,18.76,17.70,17.33,18.57,18.91,18.26,18.26,18.23,19.34,19.64,8.63,9.67,7.19,5.34,6.68,6.83,5.45,8.08,6.98,6.37,7.73,5.96,5.72,16.34,16.51,17.70,16.20,17.35,16.81],
  [9.24,6.43,3.53,11.29,19.75,13.89,11.06,9.23,9.52,8.21,9.82,99.00,0.32,3.49,3.04,0.90,1.07,2.55,2.29,2.96,2.03,2.86,2.05,3.59,9.82,18.74,19.04,15.36,18.87,18.30,18.35,24.19,22.07,24.19,10.38,10.81,12.81,14.59,10.29,12.63,14.29,11.74,11.81,12.76,10.85,12.55,10.52,14.13,13.56,16.36,12.95,13.41,11.68,11.23,12.84,13.10,11.51,11.07,10.23,10.49,10.94,11.78,10.50,10.71,11.71,11.33,12.67,11.83,12.29,12.92,9.96,12.16,9.54,9.43,9.70,8.76,8.02,8.97,7.91,7.82,8.97,9.13,8.46,8.46,8.52,9.52,9.83,3.46,3.55,4.74,4.93,3.70,4.66,4.63,3.58,4.08,4.14,2.74,4.38,5.32,8.43,8.97,8.69,8.86,7.88,8.92],
  [9.16,6.12,3.84,11.41,19.71,13.99,10.94,9.07,9.56,8.38,9.76,0.32,99.00,3.54,3.29,1.01,0.89,2.42,2.15,3.07,1.98,2.95,2.20,3.41,9.88,18.69,19.00,15.31,18.92,18.34,18.39,24.22,22.14,24.21,10.41,10.91,12.95,14.67,10.40,12.72,14.33,11.89,11.89,12.77,10.83,12.58,10.50,14.16,13.63,16.52,13.03,13.51,11.76,11.21,12.87,13.17,11.36,10.97,10.15,10.43,10.86,11.69,10.42,10.58,11.60,11.21,12.56,11.71,12.15,12.82,9.80,12.04,9.37,9.32,9.51,8.84,8.17,9.06,8.02,8.00,9.13,9.24,8.50,8.50,8.65,9.58,9.88,3.70,3.84,4.48,4.78,3.52,4.42,4.51,3.30,3.85,3.96,2.53,4.45,5.12,8.22,8.74,8.57,8.62,7.82,8.71],
  [6.15,8.33,4.25,14.42,23.24,10.49,14.45,12.50,12.93,11.13,13.30,3.49,3.54,99.00,2.47,2.58,2.90,1.97,2.15,0.79,1.74,0.73,1.68,2.56,13.18,22.23,22.52,18.84,22.25,21.71,21.74,27.59,25.38,27.62,13.81,14.05,15.84,17.89,13.51,15.89,17.71,14.74,15.14,16.21,14.34,15.98,14.01,17.56,16.90,19.27,16.28,16.66,14.99,14.71,16.25,16.46,8.88,8.12,7.18,7.25,7.80,8.72,7.39,8.02,8.85,8.47,9.75,8.90,9.57,9.94,7.52,9.31,7.30,6.57,7.68,5.31,4.90,5.56,4.54,4.93,5.87,5.77,4.97,4.97,5.27,6.04,6.34,6.14,5.66,7.53,8.27,6.94,7.60,8.02,6.25,7.09,7.37,5.88,7.78,8.47,6.67,7.40,5.93,7.46,4.70,7.09],
  [8.48,9.26,1.80,12.48,22.10,11.44,13.80,12.12,11.44,9.08,12.31,3.04,3.29,2.47,99.00,2.43,3.27,3.52,3.50,1.73,2.83,1.89,1.47,4.55,11.58,21.11,21.30,17.73,20.57,20.10,20.10,25.96,23.59,26.06,12.35,12.24,13.79,16.11,11.68,14.08,16.16,12.70,13.44,14.78,13.11,14.46,12.79,16.03,15.18,17.11,14.55,14.82,13.25,13.48,14.72,14.80,11.32,10.49,9.50,9.45,10.07,11.02,9.68,10.46,11.24,10.86,12.11,11.26,11.99,12.27,9.99,11.70,9.78,8.98,10.15,6.63,5.39,6.67,5.61,5.02,6.27,6.75,6.62,6.62,5.99,7.58,7.88,4.20,3.47,7.77,7.83,6.68,7.70,7.49,6.58,7.11,7.13,5.77,6.42,8.32,9.10,9.80,8.37,9.82,7.01,9.52],
  [8.42,6.83,3.36,12.06,20.66,12.99,11.94,10.08,10.39,8.90,10.72,0.90,1.01,2.58,2.43,99.00,0.87,1.89,1.69,2.07,1.24,1.96,1.20,3.02,10.67,19.65,19.94,16.26,19.73,19.17,19.21,25.06,22.91,25.07,11.26,11.62,13.55,15.42,11.10,13.45,15.17,12.48,12.66,13.64,11.75,13.43,11.42,15.01,14.41,17.07,13.80,14.23,12.51,12.13,13.71,13.96,10.80,10.29,9.43,9.65,10.12,10.98,9.68,9.99,10.96,10.57,11.90,11.05,11.57,12.14,9.29,11.41,8.91,8.66,9.12,7.86,7.17,8.07,7.02,7.00,8.12,8.24,7.55,7.55,7.64,8.62,8.93,4.01,3.87,5.41,5.79,4.52,5.38,5.51,4.18,4.82,4.96,3.51,5.25,6.12,7.90,8.49,7.94,8.41,7.04,8.37],
  [8.30,5.99,4.22,12.30,20.44,13.40,11.56,9.60,10.40,9.26,10.49,1.07,0.89,2.90,3.27,0.87,99.00,1.54,1.27,2.59,1.20,2.42,1.91,2.53,10.74,19.43,19.76,16.05,19.78,19.18,19.24,25.06,23.00,25.04,11.25,11.79,13.84,15.54,11.28,13.60,15.17,12.78,12.76,13.59,11.62,13.42,11.29,15.00,14.50,17.41,13.90,14.39,12.63,12.00,13.71,14.03,10.47,10.09,9.28,9.59,10.00,10.82,9.55,9.69,10.71,10.33,11.67,10.83,11.26,11.94,8.92,11.15,8.48,8.44,8.64,8.20,7.71,8.46,7.44,7.62,8.68,8.67,7.80,7.80,8.14,8.88,9.18,4.52,4.54,4.73,5.37,4.04,4.75,5.14,3.46,4.22,4.47,2.98,5.32,5.58,7.36,7.90,7.69,7.80,6.98,7.85],
  [6.76,6.36,4.96,13.83,21.87,12.23,12.87,10.82,11.94,10.74,11.93,2.55,2.42,1.97,3.52,1.89,1.54,99.00,0.29,2.10,0.74,1.89,2.07,1.14,12.28,20.85,21.22,17.49,21.31,20.71,20.77,26.59,24.54,26.55,12.77,13.33,15.36,17.08,12.82,15.14,16.70,14.29,14.30,15.11,13.11,14.95,12.77,16.52,16.04,18.91,15.44,15.92,14.17,13.48,15.24,15.57,8.96,8.55,7.74,8.07,8.46,9.28,8.02,8.17,9.18,8.79,10.14,9.29,9.74,10.40,7.43,9.62,7.03,6.90,7.23,7.00,6.84,7.33,6.37,6.90,7.81,7.58,6.50,6.50,7.16,7.58,7.87,5.90,5.75,5.69,6.70,5.34,5.80,6.51,4.42,5.35,5.73,4.26,6.86,6.76,6.01,6.62,6.15,6.56,5.46,6.48],
  [7.04,6.19,4.86,13.57,21.59,12.49,12.59,10.55,11.66,10.50,11.64,2.29,2.15,2.15,3.50,1.69,1.27,0.29,99.00,2.19,0.67,1.98,2.03,1.33,12.00,20.57,20.93,17.20,21.03,20.43,20.48,26.30,24.26,26.27,12.49,13.06,15.10,16.81,12.55,14.87,16.41,14.03,14.02,14.82,12.82,14.67,12.49,16.24,15.76,18.66,15.16,15.65,13.89,13.20,14.96,15.29,9.21,8.82,8.02,8.35,8.74,9.56,8.30,8.43,9.44,9.06,10.40,9.57,10.00,10.67,7.67,9.89,7.26,7.17,7.44,7.25,7.04,7.58,6.60,7.08,8.02,7.82,6.77,6.77,7.39,7.85,8.14,5.68,5.57,5.44,6.42,5.06,5.55,6.23,4.16,5.08,5.46,3.98,6.59,6.49,6.21,6.79,6.42,6.72,5.75,6.68],
  [6.93,8.35,3.48,13.68,22.68,10.93,14.01,12.13,12.28,10.37,12.77,2.96,3.07,0.79,1.73,2.07,2.59,2.10,2.19,99.00,1.61,0.22,0.98,2.97,12.51,21.68,21.95,18.29,21.57,21.04,21.07,26.93,24.68,26.97,13.17,13.33,15.08,17.18,12.79,15.18,17.05,13.99,14.45,15.58,13.75,15.33,13.42,16.91,16.20,18.50,15.58,15.94,14.29,14.12,15.60,15.78,9.66,8.91,7.96,8.01,8.57,9.50,8.16,8.81,9.64,9.26,10.53,9.68,10.36,10.73,8.29,10.10,8.06,7.35,8.42,5.82,5.13,6.01,4.95,5.03,6.10,6.18,5.57,5.57,5.58,6.62,6.93,5.39,4.88,7.31,7.85,6.56,7.33,7.58,6.04,6.80,7.00,5.53,7.14,8.14,7.37,8.08,6.71,8.11,5.48,7.79],
  [7.21,6.74,4.22,13.29,21.64,12.22,12.75,10.78,11.53,10.15,11.69,2.03,1.98,1.74,2.83,1.24,1.20,0.74,0.67,1.61,99.00,1.40,1.36,1.87,11.84,20.62,20.95,17.25,20.89,20.32,20.36,26.20,24.09,26.19,12.39,12.83,14.79,16.62,12.31,14.66,16.30,13.72,13.84,14.75,12.80,14.56,12.47,16.14,15.59,18.32,14.98,15.43,13.70,13.18,14.85,15.13,9.56,9.06,8.21,8.46,8.91,9.76,8.47,8.75,9.72,9.33,10.67,9.82,10.32,10.91,8.05,10.17,7.68,7.42,7.92,7.01,6.62,7.29,6.28,6.59,7.59,7.50,6.60,6.60,7.01,7.68,7.98,5.25,5.04,5.79,6.57,5.23,5.85,6.34,4.51,5.35,5.65,4.15,6.41,6.74,6.72,7.34,6.70,7.29,5.85,7.18],
  [6.88,8.14,3.61,13.69,22.60,11.04,13.89,11.99,12.24,10.40,12.67,2.86,2.95,0.73,1.89,1.96,2.42,1.89,1.98,0.22,1.40,99.00,0.96,2.76,12.48,21.59,21.87,18.21,21.54,21.01,21.04,26.89,24.67,26.93,13.12,13.33,15.11,17.17,12.79,15.17,17.01,14.02,14.43,15.53,13.68,15.28,13.35,16.86,16.18,18.54,15.56,15.94,14.27,14.05,15.56,15.76,9.56,8.84,7.90,7.98,8.53,9.45,8.11,8.71,9.56,9.18,10.46,9.61,10.27,10.66,8.17,10.02,7.92,7.27,8.27,5.90,5.29,6.11,5.07,5.21,6.26,6.29,5.63,5.63,5.72,6.68,6.99,5.41,4.94,7.14,7.72,6.42,7.17,7.45,5.86,6.64,6.86,5.38,7.09,7.99,7.21,7.91,6.61,7.94,5.43,7.64],
  [7.81,7.88,2.93,12.74,21.72,11.86,13.10,11.27,11.30,9.46,11.81,2.05,2.20,1.68,1.47,1.20,1.91,2.07,2.03,0.98,1.36,0.96,99.00,3.15,11.53,20.71,20.98,17.33,20.59,20.06,20.09,25.95,23.72,25.99,12.19,12.37,14.16,16.22,11.83,14.22,16.07,13.07,13.48,14.60,12.78,14.35,12.45,15.93,15.23,17.60,14.61,14.98,13.32,13.15,14.62,14.81,10.42,9.75,8.83,8.93,9.47,10.38,9.05,9.58,10.46,10.08,11.38,10.52,11.14,11.59,8.99,10.92,8.70,8.17,9.00,6.78,5.98,6.95,5.89,5.80,6.93,7.11,6.55,6.55,6.47,7.60,7.90,4.47,4.05,6.60,6.97,5.72,6.58,6.68,5.35,6.02,6.16,4.72,6.16,7.32,7.88,8.54,7.49,8.53,6.36,8.32],
  [6.00,6.09,6.07,14.81,22.46,12.13,13.32,11.18,12.78,11.79,12.55,3.59,3.41,2.56,4.55,3.02,2.53,1.14,1.33,2.97,1.87,2.76,3.15,99.00,13.16,21.44,21.84,18.09,22.14,21.52,21.58,27.37,25.40,27.31,13.59,14.27,16.36,17.98,13.77,16.06,17.50,15.31,15.19,15.88,13.81,15.76,13.48,17.32,16.92,19.94,16.33,16.85,15.07,14.19,16.06,16.43,7.96,7.67,6.93,7.37,7.68,8.45,7.23,7.19,8.25,7.87,9.22,8.40,8.76,9.51,6.39,8.69,5.95,6.01,6.12,6.93,7.12,7.34,6.46,7.31,8.08,7.63,6.29,6.29,7.35,7.36,7.63,7.00,6.88,5.92,7.24,5.88,6.11,7.10,4.70,5.74,6.23,4.83,7.78,7.15,4.88,5.48,5.25,5.42,4.82,5.36],
  [19.04,11.43,10.31,2.69,10.98,22.96,6.04,6.72,0.74,3.75,3.71,9.82,9.88,13.18,11.58,10.67,10.74,12.28,12.00,12.51,11.84,12.48,11.53,13.16,99.00,10.08,10.05,6.93,9.07,8.54,8.56,14.42,12.26,14.49,1.18,1.66,4.32,4.83,1.57,3.03,4.58,3.73,2.04,3.37,2.81,2.92,2.70,4.46,3.76,7.82,3.18,3.81,1.96,2.97,3.15,3.29,21.08,20.81,20.02,20.30,20.74,21.56,20.30,20.34,21.41,21.03,22.38,21.55,21.89,22.66,19.47,21.84,18.94,19.16,18.93,18.19,16.90,18.25,17.19,16.40,17.70,18.33,18.06,18.06,17.53,19.08,19.39,7.41,8.33,8.97,6.78,7.80,8.54,6.66,9.42,8.43,7.69,8.62,5.43,7.59,17.58,17.90,18.40,17.66,17.69,18.07],
  [27.41,17.27,20.10,10.97,1.03,32.52,8.35,10.68,9.94,13.73,8.93,18.74,18.69,22.23,21.11,19.65,19.43,20.85,20.57,21.68,20.62,21.59,20.71,21.44,10.08,99.00,1.04,3.39,5.93,5.17,5.45,7.91,8.32,7.29,9.03,10.39,11.23,7.91,10.86,9.17,6.21,11.73,8.97,6.73,8.00,7.31,8.31,6.15,7.87,12.02,8.36,8.97,9.25,7.64,7.20,7.82,28.75,28.89,28.29,28.80,29.07,29.75,28.62,28.16,29.34,28.99,30.31,29.55,29.59,30.67,27.12,29.72,26.46,27.28,26.24,27.49,26.50,27.65,26.59,26.10,27.36,27.79,27.19,27.19,27.08,28.26,28.57,17.17,18.17,15.80,14.20,15.56,15.50,14.35,16.85,15.76,15.21,16.62,14.68,14.39,24.91,24.97,26.50,24.62,26.25,25.36],
  [27.83,17.89,20.23,10.69,1.11,32.74,8.96,11.29,9.99,13.62,9.29,19.04,19.00,22.52,21.30,19.94,19.76,21.22,20.93,21.95,20.95,21.87,20.98,21.84,10.05,1.04,99.00,3.77,4.98,4.27,4.55,6.94,7.27,6.37,9.06,10.20,10.80,7.41,10.69,8.84,5.90,11.38,8.76,6.68,8.20,7.19,8.53,5.88,7.50,11.31,8.04,8.55,9.03,7.84,7.04,7.52,29.27,29.36,28.73,29.21,29.50,30.20,29.05,28.66,29.83,29.47,30.81,30.04,30.11,31.15,27.64,30.22,26.99,27.74,26.79,27.76,26.69,27.90,26.83,26.26,27.54,28.02,27.49,27.49,27.29,28.56,28.86,17.29,18.27,16.31,14.61,15.96,15.99,14.74,17.31,16.21,15.64,17.02,14.89,14.87,25.45,25.54,26.96,25.20,26.64,25.91],
  [24.08,14.17,16.76,8.28,4.40,29.14,5.27,7.58,6.69,10.66,5.56,15.36,15.31,18.84,17.73,16.26,16.05,17.49,17.20,18.29,17.25,18.21,17.33,18.09,6.93,3.39,3.77,99.00,6.33,5.43,5.67,10.19,9.55,9.81,5.81,7.53,8.93,6.06,7.93,6.69,3.99,9.18,6.19,3.76,4.64,4.44,4.95,3.81,5.57,10.62,5.89,6.73,6.47,4.30,4.44,5.32,25.50,25.60,24.97,25.46,25.75,26.44,25.29,24.89,26.06,25.71,27.04,26.27,26.35,27.38,23.87,26.45,23.23,23.97,23.03,24.10,23.12,24.27,23.20,22.73,23.99,24.40,23.81,23.81,23.70,24.88,25.18,13.82,14.84,12.54,10.86,12.21,12.22,11.00,13.54,12.45,11.88,13.27,11.31,11.10,21.69,21.79,23.19,21.46,22.90,22.15],
  [28.07,19.41,19.18,8.38,5.98,31.85,11.02,13.13,9.37,11.80,10.22,18.87,18.92,22.25,20.57,19.73,19.78,21.31,21.03,21.57,20.89,21.54,20.59,22.14,9.07,5.93,4.98,6.33,99.00,0.90,0.67,5.40,3.42,5.64,8.55,8.38,7.73,4.56,8.94,6.57,4.65,8.64,7.13,6.38,8.63,6.39,8.94,4.86,5.39,6.93,6.03,5.91,7.32,8.28,6.09,5.79,29.98,29.81,29.04,29.36,29.77,30.58,29.33,29.27,30.38,30.00,31.35,30.53,30.81,31.65,28.35,30.80,27.78,28.15,27.71,27.20,25.81,27.23,26.18,25.25,26.55,27.29,27.11,27.11,26.46,28.12,28.43,16.37,17.21,17.32,15.28,16.50,16.93,15.28,18.05,16.98,16.28,17.44,14.49,15.84,26.35,26.59,27.38,26.30,26.74,26.83],
  [27.47,18.64,18.75,8.10,5.32,31.43,10.17,12.30,8.79,11.47,9.45,18.30,18.34,21.71,20.10,19.17,19.18,20.71,20.43,21.04,20.32,21.01,20.06,21.52,8.54,5.17,4.27,5.43,0.90,99.00,0.29,5.89,4.25,5.98,7.94,7.99,7.63,4.29,8.55,6.23,4.02,8.46,6.67,5.68,7.90,5.76,8.21,4.20,4.97,7.26,5.61,5.65,6.88,7.54,5.47,5.31,29.32,29.18,28.43,28.77,29.17,29.96,28.72,28.63,29.74,29.37,30.72,29.90,30.15,31.02,27.69,30.16,27.11,27.53,27.02,26.72,25.37,26.77,25.71,24.84,26.14,26.83,26.60,26.60,26.02,27.62,27.93,15.91,16.77,16.59,14.58,15.83,16.21,14.60,17.36,16.28,15.60,16.79,13.93,15.11,25.66,25.88,26.76,25.59,26.16,26.14],
  [27.53,18.77,18.74,8.03,5.59,31.42,10.36,12.47,8.83,11.42,9.58,18.35,18.39,21.74,20.10,19.21,19.24,20.77,20.48,21.07,20.36,21.04,20.09,21.58,8.56,5.45,4.55,5.67,0.67,0.29,99.00,5.86,4.08,6.01,8.00,7.96,7.50,4.21,8.52,6.18,4.08,8.36,6.67,5.77,8.01,5.83,8.32,4.27,4.94,7.03,5.59,5.57,6.87,7.66,5.53,5.30,29.40,29.25,28.49,28.82,29.23,30.02,28.78,28.70,29.81,29.44,30.79,29.97,30.23,31.09,27.77,30.23,27.20,27.59,27.12,26.73,25.36,26.77,25.71,24.82,26.12,26.83,26.62,26.62,26.01,27.63,27.94,15.91,16.76,16.70,14.68,15.91,16.32,14.69,17.46,16.38,15.69,16.86,13.97,15.22,25.76,25.98,26.82,25.70,26.21,26.23],
  [33.34,24.20,24.59,13.76,7.22,37.25,15.41,17.68,14.67,17.20,15.11,24.19,24.22,27.59,25.96,25.06,25.06,26.59,26.30,26.93,26.20,26.89,25.95,27.37,14.42,7.91,6.94,10.19,5.40,5.89,5.86,99.00,3.25,1.03,13.81,13.78,12.97,9.95,14.34,11.97,9.89,13.94,12.52,11.50,13.64,11.64,13.96,10.06,10.79,11.34,11.43,11.30,12.72,13.27,11.35,11.17,35.13,35.03,34.30,34.65,35.04,35.82,34.59,34.45,35.57,35.20,36.55,35.74,35.97,36.86,33.50,35.99,32.90,33.38,32.79,32.59,31.21,32.63,31.57,30.66,31.96,32.69,32.48,32.48,31.86,33.50,33.80,21.77,22.61,22.30,20.36,21.63,21.93,20.40,23.13,22.04,21.38,22.61,19.82,20.82,31.43,31.61,32.61,31.31,32.04,31.90],
  [31.29,22.83,22.12,11.16,7.99,34.73,14.42,16.55,12.63,14.62,13.64,22.07,22.14,25.38,23.59,22.91,23.00,24.54,24.26,24.68,24.09,24.67,23.72,25.40,12.26,8.32,7.27,9.55,3.42,4.25,4.08,3.25,99.00,4.05,11.86,11.36,10.15,7.50,11.91,9.51,8.02,11.19,10.25,9.77,12.04,9.73,12.34,8.24,8.50,8.17,9.11,8.77,10.40,11.69,9.42,8.98,33.29,33.07,32.28,32.55,32.99,33.82,32.55,32.57,33.65,33.28,34.63,33.80,34.11,34.92,31.67,34.08,31.11,31.41,31.06,30.22,28.73,30.21,29.17,28.13,29.43,30.25,30.18,30.18,29.40,31.17,31.47,19.39,20.17,20.71,18.65,19.84,20.32,18.63,21.41,20.35,19.64,20.76,17.68,19.23,29.70,29.95,30.65,29.68,29.94,30.18],
  [33.29,23.93,24.73,14.02,6.52,37.41,15.07,17.37,14.69,17.42,14.92,24.19,24.21,27.62,26.06,25.07,25.04,26.55,26.27,26.97,26.19,26.93,25.99,27.31,14.49,7.29,6.37,9.81,5.64,5.98,6.01,1.03,4.05,99.00,13.81,13.97,13.34,10.19,14.52,12.18,9.92,14.27,12.66,11.44,13.51,11.65,13.84,10.07,10.95,11.95,11.59,11.55,12.86,13.14,11.37,11.29,35.00,34.95,34.23,34.62,34.99,35.75,34.54,34.34,35.47,35.11,36.45,35.65,35.84,36.77,33.36,35.88,32.75,33.30,32.62,32.68,31.35,32.73,31.67,30.82,32.12,32.81,32.54,32.54,32.00,33.56,33.87,21.88,22.75,22.11,20.22,21.51,21.75,20.28,22.99,21.89,21.25,22.52,19.84,20.64,31.26,31.42,32.52,31.11,32.01,31.73],
  [19.53,11.32,11.18,3.53,9.96,23.78,5.06,6.04,0.92,4.91,2.85,10.38,10.41,13.81,12.35,11.26,11.25,12.77,12.49,13.17,12.39,13.12,12.19,13.59,1.18,9.03,9.06,5.81,8.55,7.94,8.00,13.81,11.86,13.81,99.00,2.49,5.00,4.68,2.59,3.24,3.92,4.61,2.11,2.43,1.67,2.18,1.62,3.75,3.53,8.27,3.08,3.94,2.20,1.80,2.47,2.98,21.43,21.25,20.50,20.83,21.23,22.03,20.78,20.72,21.82,21.45,22.80,21.98,22.26,23.10,19.81,22.25,19.25,19.60,19.20,18.91,17.71,19.01,17.94,17.25,18.54,19.10,18.74,18.74,18.33,19.78,20.09,8.25,9.22,8.98,6.84,7.99,8.57,6.79,9.58,8.54,7.82,8.90,6.03,7.54,17.84,18.12,18.83,17.85,18.22,18.33],
  [20.04,12.98,10.81,1.05,11.21,23.47,7.55,8.37,2.39,3.50,5.29,10.81,10.91,14.05,12.24,11.62,11.79,13.33,13.06,13.33,12.83,13.33,12.37,14.27,1.66,10.39,10.20,7.53,8.38,7.99,7.96,13.78,11.36,13.97,2.49,99.00,2.66,3.87,0.56,1.85,4.35,2.12,1.44,3.78,4.12,3.12,4.11,4.33,3.02,6.21,2.38,2.61,1.17,4.17,3.19,2.76,22.23,21.88,21.04,21.26,21.74,22.59,21.30,21.47,22.50,22.12,23.47,22.63,23.03,23.73,20.64,22.95,20.14,20.23,20.18,18.87,17.43,18.88,17.83,16.87,18.17,18.92,18.82,18.82,18.09,19.81,20.11,8.04,8.84,10.46,8.27,9.19,10.03,8.11,10.81,9.87,9.12,9.92,6.49,9.12,18.83,19.20,19.48,18.98,18.66,19.32],
  [21.94,15.55,12.19,1.71,11.89,24.66,10.02,11.00,5.05,4.71,7.85,12.81,12.95,15.84,13.79,13.55,13.84,15.36,15.10,15.08,14.79,15.11,14.16,16.36,4.32,11.23,10.80,8.93,7.73,7.63,7.50,12.97,10.15,13.34,5.00,2.66,99.00,3.44,2.93,2.26,5.07,1.10,3.12,5.41,6.51,4.69,6.56,5.18,3.40,3.66,3.04,2.27,2.91,6.46,4.58,3.61,24.31,23.84,22.96,23.09,23.62,24.51,23.20,23.52,24.51,24.13,25.45,24.61,25.10,25.69,22.76,24.96,22.30,22.22,22.39,20.34,18.72,20.28,19.26,18.09,19.38,20.29,20.40,20.40,19.41,21.34,21.64,9.70,10.32,12.99,10.81,11.63,12.56,10.62,13.25,12.36,11.61,12.27,8.69,11.70,21.06,21.48,21.49,21.28,20.52,21.55],
  [23.83,15.99,14.67,3.82,8.51,27.32,8.72,10.34,5.31,7.25,7.11,14.59,14.67,17.89,16.11,15.42,15.54,17.08,16.81,17.18,16.62,17.17,16.22,17.98,4.83,7.91,7.41,6.06,4.56,4.29,4.21,9.95,7.50,10.19,4.68,3.87,3.44,99.00,4.42,2.03,2.11,4.19,2.80,3.40,5.46,2.94,5.67,2.33,1.15,4.60,1.66,1.36,2.91,5.22,2.63,1.72,25.91,25.63,24.82,25.07,25.52,26.36,25.09,25.17,26.23,25.85,27.20,26.37,26.72,27.48,24.30,26.67,23.77,23.97,23.76,22.74,21.29,22.75,21.70,20.72,22.02,22.79,22.68,22.68,21.95,23.67,23.98,11.91,12.71,13.65,11.50,12.60,13.24,11.42,14.21,13.18,12.45,13.44,10.22,12.21,22.41,22.72,23.22,22.47,22.46,22.89],
  [19.52,12.63,10.25,1.22,11.69,22.91,7.60,8.26,2.29,2.97,5.28,10.29,10.40,13.51,11.68,11.10,11.28,12.82,12.55,12.79,12.31,12.79,11.83,13.77,1.57,10.86,10.69,7.93,8.94,8.55,8.52,14.34,11.91,14.52,2.59,0.56,2.93,4.42,99.00,2.40,4.87,2.19,1.95,4.18,4.27,3.55,4.20,4.84,3.58,6.55,2.93,3.15,1.70,4.36,3.66,3.30,21.73,21.36,20.52,20.73,21.21,22.07,20.78,20.96,21.99,21.61,22.95,22.11,22.53,23.21,20.15,22.44,19.65,19.72,19.70,18.31,16.87,18.32,17.27,16.31,17.62,18.37,18.27,18.27,17.53,19.26,19.56,7.48,8.28,10.09,7.90,8.77,9.66,7.72,10.40,9.47,8.72,9.47,6.00,8.78,18.36,18.74,18.97,18.53,18.13,18.85],
  [21.87,14.43,12.64,1.90,9.91,25.30,8.00,9.26,3.64,5.24,6.01,12.63,12.72,15.89,14.08,13.45,13.60,15.14,14.87,15.18,14.66,15.17,14.22,16.06,3.03,9.17,8.84,6.69,6.57,6.23,6.18,11.97,9.51,12.18,3.24,1.85,2.26,2.03,2.40,99.00,2.96,2.55,1.13,3.15,4.50,2.45,4.62,3.03,1.35,5.05,0.82,0.79,1.09,4.39,2.32,1.39,24.01,23.69,22.86,23.09,23.56,24.41,23.13,23.26,24.31,23.93,25.27,24.43,24.82,25.54,22.41,24.75,21.90,22.04,21.92,20.72,19.26,20.72,19.67,18.70,20.00,20.77,20.67,20.67,19.93,21.66,21.96,9.88,10.68,11.99,9.81,10.83,11.57,9.70,12.45,11.46,10.72,11.62,8.28,10.60,20.57,20.91,21.29,20.67,20.49,21.06],
  [23.45,14.85,14.88,4.79,6.95,27.54,6.95,8.80,4.78,7.84,5.70,14.29,14.33,17.71,16.16,15.17,15.17,16.70,16.41,17.05,16.30,17.01,16.07,17.50,4.58,6.21,5.90,3.99,4.65,4.02,4.08,9.89,8.02,9.92,3.92,4.35,5.07,2.11,4.87,2.96,99.00,5.51,2.92,1.78,4.06,1.75,4.34,0.26,1.67,6.71,2.15,2.81,3.18,3.73,1.46,1.63,25.32,25.17,24.42,24.76,25.15,25.95,24.71,24.62,25.73,25.36,26.71,25.89,26.16,27.01,23.70,26.15,23.13,23.52,23.06,22.76,21.47,22.83,21.76,20.97,22.26,22.90,22.62,22.62,22.11,23.64,23.95,11.99,12.89,12.69,10.63,11.85,12.30,10.62,13.40,12.33,11.63,12.79,9.93,11.21,21.69,21.94,22.75,21.66,22.14,22.18],
  [20.86,14.68,11.10,1.08,12.45,23.59,9.67,10.44,4.46,3.62,7.40,11.74,11.89,14.74,12.70,12.48,12.78,14.29,14.03,13.99,13.72,14.02,13.07,15.31,3.73,11.73,11.38,9.18,8.64,8.46,8.36,13.94,11.19,14.27,4.61,2.12,1.10,4.19,2.19,2.55,5.51,99.00,3.06,5.50,6.22,4.79,6.22,5.58,3.88,4.66,3.37,2.87,2.80,6.24,4.75,3.93,23.25,22.76,21.88,22.00,22.53,23.43,22.11,22.45,23.43,23.05,24.38,23.53,24.03,24.61,21.70,23.88,21.25,21.14,21.35,19.25,17.64,19.19,18.17,17.01,18.30,19.20,19.31,19.31,18.32,20.24,20.55,8.60,9.22,12.09,9.92,10.68,11.66,9.71,12.29,11.43,10.68,11.29,7.67,10.85,20.03,20.45,20.41,20.27,19.43,20.52],
  [21.04,13.35,12.08,2.10,9.78,24.75,6.94,8.13,2.56,4.92,4.89,11.81,11.89,15.14,13.44,12.66,12.76,14.30,14.02,14.45,13.84,14.43,13.48,15.19,2.04,8.97,8.76,6.19,7.13,6.67,6.67,12.52,10.25,12.66,2.11,1.44,3.12,2.80,1.95,1.13,2.92,3.06,99.00,2.46,3.43,1.75,3.52,2.89,1.75,6.17,1.14,1.85,0.28,3.35,1.78,1.37,23.11,22.84,22.03,22.30,22.74,23.58,22.30,22.37,23.44,23.06,24.41,23.58,23.93,24.69,21.50,23.87,20.97,21.18,20.97,20.07,18.70,20.10,19.05,18.16,19.46,20.17,19.98,19.98,19.35,20.99,21.29,9.24,10.10,10.94,8.77,9.83,10.52,8.67,11.44,10.43,9.70,10.66,7.44,9.53,19.62,19.94,20.42,19.69,19.69,20.10],
  [21.85,13.08,13.61,4.55,7.62,26.21,5.32,7.06,3.35,7.00,3.92,12.76,12.77,16.21,14.78,13.64,13.59,15.11,14.82,15.58,14.75,15.53,14.60,15.88,3.37,6.73,6.68,3.76,6.38,5.68,5.77,11.50,9.77,11.44,2.43,3.78,5.41,3.40,4.18,3.15,1.78,5.50,2.46,99.00,2.28,0.72,2.57,1.54,2.42,7.84,2.45,3.44,2.73,1.96,0.86,1.94,23.65,23.53,22.80,23.17,23.55,24.32,23.10,22.96,24.08,23.71,25.06,24.25,24.48,25.37,22.02,24.50,21.43,21.88,21.34,21.34,20.14,21.43,20.37,19.68,20.97,21.53,21.15,21.15,20.76,22.19,22.50,10.68,11.64,10.94,8.91,10.15,10.55,8.92,11.68,10.60,9.92,11.12,8.44,9.46,19.98,20.21,21.11,19.93,20.57,20.46],
  [19.81,10.80,12.12,5.15,8.98,24.54,3.51,4.89,2.30,6.44,1.66,10.85,10.83,14.34,13.11,11.75,11.62,13.11,12.82,13.75,12.80,13.68,12.78,13.81,2.81,8.00,8.20,4.64,8.63,7.90,8.01,13.64,12.04,13.51,1.67,4.12,6.51,5.46,4.27,4.50,4.06,6.22,3.43,2.28,99.00,2.53,0.33,3.82,4.34,9.54,4.09,5.08,3.60,0.38,2.85,3.77,21.49,21.44,20.74,21.16,21.50,22.25,21.05,20.82,21.96,21.59,22.94,22.14,22.33,23.26,19.86,22.37,19.26,19.79,19.15,19.55,18.50,19.69,18.63,18.10,19.37,19.82,19.30,19.30,19.09,20.36,20.67,9.18,10.20,8.69,6.72,8.00,8.31,6.76,9.49,8.40,7.74,9.01,6.69,7.21,17.79,17.99,19.01,17.70,18.56,18.27],
  [21.71,13.23,13.23,3.85,8.17,25.87,5.82,7.41,3.05,6.43,4.19,12.55,12.58,15.98,14.46,13.43,13.42,14.95,14.67,15.33,14.56,15.28,14.35,15.76,2.92,7.31,7.19,4.44,6.39,5.76,5.83,11.64,9.73,11.65,2.18,3.12,4.69,2.94,3.55,2.45,1.75,4.79,1.75,0.72,2.53,99.00,2.77,1.58,1.86,7.23,1.77,2.79,2.04,2.28,0.33,1.32,23.58,23.42,22.67,23.01,23.41,24.20,22.96,22.88,23.98,23.61,24.96,24.14,24.41,25.26,21.96,24.41,21.39,21.77,21.33,21.05,19.80,21.13,20.06,19.32,20.61,21.22,20.89,20.89,20.43,21.93,22.23,10.32,11.25,11.00,8.92,10.11,10.60,8.90,11.68,10.62,9.91,11.05,8.19,9.53,19.97,20.22,21.00,19.95,20.40,20.45],
  [19.47,10.51,11.81,5.14,9.30,24.22,3.46,4.69,2.13,6.26,1.43,10.52,10.50,14.01,12.79,11.42,11.29,12.77,12.49,13.42,12.47,13.35,12.45,13.48,2.70,8.31,8.53,4.95,8.94,8.21,8.32,13.96,12.34,13.84,1.62,4.11,6.56,5.67,4.20,4.62,4.34,6.22,3.52,2.57,0.33,2.77,99.00,4.11,4.54,9.67,4.25,5.23,3.68,0.71,3.09,3.97,21.16,21.11,20.41,20.82,21.17,21.92,20.71,20.50,21.63,21.26,22.61,21.81,22.00,22.93,19.53,22.04,18.93,19.46,18.83,19.23,18.18,19.37,18.30,17.78,19.05,19.49,18.97,18.97,18.77,20.03,20.34,8.88,9.90,8.38,6.39,7.67,8.00,6.44,9.17,8.08,7.41,8.68,6.37,6.90,17.47,17.67,18.68,17.38,18.23,17.94],
  [23.28,14.62,14.77,4.82,6.92,27.42,6.69,8.55,4.63,7.79,5.46,14.13,14.16,17.56,16.03,15.01,15.00,16.52,16.24,16.91,16.14,16.86,15.93,17.32,4.46,6.15,5.88,3.81,4.86,4.20,4.27,10.06,8.24,10.07,3.75,4.33,5.18,2.33,4.84,3.03,0.26,5.58,2.89,1.54,3.82,1.58,4.11,99.00,1.79,6.93,2.21,2.94,3.16,3.49,1.31,1.66,25.13,24.99,24.24,24.59,24.98,25.77,24.53,24.43,25.54,25.17,26.52,25.71,25.96,26.83,23.50,25.97,22.93,23.33,22.85,22.62,21.36,22.70,21.63,20.86,22.15,22.78,22.47,22.47,21.99,23.50,23.81,11.87,12.79,12.47,10.42,11.64,12.08,10.42,13.19,12.12,11.42,12.59,9.77,10.99,21.49,21.73,22.56,21.45,21.98,21.97],
  [22.79,14.84,13.80,3.24,8.57,26.47,7.68,9.23,4.19,6.51,5.98,13.56,13.63,16.90,15.18,14.41,14.50,16.04,15.76,16.20,15.59,16.18,15.23,16.92,3.76,7.87,7.50,5.57,5.39,4.97,4.94,10.79,8.50,10.95,3.53,3.02,3.40,1.15,3.58,1.35,1.67,3.88,1.75,2.42,4.34,1.86,4.54,1.79,99.00,5.42,0.64,1.16,1.93,4.12,1.58,0.58,24.83,24.57,23.77,24.05,24.49,25.32,24.05,24.09,25.17,24.79,26.14,25.31,25.65,26.42,23.22,25.60,22.68,22.92,22.66,21.81,20.42,21.84,20.79,19.88,21.18,21.90,21.73,21.73,21.08,22.74,23.04,10.98,11.82,12.51,10.36,11.47,12.10,10.29,13.08,12.05,11.32,12.34,9.18,11.07,21.30,21.60,22.16,21.35,21.44,21.79],
  [25.41,19.18,15.43,5.35,12.41,27.59,13.01,14.31,8.52,8.17,11.07,16.36,16.52,19.27,17.11,17.07,17.41,18.91,18.66,18.50,18.32,18.54,17.60,19.94,7.82,12.02,11.31,10.62,6.93,7.26,7.03,11.34,8.17,11.95,8.27,6.21,3.66,4.60,6.55,5.05,6.71,4.66,6.17,7.84,9.54,7.23,9.67,6.93,5.42,99.00,5.49,4.47,6.07,9.39,6.99,5.92,27.87,27.34,26.43,26.51,27.07,27.98,26.65,27.06,28.02,27.64,28.96,28.11,28.64,29.18,26.33,28.47,25.89,25.72,26.00,23.54,21.80,23.43,22.44,21.11,22.38,23.40,23.68,23.68,22.49,24.56,24.86,13.14,13.66,16.64,14.45,15.29,16.21,14.27,16.91,16.01,15.26,15.93,12.33,15.33,24.68,25.11,25.01,24.92,23.97,25.17],
  [22.19,14.39,13.16,2.66,9.10,25.83,7.52,8.94,3.66,5.87,5.68,12.95,13.03,16.28,14.55,13.80,13.90,15.44,15.16,15.58,14.98,15.56,14.61,16.33,3.18,8.36,8.04,5.89,6.03,5.61,5.59,11.43,9.11,11.59,3.08,2.38,3.04,1.66,2.93,0.82,2.15,3.37,1.14,2.45,4.09,1.77,4.25,2.21,0.64,5.49,99.00,1.02,1.29,3.91,1.59,0.57,24.25,23.98,23.17,23.44,23.89,24.72,23.45,23.51,24.58,24.20,25.55,24.72,25.07,25.83,22.64,25.02,22.11,22.33,22.10,21.18,19.78,21.21,20.15,19.23,20.54,21.26,21.10,21.10,20.44,22.10,22.41,10.35,11.18,12.02,9.86,10.94,11.60,9.77,12.55,11.53,10.80,11.78,8.58,10.59,20.75,21.06,21.57,20.81,20.83,21.23],
  [22.64,15.19,13.36,2.47,9.64,25.99,8.53,9.90,4.40,5.91,6.64,13.41,13.51,16.66,14.82,14.23,14.39,15.92,15.65,15.94,15.43,15.94,14.98,16.85,3.81,8.97,8.55,6.73,5.91,5.65,5.57,11.30,8.77,11.55,3.94,2.61,2.27,1.36,3.15,0.79,2.81,2.87,1.85,3.44,5.08,2.79,5.23,2.94,1.16,4.47,1.02,99.00,1.86,4.92,2.58,1.51,24.80,24.47,23.64,23.87,24.34,25.19,23.90,24.05,25.09,24.71,26.06,25.22,25.61,26.32,23.20,25.53,22.69,22.82,22.71,21.45,19.97,21.45,20.40,19.39,20.70,21.49,21.42,21.42,20.64,22.40,22.71,10.63,11.40,12.77,10.59,11.61,12.35,10.48,13.24,12.25,11.50,12.41,9.07,11.37,21.36,21.70,22.07,21.46,21.26,21.85],
  [20.91,13.35,11.87,1.82,10.05,24.55,7.12,8.24,2.55,4.66,5.02,11.68,11.76,14.99,13.25,12.51,12.63,14.17,13.89,14.29,13.70,14.27,13.32,15.07,1.96,9.25,9.03,6.47,7.32,6.88,6.87,12.72,10.40,12.86,2.20,1.17,2.91,2.91,1.70,1.09,3.18,2.80,0.28,2.73,3.60,2.04,3.68,3.16,1.93,6.07,1.29,1.86,99.00,3.55,2.06,1.60,23.01,22.71,21.90,22.16,22.61,23.45,22.17,22.26,23.32,22.94,24.29,23.46,23.82,24.57,21.40,23.76,20.88,21.06,20.89,19.89,18.50,19.91,18.86,17.96,19.26,19.97,19.81,19.81,19.15,20.81,21.12,9.05,9.90,10.91,8.73,9.77,10.49,8.62,11.39,10.39,9.65,10.58,7.31,9.52,19.53,19.86,20.31,19.62,19.55,20.02],
  [20.18,11.14,12.46,5.17,8.63,24.91,3.62,5.14,2.53,6.66,1.97,11.23,11.21,14.71,13.48,12.13,12.00,13.48,13.20,14.12,13.18,14.05,13.15,14.19,2.97,7.64,7.84,4.30,8.28,7.54,7.66,13.27,11.69,13.14,1.80,4.17,6.46,5.22,4.36,4.39,3.73,6.24,3.35,1.96,0.38,2.28,0.71,3.49,4.12,9.39,3.91,4.92,3.55,99.00,2.59,3.56,21.86,21.81,21.12,21.53,21.87,22.62,21.42,21.20,22.33,21.97,23.32,22.52,22.70,23.64,20.23,22.75,19.63,20.17,19.52,19.93,18.86,20.06,19.00,18.46,19.73,20.18,19.68,19.68,19.46,20.74,21.04,9.53,10.54,9.06,7.09,8.38,8.68,7.14,9.86,8.77,8.11,9.38,7.05,7.58,18.16,18.36,19.39,18.06,18.94,18.63],
  [22.00,13.56,13.46,3.85,8.04,26.11,6.10,7.72,3.32,6.58,4.51,12.84,12.87,16.25,14.72,13.71,13.71,15.24,14.96,15.60,14.85,15.56,14.62,16.06,3.15,7.20,7.04,4.44,6.09,5.47,5.53,11.35,9.42,11.37,2.47,3.19,4.58,2.63,3.66,2.32,1.46,4.75,1.78,0.86,2.85,0.33,3.09,1.31,1.58,6.99,1.59,2.58,2.06,2.59,99.00,1.08,23.89,23.72,22.97,23.30,23.70,24.50,23.26,23.19,24.29,23.92,25.27,24.45,24.72,25.57,22.27,24.71,21.70,22.07,21.64,21.31,20.05,21.38,20.32,19.55,20.85,21.47,21.16,21.16,20.68,22.19,22.50,10.56,11.48,11.33,9.24,10.43,10.93,9.21,12.00,10.94,10.23,11.36,8.47,9.86,20.28,20.54,21.30,20.27,20.69,20.76],
  [22.32,14.27,13.45,3.17,8.57,26.12,7.13,8.65,3.67,6.26,5.40,13.10,13.17,16.46,14.80,13.96,14.03,15.57,15.29,15.78,15.13,15.76,14.81,16.43,3.29,7.82,7.52,5.32,5.79,5.31,5.30,11.17,8.98,11.29,2.98,2.76,3.61,1.72,3.30,1.39,1.63,3.93,1.37,1.94,3.77,1.32,3.97,1.66,0.58,5.92,0.57,1.51,1.60,3.56,1.08,99.00,24.33,24.09,23.30,23.59,24.02,24.84,23.58,23.60,24.68,24.30,25.65,24.83,25.15,25.94,22.71,25.11,22.17,22.44,22.14,21.42,20.07,21.46,20.40,19.54,20.84,21.53,21.32,21.32,20.71,22.33,22.64,10.60,11.47,11.96,9.82,10.94,11.54,9.76,12.54,11.51,10.78,11.82,8.72,10.51,20.78,21.07,21.67,20.81,20.98,21.27],
  [3.22,11.71,13.12,22.77,29.77,10.29,20.41,18.11,20.66,19.70,20.09,11.51,11.36,8.88,11.32,10.80,10.47,8.96,9.21,9.66,9.56,9.56,10.42,7.96,21.08,28.75,29.27,25.50,29.98,29.32,29.40,35.13,33.29,35.00,21.43,22.23,24.31,25.91,21.73,24.01,25.32,23.25,23.11,23.65,21.49,23.58,21.16,25.13,24.83,27.87,24.25,24.80,23.01,21.86,23.89,24.33,99.00,1.61,2.48,3.39,2.66,2.20,2.63,0.88,1.11,1.11,1.79,1.46,0.85,2.22,1.63,1.20,2.29,2.41,2.67,7.56,9.55,8.16,8.30,10.31,9.99,8.51,6.67,6.67,9.13,6.82,6.79,14.79,14.47,12.96,14.78,13.50,13.28,14.73,12.01,13.11,13.75,12.54,15.74,14.41,3.87,4.04,2.96,4.46,4.55,3.48],
  [2.02,12.16,12.28,22.35,29.92,8.70,20.62,18.35,20.44,19.17,20.11,11.07,10.97,8.12,10.49,10.29,10.09,8.55,8.82,8.91,9.06,8.84,9.75,7.67,20.81,28.89,29.36,25.60,29.81,29.18,29.25,35.03,33.07,34.95,21.25,21.88,23.84,25.63,21.36,23.69,25.17,22.76,22.84,23.53,21.44,23.42,21.11,24.99,24.57,27.34,23.98,24.47,22.71,21.81,23.72,24.09,1.61,99.00,1.05,1.80,1.05,0.91,1.08,1.19,0.81,0.53,1.63,0.77,1.76,1.85,2.25,1.25,2.98,1.65,3.61,6.09,8.14,6.67,6.90,8.93,8.51,7.01,5.24,5.24,7.67,5.27,5.22,14.21,13.78,13.11,14.77,13.45,13.40,14.68,12.06,13.15,13.74,12.43,15.41,14.50,4.48,4.90,2.43,5.33,3.49,4.22],
  [1.03,11.79,11.29,21.49,29.31,8.11,20.06,17.82,19.67,18.27,19.45,10.23,10.15,7.18,9.50,9.43,9.28,7.74,8.02,7.96,8.21,7.90,8.83,6.93,20.02,28.29,28.73,24.97,29.04,28.43,28.49,34.30,32.28,34.23,20.50,21.04,22.96,24.82,20.52,22.86,24.42,21.88,22.03,22.80,20.74,22.67,20.41,24.24,23.77,26.43,23.17,23.64,21.90,21.12,22.97,23.30,2.48,1.05,99.00,1.06,0.80,1.55,0.37,1.77,1.86,1.54,2.62,1.79,2.79,2.77,2.49,2.29,3.12,1.12,3.82,5.09,7.12,5.69,5.87,7.90,7.52,6.04,4.22,4.22,6.67,4.34,4.32,13.29,12.83,12.54,14.12,12.78,12.81,14.01,11.44,12.53,13.09,11.74,14.60,13.91,4.41,4.97,1.84,5.38,2.50,4.25],
  [1.44,12.55,11.22,21.66,29.83,7.06,20.63,18.43,19.99,18.38,19.92,10.49,10.43,7.25,9.45,9.65,9.59,8.07,8.35,8.01,8.46,7.98,8.93,7.37,20.30,28.80,29.21,25.46,29.36,28.77,28.82,34.65,32.55,34.62,20.83,21.26,23.09,25.07,20.73,23.09,24.76,22.00,22.30,23.17,21.16,23.01,20.82,24.59,24.05,26.51,23.44,23.87,22.16,21.53,23.30,23.59,3.39,1.80,1.06,99.00,0.81,1.76,0.77,2.78,2.54,2.32,3.03,2.35,3.52,3.04,3.55,2.90,4.16,2.06,4.87,4.37,6.49,4.93,5.27,7.30,6.78,5.26,3.59,3.59,5.97,3.50,3.43,13.39,12.86,13.14,14.61,13.25,13.38,14.47,11.99,13.07,13.59,12.19,14.87,14.46,5.38,5.99,2.66,6.39,2.61,5.26],
  [1.70,12.58,11.85,22.17,30.09,7.66,20.85,18.62,20.40,18.92,20.22,10.94,10.86,7.80,10.07,10.12,10.00,8.46,8.74,8.57,8.91,8.53,9.47,7.68,20.74,29.07,29.50,25.75,29.77,29.17,29.23,35.04,32.99,34.99,21.23,21.74,23.62,25.52,21.21,23.56,25.15,22.53,22.74,23.55,21.50,23.41,21.17,24.98,24.49,27.07,23.89,24.34,22.61,21.87,23.70,24.02,2.66,1.05,0.80,0.81,99.00,0.99,0.45,2.16,1.75,1.56,2.23,1.53,2.72,2.27,3.09,2.09,3.77,1.90,4.45,5.18,7.29,5.74,6.06,8.10,7.59,6.07,4.39,4.39,6.78,4.31,4.23,13.94,13.44,13.33,14.89,13.55,13.60,14.77,12.23,13.31,13.87,12.50,15.31,14.69,5.14,5.66,2.64,6.08,3.10,4.95],
  [2.57,13.06,12.81,23.04,30.77,8.16,21.48,19.23,21.21,19.83,20.94,11.78,11.69,8.72,11.02,10.98,10.82,9.28,9.56,9.50,9.76,9.45,10.38,8.45,21.56,29.75,30.20,26.44,30.58,29.96,30.02,35.82,33.82,35.75,22.03,22.59,24.51,26.36,22.07,24.41,25.95,23.43,23.58,24.32,22.25,24.20,21.92,25.77,25.32,27.98,24.72,25.19,23.45,22.62,24.50,24.84,2.20,0.91,1.55,1.76,0.99,99.00,1.34,2.04,1.10,1.15,1.28,0.77,1.99,1.29,3.15,1.28,3.88,2.47,4.48,6.12,8.25,6.66,7.03,9.06,8.52,6.98,5.36,5.36,7.72,5.20,5.09,14.84,14.37,13.97,15.60,14.27,14.25,15.50,12.90,13.99,14.57,13.24,16.14,15.36,5.40,5.80,3.25,6.23,4.02,5.12],
  [1.26,12.15,11.47,21.74,29.64,7.82,20.40,18.17,19.95,18.50,19.77,10.50,10.42,7.39,9.68,9.68,9.55,8.02,8.30,8.16,8.47,8.11,9.05,7.23,20.30,28.62,29.05,25.29,29.33,28.72,28.78,34.59,32.55,34.54,20.78,21.30,23.20,25.09,20.78,23.13,24.71,22.11,22.30,23.10,21.05,22.96,20.71,24.53,24.05,26.65,23.45,23.90,22.17,21.42,23.26,23.58,2.63,1.08,0.37,0.77,0.45,1.34,99.00,2.01,1.87,1.60,2.51,1.73,2.84,2.61,2.82,2.27,3.47,1.49,4.16,5.01,7.08,5.59,5.84,7.88,7.44,5.93,4.18,4.18,6.60,4.20,4.16,13.52,13.04,12.88,14.44,13.09,13.15,14.32,11.78,12.86,13.42,12.05,14.87,14.24,4.78,5.33,2.20,5.74,2.69,4.61],
  [2.39,11.24,12.25,21.99,29.18,9.81,19.85,17.56,19.93,18.89,19.45,10.71,10.58,8.02,10.46,9.99,9.69,8.17,8.43,8.81,8.75,8.71,9.58,7.19,20.34,28.16,28.66,24.89,29.27,28.63,28.70,34.45,32.57,34.34,20.72,21.47,23.52,25.17,20.96,23.26,24.62,22.45,22.37,22.96,20.82,22.88,20.50,24.43,24.09,27.06,23.51,24.05,22.26,21.20,23.19,23.60,0.88,1.19,1.77,2.78,2.16,2.04,2.01,99.00,1.21,0.93,2.16,1.50,1.58,2.54,1.14,1.56,1.88,1.54,2.45,6.78,8.73,7.39,7.48,9.48,9.20,7.75,5.88,5.88,8.33,6.09,6.08,13.97,13.63,12.36,14.12,12.82,12.67,14.06,11.37,12.47,13.09,11.84,14.98,13.79,3.45,3.78,2.10,4.21,3.68,3.13],
  [2.81,12.45,13.03,23.00,30.36,9.24,21.03,18.75,21.02,19.85,20.60,11.71,11.60,8.85,11.24,10.96,10.71,9.18,9.44,9.64,9.72,9.56,10.46,8.25,21.41,29.34,29.83,26.06,30.38,29.74,29.81,35.57,33.65,35.47,21.82,22.50,24.51,26.23,21.99,24.31,25.73,23.43,23.44,24.08,21.96,23.98,21.63,25.54,25.17,28.02,24.58,25.09,23.32,22.33,24.29,24.68,1.11,0.81,1.86,2.54,1.75,1.10,1.87,1.21,99.00,0.38,0.98,0.35,0.98,1.33,2.34,0.46,3.08,2.30,3.59,6.88,8.95,7.45,7.71,9.74,9.30,7.79,6.04,6.04,8.47,6.04,5.97,14.90,14.50,13.54,15.27,13.96,13.84,15.20,12.53,13.63,14.24,12.96,16.02,14.96,4.66,4.95,3.02,5.38,4.27,4.32],
  [2.46,12.14,12.66,22.62,30.01,9.17,20.69,18.41,20.65,19.47,20.24,11.33,11.21,8.47,10.86,10.57,10.33,8.79,9.06,9.26,9.33,9.18,10.08,7.87,21.03,28.99,29.47,25.71,30.00,29.37,29.44,35.20,33.28,35.11,21.45,22.12,24.13,25.85,21.61,23.93,25.36,23.05,23.06,23.71,21.59,23.61,21.26,25.17,24.79,27.64,24.20,24.71,22.94,21.97,23.92,24.30,1.11,0.53,1.54,2.32,1.56,1.15,1.60,0.93,0.38,99.00,1.35,0.58,1.25,1.68,2.07,0.84,2.81,1.91,3.37,6.61,8.65,7.19,7.41,9.44,9.03,7.53,5.75,5.75,8.19,5.80,5.75,14.51,14.12,13.19,14.91,13.59,13.49,14.83,12.17,13.27,13.88,12.59,15.64,14.60,4.37,4.71,2.64,5.14,3.90,4.06],
  [3.63,13.40,13.90,23.95,31.34,9.20,22.01,19.72,22.00,20.79,21.58,12.67,12.56,9.75,12.11,11.90,11.67,10.14,10.40,10.53,10.67,10.46,11.38,9.22,22.38,30.31,30.81,27.04,31.35,30.72,30.79,36.55,34.63,36.45,22.80,23.47,25.45,27.20,22.95,25.27,26.71,24.38,24.41,25.06,22.94,24.96,22.61,26.52,26.14,28.96,25.55,26.06,24.29,23.32,25.27,25.65,1.79,1.63,2.62,3.03,2.23,1.28,2.51,2.16,0.98,1.35,99.00,0.85,1.12,0.43,3.26,0.61,3.98,3.24,4.43,7.39,9.52,7.94,8.30,10.33,9.79,8.25,6.62,6.62,9.00,6.47,6.36,15.83,15.40,14.51,16.25,14.94,14.82,16.18,13.51,14.61,15.22,13.94,16.99,15.94,5.57,5.81,3.99,6.23,5.10,5.21],
  [2.79,12.72,13.05,23.11,30.58,8.93,21.26,18.98,21.17,19.94,20.80,11.83,11.71,8.90,11.26,11.05,10.83,9.29,9.57,9.68,9.82,9.61,10.52,8.40,21.55,29.55,30.04,26.27,30.53,29.90,29.97,35.74,33.80,35.65,21.98,22.63,24.61,26.37,22.11,24.43,25.89,23.53,23.58,24.25,22.14,24.14,21.81,25.71,25.31,28.11,24.72,25.22,23.46,22.52,24.45,24.83,1.46,0.77,1.79,2.35,1.53,0.77,1.73,1.50,0.35,0.58,0.85,99.00,1.23,1.12,2.63,0.56,3.38,2.40,3.91,6.71,8.80,7.27,7.57,9.61,9.13,7.60,5.90,5.90,8.31,5.84,5.76,14.97,14.55,13.76,15.46,14.14,14.05,15.38,12.73,13.83,14.43,13.14,16.15,15.17,4.94,5.27,3.15,5.69,4.26,4.62],
  [3.68,12.55,13.79,23.56,30.62,10.13,21.26,18.96,21.48,20.47,20.94,12.29,12.15,9.57,11.99,11.57,11.26,9.74,10.00,10.36,10.32,10.27,11.14,8.76,21.89,29.59,30.11,26.35,30.81,30.15,30.23,35.97,34.11,35.84,22.26,23.03,25.10,26.72,22.53,24.82,26.16,24.03,23.93,24.48,22.33,24.41,22.00,25.96,25.65,28.64,25.07,25.61,23.82,22.70,24.72,25.15,0.85,1.76,2.79,3.52,2.72,1.99,2.84,1.58,0.98,1.25,1.12,1.23,99.00,1.55,2.48,0.71,3.14,3.02,3.48,7.85,9.90,8.43,8.66,10.69,10.27,8.76,7.00,7.00,9.44,7.02,6.95,15.54,15.19,13.81,15.62,14.34,14.13,15.57,12.85,13.95,14.59,13.37,16.54,15.25,4.72,4.85,3.65,5.26,5.10,4.31],
  [3.80,13.79,14.06,24.20,31.69,8.91,22.37,20.08,22.29,21.02,21.92,12.92,12.82,9.94,12.27,12.14,11.94,10.40,10.67,10.73,10.91,10.66,11.59,9.51,22.66,30.67,31.15,27.38,31.65,31.02,31.09,36.86,34.92,36.77,23.10,23.73,25.69,27.48,23.21,25.54,27.01,24.61,24.69,25.37,23.26,25.26,22.93,26.83,26.42,29.18,25.83,26.32,24.57,23.64,25.57,25.94,2.22,1.85,2.77,3.04,2.27,1.29,2.61,2.54,1.33,1.68,0.43,1.12,1.55,99.00,3.66,1.03,4.39,3.50,4.85,7.35,9.50,7.88,8.29,10.32,9.73,8.18,6.62,6.62,8.96,6.40,6.27,16.04,15.60,14.87,16.58,15.26,15.17,16.50,13.84,14.94,15.55,14.26,17.26,16.28,5.98,6.23,4.27,6.65,5.27,5.62],
  [2.70,10.14,11.77,21.20,28.15,10.60,18.79,16.50,19.04,18.17,18.46,9.96,9.80,7.52,9.99,9.29,8.92,7.43,7.67,8.29,8.05,8.17,8.99,6.39,19.47,27.12,27.64,23.87,28.35,27.69,27.77,33.50,31.67,33.36,19.81,20.64,22.76,24.30,20.15,22.41,23.70,21.70,21.50,22.02,19.86,21.96,19.53,23.50,23.22,26.33,22.64,23.20,21.40,20.23,22.27,22.71,1.63,2.25,2.49,3.55,3.09,3.15,2.82,1.14,2.34,2.07,3.26,2.63,2.48,3.66,99.00,2.65,0.74,1.70,1.36,7.09,8.88,7.72,7.64,9.58,9.45,8.08,6.14,6.14,8.55,6.54,6.58,13.30,13.02,11.33,13.15,11.87,11.65,13.10,10.38,11.48,12.12,10.91,14.15,12.77,2.32,2.65,1.82,3.08,3.64,1.99],
  [3.26,12.79,13.49,23.45,30.75,9.42,21.41,19.12,21.45,20.31,21.01,12.16,12.04,9.31,11.70,11.41,11.15,9.62,9.89,10.10,10.17,10.02,10.92,8.69,21.84,29.72,30.22,26.45,30.80,30.16,30.23,35.99,34.08,35.88,22.25,22.95,24.96,26.67,22.44,24.75,26.15,23.88,23.87,24.50,22.37,24.41,22.04,25.97,25.60,28.47,25.02,25.53,23.76,22.75,24.71,25.11,1.20,1.25,2.29,2.90,2.09,1.28,2.27,1.56,0.46,0.84,0.61,0.56,0.71,1.03,2.65,99.00,3.37,2.75,3.83,7.26,9.35,7.83,8.11,10.15,9.68,8.16,6.44,6.44,8.86,6.40,6.31,15.35,14.96,13.92,15.68,14.37,14.23,15.61,12.93,14.03,14.65,13.38,16.46,15.35,4.96,5.20,3.47,5.62,4.72,4.60],
  [3.14,9.42,11.53,20.72,27.49,11.17,18.13,15.82,18.49,17.75,17.84,9.54,9.37,7.30,9.78,8.91,8.48,7.03,7.26,8.06,7.68,7.92,8.70,5.95,18.94,26.46,26.99,23.23,27.78,27.11,27.20,32.90,31.11,32.75,19.25,20.14,22.30,23.77,19.65,21.90,23.13,21.25,20.97,21.43,19.26,21.39,18.93,22.93,22.68,25.89,22.11,22.69,20.88,19.63,21.70,22.17,2.29,2.98,3.12,4.16,3.77,3.88,3.47,1.88,3.08,2.81,3.98,3.38,3.14,4.39,0.74,3.37,99.00,2.18,0.72,7.41,9.08,8.04,7.87,9.75,9.72,8.41,6.45,6.45,8.81,6.95,7.02,12.92,12.70,10.69,12.54,11.28,11.02,12.51,9.77,10.86,11.52,10.35,13.66,12.14,1.59,1.92,2.03,2.34,3.83,1.25],
  [0.99,10.69,10.77,20.71,28.30,8.99,19.02,16.77,18.79,17.56,18.48,9.43,9.32,6.57,8.98,8.66,8.44,6.90,7.17,7.35,7.42,7.27,8.17,6.01,19.16,27.28,27.74,23.97,28.15,27.53,27.59,33.38,31.41,33.30,19.60,20.23,22.22,23.97,19.72,22.04,23.52,21.14,21.18,21.88,19.79,21.77,19.46,23.33,22.92,25.72,22.33,22.82,21.06,20.17,22.07,22.44,2.41,1.65,1.12,2.06,1.90,2.47,1.49,1.54,2.30,1.91,3.24,2.40,3.02,3.50,1.70,2.75,2.18,99.00,2.91,5.41,7.26,6.03,6.02,8.00,7.79,6.40,4.47,4.47,6.90,4.84,4.88,12.60,12.21,11.51,13.14,11.81,11.79,13.04,10.43,11.53,12.11,10.78,13.76,12.89,3.32,3.94,0.78,4.34,2.14,3.21],
  [3.86,9.10,11.88,20.79,27.26,11.89,17.89,15.57,18.47,17.88,17.70,9.70,9.51,7.68,10.15,9.12,8.64,7.23,7.44,8.42,7.92,8.27,9.00,6.12,18.93,26.24,26.79,23.03,27.71,27.02,27.12,32.79,31.06,32.62,19.20,20.18,22.39,23.76,19.70,21.92,23.06,21.35,20.97,21.34,19.15,21.33,18.83,22.85,22.66,26.00,22.10,22.71,20.89,19.52,21.64,22.14,2.67,3.61,3.82,4.87,4.45,4.48,4.16,2.45,3.59,3.37,4.43,3.91,3.48,4.85,1.36,3.83,0.72,2.91,99.00,8.10,9.73,8.73,8.53,10.37,10.38,9.10,7.14,7.14,9.48,7.66,7.74,13.12,12.96,10.52,12.44,11.21,10.86,12.43,9.66,10.75,11.43,10.32,13.72,11.98,1.36,1.37,2.72,1.80,4.50,0.89],
  [4.44,12.99,8.16,19.09,28.50,5.23,19.76,17.78,18.01,15.66,18.58,8.76,8.84,5.31,6.63,7.86,8.20,7.00,7.25,5.82,7.01,5.90,6.78,6.93,18.19,27.49,27.76,24.10,27.20,26.72,26.73,32.59,30.22,32.68,18.91,18.87,20.34,22.74,18.31,20.72,22.76,19.25,20.07,21.34,19.55,21.05,19.23,22.62,21.81,23.54,21.18,21.45,19.89,19.93,21.31,21.42,7.56,6.09,5.09,4.37,5.18,6.12,5.01,6.78,6.88,6.61,7.39,6.71,7.85,7.35,7.09,7.26,7.41,5.41,8.10,99.00,2.18,0.62,1.12,3.01,2.43,1.00,0.96,0.96,1.61,1.08,1.35,10.83,10.06,12.69,13.57,12.24,12.80,13.32,11.41,12.33,12.65,11.16,12.91,13.73,7.93,8.72,5.38,9.02,3.64,8.06],
  [6.34,13.15,6.62,17.56,27.49,6.07,19.07,17.24,16.79,14.10,17.67,8.02,8.17,4.90,5.39,7.17,7.71,6.84,7.04,5.13,6.62,5.29,5.98,7.12,16.90,26.50,26.69,23.12,25.81,25.37,25.36,31.21,28.73,31.35,17.71,17.43,18.72,21.29,16.87,19.26,21.47,17.64,18.70,20.14,18.50,19.80,18.18,21.36,20.42,21.80,19.78,19.97,18.50,18.86,20.05,20.07,9.55,8.14,7.12,6.49,7.29,8.25,7.08,8.73,8.95,8.65,9.52,8.80,9.90,9.50,8.88,9.35,9.08,7.26,9.73,2.18,99.00,1.78,1.25,0.84,0.98,1.64,2.91,2.91,0.70,3.23,3.46,9.48,8.60,12.41,12.95,11.68,12.45,12.66,11.13,11.92,12.12,10.66,11.81,13.27,9.31,10.13,7.08,10.36,5.26,9.53],
  [5.05,13.43,8.11,19.07,28.66,4.93,20.00,18.06,18.10,15.62,18.76,8.97,9.06,5.56,6.67,8.07,8.46,7.33,7.58,6.01,7.29,6.11,6.95,7.34,18.25,27.65,27.90,24.27,27.23,26.77,26.77,32.63,30.21,32.73,19.01,18.88,20.28,22.75,18.32,20.72,22.83,19.19,20.10,21.43,19.69,21.13,19.37,22.70,21.84,23.43,21.21,21.45,19.91,20.06,21.38,21.46,8.16,6.67,5.69,4.93,5.74,6.66,5.59,7.39,7.45,7.19,7.94,7.27,8.43,7.88,7.72,7.83,8.04,6.03,8.73,0.62,1.78,99.00,1.07,2.61,1.85,0.37,1.58,1.58,1.12,1.50,1.69,10.86,10.05,13.02,13.82,12.50,13.12,13.56,11.75,12.64,12.93,11.44,13.02,14.03,8.54,9.33,6.01,9.63,4.26,8.68],
  [5.09,12.55,7.08,18.03,27.59,5.97,18.96,17.04,17.03,14.59,17.70,7.91,8.02,4.54,5.61,7.02,7.44,6.37,6.60,4.95,6.28,5.07,5.89,6.46,17.19,26.59,26.83,23.20,26.18,25.71,25.71,31.57,29.17,31.67,17.94,17.83,19.26,21.70,17.27,19.67,21.76,18.17,19.05,20.37,18.63,20.06,18.30,21.63,20.79,22.44,20.15,20.40,18.86,19.00,20.32,20.40,8.30,6.90,5.87,5.27,6.06,7.03,5.84,7.48,7.71,7.41,8.30,7.57,8.66,8.29,7.64,8.11,7.87,6.02,8.53,1.12,1.25,1.07,99.00,2.04,1.89,1.23,1.68,1.68,0.99,2.19,2.47,9.80,9.00,12.04,12.79,11.48,12.13,12.52,10.76,11.63,11.90,10.42,11.95,13.01,8.17,8.98,5.86,9.24,4.04,8.37],
  [7.10,13.25,6.09,16.97,27.08,6.60,18.80,17.05,16.33,13.51,17.33,7.82,8.00,4.93,5.02,7.00,7.62,6.90,7.08,5.03,6.59,5.21,5.80,7.31,16.40,26.10,26.26,22.73,25.25,24.84,24.82,30.66,28.13,30.82,17.25,16.87,18.09,20.72,16.31,18.70,20.97,17.01,18.16,19.68,18.10,19.32,17.78,20.86,19.88,21.11,19.23,19.39,17.96,18.46,19.55,19.54,10.31,8.93,7.90,7.30,8.10,9.06,7.88,9.48,9.74,9.44,10.33,9.61,10.69,10.32,9.58,10.15,9.75,8.00,10.37,3.01,0.84,2.61,2.04,99.00,1.30,2.44,3.71,3.71,1.50,4.07,4.29,9.00,8.07,12.34,12.74,11.51,12.36,12.43,11.07,11.81,11.96,10.51,11.42,13.12,9.88,10.70,7.77,10.91,5.94,10.13],
  [6.83,14.13,7.39,18.27,28.35,5.30,20.00,18.20,17.62,14.81,18.57,8.97,9.13,5.87,6.27,8.12,8.68,7.81,8.02,6.10,7.59,6.26,6.93,8.08,17.70,27.36,27.54,23.99,26.55,26.14,26.12,31.96,29.43,32.12,18.54,18.17,19.38,22.02,17.62,20.00,22.26,18.30,19.46,20.97,19.37,20.61,19.05,22.15,21.18,22.38,20.54,20.70,19.26,19.73,20.85,20.84,9.99,8.51,7.52,6.78,7.59,8.52,7.44,9.20,9.30,9.03,9.79,9.13,10.27,9.73,9.45,9.68,9.72,7.79,10.38,2.43,0.98,1.85,1.89,1.30,99.00,1.55,3.33,3.33,0.91,3.33,3.49,10.29,9.37,13.38,13.90,12.64,13.42,13.60,12.11,12.89,13.08,11.62,12.68,14.23,10.06,10.87,7.69,11.13,5.89,10.25],
  [5.42,13.72,8.13,19.10,28.79,4.75,20.18,18.27,18.19,15.64,18.91,9.13,9.24,5.77,6.75,8.24,8.67,7.58,7.82,6.18,7.50,6.29,7.11,7.63,18.33,27.79,28.02,24.40,27.29,26.83,26.83,32.69,30.25,32.81,19.10,18.92,20.29,22.79,18.37,20.77,22.90,19.20,20.17,21.53,19.82,21.22,19.49,22.78,21.90,23.40,21.26,21.49,19.97,20.18,21.47,21.53,8.51,7.01,6.04,5.26,6.07,6.98,5.93,7.75,7.79,7.53,8.25,7.60,8.76,8.18,8.08,8.16,8.41,6.40,9.10,1.00,1.64,0.37,1.23,2.44,1.55,99.00,1.95,1.95,0.94,1.78,1.94,10.92,10.09,13.26,14.01,12.70,13.35,13.75,11.98,12.86,13.13,11.64,13.14,14.24,8.91,9.70,6.38,10.00,4.63,9.05],
  [3.51,12.30,8.25,19.10,28.21,5.85,19.34,17.31,17.85,15.70,18.26,8.46,8.50,4.97,6.62,7.55,7.80,6.50,6.77,5.57,6.60,5.63,6.55,6.29,18.06,27.19,27.49,23.81,27.11,26.60,26.62,32.48,30.18,32.54,18.74,18.82,20.40,22.68,18.27,20.67,22.62,19.31,19.98,21.15,19.30,20.89,18.97,22.47,21.73,23.68,21.10,21.42,19.81,19.68,21.16,21.32,6.67,5.24,4.22,3.59,4.39,5.36,4.18,5.88,6.04,5.75,6.62,5.90,7.00,6.62,6.14,6.44,6.45,4.47,7.14,0.96,2.91,1.58,1.68,3.71,3.33,1.95,99.00,0.00,2.45,1.08,1.38,10.79,10.08,12.15,13.16,11.81,12.29,12.93,10.89,11.85,12.21,10.73,12.71,13.26,6.98,7.77,4.42,8.07,2.69,7.11],
  [3.51,12.30,8.25,19.10,28.21,5.85,19.34,17.31,17.85,15.70,18.26,8.46,8.50,4.97,6.62,7.55,7.80,6.50,6.77,5.57,6.60,5.63,6.55,6.29,18.06,27.19,27.49,23.81,27.11,26.60,26.62,32.48,30.18,32.54,18.74,18.82,20.40,22.68,18.27,20.67,22.62,19.31,19.98,21.15,19.30,20.89,18.97,22.47,21.73,23.68,21.10,21.42,19.81,19.68,21.16,21.32,6.67,5.24,4.22,3.59,4.39,5.36,4.18,5.88,6.04,5.75,6.62,5.90,7.00,6.62,6.14,6.44,6.45,4.47,7.14,0.96,2.91,1.58,1.68,3.71,3.33,1.95,0.00,99.00,2.45,1.08,1.38,10.79,10.08,12.15,13.16,11.81,12.29,12.93,10.89,11.85,12.21,10.73,12.71,13.26,6.98,7.77,4.42,8.07,2.69,7.11],
  [5.95,13.42,7.28,18.24,28.07,5.45,19.58,17.71,17.41,14.78,18.23,8.52,8.65,5.27,5.99,7.64,8.14,7.16,7.39,5.58,7.01,5.72,6.47,7.35,17.53,27.08,27.29,23.70,26.46,26.02,26.01,31.86,29.40,32.00,18.33,18.09,19.41,21.95,17.53,19.93,22.11,18.32,19.35,20.76,19.09,20.43,18.77,21.99,21.08,22.49,20.44,20.64,19.15,19.46,20.68,20.71,9.13,7.67,6.67,5.97,6.78,7.72,6.60,8.33,8.47,8.19,9.00,8.31,9.44,8.96,8.55,8.86,8.81,6.90,9.48,1.61,0.70,1.12,0.99,1.50,0.91,0.94,2.45,2.45,99.00,2.60,2.81,10.12,9.25,12.80,13.43,12.15,12.86,13.15,11.52,12.35,12.58,11.10,12.40,13.71,9.16,9.97,6.79,10.23,4.98,9.35],
  [3.84,13.33,9.15,20.06,29.28,4.83,20.43,18.40,18.88,16.64,19.34,9.52,9.58,6.04,7.58,8.62,8.88,7.58,7.85,6.62,7.68,6.68,7.60,7.36,19.08,28.26,28.56,24.88,28.12,27.62,27.63,33.50,31.17,33.56,19.78,19.81,21.34,23.67,19.26,21.66,23.64,20.24,20.99,22.19,20.36,21.93,20.03,23.50,22.74,24.56,22.10,22.40,20.81,20.74,22.19,22.33,6.82,5.27,4.34,3.50,4.31,5.20,4.20,6.09,6.04,5.80,6.47,5.84,7.02,6.40,6.54,6.40,6.95,4.84,7.66,1.08,3.23,1.50,2.19,4.07,3.33,1.78,1.08,1.08,2.60,99.00,0.31,11.77,11.03,13.23,14.24,12.89,13.37,14.02,11.97,12.93,13.30,11.81,13.75,14.34,7.66,8.43,4.95,8.76,3.40,7.73],
  [3.89,13.59,9.46,20.36,29.58,4.60,20.72,18.69,19.19,16.95,19.64,9.83,9.88,6.34,7.88,8.93,9.18,7.87,8.14,6.93,7.98,6.99,7.90,7.63,19.39,28.57,28.86,25.18,28.43,27.93,27.94,33.80,31.47,33.87,20.09,20.11,21.64,23.98,19.56,21.96,23.95,20.55,21.29,22.50,20.67,22.23,20.34,23.81,23.04,24.86,22.41,22.71,21.12,21.04,22.50,22.64,6.79,5.22,4.32,3.43,4.23,5.09,4.16,6.08,5.97,5.75,6.36,5.76,6.95,6.27,6.58,6.31,7.02,4.88,7.74,1.35,3.46,1.69,2.47,4.29,3.49,1.94,1.38,1.38,2.81,0.31,99.00,12.08,11.34,13.51,14.54,13.19,13.66,14.31,12.25,13.22,13.59,12.11,14.06,14.63,7.79,8.54,5.05,8.88,3.56,7.84],
  [12.27,8.88,2.94,8.32,18.13,15.55,10.47,9.24,7.33,4.99,8.63,3.46,3.70,6.14,4.20,4.01,4.52,5.90,5.68,5.39,5.25,5.41,4.47,7.00,7.41,17.17,17.29,13.82,16.37,15.91,15.91,21.77,19.39,21.88,8.25,8.04,9.70,11.91,7.48,9.88,11.99,8.60,9.24,10.68,9.18,10.32,8.88,11.87,10.98,13.14,10.35,10.63,9.05,9.53,10.56,10.60,14.79,14.21,13.29,13.39,13.94,14.84,13.52,13.97,14.90,14.51,15.83,14.97,15.54,16.04,13.30,15.35,12.92,12.60,13.12,10.83,9.48,10.86,9.80,9.00,10.29,10.92,10.79,10.79,10.12,11.77,12.08,99.00,1.05,6.50,5.39,4.87,6.21,4.98,5.81,5.65,5.22,4.60,2.73,6.26,11.87,12.43,11.90,12.32,10.83,12.35],
  [11.81,9.48,1.98,9.03,19.13,14.66,11.52,10.26,8.29,5.61,9.67,3.55,3.84,5.66,3.47,3.87,4.54,5.75,5.57,4.88,5.04,4.94,4.05,6.88,8.33,18.17,18.27,14.84,17.21,16.77,16.76,22.61,20.17,22.75,9.22,8.84,10.32,12.71,8.28,10.68,12.89,9.22,10.10,11.64,10.20,11.25,9.90,12.79,11.82,13.66,11.18,11.40,9.90,10.54,11.48,11.47,14.47,13.78,12.83,12.86,13.44,14.37,13.04,13.63,14.50,14.12,15.40,14.55,15.19,15.60,13.02,14.96,12.70,12.21,12.96,10.06,8.60,10.05,9.00,8.07,9.37,10.09,10.08,10.08,9.25,11.03,11.34,1.05,99.00,7.24,6.31,5.66,6.98,5.91,6.42,6.39,6.05,5.24,3.78,7.13,11.76,12.36,11.54,12.29,10.35,12.23],
  [11.71,2.64,8.06,11.29,16.83,17.92,7.52,5.29,8.37,9.29,7.19,4.74,4.48,7.53,7.77,5.41,4.73,5.69,5.44,7.31,5.79,7.14,6.60,5.92,8.97,15.80,16.31,12.54,17.32,16.59,16.70,22.30,20.71,22.11,8.98,10.46,12.99,13.65,10.09,11.99,12.69,12.09,10.94,10.94,8.69,11.00,8.38,12.47,12.51,16.64,12.02,12.77,10.91,9.06,11.33,11.96,12.96,13.11,12.54,13.14,13.33,13.97,12.88,12.36,13.54,13.19,14.51,13.76,13.81,14.87,11.33,13.92,10.69,11.51,10.52,12.69,12.41,13.02,12.04,12.34,13.38,13.26,12.15,12.15,12.80,13.23,13.51,6.50,7.24,99.00,2.19,1.69,0.43,2.38,1.28,0.86,1.48,2.07,4.93,1.48,9.17,9.32,10.73,9.01,10.68,9.63],
  [13.22,4.76,7.61,9.10,15.22,18.76,6.19,4.31,6.20,7.26,5.34,4.93,4.78,8.27,7.83,5.79,5.37,6.70,6.42,7.85,6.57,7.72,6.97,7.24,6.78,14.20,14.61,10.86,15.28,14.58,14.68,20.36,18.65,20.22,6.84,8.27,10.81,11.50,7.90,9.81,10.63,9.92,8.77,8.91,6.72,8.92,6.39,10.42,10.36,14.45,9.86,10.59,8.73,7.09,9.24,9.82,14.78,14.77,14.12,14.61,14.89,15.60,14.44,14.12,15.27,14.91,16.25,15.46,15.62,16.58,13.15,15.68,12.54,13.14,12.44,13.57,12.95,13.82,12.79,12.74,13.90,14.01,13.16,13.16,13.43,14.24,14.54,5.39,6.31,2.19,99.00,1.36,1.76,0.40,2.78,1.70,1.03,2.44,3.17,1.02,11.08,11.31,12.36,11.03,12.06,11.56],
  [11.87,4.28,6.68,9.94,16.58,17.44,7.53,5.57,7.29,7.71,6.68,3.70,3.52,6.94,6.68,4.52,4.04,5.34,5.06,6.56,5.23,6.42,5.72,5.88,7.80,15.56,15.96,12.21,16.50,15.83,15.91,21.63,19.84,21.51,7.99,9.19,11.63,12.60,8.77,10.83,11.85,10.68,9.83,10.15,8.00,10.11,7.67,11.64,11.47,15.29,10.94,11.61,9.77,8.38,10.43,10.94,13.50,13.45,12.78,13.25,13.55,14.27,13.09,12.82,13.96,13.59,14.94,14.14,14.34,15.26,11.87,14.37,11.28,11.81,11.21,12.24,11.68,12.50,11.48,11.51,12.64,12.70,11.81,11.81,12.15,12.89,13.19,4.87,5.66,1.69,1.36,99.00,1.35,1.24,1.63,0.84,0.45,1.08,3.29,1.64,9.85,10.13,11.03,9.87,10.70,10.34],
  [11.96,3.06,7.89,10.86,16.53,18.03,7.25,5.07,7.96,8.87,6.83,4.66,4.42,7.60,7.70,5.38,4.75,5.80,5.55,7.33,5.85,7.17,6.58,6.11,8.54,15.50,15.99,12.22,16.93,16.21,16.32,21.93,20.32,21.75,8.57,10.03,12.56,13.24,9.66,11.57,12.30,11.66,10.52,10.55,8.31,10.60,8.00,12.08,12.10,16.21,11.60,12.35,10.49,8.68,10.93,11.54,13.28,13.40,12.81,13.38,13.60,14.25,13.15,12.67,13.84,13.49,14.82,14.05,14.13,15.17,11.65,14.23,11.02,11.79,10.86,12.80,12.45,13.12,12.13,12.36,13.42,13.35,12.29,12.29,12.86,13.37,13.66,6.21,6.98,0.43,1.76,1.35,99.00,1.96,1.41,0.60,1.09,1.93,4.54,1.12,9.51,9.68,11.01,9.38,10.90,9.98],
  [13.09,5.00,7.23,8.91,15.37,18.49,6.44,4.63,6.11,6.96,5.45,4.63,4.51,8.02,7.49,5.51,5.14,6.51,6.23,7.58,6.34,7.45,6.68,7.10,6.66,14.35,14.74,11.00,15.28,14.60,14.69,20.40,18.63,20.28,6.79,8.11,10.62,11.42,7.72,9.70,10.62,9.71,8.67,8.92,6.76,8.90,6.44,10.42,10.29,14.27,9.77,10.48,8.62,7.14,9.21,9.76,14.73,14.68,14.01,14.47,14.77,15.50,14.32,14.06,15.20,14.83,16.18,15.38,15.57,16.50,13.10,15.61,12.51,13.04,12.43,13.32,12.66,13.56,12.52,12.43,13.60,13.75,12.93,12.93,13.15,14.02,14.31,4.98,5.91,2.38,0.40,1.24,1.96,99.00,2.79,1.77,1.03,2.28,2.79,1.38,11.07,11.33,12.26,11.06,11.90,11.55],
  [10.58,3.07,7.01,11.56,17.87,16.65,8.64,6.48,8.89,9.23,8.08,3.58,3.30,6.25,6.58,4.18,3.46,4.42,4.16,6.04,4.51,5.86,5.35,4.70,9.42,16.85,17.31,13.54,18.05,17.36,17.46,23.13,21.41,22.99,9.58,10.81,13.25,14.21,10.40,12.45,13.40,12.29,11.44,11.68,9.49,11.68,9.17,13.19,13.08,16.91,12.55,13.24,11.39,9.86,12.00,12.54,12.01,12.06,11.44,11.99,12.23,12.90,11.78,11.37,12.53,12.17,13.51,12.73,12.85,13.84,10.38,12.93,9.77,10.43,9.66,11.41,11.13,11.75,10.76,11.07,12.11,11.98,10.89,10.89,11.52,11.97,12.25,5.81,6.42,1.28,2.78,1.63,1.41,2.79,99.00,1.10,1.77,1.22,4.77,2.47,8.30,8.54,9.65,8.27,9.50,8.78],
  [11.66,3.44,7.29,10.66,16.78,17.56,7.58,5.47,7.88,8.52,6.98,4.08,3.85,7.09,7.11,4.82,4.22,5.35,5.08,6.80,5.35,6.64,6.02,5.74,8.43,15.76,16.21,12.45,16.98,16.28,16.38,22.04,20.35,21.89,8.54,9.87,12.36,13.18,9.47,11.46,12.33,11.43,10.43,10.60,8.40,10.62,8.08,12.12,12.05,16.01,11.53,12.25,10.39,8.77,10.94,11.51,13.11,13.15,12.53,13.07,13.31,13.99,12.86,12.47,13.63,13.27,14.61,13.83,13.95,14.94,11.48,14.03,10.86,11.53,10.75,12.33,11.92,12.64,11.63,11.81,12.89,12.86,11.85,11.85,12.35,12.93,13.22,5.65,6.39,0.86,1.70,0.84,0.60,1.77,1.10,99.00,0.75,1.34,4.12,1.42,9.39,9.61,10.75,9.33,10.55,9.86],
  [12.20,4.12,7.12,9.91,16.24,17.86,7.14,5.14,7.14,7.81,6.37,4.14,3.96,7.37,7.13,4.96,4.47,5.73,5.46,7.00,5.65,6.86,6.16,6.23,7.69,15.21,15.64,11.88,16.28,15.60,15.69,21.38,19.64,21.25,7.82,9.12,11.61,12.45,8.72,10.72,11.63,10.68,9.70,9.92,7.74,9.91,7.41,11.42,11.32,15.26,10.80,11.50,9.65,8.11,10.23,10.78,13.75,13.74,13.09,13.59,13.87,14.57,13.42,13.09,14.24,13.88,15.22,14.43,14.59,15.55,12.12,14.65,11.52,12.11,11.43,12.65,12.12,12.93,11.90,11.96,13.08,13.13,12.21,12.21,12.58,13.30,13.59,5.22,6.05,1.48,1.03,0.45,1.09,1.03,1.77,0.75,99.00,1.49,3.46,1.19,10.07,10.31,11.33,10.04,11.05,10.55],
  [10.82,4.28,5.98,10.61,17.65,16.37,8.62,6.62,8.15,8.11,7.73,2.74,2.53,5.88,5.77,3.51,2.98,4.26,3.98,5.53,4.15,5.38,4.72,4.83,8.62,16.62,17.02,13.27,17.44,16.79,16.86,22.61,20.76,22.52,8.90,9.92,12.27,13.44,9.47,11.62,12.79,11.29,10.66,11.12,9.01,11.05,8.68,12.59,12.34,15.93,11.78,12.41,10.58,9.38,11.36,11.82,12.54,12.43,11.74,12.19,12.50,13.24,12.05,11.84,12.96,12.59,13.94,13.14,13.37,14.26,10.91,13.38,10.35,10.78,10.32,11.16,10.66,11.44,10.42,10.51,11.62,11.64,10.73,10.73,11.10,11.81,12.11,4.60,5.24,2.07,2.44,1.08,1.93,2.28,1.22,1.34,1.49,99.00,3.67,2.61,8.96,9.29,10.01,9.06,9.63,9.45],
  [13.61,7.56,5.54,7.07,15.67,17.85,7.74,6.57,5.15,4.46,5.96,4.38,4.45,7.78,6.42,5.25,5.32,6.86,6.59,7.14,6.41,7.09,6.16,7.78,5.43,14.68,14.89,11.31,14.49,13.93,13.97,19.82,17.68,19.84,6.03,6.49,8.69,10.22,6.00,8.28,9.93,7.67,7.44,8.44,6.69,8.19,6.37,9.77,9.18,12.33,8.58,9.07,7.31,7.05,8.47,8.72,15.74,15.41,14.60,14.87,15.31,16.14,14.87,14.98,16.02,15.64,16.99,16.15,16.54,17.26,14.15,16.46,13.66,13.76,13.72,12.91,11.81,13.02,11.95,11.42,12.68,13.14,12.71,12.71,12.40,13.75,14.06,2.73,3.78,4.93,3.17,3.29,4.54,2.79,4.77,4.12,3.46,3.67,99.00,4.17,12.38,12.79,13.00,12.60,12.26,12.88],
  [13.05,3.85,8.29,9.99,15.42,18.95,6.17,4.06,6.97,8.27,5.72,5.32,5.12,8.47,8.32,6.12,5.58,6.76,6.49,8.14,6.74,7.99,7.32,7.15,7.59,14.39,14.87,11.10,15.84,15.11,15.22,20.82,19.23,20.64,7.54,9.12,11.70,12.21,8.78,10.60,11.21,10.85,9.53,9.46,7.21,9.53,6.90,10.99,11.07,15.33,10.59,11.37,9.52,7.58,9.86,10.51,14.41,14.50,13.91,14.46,14.69,15.36,14.24,13.79,14.96,14.60,15.94,15.17,15.25,16.28,12.77,15.35,12.14,12.89,11.98,13.73,13.27,14.03,13.01,13.12,14.23,14.24,13.26,13.26,13.71,14.34,14.63,6.26,7.13,1.48,1.02,1.64,1.12,1.38,2.47,1.42,1.19,2.61,4.17,99.00,10.63,10.79,12.11,10.49,11.96,11.10],
  [4.12,7.83,10.78,19.46,25.93,12.17,16.57,14.26,17.11,16.58,16.34,8.43,8.22,6.67,9.10,7.90,7.36,6.01,6.21,7.37,6.72,7.21,7.88,4.88,17.58,24.91,25.45,21.69,26.35,25.66,25.76,31.43,29.70,31.26,17.84,18.83,21.06,22.41,18.36,20.57,21.69,20.03,19.62,19.98,17.79,19.97,17.47,21.49,21.30,24.68,20.75,21.36,19.53,18.16,20.28,20.78,3.87,4.48,4.41,5.38,5.14,5.40,4.78,3.45,4.66,4.37,5.57,4.94,4.72,5.98,2.32,4.96,1.59,3.32,1.36,7.93,9.31,8.54,8.17,9.88,10.06,8.91,6.98,6.98,9.16,7.66,7.79,11.87,11.76,9.17,11.08,9.85,9.51,11.07,8.30,9.39,10.07,8.96,12.38,10.63,99.00,0.82,2.83,1.10,4.29,0.49],
  [4.80,7.77,11.46,19.85,25.99,12.88,16.62,14.29,17.41,17.06,16.51,8.97,8.74,7.40,9.80,8.49,7.90,6.62,6.79,8.08,7.34,7.91,8.54,5.48,17.90,24.97,25.54,21.79,26.59,25.88,25.98,31.61,29.95,31.42,18.12,19.20,21.48,22.72,18.74,20.91,21.94,20.45,19.94,20.21,17.99,20.22,17.67,21.73,21.60,25.11,21.06,21.70,19.86,18.36,20.54,21.07,4.04,4.90,4.97,5.99,5.66,5.80,5.33,3.78,4.95,4.71,5.81,5.27,4.85,6.23,2.65,5.20,1.92,3.94,1.37,8.72,10.13,9.33,8.98,10.70,10.87,9.70,7.77,7.77,9.97,8.43,8.54,12.43,12.36,9.32,11.31,10.13,9.68,11.33,8.54,9.61,10.31,9.29,12.79,10.79,0.82,99.00,3.53,0.43,5.08,0.73],
  [1.30,9.95,10.16,19.98,27.53,9.35,18.25,16.00,18.02,16.84,17.70,8.69,8.57,5.93,8.37,7.94,7.69,6.15,6.42,6.71,6.70,6.61,7.49,5.25,18.40,26.50,26.96,23.19,27.38,26.76,26.82,32.61,30.65,32.52,18.83,19.48,21.49,23.22,18.97,21.29,22.75,20.41,20.42,21.11,19.01,21.00,18.68,22.56,22.16,25.01,21.57,22.07,20.31,19.39,21.30,21.67,2.96,2.43,1.84,2.66,2.64,3.25,2.20,2.10,3.02,2.64,3.99,3.15,3.65,4.27,1.82,3.47,2.03,0.78,2.72,5.38,7.08,6.01,5.86,7.77,7.69,6.38,4.42,4.42,6.79,4.95,5.05,11.90,11.54,10.73,12.36,11.03,11.01,12.26,9.65,10.75,11.33,10.01,13.00,12.11,2.83,3.53,99.00,3.90,1.83,2.81],
  [5.18,7.40,11.45,19.65,25.64,13.25,16.27,13.94,17.16,16.90,16.20,8.86,8.62,7.46,9.82,8.41,7.80,6.56,6.72,8.11,7.29,7.94,8.53,5.42,17.66,24.62,25.20,21.46,26.30,25.59,25.70,31.31,29.68,31.11,17.85,18.98,21.28,22.47,18.53,20.67,21.66,20.27,19.69,19.93,17.70,19.95,17.38,21.45,21.35,24.92,20.81,21.46,19.62,18.06,20.27,20.81,4.46,5.33,5.38,6.39,6.08,6.23,5.74,4.21,5.38,5.14,6.23,5.69,5.26,6.65,3.08,5.62,2.34,4.34,1.80,9.02,10.36,9.63,9.24,10.91,11.13,10.00,8.07,8.07,10.23,8.76,8.88,12.32,12.29,9.01,11.03,9.87,9.38,11.06,8.27,9.33,10.04,9.06,12.60,10.49,1.10,0.43,3.90,99.00,5.39,1.13],
  [1.47,10.35,8.80,19.07,27.27,8.10,18.13,15.97,17.38,15.82,17.35,7.88,7.82,4.70,7.01,7.04,6.98,5.46,5.75,5.48,5.85,5.43,6.36,4.82,17.69,26.25,26.64,22.90,26.74,26.16,26.21,32.04,29.94,32.01,18.22,18.66,20.52,22.46,18.13,20.49,22.14,19.43,19.69,20.57,18.56,20.40,18.23,21.98,21.44,23.97,20.83,21.26,19.55,18.94,20.69,20.98,4.55,3.49,2.50,2.61,3.10,4.02,2.69,3.68,4.27,3.90,5.10,4.26,5.10,5.27,3.64,4.72,3.83,2.14,4.50,3.64,5.26,4.26,4.04,5.94,5.89,4.63,2.69,2.69,4.98,3.40,3.56,10.83,10.35,10.68,12.06,10.70,10.90,11.90,9.50,10.55,11.05,9.63,12.26,11.96,4.29,5.08,1.83,5.39,99.00,4.42],
  [4.08,8.24,11.22,19.95,26.38,12.15,17.01,14.70,17.60,17.07,16.81,8.92,8.71,7.09,9.52,8.37,7.85,6.48,6.68,7.79,7.18,7.64,8.32,5.36,18.07,25.36,25.91,22.15,26.83,26.14,26.23,31.90,30.18,31.73,18.33,19.32,21.55,22.89,18.85,21.06,22.18,20.52,20.10,20.46,18.27,20.45,17.94,21.97,21.79,25.17,21.23,21.85,20.02,18.63,20.76,21.27,3.48,4.22,4.25,5.26,4.95,5.12,4.61,3.13,4.32,4.06,5.21,4.62,4.31,5.62,1.99,4.60,1.25,3.21,0.89,8.06,9.53,8.68,8.37,10.13,10.25,9.05,7.11,7.11,9.35,7.73,7.84,12.35,12.23,9.63,11.56,10.34,9.98,11.55,8.78,9.86,10.55,9.45,12.88,11.10,0.49,0.73,2.81,1.13,4.42,99.00]
];
