// Chosen Depots: [1, 2, 3, 4, 5, 6]
// Chosen Demand Points (Original DP No): [2, 3, 4, 5, 6, 8, 18, 19, 24, 25, 26, 29, 30, 32, 37, 40, 45, 47, 48, 53, 54, 57, 58, 59, 62, 63, 65, 67, 68, 71, 72, 73, 75, 80, 82, 84, 85, 86, 87, 88, 89, 90, 91, 92, 93, 99, 103, 104, 105, 106, 107, 109, 110, 111, 113, 116, 118, 122, 125, 129, 130, 131, 133, 135, 136, 137, 138, 139, 144, 145, 147, 149, 151, 153, 156, 161, 162, 165, 170, 171]
// Original Weights: [9, 9, 6, 6, 9, 4, 4, 5, 5, 5, 4, 5, 5, 6, 9, 9, 8, 6, 6, 5, 4, 5, 6, 5, 4, 5, 7, 6, 7, 7, 7, 6, 2, 5, 6, 6, 6, 6, 7, 6, 7, 6, 6, 5, 7, 6, 7, 7, 6, 7, 8, 7, 7, 7, 7, 7, 7, 8, 2, 2, 4, 2, 4, 4, 2, 3, 3, 4, 8, 7, 5, 6, 8, 8, 7, 8, 8, 6, 8, 8]

|W| = 6;
|D| = 80;
V = 54;
C = 3;
|K| = 2;
M = 100;
S = 0.25;
|TR| = 14;
δmax = 18.3;
Runtime = 40;

// Priority weights for selected demand points
pj = [
  9, 9, 6, 6, 9, 4, 4, 5, 5, 5, 4, 5, 5, 6, 9, 9, 8, 6, 6, 5, 4, 5, 6, 5, 4, 5, 7, 6, 7, 7, 7, 6, 2, 5, 6, 6, 6, 6, 7, 6, 7, 6, 6, 5, 7, 6, 7, 7, 6, 7, 8, 7, 7, 7, 7, 7, 7, 8, 2, 2, 4, 2, 4, 4, 2, 3, 3, 4, 8, 7, 5, 6, 8, 8, 7, 8, 8, 6, 8, 8
];

δij =
[
  [99.00,99.00,99.00,99.00,99.00,99.00,19.21,17.00,18.70,18.70,18.10,17.26,8.48,8.42,6.93,7.21,9.54,6.88,7.81,19.04,24.08,21.64,34.53,31.81,28.60,20.04,21.94,19.52,24.56,22.59,20.86,21.04,21.85,20.18,19.81,19.47,23.28,22.79,25.41,20.91,22.00,22.32,19.49,20.20,3.22,1.64,4.43,2.02,1.03,1.44,3.60,1.26,2.57,2.81,0.36,2.46,3.04,3.63,4.20,2.79,3.80,2.70,4.65,3.86,6.34,6.83,3.46,5.42,3.51,3.45,5.95,3.84,3.89,12.27,13.22,11.87,10.83,13.24,10.58,11.66,12.20,13.25,13.05,1.06,4.61,4.08],
  [99.00,99.00,99.00,99.00,99.00,99.00,8.93,6.60,10.80,10.80,8.14,11.93,9.26,6.83,8.35,6.74,8.34,8.14,7.88,11.43,14.17,11.84,25.19,23.22,19.93,12.98,15.55,12.63,15.96,14.85,14.68,13.35,13.08,12.54,10.80,10.51,14.62,14.84,19.18,13.35,13.56,14.27,11.55,11.95,11.71,11.70,13.73,12.16,11.79,12.55,12.96,12.15,12.24,12.45,11.16,12.14,10.10,13.40,13.45,12.72,13.79,10.14,13.75,9.10,13.15,14.13,13.26,13.72,12.30,12.49,13.42,13.33,13.59,8.88,4.76,4.28,6.71,6.76,3.07,3.44,4.12,4.23,3.85,10.11,7.19,8.24],
  [99.00,99.00,99.00,99.00,99.00,99.00,13.22,11.78,10.26,10.26,11.91,7.52,1.80,3.36,3.48,4.22,1.62,3.61,2.93,10.31,16.76,14.51,25.90,22.69,19.69,10.81,12.19,10.25,15.88,13.48,11.10,12.08,13.61,11.30,12.12,11.81,14.77,13.80,15.43,11.87,13.46,13.45,10.93,11.77,13.12,11.85,14.68,12.28,11.29,11.22,13.82,11.47,12.78,13.03,10.60,12.66,12.02,13.90,14.44,13.05,14.06,11.77,14.88,11.88,6.62,7.39,9.45,8.13,8.25,8.50,7.28,9.15,9.46,2.94,7.61,6.68,3.65,5.79,7.01,7.29,7.12,8.16,8.29,10.04,10.52,11.22],
  [99.00,99.00,99.00,99.00,99.00,99.00,8.59,9.40,3.42,3.42,7.92,3.46,12.48,12.06,13.68,13.29,11.09,13.69,12.74,2.69,8.28,7.18,15.11,11.75,8.86,1.05,1.71,1.22,5.48,2.79,1.08,2.10,4.55,2.11,5.15,5.14,4.82,3.24,5.35,1.82,3.85,3.17,3.00,3.37,22.77,21.87,24.62,22.35,21.49,21.66,23.74,21.74,22.74,23.00,20.75,22.62,21.35,23.95,24.35,23.11,24.20,21.20,24.77,20.79,17.56,18.27,20.31,19.10,19.10,19.35,18.24,20.06,20.36,8.32,9.10,9.94,9.71,7.66,11.56,10.66,9.91,9.62,9.99,19.95,18.95,19.95],
  [99.00,99.00,99.00,99.00,99.00,99.00,9.37,11.70,10.87,10.87,10.36,14.60,22.10,20.66,22.68,21.64,20.51,22.60,21.72,10.98,4.40,6.81,7.69,7.89,6.08,11.21,11.89,11.69,6.48,9.08,12.45,9.78,7.62,10.29,8.98,9.30,6.92,8.57,12.41,10.05,8.04,8.57,10.31,9.46,29.77,29.43,31.79,29.92,29.31,29.83,30.97,29.64,30.12,30.36,28.59,30.01,28.17,31.34,31.51,30.58,31.69,28.15,31.85,27.26,27.49,28.35,29.41,28.79,28.21,28.46,28.07,29.28,29.58,18.13,15.22,16.58,18.34,15.71,17.87,16.78,16.24,15.19,15.42,27.61,25.31,26.38],
  [99.00,99.00,99.00,99.00,99.00,99.00,24.93,22.99,22.86,22.86,23.67,20.10,11.44,12.99,10.93,12.22,13.02,11.04,11.86,22.96,29.14,26.78,38.57,35.31,32.36,23.47,24.66,22.91,28.55,26.14,23.59,24.75,26.21,23.97,24.54,24.22,27.42,26.47,27.59,24.55,26.11,26.12,23.56,24.39,10.29,8.79,9.89,8.70,8.11,7.06,9.64,7.82,9.19,9.24,8.27,9.17,10.91,9.20,9.89,8.93,8.91,10.60,10.18,11.89,6.07,5.30,4.97,4.75,5.85,5.66,5.45,4.83,4.60,15.55,18.76,17.44,15.21,17.83,16.65,17.56,17.86,19.03,18.95,9.09,12.61,12.15],
  [19.21,8.93,13.22,8.59,9.37,24.93,99.00,2.33,5.36,5.36,1.31,9.20,13.80,11.94,14.01,12.75,12.24,13.89,13.10,6.04,5.27,3.09,16.34,14.72,11.52,7.55,10.02,7.60,7.91,7.94,9.67,6.94,5.32,6.53,3.51,3.46,6.69,7.68,13.01,7.12,6.10,7.13,5.60,5.33,20.41,20.14,22.44,20.62,20.06,20.63,21.62,20.40,20.80,21.03,19.35,20.69,18.81,22.01,22.16,21.26,22.37,18.79,22.49,17.89,19.07,20.00,20.50,20.18,19.34,19.58,19.58,20.43,20.72,10.47,6.19,7.53,9.88,7.43,8.64,7.58,7.14,6.01,6.17,18.35,15.94,17.01],
  [17.00,6.60,11.78,9.40,11.70,22.99,2.33,99.00,5.98,5.98,1.75,9.14,12.12,10.08,12.13,10.78,10.62,11.99,11.27,6.72,7.58,5.31,18.64,16.88,13.63,8.37,11.00,8.26,9.84,9.39,10.44,8.13,7.06,7.52,4.89,4.69,8.55,9.23,14.31,8.24,7.72,8.65,6.49,6.51,18.11,17.87,20.14,18.35,17.82,18.43,19.33,18.17,18.52,18.75,17.13,18.41,16.50,19.72,19.86,18.98,20.08,16.50,20.18,15.57,17.24,18.20,18.44,18.27,17.31,17.55,17.71,18.40,18.69,9.24,4.31,5.57,8.24,6.07,6.48,5.47,5.14,3.96,4.06,16.11,13.63,14.70],
  [18.70,10.80,10.26,3.42,10.87,22.86,5.36,5.98,99.00,0.00,4.54,4.14,11.44,10.39,12.28,11.53,9.88,12.24,11.30,0.74,6.69,4.80,15.90,13.13,9.91,2.39,5.05,2.29,5.87,4.11,4.46,2.56,3.35,1.74,2.30,2.13,4.63,4.19,8.52,2.55,3.32,3.67,0.80,1.54,20.66,19.95,22.59,20.44,19.67,19.99,21.72,19.95,20.76,21.02,18.92,20.65,19.15,22.00,22.32,21.17,22.29,19.04,22.71,18.47,16.79,17.62,19.07,18.19,17.85,18.11,17.41,18.88,19.19,7.33,6.20,7.29,7.96,5.45,8.89,7.88,7.14,6.61,6.97,18.04,16.56,17.60],
  [18.70,10.80,10.26,3.42,10.87,22.86,5.36,5.98,0.00,99.00,4.54,4.14,11.44,10.39,12.28,11.53,9.88,12.24,11.30,0.74,6.69,4.80,15.90,13.13,9.91,2.39,5.05,2.29,5.87,4.11,4.46,2.56,3.35,1.74,2.30,2.13,4.63,4.19,8.52,2.55,3.32,3.67,0.80,1.54,20.66,19.95,22.59,20.44,19.67,19.99,21.72,19.95,20.76,21.02,18.92,20.65,19.15,22.00,22.32,21.17,22.29,19.04,22.71,18.47,16.79,17.62,19.07,18.19,17.85,18.11,17.41,18.88,19.19,7.33,6.20,7.29,7.96,5.45,8.89,7.88,7.14,6.61,6.97,18.04,16.56,17.60],
  [18.10,8.14,11.91,7.92,10.36,23.67,1.31,1.75,4.54,4.54,99.00,8.14,12.50,10.68,12.75,11.52,10.94,12.63,11.83,5.26,6.09,3.71,17.06,15.18,11.92,6.87,9.45,6.83,8.10,7.69,8.98,6.49,5.31,5.94,3.16,2.99,6.79,7.50,12.65,6.62,5.98,6.93,4.94,4.85,19.42,19.07,21.44,19.56,18.97,19.51,20.61,19.30,19.76,20.00,18.25,19.65,17.82,20.98,21.16,20.22,21.33,17.79,21.50,16.94,17.78,18.71,19.29,18.92,18.12,18.36,18.30,19.20,19.50,9.16,4.97,6.32,8.59,6.12,7.52,6.44,5.94,4.85,5.06,17.26,14.98,16.06],
  [17.26,11.93,7.52,3.46,14.60,20.10,9.20,9.14,4.14,4.14,8.14,99.00,9.08,8.90,10.37,10.15,7.75,10.40,9.46,3.75,10.66,8.93,18.54,15.21,12.30,3.50,4.71,2.97,8.70,6.12,3.62,4.92,7.00,4.31,6.44,6.26,7.79,6.51,8.17,4.66,6.58,6.26,4.43,5.24,19.70,18.70,21.49,19.17,18.27,18.38,20.61,18.50,19.59,19.85,17.54,19.47,18.35,20.79,21.23,19.94,21.02,18.17,21.65,17.88,14.10,14.81,16.91,15.64,15.70,15.95,14.78,16.64,16.95,4.99,7.26,7.71,6.69,5.21,9.23,8.52,7.81,7.91,8.27,16.80,16.13,17.07],
  [8.48,9.26,1.80,12.48,22.10,11.44,13.80,12.12,11.44,11.44,12.50,9.08,99.00,2.43,1.73,2.83,1.59,1.89,1.47,11.58,17.73,15.40,27.25,24.15,21.09,12.24,13.79,11.68,17.19,14.90,12.70,13.44,14.78,12.62,13.11,12.79,16.03,15.18,17.11,13.25,14.72,14.80,12.15,12.97,11.32,10.05,12.88,10.49,9.50,9.45,12.02,9.68,10.98,11.24,8.80,10.86,10.25,12.11,12.64,11.26,12.27,9.99,13.08,10.15,5.39,6.27,7.83,6.75,6.62,6.87,5.99,7.58,7.88,4.20,7.83,6.68,3.92,6.46,6.58,7.11,7.13,8.27,8.32,8.25,8.88,9.52],
  [8.42,6.83,3.36,12.06,20.66,12.99,11.94,10.08,10.39,10.39,10.68,8.90,2.43,99.00,2.07,1.24,1.80,1.96,1.20,10.67,16.26,13.86,26.29,23.43,20.27,11.62,13.55,11.10,16.26,14.19,12.48,12.66,13.64,11.80,11.75,11.42,15.01,14.41,17.07,12.51,13.71,13.96,11.16,11.92,10.80,9.82,12.59,10.29,9.43,9.65,11.71,9.68,10.69,10.96,8.68,10.57,9.49,11.90,12.32,11.05,12.14,9.29,12.75,9.12,7.17,8.12,8.76,8.24,7.55,7.81,7.64,8.62,8.93,4.01,5.79,4.52,2.43,5.00,4.18,4.82,4.96,6.13,6.12,7.90,7.54,8.37],
  [6.93,8.35,3.48,13.68,22.68,10.93,14.01,12.13,12.28,12.28,12.75,10.37,1.73,2.07,99.00,1.61,2.62,0.22,0.98,12.51,18.29,15.90,28.18,25.22,22.10,13.33,15.08,12.79,18.13,15.95,13.99,14.45,15.58,13.61,13.75,13.42,16.91,16.20,18.50,14.29,15.60,15.78,13.03,13.82,9.66,8.46,11.28,8.91,7.96,8.01,10.41,8.16,9.38,9.64,7.24,9.26,8.54,10.53,11.03,9.68,10.73,8.29,11.47,8.42,5.13,6.10,6.79,6.18,5.57,5.83,5.58,6.62,6.93,5.39,7.85,6.56,4.36,6.99,6.04,6.80,7.00,8.17,8.14,6.61,7.16,7.79],
  [7.21,6.74,4.22,13.29,21.64,12.22,12.75,10.78,11.53,11.53,11.52,10.15,2.83,1.24,1.61,99.00,2.83,1.40,1.36,11.84,17.25,14.83,27.41,24.61,21.43,12.83,14.79,12.31,17.40,15.38,13.72,13.84,14.75,12.98,12.80,12.47,16.14,15.59,18.32,13.70,14.85,15.13,12.31,13.05,9.56,8.58,11.35,9.06,8.21,8.46,10.46,8.47,9.45,9.72,7.46,9.33,8.25,10.67,11.08,9.82,10.91,8.05,11.50,7.92,6.62,7.59,7.78,7.50,6.60,6.84,7.01,7.68,7.98,5.25,6.57,5.23,3.61,6.10,4.51,5.35,5.65,6.81,6.74,6.66,6.39,7.18],
  [9.54,8.34,1.62,11.09,20.51,13.02,12.24,10.62,9.88,9.88,10.94,7.75,1.59,1.80,2.62,2.83,99.00,2.67,1.75,10.05,16.14,13.81,25.73,22.69,19.60,10.78,12.47,10.23,15.67,13.42,11.37,11.94,13.22,11.11,11.53,11.21,14.49,13.69,15.88,11.77,13.18,13.29,10.61,11.42,12.18,11.04,13.86,11.50,10.57,10.63,12.98,10.78,11.95,12.21,9.84,11.83,10.96,13.13,13.61,12.27,13.33,10.74,14.04,10.70,6.98,7.86,9.27,8.31,8.04,8.30,7.57,9.04,9.35,2.77,6.35,5.29,2.38,4.88,5.45,5.81,5.74,6.84,6.92,9.17,9.21,9.99],
  [6.88,8.14,3.61,13.69,22.60,11.04,13.89,11.99,12.24,12.24,12.63,10.40,1.89,1.96,0.22,1.40,2.67,99.00,0.96,12.48,18.21,15.81,28.14,25.21,22.07,13.33,15.11,12.79,18.09,15.94,14.02,14.43,15.53,13.58,13.68,13.35,16.86,16.18,18.54,14.27,15.56,15.76,13.00,13.77,9.56,8.39,11.21,8.84,7.90,7.98,10.33,8.11,9.30,9.56,7.17,9.18,8.42,10.46,10.96,9.61,10.66,8.17,11.39,8.27,5.29,6.26,6.85,6.29,5.63,5.88,5.72,6.68,6.99,5.41,7.72,6.42,4.30,6.92,5.86,6.64,6.86,8.03,7.99,6.52,6.99,7.64],
  [7.81,7.88,2.93,12.74,21.72,11.86,13.10,11.27,11.30,11.30,11.83,9.46,1.47,1.20,0.98,1.36,1.75,0.96,99.00,11.53,17.33,14.95,27.20,24.25,21.12,12.37,14.16,11.83,17.15,14.99,13.07,13.48,14.60,12.63,12.78,12.45,15.93,15.23,17.60,13.32,14.62,14.81,12.05,12.84,10.42,9.29,12.11,9.75,8.83,8.93,11.23,9.05,10.20,10.46,8.10,10.08,9.23,11.38,11.85,10.52,11.59,8.99,12.29,9.00,5.98,6.93,7.77,7.11,6.55,6.81,6.47,7.60,7.90,4.47,6.97,5.72,3.39,6.02,5.35,6.02,6.16,7.33,7.32,7.41,7.60,8.32],
  [19.04,11.43,10.31,2.69,10.98,22.96,6.04,6.72,0.74,0.74,5.26,3.75,11.58,10.67,12.51,11.84,10.05,12.48,11.53,99.00,6.93,5.22,15.68,12.77,9.60,1.66,4.32,1.57,5.62,3.61,3.73,2.04,3.37,1.17,2.81,2.70,4.46,3.76,7.82,1.96,3.15,3.29,0.69,1.53,21.08,20.33,23.00,20.81,20.02,20.30,22.12,20.30,21.15,21.41,19.27,21.03,19.59,22.38,22.72,21.55,22.66,19.47,23.12,18.93,16.90,17.70,19.29,18.33,18.06,18.32,17.53,19.08,19.39,7.41,6.78,7.80,8.24,5.83,9.42,8.43,7.69,7.22,7.59,18.41,17.04,18.07],
  [24.08,14.17,16.76,8.28,4.40,29.14,5.27,7.58,6.69,6.69,6.09,10.66,17.73,16.26,18.29,17.25,16.14,18.21,17.33,6.93,99.00,2.44,11.08,9.76,6.75,7.53,8.93,7.93,4.27,6.06,9.18,6.19,3.76,6.47,4.64,4.95,3.81,5.57,10.62,6.47,4.44,5.32,6.24,5.42,25.50,25.11,27.52,25.60,24.97,25.46,26.68,25.29,25.82,26.06,24.24,25.71,23.91,27.04,27.24,26.27,27.38,23.87,27.58,23.03,23.12,23.99,25.01,24.40,23.81,24.06,23.70,24.88,25.18,13.82,10.86,12.21,13.95,11.32,13.54,12.45,11.88,10.86,11.10,23.27,21.07,22.15],
  [21.64,11.84,14.51,7.18,6.81,26.78,3.09,5.31,4.80,4.80,3.71,8.93,15.40,13.86,15.90,14.83,13.81,15.81,14.95,5.22,2.44,99.00,13.35,11.63,8.43,6.25,8.24,6.51,4.98,5.66,8.20,5.16,2.89,5.12,2.53,2.78,3.90,5.28,10.69,5.41,3.75,4.82,4.56,3.88,23.08,22.68,25.10,23.17,22.53,23.03,24.26,22.86,23.39,23.63,21.81,23.28,21.49,24.61,24.81,23.84,24.95,21.45,25.16,20.63,20.78,21.67,22.60,22.04,21.41,21.65,21.35,22.48,22.78,11.59,8.42,9.77,11.58,8.96,11.11,10.01,9.44,8.43,8.68,20.83,18.67,19.74],
  [34.53,25.19,25.90,15.11,7.69,38.57,16.34,18.64,15.90,15.90,17.06,18.54,27.25,26.29,28.18,27.41,25.73,28.14,27.20,15.68,11.08,13.35,99.00,3.99,6.25,15.11,14.36,15.66,10.06,12.44,15.32,13.82,12.68,14.62,14.76,15.09,11.28,12.10,12.75,14.02,12.58,12.45,15.14,14.37,36.25,35.70,38.24,36.19,35.48,35.85,37.38,35.77,36.47,36.72,34.73,36.35,34.69,37.70,37.96,36.90,38.02,34.62,38.33,33.88,32.52,33.28,34.96,33.98,33.74,34.00,33.17,34.76,35.07,23.06,21.47,22.77,23.86,21.32,24.24,23.15,22.50,21.61,21.90,33.81,31.92,32.99],
  [31.81,23.22,22.69,11.75,7.89,35.31,14.72,16.88,13.13,13.13,15.18,15.21,24.15,23.43,25.22,24.61,22.69,25.21,24.25,12.77,9.76,11.63,3.99,99.00,3.29,11.92,10.77,12.47,7.33,9.27,11.80,10.78,10.20,11.64,12.45,12.76,8.67,9.03,8.82,10.94,9.88,9.48,12.33,11.66,33.77,33.08,35.71,33.57,32.79,33.07,34.84,33.06,33.89,34.15,32.04,33.77,32.24,35.12,35.44,34.30,35.41,32.15,35.83,31.52,29.31,30.02,31.96,30.82,30.73,30.99,29.97,31.72,32.03,19.95,19.09,20.30,21.01,18.57,21.86,20.79,20.09,19.34,19.66,31.16,29.58,30.64],
  [28.60,19.93,19.69,8.86,6.08,32.36,11.52,13.63,9.91,9.91,11.92,12.30,21.09,20.27,22.10,21.43,19.60,22.07,21.12,9.60,6.75,8.43,6.25,3.29,99.00,8.89,8.16,9.45,4.06,6.21,9.09,7.66,6.91,8.49,9.16,9.47,5.40,5.91,7.16,7.84,6.62,6.32,9.12,8.41,30.51,29.85,32.47,30.34,29.58,29.89,31.60,29.86,30.65,30.91,28.83,30.54,28.98,31.89,32.19,31.07,32.19,28.89,32.58,28.25,26.32,27.06,28.86,27.80,27.63,27.89,26.97,28.64,28.95,16.89,15.81,17.04,17.83,15.36,18.59,17.51,16.82,16.05,16.37,27.94,26.31,27.37],
  [20.04,12.98,10.81,1.05,11.21,23.47,7.55,8.37,2.39,2.39,6.87,3.50,12.24,11.62,13.33,12.83,10.78,13.33,12.37,1.66,7.53,6.25,15.11,11.92,8.89,99.00,2.66,0.56,5.20,2.67,2.12,1.44,3.78,1.13,4.12,4.11,4.33,3.02,6.21,1.17,3.19,2.76,1.95,2.39,22.23,21.39,24.11,21.88,21.04,21.26,23.23,21.30,22.24,22.50,20.29,22.12,20.78,23.47,23.84,22.63,23.73,20.64,24.25,20.18,17.43,18.17,20.04,18.92,18.82,19.08,18.09,19.81,20.11,8.04,8.27,9.19,9.22,7.01,10.81,9.87,9.12,8.75,9.12,19.47,18.31,19.32],
  [21.94,15.55,12.19,1.71,11.89,24.66,10.02,11.00,5.05,5.05,9.45,4.71,13.79,13.55,15.08,14.79,12.47,15.11,14.16,4.32,8.93,8.24,14.36,10.77,8.16,2.66,99.00,2.93,5.42,2.90,1.10,3.12,5.41,3.51,6.51,6.56,5.18,3.40,3.66,2.91,4.58,3.61,4.52,4.69,24.31,23.37,26.14,23.84,22.96,23.09,25.26,23.20,24.25,24.51,22.22,24.13,22.92,25.45,25.87,24.61,25.69,22.76,26.29,22.39,18.72,19.38,21.61,20.29,20.40,20.66,19.41,21.34,21.64,9.70,10.81,11.63,11.24,9.31,13.25,12.36,11.61,11.33,11.70,21.45,20.57,21.55],
  [19.52,12.63,10.25,1.22,11.69,22.91,7.60,8.26,2.29,2.29,6.83,2.97,11.68,11.10,12.79,12.31,10.23,12.79,11.83,1.57,7.93,6.51,15.66,12.47,9.45,0.56,2.93,99.00,5.75,3.23,2.19,1.95,4.18,1.46,4.27,4.20,4.84,3.58,6.55,1.70,3.66,3.30,2.04,2.63,21.73,20.88,23.60,21.36,20.52,20.73,22.72,20.78,21.73,21.99,19.77,21.61,20.29,22.95,23.33,22.11,23.21,20.15,23.74,19.70,16.87,17.62,19.49,18.37,18.27,18.53,17.53,19.26,19.56,7.48,7.90,8.77,8.70,6.55,10.40,9.47,8.72,8.41,8.78,18.96,17.85,18.85],
  [24.56,15.96,15.88,5.48,6.48,28.55,7.91,9.84,5.87,5.87,8.10,8.70,17.19,16.26,18.13,17.40,15.67,18.09,17.15,5.62,4.27,4.98,10.06,7.33,4.06,5.20,5.42,5.75,99.00,2.70,6.05,3.82,2.89,4.58,5.16,5.46,1.35,2.23,6.40,4.05,2.56,2.45,5.10,4.36,26.45,25.80,28.41,26.29,25.53,25.86,27.54,25.82,26.59,26.85,24.79,26.48,24.92,27.83,28.13,27.01,28.13,24.83,28.51,24.18,22.49,23.27,24.91,23.94,23.68,23.94,23.13,24.70,25.01,13.01,11.76,12.97,13.83,11.32,14.53,13.46,12.76,12.01,12.34,23.89,22.25,23.30],
  [22.59,14.85,13.48,2.79,9.08,26.14,7.94,9.39,4.11,4.11,7.69,6.12,14.90,14.19,15.95,15.38,13.42,15.94,14.99,3.61,6.06,5.66,12.44,9.27,6.21,2.67,2.90,3.23,2.70,99.00,3.38,1.57,2.78,2.44,4.53,4.70,2.29,0.51,5.08,1.68,1.92,0.84,3.32,2.94,24.68,23.90,26.59,24.39,23.58,23.83,25.71,23.85,24.74,25.00,22.83,24.62,23.19,25.97,26.31,25.13,26.24,23.07,26.71,22.54,20.10,20.85,22.69,21.59,21.46,21.72,20.76,22.46,22.77,10.69,10.31,11.39,11.77,9.42,13.00,11.99,11.25,10.70,11.05,21.98,20.64,21.67],
  [20.86,14.68,11.10,1.08,12.45,23.59,9.67,10.44,4.46,4.46,8.98,3.62,12.70,12.48,13.99,13.72,11.37,14.02,13.07,3.73,9.18,8.20,15.32,11.80,9.09,2.12,1.10,2.19,6.05,3.38,99.00,3.06,5.50,3.18,6.22,6.22,5.58,3.88,4.66,2.80,4.75,3.93,4.07,4.43,23.25,22.29,25.06,22.76,21.88,22.00,24.18,22.11,23.17,23.43,21.14,23.05,21.86,24.38,24.80,23.53,24.61,21.70,25.22,21.35,17.64,18.30,20.52,19.20,19.31,19.56,18.32,20.24,20.55,8.60,9.92,10.68,10.18,8.32,12.29,11.43,10.68,10.47,10.85,20.38,19.54,20.52],
  [21.04,13.35,12.08,2.10,9.78,24.75,6.94,8.13,2.56,2.56,6.49,4.92,13.44,12.66,14.45,13.84,11.94,14.43,13.48,2.04,6.19,5.16,13.82,10.78,7.66,1.44,3.12,1.95,3.82,1.57,3.06,99.00,2.46,0.87,3.43,3.52,2.89,1.75,6.17,0.28,1.78,1.37,1.80,1.64,23.11,22.35,25.03,22.84,22.03,22.30,24.15,22.30,23.18,23.44,21.29,23.06,21.63,24.41,24.75,23.58,24.69,21.50,25.15,20.97,18.70,19.46,21.21,20.17,19.98,20.24,19.35,20.99,21.29,9.24,8.77,9.83,10.23,7.86,11.44,10.43,9.70,9.17,9.53,20.43,19.07,20.10],
  [21.85,13.08,13.61,4.55,7.62,26.21,5.32,7.06,3.35,3.35,5.31,7.00,14.78,13.64,15.58,14.75,13.22,15.53,14.60,3.37,3.76,2.89,12.68,10.20,6.91,3.78,5.41,4.18,2.89,2.78,5.50,2.46,99.00,2.73,2.28,2.57,1.54,2.42,7.84,2.73,0.86,1.94,2.71,1.85,23.65,23.04,25.62,23.53,22.80,23.17,24.75,23.10,23.82,24.08,22.06,23.71,22.10,25.06,25.34,24.25,25.37,22.02,25.71,21.34,20.14,20.97,22.37,21.53,21.15,21.41,20.76,22.19,22.50,10.68,8.91,10.15,11.23,8.65,11.68,10.60,9.92,9.14,9.46,21.14,19.40,20.46],
  [20.18,12.54,11.30,2.11,10.29,23.97,6.53,7.52,1.74,1.74,5.94,4.31,12.62,11.80,13.61,12.98,11.11,13.58,12.63,1.17,6.47,5.12,14.62,11.64,8.49,1.13,3.51,1.46,4.58,2.44,3.18,0.87,2.73,99.00,3.05,3.07,3.52,2.61,6.83,0.81,2.27,2.18,1.04,1.27,22.24,21.48,24.16,21.97,21.17,21.44,23.28,21.44,22.31,22.57,20.42,22.19,20.76,23.54,23.88,22.71,23.82,20.63,24.28,20.10,17.91,18.69,20.37,19.36,19.15,19.40,18.55,20.16,20.47,8.44,7.92,8.96,9.37,6.99,10.58,9.58,8.84,8.34,8.71,19.56,18.20,19.24],
  [19.81,10.80,12.12,5.15,8.98,24.54,3.51,4.89,2.30,2.30,3.16,6.44,13.11,11.75,13.75,12.80,11.53,13.68,12.78,2.81,4.64,2.53,14.76,12.45,9.16,4.12,6.51,4.27,5.16,4.53,6.22,3.43,2.28,3.05,99.00,0.33,3.82,4.34,9.54,3.60,2.85,3.77,2.23,1.82,21.49,20.95,23.48,21.44,20.74,21.16,22.62,21.05,21.71,21.96,20.00,21.59,19.93,22.94,23.20,22.14,23.26,19.86,23.57,19.15,18.50,19.37,20.51,19.82,19.30,19.56,19.09,20.36,20.67,9.18,6.72,8.00,9.39,6.76,9.49,8.40,7.74,6.90,7.21,19.06,17.20,18.27],
  [19.47,10.51,11.81,5.14,9.30,24.22,3.46,4.69,2.13,2.13,2.99,6.26,12.79,11.42,13.42,12.47,11.21,13.35,12.45,2.70,4.95,2.78,15.09,12.76,9.47,4.11,6.56,4.20,5.46,4.70,6.22,3.52,2.57,3.07,0.33,99.00,4.11,4.54,9.67,3.68,3.09,3.97,2.17,1.89,21.16,20.62,23.15,21.11,20.41,20.82,22.29,20.71,21.38,21.63,19.67,21.26,19.61,22.61,22.87,21.81,22.93,19.53,23.24,18.83,18.18,19.05,20.18,19.49,18.97,19.23,18.77,20.03,20.34,8.88,6.39,7.67,9.06,6.43,9.17,8.08,7.41,6.59,6.90,18.73,16.88,17.94],
  [23.28,14.62,14.77,4.82,6.92,27.42,6.69,8.55,4.63,4.63,6.79,7.79,16.03,15.01,16.91,16.14,14.49,16.86,15.93,4.46,3.81,3.90,11.28,8.67,5.40,4.33,5.18,4.84,1.35,2.29,5.58,2.89,1.54,3.52,3.82,4.11,99.00,1.79,6.93,3.16,1.31,1.66,3.88,3.09,25.13,24.50,27.09,24.99,24.24,24.59,26.23,24.53,25.29,25.54,23.50,25.17,23.59,26.52,26.81,25.71,26.83,23.50,27.20,22.85,21.36,22.15,23.70,22.78,22.47,22.73,21.99,23.50,23.81,11.87,10.42,11.64,12.58,10.05,13.19,12.12,11.42,10.67,10.99,22.59,20.91,21.97],
  [22.79,14.84,13.80,3.24,8.57,26.47,7.68,9.23,4.19,4.19,7.50,6.51,15.18,14.41,16.20,15.59,13.69,16.18,15.23,3.76,5.57,5.28,12.10,9.03,5.91,3.02,3.40,3.58,2.23,0.51,3.88,1.75,2.42,2.61,4.34,4.54,1.79,99.00,5.42,1.93,1.58,0.58,3.39,2.89,24.83,24.08,26.75,24.57,23.77,24.05,25.88,24.05,24.91,25.17,23.03,24.79,23.33,26.14,26.48,25.31,26.42,23.22,26.87,22.66,20.42,21.18,22.96,21.90,21.73,21.99,21.08,22.74,23.04,10.98,10.36,11.47,11.98,9.58,13.08,12.05,11.32,10.72,11.07,22.16,20.75,21.79],
  [25.41,19.18,15.43,5.35,12.41,27.59,13.01,14.31,8.52,8.52,12.65,8.17,17.11,17.07,18.50,18.32,15.88,18.54,17.60,7.82,10.62,10.69,12.75,8.82,7.16,6.21,3.66,6.55,6.40,5.08,4.66,6.17,7.84,6.83,9.54,9.67,6.93,5.42,99.00,6.07,6.99,5.92,7.87,7.80,27.87,26.87,29.66,27.34,26.43,26.51,28.78,26.65,27.76,28.02,25.70,27.64,26.50,28.96,29.40,28.11,29.18,26.33,29.82,26.00,21.80,22.38,24.87,23.40,23.68,23.93,22.49,24.56,24.86,13.14,14.45,15.29,14.82,12.97,16.91,16.01,15.26,14.96,15.33,24.96,24.20,25.17],
  [20.91,13.35,11.87,1.82,10.05,24.55,7.12,8.24,2.55,2.55,6.62,4.66,13.25,12.51,14.29,13.70,11.77,14.27,13.32,1.96,6.47,5.41,14.02,10.94,7.84,1.17,2.91,1.70,4.05,1.68,2.80,0.28,2.73,0.81,3.60,3.68,3.16,1.93,6.07,99.00,2.06,1.60,1.82,1.79,23.01,22.23,24.91,22.71,21.90,22.16,24.04,22.17,23.06,23.32,21.16,22.94,21.53,24.29,24.64,23.46,24.57,21.40,25.04,20.89,18.50,19.26,21.03,19.97,19.81,20.07,19.15,20.81,21.12,9.05,8.73,9.77,10.09,7.75,11.39,10.39,9.65,9.15,9.52,20.31,18.99,20.02],
  [22.00,13.56,13.46,3.85,8.04,26.11,6.10,7.72,3.32,3.32,5.98,6.58,14.72,13.71,15.60,14.85,13.18,15.56,14.62,3.15,4.44,3.75,12.58,9.88,6.62,3.19,4.58,3.66,2.56,1.92,4.75,1.78,0.86,2.27,2.85,3.09,1.31,1.58,6.99,2.06,99.00,1.08,2.57,1.80,23.89,23.23,25.85,23.72,22.97,23.30,24.98,23.26,24.03,24.29,22.22,23.92,22.37,25.27,25.57,24.45,25.57,22.27,25.95,21.64,20.05,20.85,22.39,21.47,21.16,21.42,20.68,22.19,22.50,10.56,9.24,10.43,11.28,8.76,12.00,10.94,10.23,9.52,9.86,21.32,19.71,20.76],
  [22.32,14.27,13.45,3.17,8.57,26.12,7.13,8.65,3.67,3.67,6.93,6.26,14.80,13.96,15.78,15.13,13.29,15.76,14.81,3.29,5.32,4.82,12.45,9.48,6.32,2.76,3.61,3.30,2.45,0.84,3.93,1.37,1.94,2.18,3.77,3.97,1.66,0.58,5.92,1.60,1.08,99.00,2.87,2.32,24.33,23.60,26.26,24.09,23.30,23.59,25.38,23.58,24.42,24.68,22.56,24.30,22.82,25.65,25.98,24.83,25.94,22.71,26.38,22.14,20.07,20.84,22.55,21.53,21.32,21.58,20.71,22.33,22.64,10.60,9.82,10.94,11.53,9.10,12.54,11.51,10.78,10.16,10.51,21.69,20.22,21.27],
  [19.49,11.55,10.93,3.00,10.31,23.56,5.60,6.49,0.80,0.80,4.94,4.43,12.15,11.16,13.03,12.31,10.61,13.00,12.05,0.69,6.24,4.56,15.14,12.33,9.12,1.95,4.52,2.04,5.10,3.32,4.07,1.80,2.71,1.04,2.23,2.17,3.88,3.39,7.87,1.82,2.57,2.87,99.00,0.86,21.46,20.75,23.39,21.24,20.46,20.77,22.52,20.74,21.56,21.82,19.71,21.44,19.95,22.79,23.12,21.97,23.08,19.84,23.51,19.27,17.49,18.30,19.82,18.90,18.60,18.85,18.12,19.62,19.93,8.01,6.99,8.08,8.73,6.25,9.69,8.67,7.93,7.38,7.73,18.83,17.36,18.40],
  [20.20,11.95,11.77,3.37,9.46,24.39,5.33,6.51,1.54,1.54,4.85,5.24,12.97,11.92,13.82,13.05,11.42,13.77,12.84,1.53,5.42,3.88,14.37,11.66,8.41,2.39,4.69,2.63,4.36,2.94,4.43,1.64,1.85,1.27,1.82,1.89,3.09,2.89,7.80,1.79,1.80,2.32,0.86,99.00,22.11,21.44,24.06,21.93,21.17,21.50,23.19,21.46,22.24,22.50,20.42,22.12,20.59,23.48,23.78,22.65,23.77,20.49,24.17,19.88,18.32,19.13,20.61,19.72,19.38,19.64,18.94,20.42,20.73,8.85,7.51,8.67,9.49,6.96,10.26,9.21,8.49,7.84,8.19,19.53,17.96,19.01],
  [3.22,11.71,13.12,22.77,29.77,10.29,20.41,18.11,20.66,20.66,19.42,19.70,11.32,10.80,9.66,9.56,12.18,9.56,10.42,21.08,25.50,23.08,36.25,33.77,30.51,22.23,24.31,21.73,26.45,24.68,23.25,23.11,23.65,22.24,21.49,21.16,25.13,24.83,27.87,23.01,23.89,24.33,21.46,22.11,99.00,1.69,2.03,1.61,2.48,3.39,1.28,2.63,1.10,1.11,2.86,1.11,1.61,1.79,1.75,1.46,2.22,1.63,2.08,2.67,9.55,9.99,6.38,8.51,6.67,6.59,9.13,6.82,6.79,14.79,14.78,13.50,13.07,15.26,12.01,13.11,13.75,14.67,14.41,3.09,4.52,3.48],
  [1.64,11.70,11.85,21.87,29.43,8.79,20.14,17.87,19.95,19.95,19.07,18.70,10.05,9.82,8.46,8.58,11.04,8.39,9.29,20.33,25.11,22.68,35.70,33.08,29.85,21.39,23.37,20.88,25.80,23.90,22.29,22.35,23.04,21.48,20.95,20.62,24.50,24.08,26.87,22.23,23.23,23.60,20.75,21.44,1.69,99.00,2.83,0.49,0.79,1.76,1.97,0.99,0.93,1.19,1.28,0.82,2.20,2.09,2.59,1.24,2.34,1.93,3.03,3.30,7.89,8.31,4.69,6.83,5.00,4.91,7.45,5.13,5.11,13.74,14.28,12.96,12.18,14.51,11.57,12.66,13.25,14.25,14.02,1.92,4.69,3.85],
  [4.43,13.73,14.68,24.62,31.79,9.89,22.44,20.14,22.59,22.59,21.44,21.49,12.88,12.59,11.28,11.35,13.86,11.21,12.11,23.00,27.52,25.10,38.24,35.71,32.47,24.11,26.14,23.60,28.41,26.59,25.06,25.03,25.62,24.16,23.48,23.15,27.09,26.75,29.66,24.91,25.85,26.26,23.39,24.06,2.03,2.83,99.00,2.40,3.43,3.89,0.88,3.35,1.91,1.65,4.09,2.03,3.64,0.86,0.28,1.64,0.99,3.65,0.29,4.66,10.38,10.65,6.86,9.11,7.48,7.33,9.85,7.33,7.21,16.54,16.77,15.48,14.91,17.17,14.01,15.11,15.74,16.67,16.42,4.70,6.54,5.49],
  [2.02,12.16,12.28,22.35,29.92,8.70,20.62,18.35,20.44,20.44,19.56,19.17,10.49,10.29,8.91,9.06,11.50,8.84,9.75,20.81,25.60,23.17,36.19,33.57,30.34,21.88,23.84,21.36,26.29,24.39,22.76,22.84,23.53,21.97,21.44,21.11,24.99,24.57,27.34,22.71,23.72,24.09,21.24,21.93,1.61,0.49,2.40,99.00,1.05,1.80,1.58,1.08,0.61,0.81,1.69,0.53,2.47,1.63,2.18,0.77,1.85,2.25,2.63,3.61,8.14,8.51,4.82,7.01,5.24,5.12,7.67,5.27,5.22,14.21,14.77,13.45,12.66,14.99,12.06,13.15,13.74,14.74,14.50,2.41,5.10,4.22],
  [1.03,11.79,11.29,21.49,29.31,8.11,20.06,17.82,19.67,19.67,18.97,18.27,9.50,9.43,7.96,8.21,10.57,7.90,8.83,20.02,24.97,22.53,35.48,32.79,29.58,21.04,22.96,20.52,25.53,23.58,21.88,22.03,22.80,21.17,20.74,20.41,24.24,23.77,26.43,21.90,22.97,23.30,20.46,21.17,2.48,0.79,3.43,1.05,99.00,1.06,2.63,0.37,1.64,1.86,0.75,1.54,2.80,2.62,3.22,1.79,2.77,2.49,3.67,3.82,7.12,7.52,3.91,6.04,4.22,4.12,6.67,4.34,4.32,13.29,14.12,12.78,11.82,14.22,11.44,12.53,13.09,14.12,13.91,1.71,4.97,4.25],
  [1.44,12.55,11.22,21.66,29.83,7.06,20.63,18.43,19.99,19.99,19.51,18.38,9.45,9.65,8.01,8.46,10.63,7.98,8.93,20.30,25.46,23.03,35.85,33.07,29.89,21.26,23.09,20.73,25.86,23.83,22.00,22.30,23.17,21.44,21.16,20.82,24.59,24.05,26.51,22.16,23.30,23.59,20.77,21.50,3.39,1.76,3.89,1.80,1.06,99.00,3.22,0.77,2.39,2.54,1.42,2.32,3.86,3.03,3.73,2.35,3.04,3.55,4.16,4.87,6.49,6.78,3.04,5.26,3.59,3.44,5.97,3.50,3.43,13.39,14.61,13.25,12.07,14.54,11.99,13.07,13.59,14.65,14.46,2.46,5.92,5.26],
  [3.60,12.96,13.82,23.74,30.97,9.64,21.62,19.33,21.72,21.72,20.61,20.61,12.02,11.71,10.41,10.46,12.98,10.33,11.23,22.12,26.68,24.26,37.38,34.84,31.60,23.23,25.26,22.72,27.54,25.71,24.18,24.15,24.75,23.28,22.62,22.29,26.23,25.88,28.78,24.04,24.98,25.38,22.52,23.19,1.28,1.97,0.88,1.58,2.63,3.22,99.00,2.60,1.04,0.79,3.25,1.16,2.87,0.55,0.62,0.88,0.98,2.83,1.06,3.94,9.68,10.00,6.25,8.48,6.77,6.64,9.18,6.71,6.62,15.66,15.92,14.62,14.03,16.29,13.16,14.26,14.89,15.83,15.58,3.82,5.77,4.75],
  [1.26,12.15,11.47,21.74,29.64,7.82,20.40,18.17,19.95,19.95,19.30,18.50,9.68,9.68,8.16,8.47,10.78,8.11,9.05,20.30,25.29,22.86,35.77,33.06,29.86,21.30,23.20,20.78,25.82,23.85,22.11,22.30,23.10,21.44,21.05,20.71,24.53,24.05,26.65,22.17,23.26,23.58,20.74,21.46,2.63,0.99,3.35,1.08,0.37,0.77,2.60,99.00,1.68,1.87,1.05,1.60,3.12,2.51,3.16,1.73,2.61,2.82,3.60,4.16,7.08,7.44,3.76,5.93,4.18,4.05,6.60,4.20,4.16,13.52,14.44,13.09,12.09,14.50,11.78,12.86,13.42,14.45,14.24,2.06,5.35,4.61],
  [2.57,12.24,12.78,22.74,30.12,9.19,20.80,18.52,20.76,20.76,19.76,19.59,10.98,10.69,9.38,9.45,11.95,9.30,10.20,21.15,25.82,23.39,36.47,33.89,30.65,22.24,24.25,21.73,26.59,24.74,23.17,23.18,23.82,22.31,21.71,21.38,25.29,24.91,27.76,23.06,24.03,24.42,21.56,22.24,1.10,0.93,1.91,0.61,1.64,2.39,1.04,1.68,99.00,0.26,2.22,0.12,2.29,1.24,1.66,0.49,1.57,2.15,2.10,3.43,8.75,9.12,5.43,7.61,5.84,5.73,8.28,5.88,5.82,14.63,15.02,13.71,13.03,15.33,12.28,13.38,13.99,14.96,14.71,2.80,5.10,4.14],
  [2.81,12.45,13.03,23.00,30.36,9.24,21.03,18.75,21.02,21.02,20.00,19.85,11.24,10.96,9.64,9.72,12.21,9.56,10.46,21.41,26.06,23.63,36.72,34.15,30.91,22.50,24.51,21.99,26.85,25.00,23.43,23.44,24.08,22.57,21.96,21.63,25.54,25.17,28.02,23.32,24.29,24.68,21.82,22.50,1.11,1.19,1.65,0.81,1.86,2.54,0.79,1.87,0.26,99.00,2.46,0.38,2.46,0.98,1.40,0.35,1.33,2.34,1.85,3.59,8.95,9.30,5.59,7.79,6.04,5.92,8.47,6.04,5.97,14.90,15.27,13.96,13.30,15.59,12.53,13.63,14.24,15.20,14.96,3.06,5.30,4.32],
  [0.36,11.16,10.60,20.75,28.59,8.27,19.35,17.13,18.92,18.92,18.25,17.54,8.80,8.68,7.24,7.46,9.84,7.17,8.10,19.27,24.24,21.81,34.73,32.04,28.83,20.29,22.22,19.77,24.79,22.83,21.14,21.29,22.06,20.42,20.00,19.67,23.50,23.03,25.70,21.16,22.22,22.56,19.71,20.42,2.86,1.28,4.09,1.69,0.75,1.42,3.25,1.05,2.22,2.46,99.00,2.10,2.75,3.31,3.86,2.46,3.49,2.41,4.31,3.63,6.70,7.18,3.75,5.75,3.85,3.79,6.30,4.15,4.18,12.56,13.39,12.05,11.08,13.47,10.73,11.81,12.37,13.40,13.20,1.05,4.51,3.91],
  [2.46,12.14,12.66,22.62,30.01,9.17,20.69,18.41,20.65,20.65,19.65,19.47,10.86,10.57,9.26,9.33,11.83,9.18,10.08,21.03,25.71,23.28,36.35,33.77,30.54,22.12,24.13,21.61,26.48,24.62,23.05,23.06,23.71,22.19,21.59,21.26,25.17,24.79,27.64,22.94,23.92,24.30,21.44,22.12,1.11,0.82,2.03,0.53,1.54,2.32,1.16,1.60,0.12,0.38,2.10,99.00,2.23,1.35,1.78,0.58,1.68,2.07,2.22,3.37,8.65,9.03,5.35,7.53,5.75,5.64,8.19,5.80,5.75,14.51,14.91,13.59,12.91,15.21,12.17,13.27,13.88,14.84,14.60,2.67,5.01,4.06],
  [3.04,10.10,12.02,21.35,28.17,10.91,18.81,16.50,19.15,19.15,17.82,18.35,10.25,9.49,8.54,8.25,10.96,8.42,9.23,19.59,23.91,21.49,34.69,32.24,28.98,20.78,22.92,20.29,24.92,23.19,21.86,21.63,22.10,20.76,19.93,19.61,23.59,23.33,26.50,21.53,22.37,22.82,19.95,20.59,1.61,2.20,3.64,2.47,2.80,3.86,2.87,3.12,2.29,2.46,2.75,2.23,99.00,3.33,3.36,2.77,3.74,0.35,3.68,1.14,9.22,9.80,6.50,8.43,6.49,6.46,8.90,6.89,6.93,13.50,13.22,11.95,11.68,13.78,10.44,11.54,12.19,13.09,12.82,2.39,2.91,1.88],
  [3.63,13.40,13.90,23.95,31.34,9.20,22.01,19.72,22.00,22.00,20.98,20.79,12.11,11.90,10.53,10.67,13.13,10.46,11.38,22.38,27.04,24.61,37.70,35.12,31.89,23.47,25.45,22.95,27.83,25.97,24.38,24.41,25.06,23.54,22.94,22.61,26.52,26.14,28.96,24.29,25.27,25.65,22.79,23.48,1.79,2.09,0.86,1.63,2.62,3.03,0.55,2.51,1.24,0.98,3.31,1.35,3.33,99.00,0.73,0.85,0.43,3.26,1.13,4.43,9.52,9.79,6.01,8.25,6.62,6.47,9.00,6.47,6.36,15.83,16.25,14.94,14.25,16.56,13.51,14.61,15.22,16.18,15.94,4.00,6.22,5.21],
  [4.20,13.45,14.44,24.35,31.51,9.89,22.16,19.86,22.32,22.32,21.16,21.23,12.64,12.32,11.03,11.08,13.61,10.96,11.85,22.72,27.24,24.81,37.96,35.44,32.19,23.84,25.87,23.33,28.13,26.31,24.80,24.75,25.34,23.88,23.20,22.87,26.81,26.48,29.40,24.64,25.57,25.98,23.12,23.78,1.75,2.59,0.28,2.18,3.22,3.73,0.62,3.16,1.66,1.40,3.86,1.78,3.36,0.73,99.00,1.43,0.99,3.37,0.45,4.38,10.22,10.51,6.73,8.97,7.31,7.17,9.70,7.20,7.09,16.28,16.49,15.20,14.64,16.90,13.73,14.83,15.46,16.39,16.14,4.44,6.26,5.22],
  [2.79,12.72,13.05,23.11,30.58,8.93,21.26,18.98,21.17,21.17,20.22,19.94,11.26,11.05,9.68,9.82,12.27,9.61,10.52,21.55,26.27,23.84,36.90,34.30,31.07,22.63,24.61,22.11,27.01,25.13,23.53,23.58,24.25,22.71,22.14,21.81,25.71,25.31,28.11,23.46,24.45,24.83,21.97,22.65,1.46,1.24,1.64,0.77,1.79,2.35,0.88,1.73,0.49,0.35,2.46,0.58,2.77,0.85,1.43,99.00,1.12,2.63,1.88,3.91,8.80,9.13,5.38,7.60,5.90,5.76,8.31,5.84,5.76,14.97,15.46,14.14,13.41,15.73,12.73,13.83,14.43,15.41,15.17,3.16,5.58,4.62],
  [3.80,13.79,14.06,24.20,31.69,8.91,22.37,20.08,22.29,22.29,21.33,21.02,12.27,12.14,10.73,10.91,13.33,10.66,11.59,22.66,27.38,24.95,38.02,35.41,32.19,23.73,25.69,23.21,28.13,26.24,24.61,24.69,25.37,23.82,23.26,22.93,26.83,26.42,29.18,24.57,25.57,25.94,23.08,23.77,2.22,2.34,0.99,1.85,2.77,3.04,0.98,2.61,1.57,1.33,3.49,1.68,3.74,0.43,0.99,1.12,99.00,3.66,1.28,4.85,9.50,9.73,5.94,8.18,6.62,6.46,8.96,6.40,6.27,16.04,16.58,15.26,14.51,16.84,13.84,14.94,15.55,16.52,16.28,4.26,6.62,5.62],
  [2.70,10.14,11.77,21.20,28.15,10.60,18.79,16.50,19.04,19.04,17.79,18.17,9.99,9.29,8.29,8.05,10.74,8.17,8.99,19.47,23.87,21.45,34.62,32.15,28.89,20.64,22.76,20.15,24.83,23.07,21.70,21.50,22.02,20.63,19.86,19.53,23.50,23.22,26.33,21.40,22.27,22.71,19.84,20.49,1.63,1.93,3.65,2.25,2.49,3.55,2.83,2.82,2.15,2.34,2.41,2.07,0.35,3.26,3.37,2.63,3.66,99.00,3.71,1.36,8.88,9.45,6.15,8.08,6.14,6.12,8.55,6.54,6.58,13.30,13.15,11.87,11.51,13.65,10.38,11.48,12.12,13.03,12.77,2.05,2.96,1.99],
  [4.65,13.75,14.88,24.77,31.85,10.18,22.49,20.18,22.71,22.71,21.50,21.65,13.08,12.75,11.47,11.50,14.04,11.39,12.29,23.12,27.58,25.16,38.33,35.83,32.58,24.25,26.29,23.74,28.51,26.71,25.22,25.15,25.71,24.28,23.57,23.24,27.20,26.87,29.82,25.04,25.95,26.38,23.51,24.17,2.08,3.03,0.29,2.63,3.67,4.16,1.06,3.60,2.10,1.85,4.31,2.22,3.68,1.13,0.45,1.88,1.28,3.71,99.00,4.66,10.65,10.93,7.14,9.39,7.75,7.60,10.13,7.61,7.49,16.71,16.86,15.57,15.06,17.29,14.09,15.19,15.83,16.75,16.49,4.87,6.57,5.51],
  [3.86,9.10,11.88,20.79,27.26,11.89,17.89,15.57,18.47,18.47,16.94,17.88,10.15,9.12,8.42,7.92,10.70,8.27,9.00,18.93,23.03,20.63,33.88,31.52,28.25,20.18,22.39,19.70,24.18,22.54,21.35,20.97,21.34,20.10,19.15,18.83,22.85,22.66,26.00,20.89,21.64,22.14,19.27,19.88,2.67,3.30,4.66,3.61,3.82,4.87,3.94,4.16,3.43,3.59,3.63,3.37,1.14,4.43,4.38,3.91,4.85,1.36,4.66,99.00,9.73,10.38,7.30,9.10,7.14,7.15,9.48,7.66,7.74,13.12,12.44,11.21,11.20,13.16,9.66,10.75,11.43,12.27,11.98,3.00,1.96,0.89],
  [6.34,13.15,6.62,17.56,27.49,6.07,19.07,17.24,16.79,16.79,17.78,14.10,5.39,7.17,5.13,6.62,6.98,5.29,5.98,16.90,23.12,20.78,32.52,29.31,26.32,17.43,18.72,16.87,22.49,20.10,17.64,18.70,20.14,17.91,18.50,18.18,21.36,20.42,21.80,18.50,20.05,20.07,17.49,18.32,9.55,7.89,10.38,8.14,7.12,6.49,9.68,7.08,8.75,8.95,6.70,8.65,9.22,9.52,10.22,8.80,9.50,8.88,10.65,9.73,99.00,0.98,3.67,1.64,2.91,3.05,0.70,3.23,3.46,9.48,12.95,11.68,9.23,11.83,11.13,11.92,12.12,13.30,13.27,6.83,9.47,9.53],
  [6.83,14.13,7.39,18.27,28.35,5.30,20.00,18.20,17.62,17.62,18.71,14.81,6.27,8.12,6.10,7.59,7.86,6.26,6.93,17.70,23.99,21.67,33.28,30.02,27.06,18.17,19.38,17.62,23.27,20.85,18.30,19.46,20.97,18.69,19.37,19.05,22.15,21.18,22.38,19.26,20.85,20.84,18.30,19.13,9.99,8.31,10.65,8.51,7.52,6.78,10.00,7.44,9.12,9.30,7.18,9.03,9.80,9.79,10.51,9.13,9.73,9.45,10.93,10.38,0.98,99.00,3.80,1.55,3.33,3.40,0.91,3.33,3.49,10.29,13.90,12.64,10.14,12.72,12.11,12.89,13.08,14.26,14.23,7.43,10.25,10.25],
  [3.46,13.26,9.45,20.31,29.41,4.97,20.50,18.44,19.07,19.07,19.29,16.91,7.83,8.76,6.79,7.78,9.27,6.85,7.77,19.29,25.01,22.60,34.96,31.96,28.86,20.04,21.61,19.49,24.91,22.69,20.52,21.21,22.37,20.37,20.51,20.18,23.70,22.96,24.87,21.03,22.39,22.55,19.82,20.61,6.38,4.69,6.86,4.82,3.91,3.04,6.25,3.76,5.43,5.59,3.75,5.35,6.50,6.01,6.73,5.38,5.94,6.15,7.14,7.30,3.67,3.80,99.00,2.25,1.23,0.97,3.06,0.46,0.43,12.01,14.32,12.97,11.15,13.76,11.99,12.98,13.37,14.51,14.39,4.34,7.74,7.41],
  [5.42,13.72,8.13,19.10,28.79,4.75,20.18,18.27,18.19,18.19,18.92,15.64,6.75,8.24,6.18,7.50,8.31,6.29,7.11,18.33,24.40,22.04,33.98,30.82,27.80,18.92,20.29,18.37,23.94,21.59,19.20,20.17,21.53,19.36,19.82,19.49,22.78,21.90,23.40,19.97,21.47,21.53,18.90,19.72,8.51,6.83,9.11,7.01,6.04,5.26,8.48,5.93,7.61,7.79,5.75,7.53,8.43,8.25,8.97,7.60,8.18,8.08,9.39,9.10,1.64,1.55,2.25,99.00,1.95,1.97,0.94,1.78,1.94,10.92,14.01,12.70,10.46,13.09,11.98,12.86,13.13,14.30,14.24,6.11,9.17,9.05],
  [3.51,12.30,8.25,19.10,28.21,5.85,19.34,17.31,17.85,17.85,18.12,15.70,6.62,7.55,5.57,6.60,8.04,5.63,6.55,18.06,23.81,21.41,33.74,30.73,27.63,18.82,20.40,18.27,23.68,21.46,19.31,19.98,21.15,19.15,19.30,18.97,22.47,21.73,23.68,19.81,21.16,21.32,18.60,19.38,6.67,5.00,7.48,5.24,4.22,3.59,6.77,4.18,5.84,6.04,3.85,5.75,6.49,6.62,7.31,5.90,6.62,6.14,7.75,7.14,2.91,3.33,1.23,1.95,99.00,0.26,2.45,1.08,1.38,10.79,13.16,11.81,9.93,12.54,10.89,11.85,12.21,13.37,13.26,4.15,7.27,7.11],
  [3.45,12.49,8.50,19.35,28.46,5.66,19.58,17.55,18.11,18.11,18.36,15.95,6.87,7.81,5.83,6.84,8.30,5.88,6.81,18.32,24.06,21.65,34.00,30.99,27.89,19.08,20.66,18.53,23.94,21.72,19.56,20.24,21.41,19.40,19.56,19.23,22.73,21.99,23.93,20.07,21.42,21.58,18.85,19.64,6.59,4.91,7.33,5.12,4.12,3.44,6.64,4.05,5.73,5.92,3.79,5.64,6.46,6.47,7.17,5.76,6.46,6.12,7.60,7.15,3.05,3.40,0.97,1.97,0.26,99.00,2.55,0.86,1.14,11.05,13.40,12.05,10.19,12.80,11.11,12.08,12.45,13.60,13.49,4.15,7.34,7.15],
  [5.95,13.42,7.28,18.24,28.07,5.45,19.58,17.71,17.41,17.41,18.30,14.78,5.99,7.64,5.58,7.01,7.57,5.72,6.47,17.53,23.70,21.35,33.17,29.97,26.97,18.09,19.41,17.53,23.13,20.76,18.32,19.35,20.76,18.55,19.09,18.77,21.99,21.08,22.49,19.15,20.68,20.71,18.12,18.94,9.13,7.45,9.85,7.67,6.67,5.97,9.18,6.60,8.28,8.47,6.30,8.19,8.90,9.00,9.70,8.31,8.96,8.55,10.13,9.48,0.70,0.91,3.06,0.94,2.45,2.55,99.00,2.60,2.81,10.12,13.43,12.15,9.78,12.39,11.52,12.35,12.58,13.76,13.71,6.53,9.36,9.35],
  [3.84,13.33,9.15,20.06,29.28,4.83,20.43,18.40,18.88,18.88,19.20,16.64,7.58,8.62,6.62,7.68,9.04,6.68,7.60,19.08,24.88,22.48,34.76,31.72,28.64,19.81,21.34,19.26,24.70,22.46,20.24,20.99,22.19,20.16,20.36,20.03,23.50,22.74,24.56,20.81,22.19,22.33,19.62,20.42,6.82,5.13,7.33,5.27,4.34,3.50,6.71,4.20,5.88,6.04,4.15,5.80,6.89,6.47,7.20,5.84,6.40,6.54,7.61,7.66,3.23,3.33,0.46,1.78,1.08,0.86,2.60,99.00,0.31,11.77,14.24,12.89,10.98,13.60,11.97,12.93,13.30,14.45,14.34,4.68,8.01,7.73],
  [3.89,13.59,9.46,20.36,29.58,4.60,20.72,18.69,19.19,19.19,19.50,16.95,7.88,8.93,6.93,7.98,9.35,6.99,7.90,19.39,25.18,22.78,35.07,32.03,28.95,20.11,21.64,19.56,25.01,22.77,20.55,21.29,22.50,20.47,20.67,20.34,23.81,23.04,24.86,21.12,22.50,22.64,19.93,20.73,6.79,5.11,7.21,5.22,4.32,3.43,6.62,4.16,5.82,5.97,4.18,5.75,6.93,6.36,7.09,5.76,6.27,6.58,7.49,7.74,3.46,3.49,0.43,1.94,1.38,1.14,2.81,0.31,99.00,12.08,14.54,13.19,11.29,13.91,12.25,13.22,13.59,14.74,14.63,4.77,8.16,7.84],
  [12.27,8.88,2.94,8.32,18.13,15.55,10.47,9.24,7.33,7.33,9.16,4.99,4.20,4.01,5.39,5.25,2.77,5.41,4.47,7.41,13.82,11.59,23.06,19.95,16.89,8.04,9.70,7.48,13.01,10.69,8.60,9.24,10.68,8.44,9.18,8.88,11.87,10.98,13.14,9.05,10.56,10.60,8.01,8.85,14.79,13.74,16.54,14.21,13.29,13.39,15.66,13.52,14.63,14.90,12.56,14.51,13.50,15.83,16.28,14.97,16.04,13.30,16.71,13.12,9.48,10.29,12.01,10.92,10.79,11.05,10.12,11.77,12.08,99.00,5.39,4.87,2.27,3.17,5.81,5.65,5.22,6.04,6.26,11.84,11.48,12.35],
  [13.22,4.76,7.61,9.10,15.22,18.76,6.19,4.31,6.20,6.20,4.97,7.26,7.83,5.79,7.85,6.57,6.35,7.72,6.97,6.78,10.86,8.42,21.47,19.09,15.81,8.27,10.81,7.90,11.76,10.31,9.92,8.77,8.91,7.92,6.72,6.39,10.42,10.36,14.45,8.73,9.24,9.82,6.99,7.51,14.78,14.28,16.77,14.77,14.12,14.61,15.92,14.44,15.02,15.27,13.39,14.91,13.22,16.25,16.49,15.46,16.58,13.15,16.86,12.44,12.95,13.90,14.32,14.01,13.16,13.40,13.43,14.24,14.54,5.39,99.00,1.36,3.99,2.40,2.78,1.70,1.03,0.69,1.02,12.42,10.50,11.56],
  [11.87,4.28,6.68,9.94,16.58,17.44,7.53,5.57,7.29,7.29,6.32,7.71,6.68,4.52,6.56,5.23,5.29,6.42,5.72,7.80,12.21,9.77,22.77,20.30,17.04,9.19,11.63,8.77,12.97,11.39,10.68,9.83,10.15,8.96,8.00,7.67,11.64,11.47,15.29,9.77,10.43,10.94,8.08,8.67,13.50,12.96,15.48,13.45,12.78,13.25,14.62,13.09,13.71,13.96,12.05,13.59,11.95,14.94,15.20,14.14,15.26,11.87,15.57,11.21,11.68,12.64,12.97,12.70,11.81,12.05,12.15,12.89,13.19,4.87,1.36,99.00,3.05,2.50,1.63,0.84,0.45,1.62,1.64,11.09,9.29,10.34],
  [10.83,6.71,3.65,9.71,18.34,15.21,9.88,8.24,7.96,7.96,8.59,6.69,3.92,2.43,4.36,3.61,2.38,4.30,3.39,8.24,13.95,11.58,23.86,21.01,17.83,9.22,11.24,8.70,13.83,11.77,10.18,10.23,11.23,9.37,9.39,9.06,12.58,11.98,14.82,10.09,11.28,11.53,8.73,9.49,13.07,12.18,14.91,12.66,11.82,12.07,14.03,12.09,13.03,13.30,11.08,12.91,11.68,14.25,14.64,13.41,14.51,11.51,15.06,11.20,9.23,10.14,11.15,10.46,9.93,10.19,9.78,10.98,11.29,2.27,3.99,3.05,99.00,2.63,3.65,3.70,3.47,4.52,4.64,10.25,9.46,10.39],
  [13.24,6.76,5.79,7.66,15.71,17.83,7.43,6.07,5.45,5.45,6.12,5.21,6.46,5.00,6.99,6.10,4.88,6.92,6.02,5.83,11.32,8.96,21.32,18.57,15.36,7.01,9.31,6.55,11.32,9.42,8.32,7.86,8.65,6.99,6.76,6.43,10.05,9.58,12.97,7.75,8.76,9.10,6.25,6.96,15.26,14.51,17.17,14.99,14.22,14.54,16.29,14.50,15.33,15.59,13.47,15.21,13.78,16.56,16.90,15.73,16.84,13.65,17.29,13.16,11.83,12.72,13.76,13.09,12.54,12.80,12.39,13.60,13.91,3.17,2.40,2.50,2.63,99.00,4.02,3.33,2.66,3.09,3.39,12.59,11.30,12.31],
  [10.58,3.07,7.01,11.56,17.87,16.65,8.64,6.48,8.89,8.89,7.52,9.23,6.58,4.18,6.04,4.51,5.45,5.86,5.35,9.42,13.54,11.11,24.24,21.86,18.59,10.81,13.25,10.40,14.53,13.00,12.29,11.44,11.68,10.58,9.49,9.17,13.19,13.08,16.91,11.39,12.00,12.54,9.69,10.26,12.01,11.57,14.01,12.06,11.44,11.99,13.16,11.78,12.28,12.53,10.73,12.17,10.44,13.51,13.73,12.73,13.84,10.38,14.09,9.66,11.13,12.11,11.99,11.98,10.89,11.11,11.52,11.97,12.25,5.81,2.78,1.63,3.65,4.02,99.00,1.10,1.77,2.68,2.47,9.74,7.72,8.78],
  [11.66,3.44,7.29,10.66,16.78,17.56,7.58,5.47,7.88,7.88,6.44,8.52,7.11,4.82,6.80,5.35,5.81,6.64,6.02,8.43,12.45,10.01,23.15,20.79,17.51,9.87,12.36,9.47,13.46,11.99,11.43,10.43,10.60,9.58,8.40,8.08,12.12,12.05,16.01,10.39,10.94,11.51,8.67,9.21,13.11,12.66,15.11,13.15,12.53,13.07,14.26,12.86,13.38,13.63,11.81,13.27,11.54,14.61,14.83,13.83,14.94,11.48,15.19,10.75,11.92,12.89,12.98,12.86,11.85,12.08,12.35,12.93,13.22,5.65,1.70,0.84,3.70,3.33,1.10,99.00,0.75,1.59,1.42,10.83,8.80,9.86],
  [12.20,4.12,7.12,9.91,16.24,17.86,7.14,5.14,7.14,7.14,5.94,7.81,7.13,4.96,7.00,5.65,5.74,6.86,6.16,7.69,11.88,9.44,22.50,20.09,16.82,9.12,11.61,8.72,12.76,11.25,10.68,9.70,9.92,8.84,7.74,7.41,11.42,11.32,15.26,9.65,10.23,10.78,7.93,8.49,13.75,13.25,15.74,13.74,13.09,13.59,14.89,13.42,13.99,14.24,12.37,13.88,12.19,15.22,15.46,14.43,15.55,12.12,15.83,11.43,12.12,13.08,13.37,13.13,12.21,12.45,12.58,13.30,13.59,5.22,1.03,0.45,3.47,2.66,1.77,0.75,99.00,1.18,1.19,11.40,9.49,10.55],
  [13.25,4.23,8.16,9.62,15.19,19.03,6.01,3.96,6.61,6.61,4.85,7.91,8.27,6.13,8.17,6.81,6.84,8.03,7.33,7.22,10.86,8.43,21.61,19.34,16.05,8.75,11.33,8.41,12.01,10.70,10.47,9.17,9.14,8.34,6.90,6.59,10.67,10.72,14.96,9.15,9.52,10.16,7.38,7.84,14.67,14.25,16.67,14.74,14.12,14.65,15.83,14.45,14.96,15.20,13.40,14.84,13.09,16.18,16.39,15.41,16.52,13.03,16.75,12.27,13.30,14.26,14.51,14.30,13.37,13.60,13.76,14.45,14.74,6.04,0.69,1.62,4.52,3.09,2.68,1.59,1.18,99.00,0.37,12.41,10.31,11.38],
  [13.05,3.85,8.29,9.99,15.42,18.95,6.17,4.06,6.97,6.97,5.06,8.27,8.32,6.12,8.14,6.74,6.92,7.99,7.32,7.59,11.10,8.68,21.90,19.66,16.37,9.12,11.70,8.78,12.34,11.05,10.85,9.53,9.46,8.71,7.21,6.90,10.99,11.07,15.33,9.52,9.86,10.51,7.73,8.19,14.41,14.02,16.42,14.50,13.91,14.46,15.58,14.24,14.71,14.96,13.20,14.60,12.82,15.94,16.14,15.17,16.28,12.77,16.49,11.98,13.27,14.23,14.39,14.24,13.26,13.49,13.71,14.34,14.63,6.26,1.02,1.64,4.64,3.39,2.47,1.42,1.19,0.37,99.00,12.20,10.03,11.10],
  [1.06,10.11,10.04,19.95,27.61,9.09,18.35,16.11,18.04,18.04,17.26,16.80,8.25,7.90,6.61,6.66,9.17,6.52,7.41,18.41,23.27,20.83,33.81,31.16,27.94,19.47,21.45,18.96,23.89,21.98,20.38,20.43,21.14,19.56,19.06,18.73,22.59,22.16,24.96,20.31,21.32,21.69,18.83,19.53,3.09,1.92,4.70,2.41,1.71,2.46,3.82,2.06,2.80,3.06,1.05,2.67,2.39,4.00,4.44,3.16,4.26,2.05,4.87,3.00,6.83,7.43,4.34,6.11,4.15,4.15,6.53,4.68,4.77,11.84,12.42,11.09,10.25,12.59,9.74,10.83,11.40,12.41,12.20,99.00,3.56,3.09],
  [4.61,7.19,10.52,18.95,25.31,12.61,15.94,13.63,16.56,16.56,14.98,16.13,8.88,7.54,7.16,6.39,9.21,6.99,7.60,17.04,21.07,18.67,31.92,29.58,26.31,18.31,20.57,17.85,22.25,20.64,19.54,19.07,19.40,18.20,17.20,16.88,20.91,20.75,24.20,18.99,19.71,20.22,17.36,17.96,4.52,4.69,6.54,5.10,4.97,5.92,5.77,5.35,5.10,5.30,4.51,5.01,2.91,6.22,6.26,5.58,6.62,2.96,6.57,1.96,9.47,10.25,7.74,9.17,7.27,7.34,9.36,8.01,8.16,11.48,10.50,9.29,9.46,11.30,7.72,8.80,9.49,10.31,10.03,3.56,99.00,1.07],
  [4.08,8.24,11.22,19.95,26.38,12.15,17.01,14.70,17.60,17.60,16.06,17.07,9.52,8.37,7.79,7.18,9.99,7.64,8.32,18.07,22.15,19.74,32.99,30.64,27.37,19.32,21.55,18.85,23.30,21.67,20.52,20.10,20.46,19.24,18.27,17.94,21.97,21.79,25.17,20.02,20.76,21.27,18.40,19.01,3.48,3.85,5.49,4.22,4.25,5.26,4.75,4.61,4.14,4.32,3.91,4.06,1.88,5.21,5.22,4.62,5.62,1.99,5.51,0.89,9.53,10.25,7.41,9.05,7.11,7.15,9.35,7.73,7.84,12.35,11.56,10.34,10.39,12.31,8.78,9.86,10.55,11.38,11.10,3.09,1.07,99.00]
];
