// Chosen Depots: [1, 2, 3, 4, 5, 6]
// Chosen Demand Points (Original DP No): [1, 2, 3, 5, 6, 9, 11, 12, 15, 16, 17, 18, 22, 23, 24, 25, 26, 27, 28, 29, 30, 32, 33, 34, 36, 37, 38, 41, 44, 45, 46, 47, 48, 51, 53, 54, 55, 57, 58, 60, 62, 63, 64, 68, 70, 73, 74, 75, 76, 78, 79, 81, 82, 83, 86, 88, 89, 90, 91, 94, 99, 100, 102, 105, 106, 107, 110, 114, 115, 117, 118, 121, 123, 124, 126, 128, 129, 130, 134, 135, 136, 137, 138, 141, 142, 145, 147, 148, 149, 153, 156, 158, 159, 160, 161, 164, 168, 169, 170, 171]
// Original Weights: [9, 9, 9, 6, 9, 8, 5, 6, 7, 4, 5, 4, 6, 6, 5, 5, 4, 7, 5, 5, 5, 6, 8, 7, 9, 9, 8, 6, 7, 8, 6, 6, 6, 6, 5, 4, 5, 5, 6, 5, 4, 5, 6, 7, 6, 6, 2, 2, 5, 5, 4, 7, 6, 5, 6, 6, 7, 6, 6, 6, 6, 7, 6, 6, 7, 8, 7, 7, 7, 7, 7, 6, 6, 3, 3, 2, 2, 4, 4, 4, 2, 3, 3, 4, 8, 7, 5, 6, 6, 8, 7, 8, 7, 6, 8, 9, 5, 8, 8, 8]

|W| = 6;
|D| = 100;
V = 54;
C = 3;
|K| = 3;
M = 100;
S = 0.25;
|TR| = 15;
δmax = 18.3;
Runtime = 50;

// Priority weights for selected demand points
pj = [
  9, 9, 9, 6, 9, 8, 5, 6, 7, 4, 5, 4, 6, 6, 5, 5, 4, 7, 5, 5, 5, 6, 8, 7, 9, 9, 8, 6, 7, 8, 6, 6, 6, 6, 5, 4, 5, 5, 6, 5, 4, 5, 6, 7, 6, 6, 2, 2, 5, 5, 4, 7, 6, 5, 6, 6, 7, 6, 6, 6, 6, 7, 6, 6, 7, 8, 7, 7, 7, 7, 7, 6, 6, 3, 3, 2, 2, 4, 4, 4, 2, 3, 3, 4, 8, 7, 5, 6, 6, 8, 7, 8, 7, 6, 8, 9, 5, 8, 8, 8
];

δij =
[
  [99.00,99.00,99.00,99.00,99.00,99.00,19.31,19.21,17.00,18.70,18.10,18.55,9.24,9.16,6.09,7.41,6.15,8.48,6.76,7.04,6.93,7.21,9.54,6.11,6.17,6.88,7.81,19.04,24.16,24.34,27.83,24.08,22.24,28.07,33.34,34.53,31.29,31.81,28.60,21.14,20.04,21.94,23.83,19.52,24.56,21.87,20.86,21.04,24.33,19.81,21.71,22.79,24.56,25.41,22.19,22.64,20.72,20.18,22.00,21.08,20.20,1.64,4.43,2.02,1.03,1.70,1.26,2.70,1.23,0.36,2.46,3.04,4.20,3.82,4.28,3.26,4.65,0.99,2.62,4.44,5.05,7.10,6.83,3.46,3.27,3.45,5.95,3.84,3.89,11.81,11.71,11.87,10.83,10.90,13.24,11.66,12.20,12.31,10.82,13.61,13.25,4.80,1.47,4.75,4.61,4.08],
  [99.00,99.00,99.00,99.00,99.00,99.00,9.07,8.93,6.60,10.80,8.14,9.19,6.43,6.12,5.71,8.33,8.33,9.26,6.36,6.19,8.35,6.74,8.34,5.12,7.46,8.14,7.88,11.43,14.95,15.21,17.89,14.17,12.71,19.41,24.20,25.19,22.83,23.22,19.93,12.74,12.98,15.55,15.99,12.63,15.96,14.43,14.68,13.35,16.01,10.80,13.23,14.84,18.71,19.18,14.39,15.19,13.85,11.14,13.56,13.75,11.95,11.70,13.73,12.16,11.79,12.58,12.15,12.68,11.52,11.16,12.14,10.10,13.45,12.73,13.17,12.79,13.75,10.69,12.84,12.99,13.43,13.25,14.13,13.26,13.57,12.49,13.42,13.33,13.59,9.48,2.64,4.28,6.71,5.26,6.76,3.44,4.12,3.71,4.28,7.56,4.23,7.77,10.35,6.83,7.19,8.24],
  [99.00,99.00,99.00,99.00,99.00,99.00,13.23,13.22,11.78,10.26,11.91,11.50,3.53,3.84,6.45,3.03,4.25,1.80,4.96,4.86,3.48,4.22,1.62,7.61,4.64,3.61,2.93,10.31,16.06,16.13,20.23,16.76,14.70,19.18,24.59,25.90,22.12,22.69,19.69,12.68,10.81,12.19,14.67,10.25,15.88,12.64,11.10,12.08,15.46,12.12,13.23,13.80,14.51,15.43,13.16,13.36,11.30,12.46,13.46,11.87,11.77,11.85,14.68,12.28,11.29,11.85,11.47,12.97,11.45,10.60,12.66,12.02,14.44,13.95,14.45,13.49,14.88,10.77,12.89,8.16,8.11,6.09,7.39,9.45,10.13,8.50,7.28,9.15,9.46,1.98,8.06,6.68,3.65,5.10,5.79,7.29,7.12,7.61,5.98,5.54,8.16,11.46,8.80,10.15,10.52,11.22],
  [99.00,99.00,99.00,99.00,99.00,99.00,8.44,8.59,9.40,3.42,7.92,6.34,11.29,11.41,14.92,13.21,14.42,12.48,13.83,13.57,13.68,13.29,11.09,15.61,14.31,13.69,12.74,2.69,6.49,6.38,10.69,8.28,6.55,8.38,13.76,15.11,11.16,11.75,8.86,3.60,1.05,1.71,3.82,1.22,5.48,1.90,1.08,2.10,4.86,5.15,3.85,3.24,4.89,5.35,2.66,2.47,0.46,5.17,3.85,1.37,3.37,21.87,24.62,22.35,21.49,22.17,21.74,23.03,21.51,20.75,22.62,21.35,24.35,23.74,24.25,23.45,24.77,20.71,23.03,19.09,19.07,16.97,18.27,20.31,20.98,19.35,18.24,20.06,20.36,9.03,11.29,9.94,9.71,10.06,7.66,10.66,9.91,10.21,10.61,7.07,9.62,19.85,19.07,18.52,18.95,19.95],
  [99.00,99.00,99.00,99.00,99.00,99.00,9.24,9.37,11.70,10.87,10.36,9.95,19.75,19.71,22.35,22.30,23.24,22.10,21.87,21.59,22.68,21.64,20.51,22.46,22.76,22.60,21.72,10.98,5.29,5.36,1.11,4.40,6.39,5.98,7.22,7.69,7.99,7.89,6.08,8.64,11.21,11.89,8.51,11.69,6.48,9.91,12.45,9.78,7.23,8.98,8.17,8.57,13.14,12.41,9.10,9.64,11.28,8.63,8.04,10.39,9.46,29.43,31.79,29.92,29.31,30.09,29.64,30.52,29.16,28.59,30.01,28.17,31.51,30.80,31.27,30.75,31.85,28.30,30.62,28.50,28.66,27.08,28.35,29.41,29.96,28.46,28.07,29.28,29.58,19.13,16.83,16.58,18.34,17.74,15.71,16.78,16.24,16.13,17.65,15.67,15.19,25.99,27.27,24.91,25.31,26.38],
  [99.00,99.00,99.00,99.00,99.00,99.00,24.98,24.93,22.99,22.86,23.67,23.66,13.89,13.99,12.46,11.27,10.49,11.44,12.23,12.49,10.93,12.22,13.02,13.08,11.16,11.04,11.86,22.96,28.66,28.75,32.74,29.14,27.13,31.85,37.25,38.57,34.73,35.31,32.36,25.31,23.47,24.66,27.32,22.91,28.55,25.30,23.59,24.75,28.13,24.54,25.87,26.47,26.58,27.59,25.83,25.99,23.92,24.91,26.11,24.53,24.39,8.79,9.89,8.70,8.11,7.66,7.82,8.87,8.61,8.27,9.17,10.91,9.89,10.13,10.28,9.42,10.18,8.99,8.56,5.23,4.93,6.60,5.30,4.97,4.86,5.66,5.45,4.83,4.60,14.66,17.92,17.44,15.21,16.01,17.83,17.56,17.86,18.15,16.37,17.85,19.03,12.88,8.10,12.67,12.61,12.15],
  [19.31,9.07,13.23,8.44,9.24,24.98,99.00,0.19,2.47,5.23,1.32,2.26,11.10,10.99,13.24,13.74,14.51,13.83,12.94,12.66,14.06,12.82,12.26,13.27,13.92,13.94,13.14,5.90,6.26,6.57,8.81,5.11,3.94,10.84,15.25,16.18,14.24,14.55,11.34,5.42,7.40,9.85,8.54,7.46,7.72,7.83,9.52,6.77,8.04,3.35,5.64,7.50,12.81,12.83,7.35,8.36,8.15,3.44,5.92,7.52,5.16,20.24,22.56,20.73,20.16,20.95,20.50,21.31,19.99,19.45,20.80,18.93,22.27,21.56,22.03,21.52,22.61,19.13,21.43,19.81,20.05,18.83,20.03,20.57,21.07,19.65,19.62,20.49,20.79,11.50,7.62,7.60,9.91,8.98,7.44,7.67,7.21,7.02,8.68,7.73,6.09,16.75,18.22,15.66,16.06,17.14],
  [19.21,8.93,13.22,8.59,9.37,24.93,0.19,99.00,2.33,5.36,1.31,2.38,11.06,10.94,13.15,13.70,14.45,13.80,12.87,12.59,14.01,12.75,12.24,13.17,13.86,13.89,13.10,6.04,6.44,6.75,8.96,5.27,4.12,11.02,15.41,16.34,14.42,14.72,11.52,5.60,7.55,10.02,8.72,7.60,7.91,8.00,9.67,6.94,8.22,3.51,5.82,7.68,12.98,13.01,7.52,8.53,8.31,3.62,6.10,7.68,5.33,20.14,22.44,20.62,20.06,20.85,20.40,21.20,19.88,19.35,20.69,18.81,22.16,21.45,21.91,21.41,22.49,19.02,21.32,19.76,20.00,18.80,20.00,20.50,21.00,19.58,19.58,20.43,20.72,11.52,7.52,7.53,9.88,8.93,7.43,7.58,7.14,6.94,8.62,7.74,6.01,16.62,18.13,15.54,15.94,17.01],
  [17.00,6.60,11.78,9.40,11.70,22.99,2.47,2.33,99.00,5.98,1.75,3.26,9.23,9.07,10.98,11.86,12.50,12.12,10.82,10.55,12.13,10.78,10.62,10.92,11.85,11.99,11.27,6.72,8.56,8.86,11.29,7.58,6.26,13.13,17.68,18.64,16.55,16.88,13.63,7.05,8.37,11.00,10.34,8.26,9.84,9.26,10.44,8.13,10.05,4.89,7.41,9.23,14.12,14.31,8.94,9.90,9.22,5.14,7.72,8.77,6.51,17.87,20.14,18.35,17.82,18.62,18.17,18.93,17.63,17.13,18.41,16.50,19.86,19.14,19.60,19.12,20.18,16.77,19.05,17.78,18.06,17.05,18.20,18.44,18.91,17.55,17.71,18.40,18.69,10.26,5.29,5.57,8.24,7.09,6.07,5.47,5.14,4.85,6.62,6.57,3.96,14.29,15.97,13.23,13.63,14.70],
  [18.70,10.80,10.26,3.42,10.87,22.86,5.23,5.36,5.98,99.00,4.54,3.01,9.52,9.56,12.80,11.85,12.93,11.44,11.94,11.66,12.28,11.53,9.88,13.29,12.63,12.24,11.30,0.74,5.80,5.89,9.99,6.69,4.64,9.37,14.67,15.90,12.63,13.13,9.91,2.48,2.39,5.05,5.31,2.29,5.87,3.64,4.46,2.56,5.64,2.30,3.05,4.19,8.21,8.52,3.66,4.40,3.26,2.53,3.32,2.98,1.54,19.95,22.59,20.44,19.67,20.40,19.95,21.10,19.62,18.92,20.65,19.15,22.32,21.67,22.16,21.45,22.71,18.79,21.14,18.01,18.10,16.33,17.62,19.07,19.68,18.11,17.41,18.88,19.19,8.29,8.37,7.29,7.96,7.84,5.45,7.88,7.14,7.34,8.15,5.15,6.61,17.41,17.38,16.12,16.56,17.60],
  [18.10,8.14,11.91,7.92,10.36,23.67,1.32,1.31,1.75,4.54,99.00,1.60,9.79,9.68,12.02,12.42,13.20,12.50,11.67,11.39,12.75,11.52,10.94,12.10,12.63,12.63,11.83,5.26,6.87,7.15,9.85,6.09,4.58,11.41,16.06,17.06,14.83,15.18,11.92,5.33,6.87,9.45,8.61,6.83,8.10,7.60,8.98,6.49,8.30,3.16,5.67,7.50,12.52,12.65,7.24,8.22,7.69,3.39,5.98,7.17,4.85,19.07,21.44,19.56,18.97,19.75,19.30,20.16,18.81,18.25,19.65,17.82,21.16,20.45,20.92,20.39,21.50,17.95,20.26,18.51,18.75,17.51,18.71,19.29,19.79,18.36,18.30,19.20,19.50,10.21,6.46,6.32,8.59,7.67,6.12,6.44,5.94,5.79,7.41,6.43,4.85,15.70,16.98,14.57,14.98,16.06],
  [18.55,9.19,11.50,6.34,9.95,23.66,2.26,2.38,3.26,3.01,1.60,99.00,9.82,9.76,12.47,12.40,13.30,12.31,11.93,11.64,12.77,11.69,10.72,12.70,12.81,12.67,11.81,3.71,5.81,6.05,9.29,5.56,3.71,10.22,15.11,16.18,13.64,14.03,10.74,3.80,5.29,7.85,7.11,5.28,6.79,6.01,7.40,4.89,6.91,1.66,4.19,5.98,10.92,11.07,5.68,6.64,6.09,1.97,4.51,5.57,3.26,19.62,22.09,20.11,19.45,20.22,19.77,20.73,19.33,18.72,20.24,18.52,21.81,21.12,21.61,21.01,22.17,18.48,20.82,18.58,18.76,17.33,18.57,19.46,20.01,18.51,18.23,19.34,19.64,9.67,7.19,6.68,8.45,7.79,5.85,6.98,6.37,6.35,7.73,5.96,5.43,16.51,17.35,15.32,15.74,16.81],
  [9.24,6.43,3.53,11.29,19.75,13.89,11.10,11.06,9.23,9.52,9.79,9.82,99.00,0.32,3.79,2.64,3.49,3.04,2.55,2.29,2.96,2.03,1.92,4.75,3.11,2.86,2.05,9.82,15.14,15.28,19.04,15.36,13.39,18.87,24.19,25.41,22.07,22.59,19.41,11.98,10.81,12.81,14.59,10.29,15.39,12.63,11.74,11.81,15.12,10.85,12.55,13.56,15.59,16.36,12.95,13.41,11.50,11.23,12.84,11.84,11.04,10.59,13.33,11.07,10.23,10.94,10.50,11.75,10.23,9.49,11.33,10.14,13.07,12.47,12.97,12.16,13.48,9.43,11.75,8.76,8.97,7.82,8.97,9.66,10.24,8.71,8.52,9.52,9.83,3.55,4.74,3.70,1.59,2.14,4.11,4.08,4.14,4.55,2.74,4.38,5.31,8.97,7.88,7.60,8.02,8.92],
  [9.16,6.12,3.84,11.41,19.71,13.99,10.99,10.94,9.07,9.56,9.68,9.76,0.32,99.00,3.59,2.79,3.54,3.29,2.42,2.15,3.07,1.98,2.23,4.50,3.09,2.95,2.20,9.88,15.14,15.29,19.00,15.31,13.36,18.92,24.22,25.44,22.14,22.65,19.46,12.02,10.91,12.95,14.67,10.40,15.43,12.72,11.89,11.89,15.18,10.83,12.58,13.63,15.77,16.52,13.03,13.51,11.62,11.21,12.87,11.93,11.07,10.48,13.21,10.97,10.15,10.86,10.42,11.64,10.13,9.40,11.21,9.97,12.94,12.33,12.84,12.04,13.35,9.32,11.65,8.84,9.06,8.00,9.13,9.70,10.26,8.75,8.65,9.58,9.88,3.84,4.48,3.52,1.71,2.02,4.12,3.85,3.96,4.34,2.53,4.45,5.13,8.74,7.82,7.38,7.80,8.71],
  [6.09,5.71,6.45,14.92,22.35,12.46,13.24,13.15,10.98,12.80,12.02,12.47,3.79,3.59,99.00,3.67,3.03,4.97,1.49,1.62,3.42,2.23,5.03,1.20,2.17,3.21,3.55,13.20,18.13,18.32,21.75,17.99,16.17,22.15,27.35,28.52,25.43,25.92,22.68,15.20,14.36,16.50,18.03,13.87,18.62,16.13,15.45,15.24,18.44,13.76,15.76,16.96,19.35,20.09,16.38,16.92,15.10,14.14,16.06,15.35,14.27,7.19,9.80,7.68,6.99,7.76,7.30,8.32,6.88,6.26,7.85,6.43,9.52,8.88,9.38,8.65,9.91,6.03,8.38,7.28,7.72,7.75,8.50,7.63,8.02,6.82,7.76,7.67,7.94,7.18,5.70,5.79,5.28,4.96,7.38,5.58,6.11,6.23,4.76,7.87,7.17,5.19,4.99,3.83,4.24,5.12],
  [7.41,8.33,3.03,13.21,22.30,11.27,13.74,13.70,11.86,11.85,12.42,12.40,2.64,2.79,3.67,99.00,1.26,1.34,2.25,2.29,0.48,1.64,2.14,4.87,1.64,0.58,0.60,12.07,17.58,17.70,21.56,17.91,15.92,21.12,26.49,27.74,24.23,24.77,21.65,14.33,12.87,14.61,16.73,12.33,17.69,14.72,13.51,14.00,17.36,13.35,14.90,15.75,17.16,18.02,15.13,15.48,13.49,13.72,15.17,13.93,13.39,8.94,11.76,9.39,8.44,9.06,8.65,10.08,8.55,7.72,9.73,9.00,11.51,11.00,11.50,10.57,11.95,7.83,10.02,6.20,6.36,5.22,6.34,7.22,7.84,6.26,5.88,7.03,7.34,4.39,7.15,6.30,3.97,4.78,6.60,6.59,6.75,7.11,5.29,6.72,7.92,8.47,5.96,7.19,7.54,8.20],
  [6.15,8.33,4.25,14.42,23.24,10.49,14.51,14.45,12.50,12.93,13.20,13.30,3.49,3.54,3.03,1.26,99.00,2.47,1.97,2.15,0.79,1.74,3.39,4.19,0.88,0.73,1.68,13.18,18.61,18.74,22.52,18.84,16.88,22.25,27.59,28.84,25.38,25.92,22.78,15.41,14.05,15.84,17.89,13.51,18.79,15.89,14.74,15.14,18.49,14.34,15.98,16.90,18.41,19.27,16.28,16.66,14.68,14.71,16.25,15.10,14.47,7.67,10.50,8.12,7.18,7.80,7.39,8.81,7.28,6.46,8.47,7.78,10.25,9.74,10.24,9.31,10.69,6.57,8.76,5.31,5.56,4.93,5.87,6.18,6.76,5.22,5.27,6.04,6.34,5.66,7.53,6.94,4.98,5.54,7.58,7.09,7.37,7.67,5.88,7.78,8.54,7.40,4.70,6.18,6.50,7.09],
  [8.48,9.26,1.80,12.48,22.10,11.44,13.83,13.80,12.12,11.44,12.50,12.31,3.04,3.29,4.97,1.34,2.47,99.00,3.52,3.50,1.73,2.83,1.59,6.17,2.98,1.89,1.47,11.58,17.22,17.32,21.30,17.73,15.70,20.57,25.96,27.25,23.59,24.15,21.09,13.90,12.24,13.79,16.11,11.68,17.19,14.08,12.70,13.44,16.82,13.11,14.46,15.18,16.21,17.11,14.55,14.82,12.79,13.48,14.72,13.30,12.97,10.05,12.88,10.49,9.50,10.07,9.68,11.17,9.65,8.80,10.86,10.25,12.64,12.16,12.65,11.70,13.08,8.98,11.10,6.63,6.67,5.02,6.27,7.83,8.50,6.87,5.99,7.58,7.88,3.47,7.77,6.68,3.92,5.08,6.46,7.11,7.13,7.56,5.77,6.42,8.27,9.80,7.01,8.53,8.88,9.52],
  [6.76,6.36,4.96,13.83,21.87,12.23,12.94,12.87,10.82,11.94,11.67,11.93,2.55,2.42,1.49,2.25,1.97,3.52,99.00,0.29,2.10,0.74,3.55,2.67,1.12,1.89,2.07,12.28,17.45,17.61,21.22,17.49,15.59,21.31,26.59,27.78,24.54,25.05,21.84,14.38,13.33,15.36,17.08,12.82,17.80,15.14,14.29,14.30,17.57,13.11,14.95,16.04,18.13,18.91,15.44,15.92,14.04,13.48,15.24,14.35,13.44,8.06,10.79,8.55,7.74,8.46,8.02,9.22,7.71,6.99,8.79,7.61,10.52,9.92,10.43,9.62,10.94,6.90,9.23,7.00,7.33,6.90,7.81,7.64,8.13,6.73,7.16,7.58,7.87,5.75,5.69,5.34,4.12,4.17,6.48,5.35,5.73,5.97,4.26,6.86,6.88,6.62,5.46,5.27,5.67,6.48],
  [7.04,6.19,4.86,13.57,21.59,12.49,12.66,12.59,10.55,11.66,11.39,11.64,2.29,2.15,1.62,2.29,2.15,3.50,0.29,99.00,2.19,0.67,3.41,2.76,1.34,1.98,2.03,12.00,17.16,17.33,20.93,17.20,15.30,21.03,26.30,27.50,24.26,24.77,21.56,14.10,13.06,15.10,16.81,12.55,17.52,14.87,14.03,14.02,17.29,12.82,14.67,15.76,17.88,18.66,15.16,15.65,13.77,13.20,14.96,14.08,13.16,8.33,11.06,8.82,8.02,8.74,8.30,9.49,7.99,7.27,9.06,7.85,10.79,10.18,10.69,9.89,11.20,7.17,9.51,7.25,7.58,7.08,8.02,7.91,8.41,7.00,7.39,7.85,8.14,5.57,5.44,5.06,3.86,3.89,6.20,5.08,5.46,5.70,3.98,6.59,6.60,6.79,5.75,5.44,5.84,6.68],
  [6.93,8.35,3.48,13.68,22.68,10.93,14.06,14.01,12.13,12.28,12.75,12.77,2.96,3.07,3.42,0.48,0.79,1.73,2.10,2.19,99.00,1.61,2.62,4.62,1.29,0.22,0.98,12.51,17.99,18.12,21.95,18.29,16.31,21.57,26.93,28.18,24.68,25.22,22.10,14.76,13.33,15.08,17.18,12.79,18.13,15.18,13.99,14.45,17.81,13.75,15.33,16.20,17.64,18.50,15.58,15.94,13.95,14.12,15.60,14.39,13.82,8.46,11.28,8.91,7.96,8.57,8.16,9.60,8.07,7.24,9.26,8.54,11.03,10.53,11.02,10.10,11.47,7.35,9.54,5.82,6.01,5.03,6.10,6.79,7.41,5.83,5.58,6.62,6.93,4.88,7.31,6.56,4.36,5.08,6.99,6.80,7.00,7.34,5.53,7.14,8.17,8.08,5.48,6.82,7.16,7.79],
  [7.21,6.74,4.22,13.29,21.64,12.22,12.82,12.75,10.78,11.53,11.52,11.69,2.03,1.98,2.23,1.64,1.74,2.83,0.74,0.67,1.61,99.00,2.83,3.40,1.12,1.40,1.36,11.84,17.11,17.27,20.95,17.25,15.32,20.89,26.20,27.41,24.09,24.61,21.43,13.99,12.83,14.79,16.62,12.31,17.40,14.66,13.72,13.84,17.14,12.80,14.56,15.59,17.52,18.32,14.98,15.43,13.52,13.18,14.85,13.86,13.05,8.58,11.35,9.06,8.21,8.91,8.47,9.74,8.22,7.46,9.33,8.25,11.08,10.50,11.00,10.17,11.50,7.42,9.74,7.01,7.29,6.59,7.59,7.78,8.32,6.84,7.01,7.68,7.98,5.04,5.79,5.23,3.61,3.90,6.10,5.35,5.65,5.94,4.15,6.41,6.81,7.34,5.85,6.00,6.39,7.18],
  [9.54,8.34,1.62,11.09,20.51,13.02,12.26,12.24,10.62,9.88,10.94,10.72,1.92,2.23,5.03,2.14,3.39,1.59,3.55,3.41,2.62,2.83,99.00,6.15,3.51,2.67,1.75,10.05,15.66,15.76,19.72,16.14,14.12,19.07,24.45,25.73,22.14,22.69,19.60,12.35,10.78,12.47,14.64,10.23,15.67,12.63,11.37,11.94,15.32,11.53,12.92,13.69,15.02,15.88,13.06,13.38,11.37,11.89,13.18,11.84,11.42,11.04,13.86,11.50,10.57,11.19,10.78,12.19,10.66,9.84,11.83,10.96,13.61,13.07,13.57,12.67,14.04,9.92,12.15,8.14,8.22,6.61,7.86,9.27,9.91,8.30,7.57,9.04,9.35,2.29,6.55,5.29,2.38,3.68,4.88,5.81,5.74,6.20,4.49,4.84,6.84,10.16,8.09,8.82,9.21,9.99],
  [6.11,5.12,7.61,15.61,22.46,13.08,13.27,13.17,10.92,13.29,12.10,12.70,4.75,4.50,1.20,4.87,4.19,6.17,2.67,2.76,4.62,3.40,6.15,99.00,3.36,4.41,4.74,13.75,18.44,18.65,21.92,18.15,16.40,22.58,27.72,28.84,25.90,26.38,23.11,15.64,14.99,17.22,18.58,14.51,19.05,16.73,16.19,15.78,18.91,14.08,16.19,17.48,20.14,20.85,16.92,17.52,15.76,14.45,16.50,15.96,14.72,6.97,9.40,7.46,6.90,7.70,7.25,8.06,6.71,6.22,7.56,5.87,9.12,8.44,8.93,8.31,9.49,5.86,8.16,8.00,8.48,8.77,9.43,8.16,8.45,7.42,8.64,8.25,8.49,8.23,5.65,6.09,6.12,5.55,7.97,5.71,6.34,6.36,5.15,8.54,7.29,4.28,5.25,2.92,3.35,4.34],
  [6.17,7.46,4.64,14.31,22.76,11.16,13.92,13.86,11.85,12.63,12.63,12.81,3.11,3.09,2.17,1.64,0.88,2.98,1.12,1.34,1.29,1.12,3.51,3.36,99.00,1.10,1.77,12.93,18.23,18.38,22.08,18.37,16.44,21.99,27.30,28.52,25.17,25.69,22.52,15.10,13.88,15.78,17.68,13.35,18.50,15.71,14.70,14.91,18.23,13.92,15.66,16.67,18.45,19.27,16.05,16.49,14.55,14.30,15.95,14.92,14.15,7.60,10.40,8.07,7.18,7.86,7.43,8.75,7.23,6.44,8.37,7.45,10.14,9.58,10.09,9.21,10.57,6.46,8.74,5.93,6.25,5.79,6.69,6.66,7.19,5.73,6.05,6.57,6.87,5.80,6.78,6.32,4.69,5.03,7.21,6.40,6.73,7.00,5.24,7.50,7.89,6.83,4.78,5.55,5.90,6.58],
  [6.88,8.14,3.61,13.69,22.60,11.04,13.94,13.89,11.99,12.24,12.63,12.67,2.86,2.95,3.21,0.58,0.73,1.89,1.89,1.98,0.22,1.40,2.67,4.41,1.10,99.00,0.96,12.48,17.93,18.06,21.87,18.21,16.23,21.54,26.89,28.14,24.67,25.21,22.07,14.72,13.33,15.11,17.17,12.79,18.09,15.17,14.02,14.43,17.78,13.68,15.28,16.18,17.69,18.54,15.56,15.94,13.96,14.05,15.56,14.38,13.77,8.39,11.21,8.84,7.90,8.53,8.11,9.53,8.00,7.17,9.18,8.42,10.96,10.44,10.93,10.02,11.39,7.27,9.48,5.90,6.11,5.21,6.26,6.85,7.45,5.88,5.72,6.68,6.99,4.94,7.14,6.42,4.30,4.96,6.92,6.64,6.86,7.19,5.38,7.09,8.03,7.91,5.43,6.64,6.99,7.64],
  [7.81,7.88,2.93,12.74,21.72,11.86,13.14,13.10,11.27,11.30,11.83,11.81,2.05,2.20,3.55,0.60,1.68,1.47,2.07,2.03,0.98,1.36,1.75,4.74,1.77,0.96,99.00,11.53,17.01,17.14,20.98,17.33,15.34,20.59,25.95,27.20,23.72,24.25,21.12,13.78,12.37,14.16,16.22,11.83,17.15,14.22,13.07,13.48,16.83,12.78,14.35,15.23,16.76,17.60,14.61,14.98,13.00,13.15,14.62,13.43,12.84,9.29,12.11,9.75,8.83,9.47,9.05,10.44,8.91,8.10,10.08,9.23,11.85,11.32,11.82,10.92,12.29,8.17,10.40,6.78,6.95,5.80,6.93,7.77,8.38,6.81,6.47,7.60,7.90,4.05,6.60,5.72,3.39,4.19,6.02,6.02,6.16,6.54,4.72,6.16,7.33,8.54,6.36,7.23,7.60,8.32],
  [19.04,11.43,10.31,2.69,10.98,22.96,5.90,6.04,6.72,0.74,5.26,3.71,9.82,9.88,13.20,12.07,13.18,11.58,12.28,12.00,12.51,11.84,10.05,13.75,12.93,12.48,11.53,99.00,5.79,5.84,10.05,6.93,4.92,9.07,14.42,15.68,12.26,12.77,9.60,2.38,1.66,4.32,4.83,1.57,5.62,3.03,3.73,2.04,5.31,2.81,2.92,3.76,7.49,7.82,3.18,3.81,2.53,2.97,3.15,2.32,1.53,20.33,23.00,20.81,20.02,20.74,20.30,21.48,19.99,19.27,21.03,19.59,22.72,22.08,22.58,21.84,23.12,19.16,21.51,18.19,18.25,16.40,17.70,19.29,19.91,18.32,17.53,19.08,19.39,8.33,8.97,7.80,8.24,8.24,5.83,8.43,7.69,7.92,8.62,5.43,7.22,17.90,17.69,16.60,17.04,18.07],
  [24.16,14.95,16.06,6.49,5.29,28.66,6.26,6.44,8.56,5.80,6.87,5.81,15.14,15.14,18.13,17.58,18.61,17.22,17.45,17.16,17.99,17.11,15.66,18.44,18.23,17.93,17.01,5.79,99.00,0.35,4.29,2.34,2.32,4.59,9.30,10.40,7.99,8.32,5.08,3.41,5.93,6.86,3.77,6.41,1.94,4.72,7.27,4.49,2.62,4.37,2.90,3.45,8.74,8.29,3.90,4.60,6.02,3.99,2.75,5.13,4.30,25.31,27.84,25.80,25.10,25.86,25.41,26.44,25.01,24.36,25.96,24.29,27.56,26.88,27.37,26.74,27.93,24.16,26.51,23.76,23.87,22.13,23.42,24.78,25.37,23.81,23.21,24.61,24.91,14.09,13.00,12.37,13.63,13.27,11.03,12.75,12.10,12.13,13.37,10.86,11.23,22.32,22.91,21.11,21.54,22.61],
  [24.34,15.21,16.13,6.38,5.36,28.75,6.57,6.75,8.86,5.89,7.15,6.05,15.28,15.29,18.32,17.70,18.74,17.32,17.61,17.33,18.12,17.27,15.76,18.65,18.38,18.06,17.14,5.84,0.35,99.00,4.33,2.66,2.63,4.28,9.07,10.20,7.69,8.03,4.78,3.46,5.87,6.67,3.51,6.37,1.61,4.57,7.13,4.43,2.32,4.57,2.92,3.28,8.47,8.00,3.76,4.40,5.92,4.20,2.74,5.03,4.37,25.50,28.04,25.99,25.28,26.03,25.58,26.63,25.20,24.54,26.15,24.50,27.76,27.09,27.58,26.94,28.14,24.35,26.70,23.88,23.98,22.21,23.50,24.91,25.51,23.95,23.30,24.73,25.04,14.15,13.23,12.57,13.76,13.44,11.18,12.97,12.31,12.35,13.56,10.98,11.45,22.54,23.07,21.33,21.76,22.83],
  [27.83,17.89,20.23,10.69,1.11,32.74,8.81,8.96,11.29,9.99,9.85,9.29,19.04,19.00,21.75,21.56,22.52,21.30,21.22,20.93,21.95,20.95,19.72,21.92,22.08,21.87,20.98,10.05,4.29,4.33,99.00,3.77,5.64,4.98,6.94,7.60,7.27,7.26,5.13,7.68,10.20,10.80,7.41,10.69,5.38,8.84,11.38,8.76,6.13,8.20,7.19,7.50,12.02,11.31,8.04,8.55,10.23,7.84,7.04,9.34,8.53,28.88,31.28,29.36,28.73,29.50,29.05,29.98,28.60,28.00,29.47,27.67,31.00,30.30,30.77,30.22,31.35,27.74,30.07,27.76,27.90,26.26,27.54,28.70,29.26,27.75,27.29,28.56,28.86,18.27,16.31,15.96,17.59,17.06,14.96,16.21,15.64,15.57,17.02,14.89,14.63,25.54,26.64,24.42,24.83,25.91],
  [24.08,14.17,16.76,8.28,4.40,29.14,5.11,5.27,7.58,6.69,6.09,5.56,15.36,15.31,17.99,17.91,18.84,17.73,17.49,17.20,18.29,17.25,16.14,18.15,18.37,18.21,17.33,6.93,2.34,2.66,3.77,99.00,2.07,6.33,10.19,11.08,9.55,9.76,6.75,4.77,7.53,8.93,6.06,7.93,4.27,6.69,9.18,6.19,4.95,4.64,4.44,5.57,11.03,10.62,5.89,6.73,7.83,4.30,4.44,6.93,5.42,25.11,27.52,25.60,24.97,25.75,25.29,26.21,24.83,24.24,25.71,23.91,27.24,26.53,27.01,26.45,27.58,23.97,26.30,24.10,24.27,22.73,23.99,25.01,25.56,24.06,23.70,24.88,25.18,14.84,12.54,12.21,13.95,13.34,11.32,12.45,11.88,11.80,13.27,11.31,10.86,21.79,22.90,20.66,21.07,22.15],
  [22.24,12.71,14.70,6.55,6.39,27.13,3.94,4.12,6.26,4.64,4.58,3.71,13.39,13.36,16.17,15.92,16.88,15.70,15.59,15.30,16.31,15.32,14.12,16.40,16.44,16.23,15.34,4.92,2.32,2.63,5.64,2.07,99.00,6.91,11.49,12.52,10.31,10.63,7.40,2.94,5.70,7.45,5.13,6.04,3.89,5.19,7.53,4.47,4.34,2.59,2.76,4.33,9.93,9.70,4.46,5.42,6.12,2.24,2.87,5.26,3.45,23.33,25.80,23.82,23.15,23.92,23.47,24.44,23.04,22.42,23.95,22.21,25.51,24.82,25.30,24.71,25.87,22.18,24.52,22.12,22.27,20.69,21.96,23.06,23.62,22.10,21.68,22.92,23.22,12.77,10.86,10.38,11.95,11.42,9.33,10.69,10.07,10.05,11.42,9.28,9.13,20.17,21.03,19.00,19.42,20.49],
  [28.07,19.41,19.18,8.38,5.98,31.85,10.84,11.02,13.13,9.37,11.41,10.22,18.87,18.92,22.15,21.12,22.25,20.57,21.31,21.03,21.57,20.89,19.07,22.58,21.99,21.54,20.59,9.07,4.59,4.28,4.98,6.33,6.91,99.00,5.40,6.74,3.42,3.82,0.54,6.95,8.38,7.73,4.56,8.94,3.53,6.57,8.64,7.13,3.76,8.63,6.39,5.39,7.84,6.93,6.03,5.91,7.98,8.28,6.09,7.32,7.88,29.32,31.93,29.81,29.04,29.77,29.33,30.46,28.99,28.30,30.00,28.45,31.66,30.99,31.49,30.80,32.04,28.15,30.50,27.20,27.23,25.25,26.55,28.33,28.97,27.37,26.46,28.12,28.43,17.21,17.32,16.50,17.30,17.20,14.83,16.98,16.28,16.38,17.44,14.49,15.52,26.59,26.74,25.34,25.77,26.83],
  [33.34,24.20,24.59,13.76,7.22,37.25,15.25,15.41,17.68,14.67,16.06,15.11,24.19,24.22,27.35,26.49,27.59,25.96,26.59,26.30,26.93,26.20,24.45,27.72,27.30,26.89,25.95,14.42,9.30,9.07,6.94,10.19,11.49,5.40,99.00,1.41,3.25,2.63,4.90,12.21,13.78,12.97,9.95,14.34,8.80,11.97,13.94,12.52,9.14,13.64,11.64,10.79,12.40,11.34,11.43,11.30,13.37,13.27,11.35,12.73,13.15,34.54,37.11,35.03,34.30,35.04,34.59,35.68,34.22,33.55,35.20,33.57,36.83,36.15,36.64,35.99,37.20,33.38,35.73,32.59,32.63,30.66,31.96,33.71,34.33,32.74,31.86,33.50,33.80,22.61,22.30,21.63,22.63,22.44,20.11,22.04,21.38,21.42,22.61,19.82,20.52,31.61,32.04,30.41,30.83,31.90],
  [34.53,25.19,25.90,15.11,7.69,38.57,16.18,16.34,18.64,15.90,17.06,16.18,25.41,25.44,28.52,27.74,28.84,27.25,27.78,27.50,28.18,27.41,25.73,28.84,28.52,28.14,27.20,15.68,10.40,10.20,7.60,11.08,12.52,6.74,1.41,99.00,4.63,3.99,6.25,13.43,15.11,14.36,11.29,15.66,10.06,13.30,15.32,13.82,10.44,14.76,12.86,12.10,13.81,12.75,12.74,12.65,14.72,14.39,12.58,14.05,14.37,35.70,38.24,36.19,35.48,36.22,35.77,36.83,35.39,34.73,36.35,34.69,37.96,37.28,37.77,37.14,38.33,34.54,36.90,33.87,33.92,31.97,33.28,34.96,35.58,34.00,33.17,34.76,35.07,23.92,23.37,22.77,23.86,23.63,21.32,23.15,22.50,22.52,23.76,21.05,21.61,32.69,33.24,31.50,31.92,32.99],
  [31.29,22.83,22.12,11.16,7.99,34.73,14.24,14.42,16.55,12.63,14.83,13.64,22.07,22.14,25.43,24.23,25.38,23.59,24.54,24.26,24.68,24.09,22.14,25.90,25.17,24.67,23.72,12.26,7.99,7.69,7.27,9.55,10.31,3.42,3.25,4.63,99.00,0.65,2.91,10.27,11.36,10.15,7.50,11.91,6.89,9.51,11.19,10.25,6.99,12.04,9.73,8.50,9.24,8.17,9.11,8.77,10.82,11.69,9.42,10.30,11.18,32.58,35.23,33.07,32.28,32.99,32.55,33.73,32.24,31.53,33.28,31.77,34.95,34.30,34.80,34.08,35.34,31.41,33.76,30.22,30.21,28.13,29.43,31.40,32.05,30.44,29.40,31.17,31.47,20.17,20.71,19.84,20.48,20.47,18.07,20.35,19.64,19.75,20.76,17.68,18.91,29.95,29.94,28.69,29.13,30.18],
  [31.81,23.22,22.69,11.75,7.89,35.31,14.55,14.72,16.88,13.13,15.18,14.03,22.59,22.65,25.92,24.77,25.92,24.15,25.05,24.77,25.22,24.61,22.69,26.38,25.69,25.21,24.25,12.77,8.32,8.03,7.26,9.76,10.63,3.82,2.63,3.99,0.65,99.00,3.29,10.74,11.92,10.77,8.05,12.47,7.33,10.07,11.80,10.78,7.48,12.45,10.19,9.03,9.89,8.82,9.64,9.34,11.40,12.10,9.88,10.85,11.66,33.08,35.71,33.57,32.79,33.51,33.06,34.23,32.75,32.04,33.77,32.24,35.44,34.78,35.28,34.58,35.83,31.91,34.26,30.78,30.78,28.72,30.02,31.96,32.60,30.99,29.97,31.72,32.03,20.74,21.13,20.30,21.01,20.96,18.57,20.79,20.09,20.19,21.23,18.20,19.34,30.40,30.46,29.15,29.58,30.64],
  [28.60,19.93,19.69,8.86,6.08,32.36,11.34,11.52,13.63,9.91,11.92,10.74,19.41,19.46,22.68,21.65,22.78,21.09,21.84,21.56,22.10,21.43,19.60,23.11,22.52,22.07,21.12,9.60,5.08,4.78,5.13,6.75,7.40,0.54,4.90,6.25,2.91,3.29,99.00,7.49,8.89,8.16,5.05,9.45,4.06,7.07,9.09,7.66,4.29,9.16,6.93,5.91,8.11,7.16,6.54,6.40,8.47,8.81,6.62,7.83,8.41,29.85,32.47,30.34,29.58,30.31,29.86,31.00,29.53,28.83,30.54,28.98,32.19,31.53,32.03,31.34,32.58,28.69,31.04,27.72,27.75,25.76,27.06,28.86,29.49,27.89,26.97,28.64,28.95,17.72,17.85,17.04,17.83,17.73,15.36,17.51,16.82,16.91,17.98,15.02,16.05,27.12,27.28,25.88,26.31,27.37],
  [21.14,12.74,12.68,3.60,8.64,25.31,5.42,5.60,7.05,2.48,5.33,3.80,11.98,12.02,15.20,14.33,15.41,13.90,14.38,14.10,14.76,13.99,12.35,15.64,15.10,14.72,13.78,2.38,3.41,3.46,7.68,4.77,2.94,6.95,12.21,13.43,10.27,10.74,7.49,99.00,2.77,4.64,3.31,3.16,3.43,2.46,4.60,1.55,3.30,2.17,0.57,2.18,7.42,7.41,1.93,2.94,3.19,1.98,0.86,2.35,0.94,22.37,24.98,22.86,22.11,22.84,22.40,23.51,22.05,21.36,23.05,21.51,24.71,24.05,24.54,23.85,25.09,21.21,23.56,20.49,20.57,18.76,20.06,21.55,22.16,20.59,19.87,21.36,21.67,10.70,10.49,9.57,10.43,10.26,7.90,10.08,9.37,9.50,10.50,7.63,8.69,19.68,19.83,18.42,18.85,19.91],
  [20.04,12.98,10.81,1.05,11.21,23.47,7.40,7.55,8.37,2.39,6.87,5.29,10.81,10.91,14.36,12.87,14.05,12.24,13.33,13.06,13.33,12.83,10.78,14.99,13.88,13.33,12.37,1.66,5.93,5.87,10.20,7.53,5.70,8.38,13.78,15.11,11.36,11.92,8.89,2.77,99.00,2.66,3.87,0.56,5.20,1.85,2.12,1.44,4.69,4.12,3.12,3.02,5.84,6.21,2.38,2.61,0.88,4.17,3.19,1.06,2.39,21.39,24.11,21.88,21.04,21.74,21.30,22.55,21.04,20.29,22.12,20.78,23.84,23.22,23.72,22.95,24.25,20.23,22.56,18.87,18.88,16.87,18.17,20.04,20.69,19.08,18.09,19.81,20.11,8.84,10.46,9.19,9.22,9.44,7.01,9.87,9.12,9.39,9.92,6.49,8.75,19.20,18.66,17.88,18.31,19.32],
  [21.94,15.55,12.19,1.71,11.89,24.66,9.85,10.02,11.00,5.05,9.45,7.85,12.81,12.95,16.50,14.61,15.84,13.79,15.36,15.10,15.08,14.79,12.47,17.22,15.78,15.11,14.16,4.32,6.86,6.67,10.80,8.93,7.45,7.73,12.97,14.36,10.15,10.77,8.16,4.64,2.66,99.00,3.44,2.93,5.42,2.26,1.10,3.12,4.69,6.51,4.69,3.40,3.18,3.66,3.04,2.27,1.79,6.46,4.58,2.34,4.69,23.37,26.14,23.84,22.96,23.62,23.20,24.53,23.00,22.22,24.13,22.92,25.87,25.28,25.78,24.96,26.29,22.22,24.51,20.34,20.28,18.09,19.38,21.61,22.29,20.66,19.41,21.34,21.64,10.32,12.99,11.63,11.24,11.69,9.31,12.36,11.61,11.92,12.27,8.69,11.33,21.48,20.52,20.13,20.57,21.55],
  [23.83,15.99,14.67,3.82,8.51,27.32,8.54,8.72,10.34,5.31,8.61,7.11,14.59,14.67,18.03,16.73,17.89,16.11,17.08,16.81,17.18,16.62,14.64,18.58,17.68,17.17,16.22,4.83,3.77,3.51,7.41,6.06,5.13,4.56,9.95,11.29,7.50,8.05,5.05,3.31,3.87,3.44,99.00,4.42,2.05,2.03,4.19,2.80,1.28,5.46,2.94,1.15,4.97,4.60,1.66,1.36,3.42,5.22,2.63,2.81,4.04,25.14,27.82,25.63,24.82,25.52,25.09,26.29,24.80,24.07,25.85,24.42,27.55,26.91,27.41,26.67,27.95,23.97,26.32,22.74,22.75,20.72,22.02,23.91,24.55,22.94,21.95,23.67,23.98,12.71,13.65,12.60,13.00,13.07,10.65,13.18,12.45,12.63,13.44,10.22,11.86,22.72,22.46,21.42,21.86,22.89],
  [19.52,12.63,10.25,1.22,11.69,22.91,7.46,7.60,8.26,2.29,6.83,5.28,10.29,10.40,13.87,12.33,13.51,11.68,12.82,12.55,12.79,12.31,10.23,14.51,13.35,12.79,11.83,1.57,6.41,6.37,10.69,7.93,6.04,8.94,14.34,15.66,11.91,12.47,9.45,3.16,0.56,2.93,4.42,99.00,5.75,2.40,2.19,1.95,5.24,4.27,3.55,3.58,6.10,6.55,2.93,3.15,1.25,4.36,3.66,1.62,2.63,20.88,23.60,21.36,20.52,21.21,20.78,22.04,20.53,19.77,21.61,20.29,23.33,22.72,23.22,22.44,23.74,19.72,22.04,18.31,18.32,16.31,17.62,19.49,20.15,18.53,17.53,19.26,19.56,8.28,10.09,8.77,8.70,8.96,6.55,9.47,8.72,9.01,9.47,6.00,8.41,18.74,18.13,17.41,17.85,18.85],
  [24.56,15.96,15.88,5.48,6.48,28.55,7.72,7.91,9.84,5.87,8.10,6.79,15.39,15.43,18.62,17.69,18.79,17.19,17.80,17.52,18.13,17.40,15.67,19.05,18.50,18.09,17.15,5.62,1.94,1.61,5.38,4.27,3.89,3.53,8.80,10.06,6.89,7.33,4.06,3.43,5.20,5.42,2.05,5.75,99.00,3.58,6.05,3.82,0.77,5.16,2.87,2.23,6.92,6.40,2.85,3.19,5.02,4.83,2.56,4.21,4.36,25.80,28.41,26.29,25.53,26.26,25.82,26.94,25.47,24.79,26.48,24.92,28.13,27.47,27.96,27.28,28.51,24.63,26.99,23.81,23.87,21.97,23.27,24.91,25.53,23.94,23.13,24.70,25.01,13.90,13.81,12.97,13.83,13.68,11.32,13.46,12.76,12.86,13.91,11.01,12.01,23.07,23.25,21.82,22.25,23.30],
  [21.87,14.43,12.64,1.90,9.91,25.30,7.83,8.00,9.26,3.64,7.60,6.01,12.63,12.72,16.13,14.72,15.89,14.08,15.14,14.87,15.18,14.66,12.63,16.73,15.71,15.17,14.22,3.03,4.72,4.57,8.84,6.69,5.19,6.57,11.97,13.30,9.51,10.07,7.07,2.46,1.85,2.26,2.03,2.40,3.58,99.00,2.55,1.13,2.97,4.50,2.45,1.35,4.98,5.05,0.82,0.79,1.45,4.39,2.32,0.79,2.75,23.20,25.91,23.69,22.86,23.56,23.13,24.36,22.86,22.12,23.93,22.55,25.63,25.01,25.51,24.75,26.04,22.04,24.38,20.72,20.72,18.70,20.00,21.89,22.54,20.93,19.93,21.66,21.96,10.68,11.99,10.83,11.04,11.19,8.76,11.46,10.72,10.95,11.62,8.28,10.24,20.91,20.49,19.60,20.03,21.06],
  [20.86,14.68,11.10,1.08,12.45,23.59,9.52,9.67,10.44,4.46,8.98,7.40,11.74,11.89,15.45,13.51,14.74,12.70,14.29,14.03,13.99,13.72,11.37,16.19,14.70,14.02,13.07,3.73,7.27,7.13,11.38,9.18,7.53,8.64,13.94,15.32,11.19,11.80,9.09,4.60,2.12,1.10,4.19,2.19,6.05,2.55,99.00,3.06,5.36,6.22,4.79,3.88,4.04,4.66,3.37,2.87,1.42,6.24,4.75,2.27,4.43,22.29,25.06,22.76,21.88,22.53,22.11,23.45,21.92,21.14,23.05,21.86,24.80,24.21,24.71,23.88,25.22,21.14,23.43,19.25,19.19,17.01,18.30,20.52,21.20,19.56,18.32,20.24,20.55,9.22,12.09,10.68,10.18,10.67,8.32,11.43,10.68,11.01,11.29,7.67,10.47,20.45,19.43,19.11,19.54,20.52],
  [21.04,13.35,12.08,2.10,9.78,24.75,6.77,6.94,8.13,2.56,6.49,4.89,11.81,11.89,15.24,14.00,15.14,13.44,14.30,14.02,14.45,13.84,11.94,15.78,14.91,14.43,13.48,2.04,4.49,4.43,8.76,6.19,4.47,7.13,12.52,13.82,10.25,10.78,7.66,1.55,1.44,3.12,2.80,1.95,3.82,1.13,3.06,99.00,3.38,3.43,1.75,1.75,6.05,6.17,1.14,1.85,1.66,3.35,1.78,0.80,1.64,22.35,25.03,22.84,22.03,22.74,22.30,23.50,22.01,21.29,23.06,21.63,24.75,24.11,24.61,23.87,25.15,21.18,23.53,20.07,20.10,18.16,19.46,21.21,21.84,20.24,19.35,20.99,21.29,10.10,10.94,9.83,10.23,10.28,7.86,10.43,9.70,9.90,10.66,7.44,9.17,19.94,19.69,18.64,19.07,20.10],
  [24.33,16.01,15.46,4.86,7.23,28.13,8.04,8.22,10.05,5.64,8.30,6.91,15.12,15.18,18.44,17.36,18.49,16.82,17.57,17.29,17.81,17.14,15.32,18.91,18.23,17.78,16.83,5.31,2.62,2.32,6.13,4.95,4.34,3.76,9.14,10.44,6.99,7.48,4.29,3.30,4.69,4.69,1.28,5.24,0.77,2.97,5.36,3.38,99.00,5.25,2.78,1.67,6.16,5.68,2.31,2.49,4.42,4.94,2.46,3.66,4.19,25.60,28.23,26.08,25.31,26.03,25.59,26.74,25.26,24.56,26.29,24.78,27.96,27.30,27.80,27.09,28.35,24.43,26.78,23.45,23.49,21.54,22.84,24.57,25.21,23.61,22.73,24.36,24.67,13.48,13.78,12.86,13.55,13.48,11.09,13.38,12.67,12.80,13.77,10.74,11.98,22.98,22.99,21.71,22.14,23.19],
  [19.81,10.80,12.12,5.15,8.98,24.54,3.35,3.51,4.89,2.30,3.16,1.66,10.85,10.83,13.76,13.35,14.34,13.11,13.11,12.82,13.75,12.80,11.53,14.08,13.92,13.68,12.78,2.81,4.37,4.57,8.20,4.64,2.59,8.63,13.64,14.76,12.04,12.45,9.16,2.17,4.12,6.51,5.46,4.27,5.16,4.50,6.22,3.43,5.25,99.00,2.53,4.34,9.48,9.54,4.09,5.08,4.83,0.38,2.85,4.17,1.82,20.95,23.48,21.44,20.74,21.50,21.05,22.07,20.64,20.00,21.59,19.93,23.20,22.52,23.01,22.37,23.57,19.79,22.14,19.55,19.69,18.10,19.37,20.51,21.09,19.56,19.09,20.36,20.67,10.20,8.69,8.00,9.39,8.93,6.76,8.40,7.74,7.78,9.01,6.69,6.90,17.99,18.56,16.77,17.20,18.27],
  [21.71,13.23,13.23,3.85,8.17,25.87,5.64,5.82,7.41,3.05,5.67,4.19,12.55,12.58,15.76,14.90,15.98,14.46,14.95,14.67,15.33,14.56,12.92,16.19,15.66,15.28,14.35,2.92,2.90,2.92,7.19,4.44,2.76,6.39,11.64,12.86,9.73,10.19,6.93,0.57,3.12,4.69,2.94,3.55,2.87,2.45,4.79,1.75,2.78,2.53,99.00,1.86,7.32,7.23,1.77,2.79,3.41,2.28,0.33,2.52,1.51,22.93,25.54,23.42,22.67,23.41,22.96,24.07,22.61,21.92,23.61,22.05,25.26,24.60,25.10,24.41,25.65,21.77,24.12,21.05,21.13,19.32,20.61,22.12,22.73,21.15,20.43,21.93,22.23,11.25,11.00,10.11,11.00,10.82,8.47,10.62,9.91,10.03,11.05,8.19,9.20,20.22,20.40,18.96,19.39,20.45],
  [22.79,14.84,13.80,3.24,8.57,26.47,7.50,7.68,9.23,4.19,7.50,5.98,13.56,13.63,16.96,15.75,16.90,15.18,16.04,15.76,16.20,15.59,13.69,17.48,16.67,16.18,15.23,3.76,3.45,3.28,7.50,5.57,4.33,5.39,10.79,12.10,8.50,9.03,5.91,2.18,3.02,3.40,1.15,3.58,2.23,1.35,3.88,1.75,1.67,4.34,1.86,99.00,5.61,5.42,0.64,1.16,2.79,4.12,1.58,1.99,2.89,24.08,26.75,24.57,23.77,24.49,24.05,25.24,23.75,23.03,24.79,23.33,26.48,25.83,26.33,25.60,26.87,22.92,25.26,21.81,21.84,19.88,21.18,22.96,23.60,21.99,21.08,22.74,23.04,11.82,12.51,11.47,11.98,11.99,9.58,12.05,11.32,11.49,12.34,9.18,10.72,21.60,21.44,20.31,20.75,21.79],
  [24.56,18.71,14.51,4.89,13.14,26.58,12.81,12.98,14.12,8.21,12.52,10.92,15.59,15.77,19.35,17.16,18.41,16.21,18.13,17.88,17.64,17.52,15.02,20.14,18.45,17.69,16.76,7.49,8.74,8.47,12.02,11.03,9.93,7.84,12.40,13.81,9.24,9.89,8.11,7.42,5.84,3.18,4.97,6.10,6.92,4.98,4.04,6.05,6.16,9.48,7.32,5.61,99.00,1.10,5.55,4.54,4.96,9.37,7.12,5.36,7.68,26.04,28.84,26.51,25.59,26.21,25.80,27.19,25.66,24.86,26.82,25.73,28.58,28.02,28.52,27.66,29.01,24.91,27.16,22.59,22.47,20.12,21.38,23.93,24.63,23.00,21.52,23.62,23.92,12.78,16.13,14.72,14.07,14.66,12.34,15.46,14.72,15.05,15.30,11.67,14.49,24.42,23.11,23.06,23.49,24.45],
  [25.41,19.18,15.43,5.35,12.41,27.59,12.83,13.01,14.31,8.52,12.65,11.07,16.36,16.52,20.09,18.02,19.27,17.11,18.91,18.66,18.50,18.32,15.88,20.85,19.27,18.54,17.60,7.82,8.29,8.00,11.31,10.62,9.70,6.93,11.34,12.75,8.17,8.82,7.16,7.41,6.21,3.66,4.60,6.55,6.40,5.05,4.66,6.17,5.68,9.54,7.23,5.42,1.10,99.00,5.49,4.47,5.34,9.39,6.99,5.56,7.80,26.87,29.66,27.34,26.43,27.07,26.65,28.02,26.49,25.70,27.64,26.50,29.40,28.82,29.32,28.47,29.82,25.72,28.00,23.54,23.43,21.11,22.38,24.87,25.56,23.93,22.49,24.56,24.86,13.66,16.64,15.29,14.82,15.33,12.97,16.01,15.26,15.56,15.93,12.33,14.96,25.11,23.97,23.76,24.20,25.17],
  [22.19,14.39,13.16,2.66,9.10,25.83,7.35,7.52,8.94,3.66,7.24,5.68,12.95,13.03,16.38,15.13,16.28,14.55,15.44,15.16,15.58,14.98,13.06,16.92,16.05,15.56,14.61,3.18,3.90,3.76,8.04,5.89,4.46,6.03,11.43,12.74,9.11,9.64,6.54,1.93,2.38,3.04,1.66,2.93,2.85,0.82,3.37,1.14,2.31,4.09,1.77,0.64,5.55,5.49,99.00,1.02,2.20,3.91,1.59,1.36,2.47,23.49,26.17,23.98,23.17,23.89,23.45,24.64,23.15,22.43,24.20,22.76,25.89,25.25,25.75,25.02,26.29,22.33,24.67,21.18,21.21,19.23,20.54,22.33,22.97,21.36,20.44,22.10,22.41,11.18,12.02,10.94,11.37,11.42,9.00,11.53,10.80,10.99,11.78,8.58,10.24,21.06,20.83,19.76,20.20,21.23],
  [22.64,15.19,13.36,2.47,9.64,25.99,8.36,8.53,9.90,4.40,8.22,6.64,13.41,13.51,16.92,15.48,16.66,14.82,15.92,15.65,15.94,15.43,13.38,17.52,16.49,15.94,14.98,3.81,4.60,4.40,8.55,6.73,5.42,5.91,11.30,12.65,8.77,9.34,6.40,2.94,2.61,2.27,1.36,3.15,3.19,0.79,2.87,1.85,2.49,5.08,2.79,1.16,4.54,4.47,1.02,99.00,2.07,4.92,2.58,1.57,3.40,23.99,26.69,24.47,23.64,24.34,23.90,25.14,23.64,22.90,24.71,23.34,26.42,25.79,26.30,25.53,26.83,22.82,25.16,21.45,21.45,19.39,20.70,22.64,23.29,21.68,20.64,22.40,22.71,11.40,12.77,11.61,11.82,11.98,9.55,12.25,11.50,11.72,12.41,9.07,11.01,21.70,21.26,20.39,20.82,21.85],
  [20.72,13.85,11.30,0.46,11.28,23.92,8.15,8.31,9.22,3.26,7.69,6.09,11.50,11.62,15.10,13.49,14.68,12.79,14.04,13.77,13.95,13.52,11.37,15.76,14.55,13.96,13.00,2.53,6.02,5.92,10.23,7.83,6.12,7.98,13.37,14.72,10.82,11.40,8.47,3.19,0.88,1.79,3.42,1.25,5.02,1.45,1.42,1.66,4.42,4.83,3.41,2.79,4.96,5.34,2.20,2.07,99.00,4.83,3.40,0.91,3.03,22.10,24.83,22.58,21.72,22.41,21.98,23.25,21.74,20.98,22.83,21.53,24.56,23.95,24.45,23.66,24.97,20.93,23.26,19.41,19.40,17.33,18.63,20.62,21.28,19.65,18.58,20.37,20.67,9.35,11.32,10.02,9.92,10.21,7.80,10.71,9.96,10.25,10.73,7.24,9.62,19.99,19.32,18.66,19.10,20.10],
  [20.18,11.14,12.46,5.17,8.63,24.91,3.44,3.62,5.14,2.53,3.39,1.97,11.23,11.21,14.14,13.72,14.71,13.48,13.48,13.20,14.12,13.18,11.89,14.45,14.30,14.05,13.15,2.97,3.99,4.20,7.84,4.30,2.24,8.28,13.27,14.39,11.69,12.10,8.81,1.98,4.17,6.46,5.22,4.36,4.83,4.39,6.24,3.35,4.94,0.38,2.28,4.12,9.37,9.39,3.91,4.92,4.83,99.00,2.59,4.12,1.80,21.32,23.85,21.81,21.12,21.87,21.42,22.45,21.02,20.38,21.97,20.31,23.57,22.89,23.38,22.75,23.94,20.17,22.52,19.93,20.06,18.46,19.73,20.89,21.47,19.93,19.46,20.74,21.04,10.54,9.06,8.38,9.76,9.31,7.13,8.77,8.11,8.15,9.38,7.05,7.27,18.36,18.94,17.14,17.57,18.63],
  [22.00,13.56,13.46,3.85,8.04,26.11,5.92,6.10,7.72,3.32,5.98,4.51,12.84,12.87,16.06,15.17,16.25,14.72,15.24,14.96,15.60,14.85,13.18,16.50,15.95,15.56,14.62,3.15,2.75,2.74,7.04,4.44,2.87,6.09,11.35,12.58,9.42,9.88,6.62,0.86,3.19,4.58,2.63,3.66,2.56,2.32,4.75,1.78,2.46,2.85,0.33,1.58,7.12,6.99,1.59,2.58,3.40,2.59,99.00,2.50,1.80,23.23,25.85,23.72,22.97,23.70,23.26,24.38,22.91,22.22,23.92,22.37,25.57,24.91,25.40,24.71,25.95,22.07,24.42,21.31,21.38,19.55,20.85,22.39,23.00,21.42,20.68,22.19,22.50,11.48,11.33,10.43,11.28,11.12,8.76,10.94,10.23,10.35,11.36,8.47,9.52,20.54,20.69,19.28,19.71,20.76],
  [21.08,13.75,11.87,1.37,10.39,24.53,7.52,7.68,8.77,2.98,7.17,5.57,11.84,11.93,15.35,13.93,15.10,13.30,14.35,14.08,14.39,13.86,11.84,15.96,14.92,14.38,13.43,2.32,5.13,5.03,9.34,6.93,5.26,7.32,12.73,14.05,10.30,10.85,7.83,2.35,1.06,2.34,2.81,1.62,4.21,0.79,2.27,0.80,3.66,4.17,2.52,1.99,5.36,5.56,1.36,1.57,0.91,4.12,2.50,99.00,2.36,22.42,25.12,22.90,22.07,22.77,22.34,23.57,22.07,21.33,23.14,21.77,24.85,24.22,24.73,23.96,25.25,21.25,23.59,19.93,19.94,17.93,19.23,21.11,21.75,20.14,19.15,20.87,21.18,9.90,11.29,10.08,10.25,10.42,7.99,10.73,9.99,10.23,10.86,7.50,9.54,20.15,19.70,18.83,19.27,20.29],
  [20.20,11.95,11.77,3.37,9.46,24.39,5.16,5.33,6.51,1.54,4.85,3.26,11.04,11.07,14.27,13.39,14.47,12.97,13.44,13.16,13.82,13.05,11.42,14.72,14.15,13.77,12.84,1.53,4.30,4.37,8.53,5.42,3.45,7.88,13.15,14.37,11.18,11.66,8.41,0.94,2.39,4.69,4.04,2.63,4.36,2.75,4.43,1.64,4.19,1.82,1.51,2.89,7.68,7.80,2.47,3.40,3.03,1.80,1.80,2.36,99.00,21.44,24.06,21.93,21.17,21.90,21.46,22.58,21.11,20.42,22.12,20.59,23.78,23.13,23.62,22.92,24.17,20.27,22.63,19.55,19.63,17.84,19.13,20.61,21.22,19.64,18.94,20.42,20.73,9.79,9.64,8.67,9.49,9.32,6.96,9.21,8.49,8.64,9.58,6.68,7.84,18.79,18.89,17.52,17.96,19.01],
  [1.64,11.70,11.85,21.87,29.43,8.79,20.24,20.14,17.87,19.95,19.07,19.62,10.59,10.48,7.19,8.94,7.67,10.05,8.06,8.33,8.46,8.58,11.04,6.97,7.60,8.39,9.29,20.33,25.31,25.50,28.88,25.11,23.33,29.32,34.54,35.70,32.58,33.08,29.85,22.37,21.39,23.37,25.14,20.88,25.80,23.20,22.29,22.35,25.60,20.95,22.93,24.08,26.04,26.87,23.49,23.99,22.10,21.32,23.23,22.42,21.44,99.00,2.83,0.49,0.79,1.17,0.99,1.16,0.41,1.28,0.82,2.20,2.59,2.18,2.64,1.64,3.03,1.17,1.19,5.88,6.48,8.67,8.31,4.69,4.31,4.91,7.45,5.13,5.11,13.33,12.62,12.96,12.18,12.12,14.51,12.66,13.25,13.31,11.94,14.92,14.25,4.54,3.08,4.96,4.69,3.85],
  [4.43,13.73,14.68,24.62,31.79,9.89,22.56,22.44,20.14,22.59,21.44,22.09,13.33,13.21,9.80,11.76,10.50,12.88,10.79,11.06,11.28,11.35,13.86,9.40,10.40,11.21,12.11,23.00,27.84,28.04,31.28,27.52,25.80,31.93,37.11,38.24,35.23,35.71,32.47,24.98,24.11,26.14,27.82,23.60,28.41,25.91,25.06,25.03,28.23,23.48,25.54,26.75,28.84,29.66,26.17,26.69,24.83,23.85,25.85,25.12,24.06,2.83,99.00,2.40,3.43,3.09,3.35,1.73,3.23,4.09,2.03,3.64,0.28,1.00,0.64,1.19,0.29,3.94,1.89,8.25,8.79,11.19,10.65,6.86,6.29,7.33,9.85,7.33,7.21,16.14,14.98,15.48,14.91,14.76,17.17,15.11,15.74,15.75,14.50,17.62,16.67,6.02,5.89,6.92,6.54,5.49],
  [2.02,12.16,12.28,22.35,29.92,8.70,20.73,20.62,18.35,20.44,19.56,20.11,11.07,10.97,7.68,9.39,8.12,10.49,8.55,8.82,8.91,9.06,11.50,7.46,8.07,8.84,9.75,20.81,25.80,25.99,29.36,25.60,23.82,29.81,35.03,36.19,33.07,33.57,30.34,22.86,21.88,23.84,25.63,21.36,26.29,23.69,22.76,22.84,26.08,21.44,23.42,24.57,26.51,27.34,23.98,24.47,22.58,21.81,23.72,22.90,21.93,0.49,2.40,99.00,1.05,1.05,1.08,0.69,0.84,1.69,0.53,2.47,2.18,1.87,2.29,1.25,2.63,1.65,0.71,6.09,6.67,8.93,8.51,4.82,4.38,5.12,7.67,5.27,5.22,13.78,13.11,13.45,12.66,12.61,14.99,13.15,13.74,13.80,12.43,15.41,14.74,4.90,3.49,5.39,5.10,4.22],
  [1.03,11.79,11.29,21.49,29.31,8.11,20.16,20.06,17.82,19.67,18.97,19.45,10.23,10.15,6.99,8.44,7.18,9.50,7.74,8.02,7.96,8.21,10.57,6.90,7.18,7.90,8.83,20.02,25.10,25.28,28.73,24.97,23.15,29.04,34.30,35.48,32.28,32.79,29.58,22.11,21.04,22.96,24.82,20.52,25.53,22.86,21.88,22.03,25.31,20.74,22.67,23.77,25.59,26.43,23.17,23.64,21.72,21.12,22.97,22.07,21.17,0.79,3.43,1.05,99.00,0.80,0.37,1.70,0.50,0.75,1.54,2.80,3.22,2.91,3.34,2.29,3.67,1.12,1.59,5.09,5.69,7.90,7.52,3.91,3.54,4.12,6.67,4.34,4.32,12.83,12.54,12.78,11.82,11.86,14.22,12.53,13.09,13.18,11.74,14.60,14.12,4.97,2.50,5.19,4.97,4.25],
  [1.70,12.58,11.85,22.17,30.09,7.66,20.95,20.85,18.62,20.40,19.75,20.22,10.94,10.86,7.76,9.06,7.80,10.07,8.46,8.74,8.57,8.91,11.19,7.70,7.86,8.53,9.47,20.74,25.86,26.03,29.50,25.75,23.92,29.77,35.04,36.22,32.99,33.51,30.31,22.84,21.74,23.62,25.52,21.21,26.26,23.56,22.53,22.74,26.03,21.50,23.41,24.49,26.21,27.07,23.89,24.34,22.41,21.87,23.70,22.77,21.90,1.17,3.09,1.05,0.80,99.00,0.45,1.45,1.13,1.50,1.56,3.36,2.93,2.80,3.14,2.09,3.36,1.90,1.21,5.18,5.74,8.10,7.59,3.85,3.36,4.25,6.78,4.31,4.23,13.44,13.33,13.55,12.52,12.60,14.94,13.31,13.87,13.96,12.50,15.31,14.90,5.66,3.10,5.96,5.73,4.95],
  [1.26,12.15,11.47,21.74,29.64,7.82,20.50,20.40,18.17,19.95,19.30,19.77,10.50,10.42,7.30,8.65,7.39,9.68,8.02,8.30,8.16,8.47,10.78,7.25,7.43,8.11,9.05,20.30,25.41,25.58,29.05,25.29,23.47,29.33,34.59,35.77,32.55,33.06,29.86,22.40,21.30,23.20,25.09,20.78,25.82,23.13,22.11,22.30,25.59,21.05,22.96,24.05,25.80,26.65,23.45,23.90,21.98,21.42,23.26,22.34,21.46,0.99,3.35,1.08,0.37,0.45,99.00,1.64,0.81,1.05,1.60,3.12,3.16,2.94,3.33,2.27,3.60,1.49,1.47,5.01,5.59,7.88,7.44,3.76,3.33,4.05,6.60,4.20,4.16,13.04,12.88,13.09,12.09,12.15,14.50,12.86,13.42,13.51,12.05,14.87,14.45,5.33,2.69,5.56,5.35,4.61],
  [2.70,12.68,12.97,23.03,30.52,8.87,21.31,21.20,18.93,21.10,20.16,20.73,11.75,11.64,8.32,10.08,8.81,11.17,9.22,9.49,9.60,9.74,12.19,8.06,8.75,9.53,10.44,21.48,26.44,26.63,29.98,26.21,24.44,30.46,35.68,36.83,33.73,34.23,31.00,23.51,22.55,24.53,26.29,22.04,26.94,24.36,23.45,23.50,26.74,22.07,24.07,25.24,27.19,28.02,24.64,25.14,23.25,22.45,24.38,23.57,22.58,1.16,1.73,0.69,1.70,1.45,1.64,99.00,1.53,2.37,0.54,2.76,1.53,1.36,1.70,0.64,1.97,2.32,0.31,6.62,7.18,9.51,9.04,5.29,4.79,5.67,8.22,5.75,5.67,14.47,13.70,14.08,13.33,13.26,15.66,13.76,14.37,14.41,13.07,16.08,15.35,5.25,4.17,5.87,5.55,4.60],
  [1.23,11.52,11.45,21.51,29.16,8.61,19.99,19.88,17.63,19.62,18.81,19.33,10.23,10.13,6.88,8.55,7.28,9.65,7.71,7.99,8.07,8.22,10.66,6.71,7.23,8.00,8.91,19.99,25.01,25.20,28.60,24.83,23.04,28.99,34.22,35.39,32.24,32.75,29.53,22.05,21.04,23.00,24.80,20.53,25.47,22.86,21.92,22.01,25.26,20.64,22.61,23.75,25.66,26.49,23.15,23.64,21.74,21.02,22.91,22.07,21.11,0.41,3.23,0.84,0.50,1.13,0.81,1.53,99.00,0.87,1.23,2.31,2.99,2.59,3.05,2.05,3.44,0.86,1.52,5.52,6.12,8.28,7.94,4.37,4.03,4.54,7.08,4.80,4.79,12.94,12.37,12.66,11.82,11.79,14.17,12.38,12.97,13.03,11.64,14.58,13.97,4.54,2.67,4.84,4.60,3.82],
  [0.36,11.16,10.60,20.75,28.59,8.27,19.45,19.35,17.13,18.92,18.25,18.72,9.49,9.40,6.26,7.72,6.46,8.80,6.99,7.27,7.24,7.46,9.84,6.22,6.44,7.17,8.10,19.27,24.36,24.54,28.00,24.24,22.42,28.30,33.55,34.73,31.53,32.04,28.83,21.36,20.29,22.22,24.07,19.77,24.79,22.12,21.14,21.29,24.56,20.00,21.92,23.03,24.86,25.70,22.43,22.90,20.98,20.38,22.22,21.33,20.42,1.28,4.09,1.69,0.75,1.50,1.05,2.37,0.87,99.00,2.10,2.75,3.86,3.46,3.93,2.92,4.31,0.72,2.31,4.77,5.39,7.45,7.18,3.75,3.51,3.79,6.30,4.15,4.18,12.11,11.84,12.05,11.08,11.11,13.47,11.81,12.37,12.46,11.01,13.85,13.40,4.63,1.81,4.68,4.51,3.91],
  [2.46,12.14,12.66,22.62,30.01,9.17,20.80,20.69,18.41,20.65,19.65,20.24,11.33,11.21,7.85,9.73,8.47,10.86,8.79,9.06,9.26,9.33,11.83,7.56,8.37,9.18,10.08,21.03,25.96,26.15,29.47,25.71,23.95,30.00,35.20,36.35,33.28,33.77,30.54,23.05,22.12,24.13,25.85,21.61,26.48,23.93,23.05,23.06,26.29,21.59,23.61,24.79,26.82,27.64,24.20,24.71,22.83,21.97,23.92,23.14,22.12,0.82,2.03,0.53,1.54,1.56,1.60,0.54,1.23,2.10,99.00,2.23,1.78,1.37,1.82,0.84,2.22,1.91,0.78,6.61,7.19,9.44,9.03,5.35,4.90,5.64,8.19,5.80,5.75,14.12,13.19,13.59,12.91,12.81,15.21,13.27,13.88,13.91,12.59,15.64,14.84,4.71,3.90,5.33,5.01,4.06],
  [3.04,10.10,12.02,21.35,28.17,10.91,18.93,18.81,16.50,19.15,17.82,18.52,10.14,9.97,6.43,9.00,7.78,10.25,7.61,7.85,8.54,8.25,10.96,5.87,7.45,8.42,9.23,19.59,24.29,24.50,27.67,23.91,22.21,28.45,33.57,34.69,31.77,32.24,28.98,21.51,20.78,22.92,24.42,20.29,24.92,22.55,21.86,21.63,24.78,19.93,22.05,23.33,25.73,26.50,22.76,23.34,21.53,20.31,22.37,21.77,20.59,2.20,3.64,2.47,2.80,3.36,3.12,2.76,2.31,2.75,2.23,99.00,3.36,2.64,3.10,2.72,3.68,2.05,3.00,7.44,8.06,9.92,9.80,6.50,6.25,6.46,8.90,6.89,6.93,13.25,11.37,11.95,11.68,11.35,13.78,11.54,12.19,12.17,11.01,14.29,13.09,2.49,3.97,3.28,2.91,1.88],
  [4.20,13.45,14.44,24.35,31.51,9.89,22.27,22.16,19.86,22.32,21.16,21.81,13.07,12.94,9.52,11.51,10.25,12.64,10.52,10.79,11.03,11.08,13.61,9.12,10.14,10.96,11.85,22.72,27.56,27.76,31.00,27.24,25.51,31.66,36.83,37.96,34.95,35.44,32.19,24.71,23.84,25.87,27.55,23.33,28.13,25.63,24.80,24.75,27.96,23.20,25.26,26.48,28.58,29.40,25.89,26.42,24.56,23.57,25.57,24.85,23.78,2.59,0.28,2.18,3.22,2.93,3.16,1.53,2.99,3.86,1.78,3.36,99.00,0.73,0.44,0.94,0.45,3.69,1.71,8.10,8.65,11.02,10.51,6.73,6.18,7.17,9.70,7.20,7.09,15.89,14.69,15.20,14.64,14.48,16.90,14.83,15.46,15.47,14.22,17.35,16.39,5.75,5.66,6.64,6.26,5.22],
  [3.82,12.73,13.95,23.74,30.80,10.13,21.56,21.45,19.14,21.67,20.45,21.12,12.47,12.33,8.88,11.00,9.74,12.16,9.92,10.18,10.53,10.50,13.07,8.44,9.58,10.44,11.32,22.08,26.88,27.09,30.30,26.53,24.82,30.99,36.15,37.28,34.30,34.78,31.53,24.05,23.22,25.28,26.91,22.72,27.47,25.01,24.21,24.11,27.30,22.52,24.60,25.83,28.02,28.82,25.25,25.79,23.95,22.89,24.91,24.22,23.13,2.18,1.00,1.87,2.91,2.80,2.94,1.36,2.59,3.46,1.37,2.64,0.73,99.00,0.50,0.73,1.05,3.18,1.64,7.94,8.52,10.81,10.37,6.64,6.14,6.99,9.54,7.10,7.03,15.36,13.99,14.52,14.04,13.84,16.26,14.14,14.78,14.78,13.55,16.73,15.70,5.02,5.25,5.92,5.54,4.49],
  [4.28,13.17,14.45,24.25,31.27,10.28,22.03,21.91,19.60,22.16,20.92,21.61,12.97,12.84,9.38,11.50,10.24,12.65,10.43,10.69,11.02,11.00,13.57,8.93,10.09,10.93,11.82,22.58,27.37,27.58,30.77,27.01,25.30,31.49,36.64,37.77,34.80,35.28,32.03,24.54,23.72,25.78,27.41,23.22,27.96,25.51,24.71,24.61,27.80,23.01,25.10,26.33,28.52,29.32,25.75,26.30,24.45,23.38,25.40,24.73,23.62,2.64,0.64,2.29,3.34,3.14,3.33,1.70,3.05,3.93,1.82,3.10,0.44,0.50,99.00,1.06,0.58,3.67,1.94,8.32,8.88,11.21,10.74,6.98,6.45,7.37,9.92,7.44,7.35,15.86,14.47,15.01,14.54,14.34,16.76,14.62,15.27,15.26,14.05,17.23,16.18,5.43,5.72,6.37,5.99,4.93],
  [3.26,12.79,13.49,23.45,30.75,9.42,21.52,21.41,19.12,21.45,20.39,21.01,12.16,12.04,8.65,10.57,9.31,11.70,9.62,9.89,10.10,10.17,12.67,8.31,9.21,10.02,10.92,21.84,26.74,26.94,30.22,26.45,24.71,30.80,35.99,37.14,34.08,34.58,31.34,23.85,22.95,24.96,26.67,22.44,27.28,24.75,23.88,23.87,27.09,22.37,24.41,25.60,27.66,28.47,25.02,25.53,23.66,22.75,24.71,23.96,22.92,1.64,1.19,1.25,2.29,2.09,2.27,0.64,2.05,2.92,0.84,2.72,0.94,0.73,1.06,99.00,1.39,2.75,0.91,7.26,7.83,10.15,9.68,5.94,5.43,6.31,8.86,6.40,6.31,14.96,13.92,14.37,13.74,13.61,16.02,14.03,14.65,14.67,13.38,16.46,15.60,5.20,4.72,5.96,5.61,4.60],
  [4.65,13.75,14.88,24.77,31.85,10.18,22.61,22.49,20.18,22.71,21.50,22.17,13.48,13.35,9.91,11.95,10.69,13.08,10.94,11.20,11.47,11.50,14.04,9.49,10.57,11.39,12.29,23.12,27.93,28.14,31.35,27.58,25.87,32.04,37.20,38.33,35.34,35.83,32.58,25.09,24.25,26.29,27.95,23.74,28.51,26.04,25.22,25.15,28.35,23.57,25.65,26.87,29.01,29.82,26.29,26.83,24.97,23.94,25.95,25.25,24.17,3.03,0.29,2.63,3.67,3.36,3.60,1.97,3.44,4.31,2.22,3.68,0.45,1.05,0.58,1.39,99.00,4.12,2.15,8.52,9.07,11.46,10.93,7.14,6.58,7.60,10.13,7.61,7.49,16.33,15.04,15.57,15.06,14.88,17.29,15.19,15.83,15.82,14.60,17.76,16.75,6.01,6.11,6.95,6.57,5.51],
  [0.99,10.69,10.77,20.71,28.30,8.99,19.13,19.02,16.77,18.79,17.95,18.48,9.43,9.32,6.03,7.83,6.57,8.98,6.90,7.17,7.35,7.42,9.92,5.86,6.46,7.27,8.17,19.16,24.16,24.35,27.74,23.97,22.18,28.15,33.38,34.54,31.41,31.91,28.69,21.21,20.23,22.22,23.97,19.72,24.63,22.04,21.14,21.18,24.43,19.79,21.77,22.92,24.91,25.72,22.33,22.82,20.93,20.17,22.07,21.25,20.27,1.17,3.94,1.65,1.12,1.90,1.49,2.32,0.86,0.72,1.91,2.05,3.69,3.18,3.67,2.75,4.12,99.00,2.35,5.41,6.03,8.00,7.79,4.45,4.23,4.43,6.90,4.84,4.88,12.21,11.51,11.81,11.01,10.95,13.34,11.53,12.11,12.17,10.78,13.76,13.11,3.94,2.14,4.08,3.87,3.21],
  [2.62,12.84,12.89,23.03,30.62,8.56,21.43,21.32,19.05,21.14,20.26,20.82,11.75,11.65,8.38,10.02,8.76,11.10,9.23,9.51,9.54,9.74,12.15,8.16,8.74,9.48,10.40,21.51,26.51,26.70,30.07,26.30,24.52,30.50,35.73,36.90,33.76,34.26,31.04,23.56,22.56,24.51,26.32,22.04,26.99,24.38,23.43,23.53,26.78,22.14,24.12,25.26,27.16,28.00,24.67,25.16,23.26,22.52,24.42,23.59,22.63,1.19,1.89,0.71,1.59,1.21,1.47,0.31,1.52,2.31,0.78,3.00,1.71,1.64,1.94,0.91,2.15,2.35,99.00,6.39,6.95,9.31,8.80,5.04,4.52,5.46,7.99,5.51,5.41,14.42,13.81,14.15,13.34,13.31,15.69,13.86,14.45,14.50,13.13,16.10,15.44,5.48,4.09,6.05,5.74,4.82],
  [4.44,12.99,8.16,19.09,28.50,5.23,19.81,19.76,17.78,18.01,18.51,18.58,8.76,8.84,7.28,6.20,5.31,6.63,7.00,7.25,5.82,7.01,8.14,8.00,5.93,5.90,6.78,18.19,23.76,23.88,27.76,24.10,22.12,27.20,32.59,33.87,30.22,30.78,27.72,20.49,18.87,20.34,22.74,18.31,23.81,20.72,19.25,20.07,23.45,19.55,21.05,21.81,22.59,23.54,21.18,21.45,19.41,19.93,21.31,19.93,19.55,5.88,8.25,6.09,5.09,5.18,5.01,6.62,5.52,4.77,6.61,7.44,8.10,7.94,8.32,7.26,8.52,5.41,6.39,99.00,0.62,3.01,2.43,1.50,2.21,0.98,1.61,1.08,1.35,10.06,12.69,12.24,10.17,10.85,12.80,12.33,12.65,12.93,11.16,12.91,13.82,8.72,3.64,8.15,8.20,8.06],
  [5.05,13.43,8.11,19.07,28.66,4.93,20.05,20.00,18.06,18.10,18.75,18.76,8.97,9.06,7.72,6.36,5.56,6.67,7.33,7.58,6.01,7.29,8.22,8.48,6.25,6.11,6.95,18.25,23.87,23.98,27.90,24.27,22.27,27.23,32.63,33.92,30.21,30.78,27.75,20.57,18.88,20.28,22.75,18.32,23.87,20.72,19.19,20.10,23.49,19.69,21.13,21.84,22.47,23.43,21.21,21.45,19.40,20.06,21.38,19.94,19.63,6.48,8.79,6.67,5.69,5.74,5.59,7.18,6.12,5.39,7.19,8.06,8.65,8.52,8.88,7.83,9.07,6.03,6.95,0.62,99.00,2.61,1.85,1.95,2.62,1.60,1.12,1.50,1.69,10.05,13.02,12.50,10.32,11.08,12.95,12.64,12.93,13.23,11.44,13.02,14.10,9.33,4.26,8.74,8.80,8.68],
  [7.10,13.25,6.09,16.97,27.08,6.60,18.83,18.80,17.05,16.33,17.51,17.33,7.82,8.00,7.75,5.22,4.93,5.02,6.90,7.08,5.03,6.59,6.61,8.77,5.79,5.21,5.80,16.40,22.13,22.21,26.26,22.73,20.69,25.25,30.66,31.97,28.13,28.72,25.76,18.76,16.87,18.09,20.72,16.31,21.97,18.70,17.01,18.16,21.54,18.10,19.32,19.88,20.12,21.11,19.23,19.39,17.33,18.46,19.55,17.93,17.84,8.67,11.19,8.93,7.90,8.10,7.88,9.51,8.28,7.45,9.44,9.92,11.02,10.81,11.21,10.15,11.46,8.00,9.31,3.01,2.61,99.00,1.30,4.50,5.20,3.87,1.50,4.07,4.29,8.07,12.34,11.51,8.93,9.96,11.49,11.81,11.96,12.34,10.51,11.42,13.13,10.70,5.94,9.83,10.00,10.13],
  [6.83,14.13,7.39,18.27,28.35,5.30,20.03,20.00,18.20,17.62,18.71,18.57,8.97,9.13,8.50,6.34,5.87,6.27,7.81,8.02,6.10,7.59,7.86,9.43,6.69,6.26,6.93,17.70,23.42,23.50,27.54,23.99,21.96,26.55,31.96,33.28,29.43,30.02,27.06,20.06,18.17,19.38,22.02,17.62,23.27,20.00,18.30,19.46,22.84,19.37,20.61,21.18,21.38,22.38,20.54,20.70,18.63,19.73,20.85,19.23,19.13,8.31,10.65,8.51,7.52,7.59,7.44,9.04,7.94,7.18,9.03,9.80,10.51,10.37,10.74,9.68,10.93,7.79,8.80,2.43,1.85,1.30,99.00,3.80,4.43,3.40,0.91,3.33,3.49,9.37,13.38,12.64,10.14,11.11,12.72,12.89,13.08,13.44,11.62,12.68,14.26,10.87,5.89,10.14,10.25,10.25],
  [3.46,13.26,9.45,20.31,29.41,4.97,20.57,20.50,18.44,19.07,19.29,19.46,9.66,9.70,7.63,7.22,6.18,7.83,7.64,7.91,6.79,7.78,9.27,8.16,6.66,6.85,7.77,19.29,24.78,24.91,28.70,25.01,23.06,28.33,33.71,34.96,31.40,31.96,28.86,21.55,20.04,21.61,23.91,19.49,24.91,21.89,20.52,21.21,24.57,20.51,22.12,22.96,23.93,24.87,22.33,22.64,20.62,20.89,22.39,21.11,20.61,4.69,6.86,4.82,3.91,3.85,3.76,5.29,4.37,3.75,5.35,6.50,6.73,6.64,6.98,5.94,7.14,4.45,5.04,1.50,1.95,4.50,3.80,99.00,0.72,0.97,3.06,0.46,0.43,11.30,13.24,12.97,11.15,11.68,13.76,12.98,13.37,13.60,11.89,13.93,14.51,8.11,3.15,7.77,7.74,7.41],
  [3.27,13.57,10.13,20.98,29.96,4.86,21.07,21.00,18.91,19.68,19.79,20.01,10.24,10.26,8.02,7.84,6.76,8.50,8.13,8.41,7.41,8.32,9.91,8.45,7.19,7.45,8.38,19.91,25.37,25.51,29.26,25.56,23.62,28.97,34.33,35.58,32.05,32.60,29.49,22.16,20.69,22.29,24.55,20.15,25.53,22.54,21.20,21.84,25.21,21.09,22.73,23.60,24.63,25.56,22.97,23.29,21.28,21.47,23.00,21.75,21.22,4.31,6.29,4.38,3.54,3.36,3.33,4.79,4.03,3.51,4.90,6.25,6.18,6.14,6.45,5.43,6.58,4.23,4.52,2.21,2.62,5.20,4.43,0.72,99.00,1.63,3.74,1.14,0.94,11.97,13.68,13.47,11.74,12.22,14.34,13.44,13.86,14.07,12.39,14.54,15.00,8.04,3.29,7.82,7.75,7.33],
  [3.45,12.49,8.50,19.35,28.46,5.66,19.65,19.58,17.55,18.11,18.36,18.51,8.71,8.75,6.82,6.26,5.22,6.87,6.73,7.00,5.83,6.84,8.30,7.42,5.73,5.88,6.81,18.32,23.81,23.95,27.75,24.06,22.10,27.37,32.74,34.00,30.44,30.99,27.89,20.59,19.08,20.66,22.94,18.53,23.94,20.93,19.56,20.24,23.61,19.56,21.15,21.99,23.00,23.93,21.36,21.68,19.65,19.93,21.42,20.14,19.64,4.91,7.33,5.12,4.12,4.25,4.05,5.67,4.54,3.79,5.64,6.46,7.17,6.99,7.37,6.31,7.60,4.43,5.46,0.98,1.60,3.87,3.40,0.97,1.63,99.00,2.55,0.86,1.14,10.34,12.37,12.05,10.19,10.74,12.80,12.08,12.45,12.70,10.97,12.97,13.60,7.82,2.74,7.32,7.34,7.15],
  [5.95,13.42,7.28,18.24,28.07,5.45,19.62,19.58,17.71,17.41,18.30,18.23,8.52,8.65,7.76,5.88,5.27,5.99,7.16,7.39,5.58,7.01,7.57,8.64,6.05,5.72,6.47,17.53,23.21,23.30,27.29,23.70,21.68,26.46,31.86,33.17,29.40,29.97,26.97,19.87,18.09,19.41,21.95,17.53,23.13,19.93,18.32,19.35,22.73,19.09,20.43,21.08,21.52,22.49,20.44,20.64,18.58,19.46,20.68,19.15,18.94,7.45,9.85,7.67,6.67,6.78,6.60,8.22,7.08,6.30,8.19,8.90,9.70,9.54,9.92,8.86,10.13,6.90,7.99,1.61,1.12,1.50,0.91,3.06,3.74,2.55,99.00,2.60,2.81,9.25,12.80,12.15,9.78,10.66,12.39,12.35,12.58,12.91,11.10,12.40,13.76,9.97,4.98,9.25,9.36,9.35],
  [3.84,13.33,9.15,20.06,29.28,4.83,20.49,20.43,18.40,18.88,19.20,19.34,9.52,9.58,7.67,7.03,6.04,7.58,7.58,7.85,6.62,7.68,9.04,8.25,6.57,6.68,7.60,19.08,24.61,24.73,28.56,24.88,22.92,28.12,33.50,34.76,31.17,31.72,28.64,21.36,19.81,21.34,23.67,19.26,24.70,21.66,20.24,20.99,24.36,20.36,21.93,22.74,23.62,24.56,22.10,22.40,20.37,20.74,22.19,20.87,20.42,5.13,7.33,5.27,4.34,4.31,4.20,5.75,4.80,4.15,5.80,6.89,7.20,7.10,7.44,6.40,7.61,4.84,5.51,1.08,1.50,4.07,3.33,0.46,1.14,0.86,2.60,99.00,0.31,11.03,13.23,12.89,10.98,11.57,13.60,12.93,13.30,13.55,11.81,13.75,14.45,8.43,3.40,8.02,8.01,7.73],
  [3.89,13.59,9.46,20.36,29.58,4.60,20.79,20.72,18.69,19.19,19.50,19.64,9.83,9.88,7.94,7.34,6.34,7.88,7.87,8.14,6.93,7.98,9.35,8.49,6.87,6.99,7.90,19.39,24.91,25.04,28.86,25.18,23.22,28.43,33.80,35.07,31.47,32.03,28.95,21.67,20.11,21.64,23.98,19.56,25.01,21.96,20.55,21.29,24.67,20.67,22.23,23.04,23.92,24.86,22.41,22.71,20.67,21.04,22.50,21.18,20.73,5.11,7.21,5.22,4.32,4.23,4.16,5.67,4.79,4.18,5.75,6.93,7.09,7.03,7.35,6.31,7.49,4.88,5.41,1.35,1.69,4.29,3.49,0.43,0.94,1.14,2.81,0.31,99.00,11.34,13.51,13.19,11.29,11.87,13.91,13.22,13.59,13.84,12.11,14.06,14.74,8.54,3.56,8.18,8.16,7.84],
  [11.81,9.48,1.98,9.03,19.13,14.66,11.50,11.52,10.26,8.29,10.21,9.67,3.55,3.84,7.18,4.39,5.66,3.47,5.75,5.57,4.88,5.04,2.29,8.23,5.80,4.94,4.05,8.33,14.09,14.15,18.27,14.84,12.77,17.21,22.61,23.92,20.17,20.74,17.72,10.70,8.84,10.32,12.71,8.28,13.90,10.68,9.22,10.10,13.48,10.20,11.25,11.82,12.78,13.66,11.18,11.40,9.35,10.54,11.48,9.90,9.79,13.33,16.14,13.78,12.83,13.44,13.04,14.47,12.94,12.11,14.12,13.25,15.89,15.36,15.86,14.96,16.33,12.21,14.42,10.06,10.05,8.07,9.37,11.30,11.97,10.34,9.25,11.03,11.34,99.00,7.24,5.66,2.77,4.26,4.19,6.39,6.05,6.57,5.24,3.78,6.94,12.36,10.35,11.01,11.41,12.23],
  [11.71,2.64,8.06,11.29,16.83,17.92,7.62,7.52,5.29,8.37,6.46,7.19,4.74,4.48,5.70,7.15,7.53,7.77,5.69,5.44,7.31,5.79,6.55,5.65,6.78,7.14,6.60,8.97,13.00,13.23,16.31,12.54,10.86,17.32,22.30,23.37,20.71,21.13,17.85,10.49,10.46,12.99,13.65,10.09,13.81,11.99,12.09,10.94,13.78,8.69,11.00,12.51,16.13,16.64,12.02,12.77,11.32,9.06,11.33,11.29,9.64,12.62,14.98,13.11,12.54,13.33,12.88,13.70,12.37,11.84,13.19,11.37,14.69,13.99,14.47,13.92,15.04,11.51,13.81,12.69,13.02,12.34,13.38,13.24,13.68,12.37,12.80,13.23,13.51,7.24,99.00,1.69,4.51,3.00,4.13,0.86,1.48,1.08,2.07,4.93,1.80,9.32,10.68,8.14,8.56,9.63],
  [11.87,4.28,6.68,9.94,16.58,17.44,7.60,7.53,5.57,7.29,6.32,6.68,3.70,3.52,5.79,6.30,6.94,6.68,5.34,5.06,6.56,5.23,5.29,6.09,6.32,6.42,5.72,7.80,12.37,12.57,15.96,12.21,10.38,16.50,21.63,22.77,19.84,20.30,17.04,9.57,9.19,11.63,12.60,8.77,12.97,10.83,10.68,9.83,12.86,8.00,10.11,11.47,14.72,15.29,10.94,11.61,10.02,8.38,10.43,10.08,8.67,12.96,15.48,13.45,12.78,13.55,13.09,14.08,12.66,12.05,13.59,11.95,15.20,14.52,15.01,14.37,15.57,11.81,14.15,12.24,12.50,11.51,12.64,12.97,13.47,12.05,12.15,12.89,13.19,5.66,1.69,99.00,3.05,1.62,2.50,0.84,0.45,0.93,1.08,3.29,1.62,10.13,10.70,8.85,9.29,10.34],
  [10.83,6.71,3.65,9.71,18.34,15.21,9.91,9.88,8.24,7.96,8.59,8.45,1.59,1.71,5.28,3.97,4.98,3.92,4.12,3.86,4.36,3.61,2.38,6.12,4.69,4.30,3.39,8.24,13.63,13.76,17.59,13.95,11.95,17.30,22.63,23.86,20.48,21.01,17.83,10.43,9.22,11.24,13.00,8.70,13.83,11.04,10.18,10.23,13.55,9.39,11.00,11.98,14.07,14.82,11.37,11.82,9.92,9.76,11.28,10.25,9.49,12.18,14.91,12.66,11.82,12.52,12.09,13.33,11.82,11.08,12.91,11.68,14.64,14.04,14.54,13.74,15.06,11.01,13.34,10.17,10.32,8.93,10.14,11.15,11.74,10.19,9.78,10.98,11.29,2.77,4.51,3.05,99.00,1.51,2.63,3.70,3.47,3.97,2.48,2.81,4.52,10.39,9.46,9.03,9.46,10.39],
  [10.90,5.26,5.10,10.06,17.74,16.01,8.98,8.93,7.09,7.84,7.67,7.79,2.14,2.02,4.96,4.78,5.54,5.08,4.17,3.89,5.08,3.90,3.68,5.55,5.03,4.96,4.19,8.24,13.27,13.44,17.06,13.34,11.42,17.20,22.44,23.63,20.47,20.96,17.73,10.26,9.44,11.69,13.07,8.96,13.68,11.19,10.67,10.28,13.48,8.93,10.82,11.99,14.66,15.33,11.42,11.98,10.21,9.31,11.12,10.42,9.32,12.12,14.76,12.61,11.86,12.60,12.15,13.26,11.79,11.11,12.81,11.35,14.48,13.84,14.34,13.61,14.88,10.95,13.31,10.85,11.08,9.96,11.11,11.68,12.22,10.74,10.66,11.57,11.87,4.26,3.00,1.62,1.51,99.00,2.43,2.19,2.06,2.52,0.98,3.00,3.20,9.79,9.63,8.45,8.89,9.89],
  [13.24,6.76,5.79,7.66,15.71,17.83,7.44,7.43,6.07,5.45,6.12,5.85,4.11,4.12,7.38,6.60,7.58,6.46,6.48,6.20,6.99,6.10,4.88,7.97,7.21,6.92,6.02,5.83,11.03,11.18,14.96,11.32,9.33,14.83,20.11,21.32,18.07,18.57,15.36,7.90,7.01,9.31,10.65,6.55,11.32,8.76,8.32,7.86,11.09,6.76,8.47,9.58,12.34,12.97,9.00,9.55,7.80,7.13,8.76,7.99,6.96,14.51,17.17,14.99,14.22,14.94,14.50,15.66,14.17,13.47,15.21,13.78,16.90,16.26,16.76,16.02,17.29,13.34,15.69,12.80,12.95,11.49,12.72,13.76,14.34,12.80,12.39,13.60,13.91,4.19,4.13,2.50,2.63,2.43,99.00,3.33,2.66,3.13,2.97,0.80,3.09,12.19,11.93,10.86,11.30,12.31],
  [11.66,3.44,7.29,10.66,16.78,17.56,7.67,7.58,5.47,7.88,6.44,6.98,4.08,3.85,5.58,6.59,7.09,7.11,5.35,5.08,6.80,5.35,5.81,5.71,6.40,6.64,6.02,8.43,12.75,12.97,16.21,12.45,10.69,16.98,22.04,23.15,20.35,20.79,17.51,10.08,9.87,12.36,13.18,9.47,13.46,11.46,11.43,10.43,13.38,8.40,10.62,12.05,15.46,16.01,11.53,12.25,10.71,8.77,10.94,10.73,9.21,12.66,15.11,13.15,12.53,13.31,12.86,13.76,12.38,11.81,13.27,11.54,14.83,14.14,14.62,14.03,15.19,11.53,13.86,12.33,12.64,11.81,12.89,12.98,13.44,12.08,12.35,12.93,13.22,6.39,0.86,0.84,3.70,2.19,3.33,99.00,0.75,0.65,1.34,4.12,1.59,9.61,10.55,8.37,8.80,9.86],
  [12.20,4.12,7.12,9.91,16.24,17.86,7.21,7.14,5.14,7.14,5.94,6.37,4.14,3.96,6.11,6.75,7.37,7.13,5.73,5.46,7.00,5.65,5.74,6.34,6.73,6.86,6.16,7.69,12.10,12.31,15.64,11.88,10.07,16.28,21.38,22.50,19.64,20.09,16.82,9.37,9.12,11.61,12.45,8.72,12.76,10.72,10.68,9.70,12.67,7.74,9.91,11.32,14.72,15.26,10.80,11.50,9.96,8.11,10.23,9.99,8.49,13.25,15.74,13.74,13.09,13.87,13.42,14.37,12.97,12.37,13.88,12.19,15.46,14.78,15.27,14.65,15.83,12.11,14.45,12.65,12.93,11.96,13.08,13.37,13.86,12.45,12.58,13.30,13.59,6.05,1.48,0.45,3.47,2.06,2.66,0.75,99.00,0.53,1.49,3.46,1.18,10.31,11.05,9.06,9.49,10.55],
  [12.31,3.71,7.61,10.21,16.13,18.15,7.02,6.94,4.85,7.34,5.79,6.35,4.55,4.34,6.23,7.11,7.67,7.56,5.97,5.70,7.34,5.94,6.20,6.36,7.00,7.19,6.54,7.92,12.13,12.35,15.57,11.80,10.05,16.38,21.42,22.52,19.75,20.19,16.91,9.50,9.39,11.92,12.63,9.01,12.86,10.95,11.01,9.90,12.80,7.78,10.03,11.49,15.05,15.56,10.99,11.72,10.25,8.15,10.35,10.23,8.64,13.31,15.75,13.80,13.18,13.96,13.51,14.41,13.03,12.46,13.91,12.17,15.47,14.78,15.26,14.67,15.82,12.17,14.50,12.93,13.23,12.34,13.44,13.60,14.07,12.70,12.91,13.55,13.84,6.57,1.08,0.93,3.97,2.52,3.13,0.65,0.53,99.00,1.82,3.93,0.94,10.21,11.20,8.99,9.42,10.48],
  [10.82,4.28,5.98,10.61,17.65,16.37,8.68,8.62,6.62,8.15,7.41,7.73,2.74,2.53,4.76,5.29,5.88,5.77,4.26,3.98,5.53,4.15,4.49,5.15,5.24,5.38,4.72,8.62,13.37,13.56,17.02,13.27,11.42,17.44,22.61,23.76,20.76,21.23,17.98,10.50,9.92,12.27,13.44,9.47,13.91,11.62,11.29,10.66,13.77,9.01,11.05,12.34,15.30,15.93,11.78,12.41,10.73,9.38,11.36,10.86,9.58,11.94,14.50,12.43,11.74,12.50,12.05,13.07,11.64,11.01,12.59,11.01,14.22,13.55,14.05,13.38,14.60,10.78,13.13,11.16,11.44,10.51,11.62,11.89,12.39,10.97,11.10,11.81,12.11,5.24,2.07,1.08,2.48,0.98,2.97,1.34,1.49,1.82,99.00,3.67,2.66,9.29,9.63,7.98,8.42,9.45],
  [13.61,7.56,5.54,7.07,15.67,17.85,7.73,7.74,6.57,5.15,6.43,5.96,4.38,4.45,7.87,6.72,7.78,6.42,6.86,6.59,7.14,6.41,4.84,8.54,7.50,7.09,6.16,5.43,10.86,10.98,14.89,11.31,9.28,14.49,19.82,21.05,17.68,18.20,15.02,7.63,6.49,8.69,10.22,6.00,11.01,8.28,7.67,7.44,10.74,6.69,8.19,9.18,11.67,12.33,8.58,9.07,7.24,7.05,8.47,7.50,6.68,14.92,17.62,15.41,14.60,15.31,14.87,16.08,14.58,13.85,15.64,14.29,17.35,16.73,17.23,16.46,17.76,13.76,16.10,12.91,13.02,11.42,12.68,13.93,14.54,12.97,12.40,13.75,14.06,3.78,4.93,3.29,2.81,3.00,0.80,4.12,3.46,3.93,3.67,99.00,3.86,12.79,12.26,11.45,11.88,12.88],
  [13.25,4.23,8.16,9.62,15.19,19.03,6.09,6.01,3.96,6.61,4.85,5.43,5.31,5.13,7.17,7.92,8.54,8.27,6.88,6.60,8.17,6.81,6.84,7.29,7.89,8.03,7.33,7.22,11.23,11.45,14.63,10.86,9.13,15.52,20.52,21.61,18.91,19.34,16.05,8.69,8.75,11.33,11.86,8.41,12.01,10.24,10.47,9.17,11.98,6.90,9.20,10.72,14.49,14.96,10.24,11.01,9.62,7.27,9.52,9.54,7.84,14.25,16.67,14.74,14.12,14.90,14.45,15.35,13.97,13.40,14.84,13.09,16.39,15.70,16.18,15.60,16.75,13.11,15.44,13.82,14.10,13.13,14.26,14.51,15.00,13.60,13.76,14.45,14.74,6.94,1.80,1.62,4.52,3.20,3.09,1.59,1.18,0.94,2.66,3.86,99.00,11.09,12.14,9.89,10.31,11.38],
  [4.80,7.77,11.46,19.85,25.99,12.88,16.75,16.62,14.29,17.41,15.70,16.51,8.97,8.74,5.19,8.47,7.40,9.80,6.62,6.79,8.08,7.34,10.16,4.28,6.83,7.91,8.54,17.90,22.32,22.54,25.54,21.79,20.17,26.59,31.61,32.69,29.95,30.40,27.12,19.68,19.20,21.48,22.72,18.74,23.07,20.91,20.45,19.94,22.98,17.99,20.22,21.60,24.42,25.11,21.06,21.70,19.99,18.36,20.54,20.15,18.79,4.54,6.02,4.90,4.97,5.66,5.33,5.25,4.54,4.63,4.71,2.49,5.75,5.02,5.43,5.20,6.01,3.94,5.48,8.72,9.33,10.70,10.87,8.11,8.04,7.82,9.97,8.43,8.54,12.36,9.32,10.13,10.39,9.79,12.19,9.61,10.31,10.21,9.29,12.79,11.09,99.00,5.08,1.37,0.95,0.73],
  [1.47,10.35,8.80,19.07,27.27,8.10,18.22,18.13,15.97,17.38,16.98,17.35,7.88,7.82,4.99,5.96,4.70,7.01,5.46,5.75,5.48,5.85,8.09,5.25,4.78,5.43,6.36,17.69,22.91,23.07,26.64,22.90,21.03,26.74,32.04,33.24,29.94,30.46,27.28,19.83,18.66,20.52,22.46,18.13,23.25,20.49,19.43,19.69,22.99,18.56,20.40,21.44,23.11,23.97,20.83,21.26,19.32,18.94,20.69,19.70,18.89,3.08,5.89,3.49,2.50,3.10,2.69,4.17,2.67,1.81,3.90,3.97,5.66,5.25,5.72,4.72,6.11,2.14,4.09,3.64,4.26,5.94,5.89,3.15,3.29,2.74,4.98,3.40,3.56,10.35,10.68,10.70,9.46,9.63,11.93,10.55,11.05,11.20,9.63,12.26,12.14,5.08,99.00,4.62,4.62,4.42],
  [4.75,6.83,10.15,18.52,24.91,12.67,15.66,15.54,13.23,16.12,14.57,15.32,7.60,7.38,3.83,7.19,6.18,8.53,5.27,5.44,6.82,6.00,8.82,2.92,5.55,6.64,7.23,16.60,21.11,21.33,24.42,20.66,19.00,25.34,30.41,31.50,28.69,29.15,25.88,18.42,17.88,20.13,21.42,17.41,21.82,19.60,19.11,18.64,21.71,16.77,18.96,20.31,23.06,23.76,19.76,20.39,18.66,17.14,19.28,18.83,17.52,4.96,6.92,5.39,5.19,5.96,5.56,5.87,4.84,4.68,5.33,3.28,6.64,5.92,6.37,5.96,6.95,4.08,6.05,8.15,8.74,9.83,10.14,7.77,7.82,7.32,9.25,8.02,8.18,11.01,8.14,8.85,9.03,8.45,10.86,8.37,9.06,8.99,7.98,11.45,9.89,1.37,4.62,99.00,0.44,1.49],
  [4.61,7.19,10.52,18.95,25.31,12.61,16.06,15.94,13.63,16.56,14.98,15.74,8.02,7.80,4.24,7.54,6.50,8.88,5.67,5.84,7.16,6.39,9.21,3.35,5.90,6.99,7.60,17.04,21.54,21.76,24.83,21.07,19.42,25.77,30.83,31.92,29.13,29.58,26.31,18.85,18.31,20.57,21.86,17.85,22.25,20.03,19.54,19.07,22.14,17.20,19.39,20.75,23.49,24.20,20.20,20.82,19.10,17.57,19.71,19.27,17.96,4.69,6.54,5.10,4.97,5.73,5.35,5.55,4.60,4.51,5.01,2.91,6.26,5.54,5.99,5.61,6.57,3.87,5.74,8.20,8.80,10.00,10.25,7.74,7.75,7.34,9.36,8.01,8.16,11.41,8.56,9.29,9.46,8.89,11.30,8.80,9.49,9.42,8.42,11.88,10.31,0.95,4.62,0.44,99.00,1.07],
  [4.08,8.24,11.22,19.95,26.38,12.15,17.14,17.01,14.70,17.60,16.06,16.81,8.92,8.71,5.12,8.20,7.09,9.52,6.48,6.68,7.79,7.18,9.99,4.34,6.58,7.64,8.32,18.07,22.61,22.83,25.91,22.15,20.49,26.83,31.90,32.99,30.18,30.64,27.37,19.91,19.32,21.55,22.89,18.85,23.30,21.06,20.52,20.10,23.19,18.27,20.45,21.79,24.45,25.17,21.23,21.85,20.10,18.63,20.76,20.29,19.01,3.85,5.49,4.22,4.25,4.95,4.61,4.60,3.82,3.91,4.06,1.88,5.22,4.49,4.93,4.60,5.51,3.21,4.82,8.06,8.68,10.13,10.25,7.41,7.33,7.15,9.35,7.73,7.84,12.23,9.63,10.34,10.39,9.89,12.31,9.86,10.55,10.48,9.45,12.88,11.38,0.73,4.42,1.49,1.07,99.00]
];
