// Chosen Depots: [1, 2, 3, 4, 5, 6]
// Chosen Demand Points (Original DP No): [2, 3, 4, 5, 7, 8, 9, 11, 13, 14, 16, 18, 19, 20, 21, 22, 24, 25, 26, 27, 28, 29, 33, 34, 35, 37, 42, 44, 46, 50, 55, 56, 58, 59, 62, 63, 64, 69, 82, 83, 85, 88, 91, 97, 98, 100, 101, 102, 103, 104, 107, 109, 110, 111, 114, 115, 116, 119, 120, 121, 123, 128, 129, 132, 135, 136, 141, 142, 145, 148, 152, 153, 155, 156, 158, 162, 163, 165, 166, 171]
// Original Weights: [9, 9, 6, 6, 8, 4, 8, 5, 6, 5, 4, 4, 5, 6, 6, 6, 5, 5, 4, 7, 5, 5, 8, 7, 10, 9, 7, 7, 6, 3, 5, 5, 6, 5, 4, 5, 6, 4, 6, 5, 6, 6, 6, 7, 6, 7, 7, 6, 7, 7, 8, 7, 7, 7, 7, 7, 7, 8, 7, 6, 6, 2, 2, 4, 4, 2, 4, 8, 7, 6, 7, 8, 5, 7, 8, 8, 8, 6, 6, 8]

|W| = 6;
|D| = 80;
V = 54;
C = 3;
|K| = 2;
M = 100;
S = 0.25;
|TR| = 14;
δmax = 18.3;
Runtime = 40;

// Priority weights for selected demand points
pj = [
  9, 9, 6, 6, 8, 4, 8, 5, 6, 5, 4, 4, 5, 6, 6, 6, 5, 5, 4, 7, 5, 5, 8, 7, 10, 9, 7, 7, 6, 3, 5, 5, 6, 5, 4, 5, 6, 4, 6, 5, 6, 6, 6, 7, 6, 7, 7, 6, 7, 7, 8, 7, 7, 7, 7, 7, 7, 8, 7, 6, 6, 2, 2, 4, 4, 2, 4, 8, 7, 6, 7, 8, 5, 7, 8, 8, 8, 6, 6, 8
];

δij =
[
  [99.00,99.00,99.00,99.00,99.00,99.00,19.21,17.00,18.70,18.70,18.65,17.26,18.55,9.24,7.40,5.42,7.41,8.48,8.42,5.52,8.30,6.76,6.93,7.21,9.54,6.11,6.17,6.88,24.16,24.34,27.41,24.08,27.47,33.34,31.29,24.83,23.83,21.43,24.56,22.59,20.86,21.04,24.33,22.41,22.00,21.08,19.49,1.64,1.03,2.58,2.57,2.70,2.39,1.23,2.57,2.81,3.04,3.63,4.20,2.79,3.82,4.28,2.70,3.14,4.21,0.99,2.62,7.10,6.83,3.51,3.45,5.95,11.81,11.71,11.87,10.90,10.66,11.66,12.30,12.20,12.31,13.05,4.12,1.06,1.30,4.08],
  [99.00,99.00,99.00,99.00,99.00,99.00,8.93,6.60,10.80,10.80,9.55,11.93,9.19,6.43,5.89,7.73,8.33,9.26,6.83,7.11,5.99,6.36,8.35,6.74,8.34,5.12,7.46,8.14,14.95,15.21,17.27,14.17,18.64,24.20,22.83,18.64,15.99,13.93,15.96,14.85,14.68,13.35,16.01,15.73,13.56,13.75,11.55,11.70,11.79,10.69,13.06,12.68,11.24,11.52,12.24,12.45,10.10,13.40,13.45,12.72,12.73,13.17,10.14,9.42,13.76,10.69,12.84,13.25,14.13,12.30,12.49,13.42,9.48,2.64,4.28,5.26,3.67,3.44,7.87,4.12,3.71,3.85,7.83,10.11,9.95,8.24],
  [99.00,99.00,99.00,99.00,99.00,99.00,13.22,11.78,10.26,10.26,11.31,7.52,11.50,3.53,4.86,5.27,3.03,1.80,3.36,5.60,4.22,4.96,3.48,4.22,1.62,7.61,4.64,3.61,16.06,16.13,20.10,16.76,18.75,24.59,22.12,14.86,14.67,12.30,15.88,13.48,11.10,12.08,15.46,12.75,13.46,11.87,10.93,11.85,11.29,12.08,12.81,12.97,12.25,11.45,12.78,13.03,12.02,13.90,14.44,13.05,13.95,14.45,11.77,11.53,14.47,10.77,12.89,6.09,7.39,8.25,8.50,7.28,1.98,8.06,6.68,5.10,6.49,7.29,3.80,7.12,7.61,8.29,10.78,10.04,10.16,11.22],
  [99.00,99.00,99.00,99.00,99.00,99.00,8.59,9.40,3.42,3.42,5.74,3.46,6.34,11.29,13.26,15.06,13.21,12.48,12.06,15.01,12.30,13.83,13.68,13.29,11.09,15.61,14.31,13.69,6.49,6.38,10.97,8.28,8.10,13.76,11.16,4.80,3.82,1.80,5.48,2.79,1.08,2.10,4.86,1.97,3.85,1.37,3.00,21.87,21.49,21.64,23.04,23.03,21.99,21.51,22.74,23.00,21.35,23.95,24.35,23.11,23.74,24.25,21.20,20.72,24.49,20.71,23.03,16.97,18.27,19.10,19.35,18.24,9.03,11.29,9.94,10.06,11.10,10.66,8.18,9.91,10.21,9.99,19.46,19.95,19.98,19.95],
  [99.00,99.00,99.00,99.00,99.00,99.00,9.37,11.70,10.87,10.87,9.95,14.60,9.95,19.75,21.20,23.44,22.30,22.10,20.66,23.11,20.44,21.87,22.68,21.64,20.51,22.46,22.76,22.60,5.29,5.36,1.03,4.40,5.32,7.22,7.99,12.40,8.51,9.94,6.48,9.08,12.45,9.78,7.23,11.26,8.04,10.39,10.31,29.43,29.31,28.68,30.77,30.52,29.18,29.16,30.12,30.36,28.17,31.34,31.51,30.58,30.80,31.27,28.15,27.49,31.77,28.30,30.62,27.08,28.35,28.21,28.46,28.07,19.13,16.83,16.58,17.74,17.77,16.78,17.39,16.24,16.13,15.42,25.93,27.61,27.53,26.38],
  [99.00,99.00,99.00,99.00,99.00,99.00,24.93,22.99,22.86,22.86,23.59,20.10,23.66,13.89,12.87,10.64,11.27,11.44,12.99,11.18,13.40,12.23,10.93,12.22,13.02,13.08,11.16,11.04,28.66,28.75,32.52,29.14,31.43,37.25,34.73,27.05,27.32,24.96,28.55,26.14,23.59,24.75,28.13,25.26,26.11,24.53,23.56,8.79,8.11,10.28,8.16,8.87,9.81,8.61,9.19,9.24,10.91,9.20,9.89,8.93,10.13,10.28,10.60,11.17,9.55,8.99,8.56,6.60,5.30,5.85,5.66,5.45,14.66,17.92,17.44,16.01,16.48,17.56,16.16,17.86,18.15,18.95,12.17,9.09,9.35,12.15],
  [19.21,8.93,13.22,8.59,9.37,24.93,99.00,2.33,5.36,5.36,2.94,9.20,2.38,11.06,12.20,14.47,13.70,13.80,11.94,14.06,11.56,12.87,14.01,12.75,12.24,13.17,13.86,13.89,6.44,6.75,8.35,5.27,10.17,15.41,14.42,12.60,8.72,7.57,7.91,7.94,9.67,6.94,8.22,9.81,6.10,7.68,5.60,20.14,20.06,19.34,21.48,21.20,19.85,19.88,20.80,21.03,18.81,22.01,22.16,21.26,21.45,21.91,18.79,18.13,22.43,19.02,21.32,18.80,20.00,19.34,19.58,19.58,11.52,7.52,7.53,8.93,8.63,7.58,9.44,7.14,6.94,6.17,16.57,18.35,18.25,17.01],
  [17.00,6.60,11.78,9.40,11.70,22.99,2.33,99.00,5.98,5.98,3.81,9.14,3.26,9.23,10.15,12.42,11.86,12.12,10.08,11.97,9.60,10.82,12.13,10.78,10.62,10.92,11.85,11.99,8.56,8.86,10.68,7.58,12.30,17.68,16.55,13.84,10.34,8.78,9.84,9.39,10.44,8.13,10.05,10.93,7.72,8.77,6.49,17.87,17.82,17.04,19.23,18.93,17.56,17.63,18.52,18.75,16.50,19.72,19.86,18.98,19.14,19.60,16.50,15.82,20.13,16.77,19.05,17.05,18.20,17.31,17.55,17.71,10.26,5.29,5.57,7.09,6.54,5.47,8.12,5.14,4.85,4.06,14.26,16.11,16.00,14.70],
  [18.70,10.80,10.26,3.42,10.87,22.86,5.36,5.98,99.00,0.00,2.43,4.14,3.01,9.52,11.30,13.36,11.85,11.44,10.39,13.18,10.40,11.94,12.28,11.53,9.88,13.29,12.63,12.24,5.80,5.89,9.94,6.69,8.79,14.67,12.63,8.01,5.31,3.13,5.87,4.11,4.46,2.56,5.64,5.07,3.32,2.98,0.80,19.95,19.67,19.53,21.21,21.10,19.93,19.62,20.76,21.02,19.15,22.00,22.32,21.17,21.67,22.16,19.04,18.49,22.50,18.79,21.14,16.33,17.62,17.85,18.11,17.41,8.29,8.37,7.29,7.84,8.53,7.88,6.73,7.14,7.34,6.97,17.11,18.04,18.02,17.60],
  [18.70,10.80,10.26,3.42,10.87,22.86,5.36,5.98,0.00,99.00,2.43,4.14,3.01,9.52,11.30,13.36,11.85,11.44,10.39,13.18,10.40,11.94,12.28,11.53,9.88,13.29,12.63,12.24,5.80,5.89,9.94,6.69,8.79,14.67,12.63,8.01,5.31,3.13,5.87,4.11,4.46,2.56,5.64,5.07,3.32,2.98,0.80,19.95,19.67,19.53,21.21,21.10,19.93,19.62,20.76,21.02,19.15,22.00,22.32,21.17,21.67,22.16,19.04,18.49,22.50,18.79,21.14,16.33,17.62,17.85,18.11,17.41,8.29,8.37,7.29,7.84,8.53,7.88,6.73,7.14,7.34,6.97,17.11,18.04,18.02,17.60],
  [18.65,9.55,11.31,5.74,9.95,23.59,2.94,3.81,2.43,2.43,99.00,6.34,0.59,9.80,11.32,13.53,12.35,12.19,10.71,13.23,10.52,11.99,12.73,11.71,10.60,12.87,12.84,12.65,5.57,5.79,8.95,5.56,9.14,14.86,13.29,10.04,6.61,4.97,6.41,5.60,6.81,4.32,6.48,7.15,4.05,4.98,2.75,19.77,19.58,19.17,21.07,20.89,19.62,19.47,20.52,20.77,18.72,21.75,21.99,20.95,21.31,21.80,18.65,18.04,22.22,18.61,20.96,17.21,18.46,18.26,18.51,18.15,9.44,7.45,6.81,7.82,8.06,7.18,7.54,6.53,6.56,5.97,16.57,17.89,17.84,17.04],
  [17.26,11.93,7.52,3.46,14.60,20.10,9.20,9.14,4.14,4.14,6.34,99.00,6.85,8.21,10.23,11.85,9.90,9.08,8.90,11.87,9.26,10.74,10.37,10.15,7.75,12.78,11.10,10.40,9.33,9.31,13.73,10.66,11.47,17.20,14.62,7.59,7.25,4.97,8.70,6.12,3.62,4.92,8.17,5.24,6.58,4.52,4.43,18.70,18.27,18.59,19.83,19.86,18.89,18.33,19.59,19.85,18.35,20.79,21.23,19.94,20.65,21.15,18.17,17.75,21.34,17.56,19.84,13.51,14.81,15.70,15.95,14.78,5.61,9.29,7.71,7.37,8.68,8.52,5.08,7.81,8.23,8.27,16.58,16.80,16.84,17.07],
  [18.55,9.19,11.50,6.34,9.95,23.66,2.38,3.26,3.01,3.01,0.59,6.85,99.00,9.82,11.26,13.49,12.40,12.31,10.72,13.17,10.49,11.93,12.77,11.69,10.72,12.70,12.81,12.67,5.81,6.05,8.93,5.56,9.45,15.11,13.64,10.61,7.11,5.54,6.79,6.13,7.40,4.89,6.91,7.73,4.51,5.57,3.34,19.62,19.45,18.98,20.94,20.73,19.45,19.33,20.35,20.60,18.52,21.58,21.81,20.80,21.12,21.61,18.46,17.84,22.05,18.48,20.82,17.33,18.57,18.26,18.51,18.23,9.67,7.19,6.68,7.79,7.91,6.98,7.71,6.37,6.35,5.72,16.34,17.76,17.70,16.81],
  [9.24,6.43,3.53,11.29,19.75,13.89,11.06,9.23,9.52,9.52,9.80,8.21,9.82,99.00,2.03,3.85,2.64,3.04,0.90,3.73,1.07,2.55,2.96,2.03,1.92,4.75,3.11,2.86,15.14,15.28,18.74,15.36,18.30,24.19,22.07,15.78,14.59,12.20,15.39,13.35,11.74,11.81,15.12,13.24,12.84,11.84,10.29,10.59,10.23,10.39,11.78,11.75,10.71,10.23,11.45,11.71,10.14,12.67,13.07,11.83,12.47,12.97,9.96,9.54,13.20,9.43,11.75,7.82,8.97,8.46,8.71,8.52,3.55,4.74,3.70,2.14,3.12,4.08,3.14,4.14,4.55,5.32,8.43,8.67,8.69,8.92],
  [7.40,5.89,4.86,13.26,21.20,12.87,12.20,10.15,11.30,11.30,11.32,10.23,11.26,2.03,99.00,2.28,2.48,3.62,1.57,1.91,0.97,0.68,2.46,0.85,3.35,2.82,1.72,2.25,16.79,16.95,20.18,16.81,20.07,25.94,23.92,17.80,16.47,14.10,17.16,15.24,13.75,13.68,16.94,15.22,14.60,13.76,12.09,8.67,8.37,8.39,9.90,9.82,8.73,8.33,9.50,9.77,8.12,10.73,11.10,9.90,10.48,10.99,7.95,7.51,11.25,7.50,9.85,7.41,8.37,7.16,7.40,7.75,5.42,5.06,4.67,3.51,3.61,4.69,5.16,5.06,5.30,6.10,6.41,6.75,6.75,6.89],
  [5.42,7.73,5.27,15.06,23.44,10.64,14.47,12.42,13.36,13.36,13.53,11.85,13.49,3.85,2.28,99.00,2.23,3.53,3.01,0.66,3.01,1.61,1.80,1.83,4.22,3.22,0.75,1.66,18.95,19.10,22.42,19.05,22.15,28.03,25.91,19.44,18.43,16.03,19.23,17.19,15.45,15.66,18.97,16.99,16.68,15.67,14.14,6.85,6.43,6.88,7.99,8.01,7.11,6.48,7.75,8.01,6.77,8.94,9.40,8.09,8.85,9.35,6.53,6.27,9.49,5.72,7.99,5.62,6.40,4.89,5.12,5.69,6.52,7.28,6.94,5.71,5.88,6.96,6.88,7.34,7.57,8.37,5.58,4.96,5.03,6.00],
  [7.41,8.33,3.03,13.21,22.30,11.27,13.70,11.86,11.85,11.85,12.35,9.90,12.40,2.64,2.48,2.23,99.00,1.34,1.79,2.60,2.43,2.25,0.48,1.64,2.14,4.87,1.64,0.58,17.58,17.70,21.30,17.91,20.60,26.49,24.23,17.44,16.73,14.32,17.69,15.50,13.51,14.00,17.36,15.10,15.17,13.93,12.60,8.94,8.44,9.08,9.98,10.08,9.28,8.55,9.85,10.12,9.00,11.01,11.51,10.16,11.00,11.50,8.75,8.50,11.58,7.83,10.02,5.22,6.34,6.00,6.26,5.88,4.39,7.15,6.30,4.78,5.55,6.59,5.15,6.75,7.11,7.90,7.77,7.09,7.18,8.20],
  [8.48,9.26,1.80,12.48,22.10,11.44,13.80,12.12,11.44,11.44,12.19,9.08,12.31,3.04,3.62,3.53,1.34,99.00,2.43,3.93,3.27,3.52,1.73,2.83,1.59,6.17,2.98,1.89,17.22,17.32,21.11,17.73,20.10,25.96,23.59,16.54,16.11,13.71,17.19,14.90,12.70,13.44,16.82,14.32,14.72,13.30,12.15,10.05,9.50,10.29,11.02,11.17,10.46,9.65,10.98,11.24,10.25,12.11,12.64,11.26,12.16,12.65,9.99,9.78,12.68,8.98,11.10,5.02,6.27,6.62,6.87,5.99,3.47,7.77,6.68,5.08,6.15,7.11,4.72,7.13,7.56,8.32,9.10,8.25,8.37,9.52],
  [8.42,6.83,3.36,12.06,20.66,12.99,11.94,10.08,10.39,10.39,10.71,8.90,10.72,0.90,1.57,3.01,1.79,2.43,99.00,2.97,0.87,1.89,2.07,1.24,1.80,4.38,2.26,1.96,16.03,16.17,19.65,16.26,19.17,25.06,22.91,16.49,15.42,13.03,16.26,14.19,12.48,12.66,15.98,14.00,13.71,12.66,11.16,9.82,9.43,9.69,10.98,10.97,9.99,9.45,10.69,10.96,9.49,11.90,12.32,11.05,11.74,12.25,9.29,8.91,12.44,8.66,10.97,7.00,8.12,7.55,7.81,7.64,3.87,5.41,4.52,3.02,3.80,4.82,3.88,4.96,5.33,6.12,7.90,7.90,7.94,8.37],
  [5.52,7.11,5.60,15.01,23.11,11.18,14.06,11.97,13.18,13.18,13.23,11.87,13.17,3.73,1.91,0.66,2.60,3.93,2.97,99.00,2.77,1.25,2.23,1.73,4.41,2.56,0.96,2.05,18.69,18.86,22.09,18.72,21.96,27.83,25.77,19.46,18.31,15.92,19.05,17.07,15.44,15.52,18.81,16.96,16.49,15.57,13.97,6.86,6.51,6.74,8.06,8.02,7.02,6.50,7.73,7.99,6.57,8.94,9.36,8.10,8.78,9.28,6.35,6.02,9.48,5.70,8.02,6.28,7.05,5.38,5.60,6.32,6.68,6.77,6.55,5.42,5.44,6.51,6.84,6.93,7.13,7.92,5.19,4.94,4.97,5.63],
  [8.30,5.99,4.22,12.30,20.44,13.40,11.56,9.60,10.40,10.40,10.52,9.26,10.49,1.07,0.97,3.01,2.43,3.27,0.87,2.77,99.00,1.54,2.59,1.20,2.62,3.70,2.32,2.42,15.95,16.10,19.43,16.05,19.18,25.06,23.00,16.83,15.54,13.16,16.27,14.31,12.78,12.76,16.03,14.26,13.71,12.81,11.19,9.60,9.28,9.35,10.82,10.76,9.69,9.26,10.45,10.71,9.09,11.67,12.05,10.83,11.44,11.95,8.92,8.48,12.20,8.44,10.77,7.62,8.68,7.80,8.04,8.14,4.54,4.73,4.04,2.71,3.16,4.22,4.19,4.47,4.78,5.58,7.36,7.68,7.69,7.85],
  [6.76,6.36,4.96,13.83,21.87,12.23,12.87,10.82,11.94,11.94,11.99,10.74,11.93,2.55,0.68,1.61,2.25,3.52,1.89,1.25,1.54,99.00,2.10,0.74,3.55,2.67,1.12,1.89,17.45,17.61,20.85,17.49,20.71,26.59,24.54,18.33,17.08,14.70,17.80,15.85,14.29,14.30,17.57,15.78,15.24,14.35,12.73,8.06,7.74,7.84,9.28,9.22,8.17,7.71,8.91,9.18,7.61,10.14,10.52,9.29,9.92,10.43,7.43,7.03,10.66,6.90,9.23,6.90,7.81,6.50,6.73,7.16,5.75,5.69,5.34,4.17,4.27,5.35,5.68,5.73,5.97,6.76,6.01,6.14,6.15,6.48],
  [6.93,8.35,3.48,13.68,22.68,10.93,14.01,12.13,12.28,12.28,12.73,10.37,12.77,2.96,2.46,1.80,0.48,1.73,2.07,2.23,2.59,2.10,99.00,1.61,2.62,4.62,1.29,0.22,17.99,18.12,21.68,18.29,21.04,26.93,24.68,17.92,17.18,14.78,18.13,15.95,13.99,14.45,17.81,15.58,15.60,14.39,13.03,8.46,7.96,8.61,9.50,9.60,8.81,8.07,9.38,9.64,8.54,10.53,11.03,9.68,10.53,11.02,8.29,8.06,11.10,7.35,9.54,5.03,6.10,5.57,5.83,5.58,4.88,7.31,6.56,5.08,5.74,6.80,5.60,7.00,7.34,8.14,7.37,6.61,6.71,7.79],
  [7.21,6.74,4.22,13.29,21.64,12.22,12.75,10.78,11.53,11.53,11.71,10.15,11.69,2.03,0.85,1.83,1.64,2.83,1.24,1.73,1.20,0.74,1.61,99.00,2.83,3.40,1.12,1.40,17.11,17.27,20.62,17.25,20.32,26.20,24.09,17.74,16.62,14.22,17.40,15.38,13.72,13.84,17.14,15.24,14.85,13.86,12.31,8.58,8.21,8.45,9.76,9.74,8.75,8.22,9.45,9.72,8.25,10.67,11.08,9.82,10.50,11.00,8.05,7.68,11.21,7.42,9.74,6.59,7.59,6.60,6.84,7.01,5.04,5.79,5.23,3.90,4.28,5.35,5.12,5.65,5.94,6.74,6.72,6.66,6.70,7.18],
  [9.54,8.34,1.62,11.09,20.51,13.02,12.24,10.62,9.88,9.88,10.60,7.75,10.72,1.92,3.35,4.22,2.14,1.59,1.80,4.41,2.62,3.55,2.62,2.83,99.00,6.15,3.51,2.67,15.66,15.76,19.52,16.14,18.58,24.45,22.14,15.30,14.64,12.24,15.67,13.42,11.37,11.94,15.32,12.97,13.18,11.84,10.61,11.04,10.57,11.10,12.11,12.19,11.33,10.66,11.95,12.21,10.96,13.13,13.61,12.27,13.07,13.57,10.74,10.43,13.69,9.92,12.15,6.61,7.86,8.04,8.30,7.57,2.29,6.55,5.29,3.68,4.95,5.81,3.15,5.74,6.20,6.92,9.53,9.17,9.25,9.99],
  [6.11,5.12,7.61,15.61,22.46,13.08,13.17,10.92,13.29,13.29,12.87,12.78,12.70,4.75,2.82,3.22,4.87,6.17,4.38,2.56,3.70,2.67,4.62,3.40,6.15,99.00,3.36,4.41,18.44,18.65,21.44,18.15,21.91,27.72,25.90,20.27,18.58,16.26,19.05,17.35,16.19,15.78,18.91,17.58,16.50,15.96,14.09,6.97,6.90,6.29,8.32,8.06,6.75,6.71,7.67,7.91,5.87,8.89,9.12,8.12,8.44,8.93,5.78,5.20,9.35,5.86,8.16,8.77,9.43,7.24,7.42,8.64,8.23,5.65,6.09,5.55,4.83,5.71,7.74,6.34,6.36,7.05,3.85,5.19,5.08,4.34],
  [6.17,7.46,4.64,14.31,22.76,11.16,13.86,11.85,12.63,12.63,12.84,11.10,12.81,3.11,1.72,0.75,1.64,2.98,2.26,0.96,2.32,1.12,1.29,1.12,3.51,3.36,99.00,1.10,18.23,18.38,21.75,18.37,21.42,27.30,25.17,18.69,17.68,15.29,18.50,16.45,14.70,14.91,18.23,16.24,15.95,14.92,13.41,7.60,7.18,7.59,8.74,8.75,7.84,7.23,8.49,8.76,7.45,9.69,10.14,8.84,9.58,10.09,7.23,6.93,10.24,6.46,8.74,5.79,6.69,5.49,5.73,6.05,5.80,6.78,6.32,5.03,5.32,6.40,6.13,6.73,7.00,7.80,6.14,5.70,5.76,6.58],
  [6.88,8.14,3.61,13.69,22.60,11.04,13.89,11.99,12.24,12.24,12.65,10.40,12.67,2.86,2.25,1.66,0.58,1.89,1.96,2.05,2.42,1.89,0.22,1.40,2.67,4.41,1.10,99.00,17.93,18.06,21.59,18.21,21.01,26.89,24.67,17.96,17.17,14.77,18.09,15.94,14.02,14.43,17.78,15.60,15.56,14.38,13.00,8.39,7.90,8.50,9.45,9.53,8.71,8.00,9.30,9.56,8.42,10.46,10.96,9.61,10.44,10.93,8.17,7.92,11.03,7.27,9.48,5.21,6.26,5.63,5.88,5.72,4.94,7.14,6.42,4.96,5.58,6.64,5.58,6.86,7.19,7.99,7.21,6.52,6.61,7.64],
  [24.16,14.95,16.06,6.49,5.29,28.66,6.44,8.56,5.80,5.80,5.57,9.33,5.81,15.14,16.79,18.95,17.58,17.22,16.03,18.69,15.95,17.45,17.99,17.11,15.66,18.44,18.23,17.93,99.00,0.35,4.48,2.34,3.74,9.30,7.99,8.10,3.77,4.69,1.94,3.96,7.27,4.49,2.62,6.28,2.75,5.13,5.15,25.31,25.10,24.74,26.61,26.44,25.19,25.01,26.07,26.33,24.29,27.31,27.56,26.51,26.88,27.37,24.22,23.61,27.78,24.16,26.51,22.13,23.42,23.56,23.81,23.21,14.09,13.00,12.37,13.27,13.62,12.75,12.51,12.10,12.13,11.52,22.13,23.43,23.38,22.61],
  [24.34,15.21,16.13,6.38,5.36,28.75,6.75,8.86,5.89,5.89,5.79,9.31,6.05,15.28,16.95,19.10,17.70,17.32,16.17,18.86,16.10,17.61,18.12,17.27,15.76,18.65,18.38,18.06,0.35,99.00,4.60,2.66,3.45,9.07,7.69,7.82,3.51,4.58,1.61,3.79,7.13,4.43,2.32,6.08,2.74,5.03,5.21,25.50,25.28,24.94,26.80,26.63,25.39,25.20,26.27,26.52,24.50,27.50,27.76,26.70,27.09,27.58,24.43,23.83,27.98,24.35,26.70,22.21,23.50,23.69,23.95,23.30,14.15,13.23,12.57,13.44,13.82,12.97,12.61,12.31,12.35,11.75,22.35,23.61,23.57,22.83],
  [27.41,17.27,20.10,10.97,1.03,32.52,8.35,10.68,9.94,9.94,8.95,13.73,8.93,18.74,20.18,22.42,21.30,21.11,19.65,22.09,19.43,20.85,21.68,20.62,19.52,21.44,21.75,21.59,4.48,4.60,99.00,3.39,5.17,7.91,8.32,11.96,7.91,9.17,5.87,8.37,11.73,8.97,6.64,10.61,7.20,9.61,9.40,28.41,28.29,27.66,29.75,29.50,28.16,28.14,29.10,29.34,27.14,30.31,30.49,29.55,29.78,30.25,27.12,26.46,30.75,27.28,29.60,26.10,27.36,27.19,27.44,27.08,18.17,15.80,15.56,16.72,16.75,15.76,16.41,15.21,15.11,14.39,24.91,26.58,26.50,25.36],
  [24.08,14.17,16.76,8.28,4.40,29.14,5.27,7.58,6.69,6.69,5.56,10.66,5.56,15.36,16.81,19.05,17.91,17.73,16.26,18.72,16.05,17.49,18.29,17.25,16.14,18.15,18.37,18.21,2.34,2.66,3.39,99.00,5.43,10.19,9.55,10.41,6.06,6.55,4.27,6.06,9.18,6.19,4.95,8.41,4.44,6.93,6.24,25.11,24.97,24.40,26.44,26.21,24.89,24.83,25.82,26.06,23.91,27.04,27.24,26.27,26.53,27.01,23.87,23.23,27.49,23.97,26.30,22.73,23.99,23.81,24.06,23.70,14.84,12.54,12.21,13.34,13.42,12.45,13.04,11.88,11.80,11.10,21.69,23.27,23.19,22.15],
  [27.47,18.64,18.75,8.10,5.32,31.43,10.17,12.30,8.79,8.79,9.14,11.47,9.45,18.30,20.07,22.15,20.60,20.10,19.17,21.96,19.18,20.71,21.04,20.32,18.58,21.91,21.42,21.01,3.74,3.45,5.17,5.43,99.00,5.89,4.25,7.34,4.29,6.50,2.92,5.35,8.46,6.67,3.30,6.94,5.47,6.95,8.02,28.69,28.43,28.19,29.96,29.83,28.63,28.37,29.48,29.74,27.78,30.72,31.01,29.90,30.34,30.83,27.69,27.11,31.21,27.53,29.88,24.84,26.14,26.60,26.86,26.02,16.77,16.59,15.83,16.58,17.09,16.28,15.46,15.60,15.67,15.11,25.66,26.79,26.76,26.14],
  [33.34,24.20,24.59,13.76,7.22,37.25,15.41,17.68,14.67,14.67,14.86,17.20,15.11,24.19,25.94,28.03,26.49,25.96,25.06,27.83,25.06,26.59,26.93,26.20,24.45,27.72,27.30,26.89,9.30,9.07,7.91,10.19,5.89,99.00,3.25,11.66,9.95,12.29,8.80,11.11,13.94,12.52,9.14,12.30,11.35,12.73,13.90,34.54,34.30,34.01,35.82,35.68,34.45,34.22,35.32,35.57,33.57,36.55,36.83,35.74,36.15,36.64,33.50,32.90,37.04,33.38,35.73,30.66,31.96,32.48,32.74,31.86,22.61,22.30,21.63,22.44,22.89,22.04,21.34,21.38,21.42,20.82,31.43,32.64,32.61,31.90],
  [31.29,22.83,22.12,11.16,7.99,34.73,14.42,16.55,12.63,12.63,13.29,14.62,13.64,22.07,23.92,25.91,24.23,23.59,22.91,25.77,23.00,24.54,24.68,24.09,22.14,25.90,25.17,24.67,7.99,7.69,8.32,9.55,4.25,3.25,99.00,8.52,7.50,9.90,6.89,8.73,11.19,10.25,6.99,9.51,9.42,10.30,11.84,32.58,32.28,32.16,33.82,33.73,32.57,32.24,33.39,33.65,31.77,34.63,34.95,33.80,34.30,34.80,31.67,31.11,35.13,31.41,33.76,28.13,29.43,30.18,30.44,29.40,20.17,20.71,19.84,20.47,21.10,20.35,19.09,19.64,19.75,19.23,29.70,30.66,30.65,30.18],
  [24.83,18.64,14.86,4.80,12.40,27.05,12.60,13.84,8.01,8.01,10.04,7.59,10.61,15.78,17.80,19.44,17.44,16.54,16.49,19.46,16.83,18.33,17.92,17.74,15.30,20.27,18.69,17.96,8.10,7.82,11.96,10.41,7.34,11.66,8.52,99.00,4.35,5.07,6.24,4.71,4.08,5.72,5.50,2.95,6.63,5.08,7.38,26.29,25.85,26.17,27.40,27.44,26.48,25.92,27.18,27.44,25.92,28.38,28.82,27.53,28.24,28.74,25.75,25.31,28.93,25.14,27.42,20.56,21.83,23.11,23.36,21.94,13.08,16.09,14.73,14.75,15.87,15.45,12.65,14.70,15.01,14.79,24.10,24.38,24.43,24.59],
  [23.83,15.99,14.67,3.82,8.51,27.32,8.72,10.34,5.31,5.31,6.61,7.25,7.11,14.59,16.47,18.43,16.73,16.11,15.42,18.31,15.54,17.08,17.18,16.62,14.64,18.58,17.68,17.17,3.77,3.51,7.91,6.06,4.29,9.95,7.50,4.35,99.00,2.40,2.05,1.24,4.19,2.80,1.28,2.77,2.63,2.81,4.52,25.14,24.82,24.78,26.36,26.29,25.17,24.80,25.97,26.23,24.42,27.20,27.55,26.37,26.91,27.41,24.30,23.77,27.72,23.97,26.32,20.72,22.02,22.68,22.94,21.95,12.71,13.65,12.60,13.07,13.84,13.18,11.59,12.45,12.63,12.21,22.41,23.22,23.22,22.89],
  [21.43,13.93,12.30,1.80,9.94,24.96,7.57,8.78,3.13,3.13,4.97,4.97,5.54,12.20,14.10,16.03,14.32,13.71,13.03,15.92,13.16,14.70,14.78,14.22,12.24,16.26,15.29,14.77,4.69,4.58,9.17,6.55,6.50,12.29,9.90,5.07,2.40,99.00,3.75,1.18,2.64,0.64,3.20,2.24,2.11,0.47,2.40,22.76,22.43,22.43,23.98,23.91,22.81,22.41,23.60,23.86,22.08,24.83,25.18,23.99,24.55,25.05,21.95,21.44,25.35,21.59,23.93,18.37,19.67,20.28,20.54,19.58,10.33,11.50,10.34,10.73,11.57,10.97,9.19,10.23,10.45,10.10,20.09,20.84,20.84,20.58],
  [24.56,15.96,15.88,5.48,6.48,28.55,7.91,9.84,5.87,5.87,6.41,8.70,6.79,15.39,17.16,19.23,17.69,17.19,16.26,19.05,16.27,17.80,18.13,17.40,15.67,19.05,18.50,18.09,1.94,1.61,5.87,4.27,2.92,8.80,6.89,6.24,2.05,3.75,99.00,2.70,6.05,3.82,0.77,4.78,2.56,4.21,5.10,25.80,25.53,25.32,27.06,26.94,25.75,25.47,26.59,26.85,24.92,27.83,28.13,27.01,27.47,27.96,24.83,24.25,28.33,24.63,26.99,21.97,23.27,23.68,23.94,23.13,13.90,13.81,12.97,13.68,14.24,13.46,12.54,12.76,12.86,12.34,22.82,23.89,23.86,23.30],
  [22.59,14.85,13.48,2.79,9.08,26.14,7.94,9.39,4.11,4.11,5.60,6.12,6.13,13.35,15.24,17.19,15.50,14.90,14.19,17.07,14.31,15.85,15.95,15.38,13.42,17.35,16.45,15.94,3.96,3.79,8.37,6.06,5.35,11.11,8.73,4.71,1.24,1.18,2.70,99.00,3.38,1.57,2.07,2.35,1.92,1.62,3.32,23.90,23.58,23.55,25.13,25.06,23.93,23.56,24.74,25.00,23.19,25.97,26.31,25.13,25.68,26.18,23.07,22.54,26.48,22.74,25.08,19.55,20.85,21.46,21.72,20.76,11.51,12.48,11.39,11.84,12.63,11.99,10.36,11.25,11.45,11.05,21.18,21.98,21.98,21.67],
  [20.86,14.68,11.10,1.08,12.45,23.59,9.67,10.44,4.46,4.46,6.81,3.62,7.40,11.74,13.75,15.45,13.51,12.70,12.48,15.44,12.78,14.29,13.99,13.72,11.37,16.19,14.70,14.02,7.27,7.13,11.73,9.18,8.46,13.94,11.19,4.08,4.19,2.64,6.05,3.38,99.00,3.06,5.36,1.68,4.75,2.27,4.07,22.29,21.88,22.13,23.43,23.45,22.45,21.92,23.17,23.43,21.86,24.38,24.80,23.53,24.21,24.71,21.70,21.25,24.92,21.14,23.43,17.01,18.30,19.31,19.56,18.32,9.22,12.09,10.68,10.67,11.80,11.43,8.61,10.68,11.01,10.85,20.03,20.38,20.41,20.52],
  [21.04,13.35,12.08,2.10,9.78,24.75,6.94,8.13,2.56,2.56,4.32,4.92,4.89,11.81,13.68,15.66,14.00,13.44,12.66,15.52,12.76,14.30,14.45,13.84,11.94,15.78,14.91,14.43,4.49,4.43,8.97,6.19,6.67,12.52,10.25,5.72,2.80,0.64,3.82,1.57,3.06,99.00,3.38,2.87,1.78,0.80,1.80,22.35,22.03,21.98,23.58,23.50,22.37,22.01,23.18,23.44,21.63,24.41,24.75,23.58,24.11,24.61,21.50,20.97,24.92,21.18,23.53,18.16,19.46,19.98,20.24,19.35,10.10,10.94,9.83,10.28,11.06,10.43,8.85,9.70,9.90,9.53,19.62,20.43,20.42,20.10],
  [24.33,16.01,15.46,4.86,7.23,28.13,8.22,10.05,5.64,5.64,6.48,8.17,6.91,15.12,16.94,18.97,17.36,16.82,15.98,18.81,16.03,17.57,17.81,17.14,15.32,18.91,18.23,17.78,2.62,2.32,6.64,4.95,3.30,9.14,6.99,5.50,1.28,3.20,0.77,2.07,5.36,3.38,99.00,4.03,2.46,3.66,4.85,25.60,25.31,25.16,26.84,26.74,25.58,25.26,26.41,26.67,24.78,27.64,27.96,26.82,27.30,27.80,24.67,24.12,28.14,24.43,26.78,21.54,22.84,23.35,23.61,22.73,13.48,13.78,12.86,13.48,14.12,13.38,12.21,12.67,12.80,12.32,22.71,23.68,23.66,23.19],
  [22.41,15.73,12.75,1.97,11.26,25.26,9.81,10.93,5.07,5.07,7.15,5.24,7.73,13.24,15.22,16.99,15.10,14.32,14.00,16.96,14.26,15.78,15.58,15.24,12.97,17.58,16.24,15.60,6.28,6.08,10.61,8.41,6.94,12.30,9.51,2.95,2.77,2.24,4.78,2.35,1.68,2.87,4.03,99.00,4.15,2.16,4.45,23.82,23.42,23.61,24.98,24.97,23.95,23.45,24.69,24.95,23.32,25.90,26.31,25.05,25.70,26.21,23.16,22.69,26.44,22.66,24.97,18.68,19.98,20.94,21.20,19.99,10.86,13.20,11.89,12.04,13.06,12.59,10.12,11.84,12.13,11.88,21.43,21.90,21.93,21.92],
  [22.00,13.56,13.46,3.85,8.04,26.11,6.10,7.72,3.32,3.32,4.05,6.58,4.51,12.84,14.60,16.68,15.17,14.72,13.71,16.49,13.71,15.24,15.60,14.85,13.18,16.50,15.95,15.56,2.75,2.74,7.20,4.44,5.47,11.35,9.42,6.63,2.63,2.11,2.56,1.92,4.75,1.78,2.46,4.15,99.00,2.50,2.57,23.23,22.97,22.77,24.50,24.38,23.19,22.91,24.03,24.29,22.37,25.27,25.57,24.45,24.91,25.40,22.27,21.70,25.76,22.07,24.42,19.55,20.85,21.16,21.42,20.68,11.48,11.33,10.43,11.12,11.69,10.94,10.03,10.23,10.35,9.86,20.28,21.32,21.30,20.76],
  [21.08,13.75,11.87,1.37,10.39,24.53,7.68,8.77,2.98,2.98,4.98,4.52,5.57,11.84,13.76,15.67,13.93,13.30,12.66,15.57,12.81,14.35,14.39,13.86,11.84,15.96,14.92,14.38,5.13,5.03,9.61,6.93,6.95,12.73,10.30,5.08,2.81,0.47,4.21,1.62,2.27,0.80,3.66,2.16,2.50,99.00,2.31,22.42,22.07,22.10,23.62,23.57,22.47,22.07,23.26,23.52,21.77,24.49,24.85,23.65,24.22,24.73,21.63,21.12,25.01,21.25,23.59,17.93,19.23,19.88,20.14,19.15,9.90,11.29,10.08,10.42,11.30,10.73,8.81,9.99,10.23,9.91,19.80,20.49,20.50,20.29],
  [19.49,11.55,10.93,3.00,10.31,23.56,5.60,6.49,0.80,0.80,2.75,4.43,3.34,10.29,12.09,14.14,12.60,12.15,11.16,13.97,11.19,12.73,13.03,12.31,10.61,14.09,13.41,13.00,5.15,5.21,9.40,6.24,8.02,13.90,11.84,7.38,4.52,2.40,5.10,3.32,4.07,1.80,4.85,4.45,2.57,2.31,99.00,20.75,20.46,20.33,22.00,21.90,20.73,20.42,21.56,21.82,19.95,22.79,23.12,21.97,22.47,22.97,19.84,19.30,23.30,19.58,21.93,17.01,18.30,18.60,18.85,18.12,8.95,9.15,8.08,8.64,9.33,8.67,7.46,7.93,8.12,7.73,17.91,18.83,18.82,18.40],
  [1.64,11.70,11.85,21.87,29.43,8.79,20.14,17.87,19.95,19.95,19.77,18.70,19.62,10.59,8.67,6.85,8.94,10.05,9.82,6.86,9.60,8.06,8.46,8.58,11.04,6.97,7.60,8.39,25.31,25.50,28.41,25.11,28.69,34.54,32.58,26.29,25.14,22.76,25.80,23.90,22.29,22.35,25.60,23.82,23.23,22.42,20.75,99.00,0.79,1.51,1.36,1.16,1.02,0.41,0.93,1.19,2.20,2.09,2.59,1.24,2.18,2.64,1.93,2.64,2.64,1.17,1.19,8.67,8.31,5.00,4.91,7.45,13.33,12.62,12.96,12.12,11.72,12.66,13.70,13.25,13.31,14.02,4.08,1.92,1.94,3.85],
  [1.03,11.79,11.29,21.49,29.31,8.11,20.06,17.82,19.67,19.67,19.58,18.27,19.45,10.23,8.37,6.43,8.44,9.50,9.43,6.51,9.28,7.74,7.96,8.21,10.57,6.90,7.18,7.90,25.10,25.28,28.29,24.97,28.43,34.30,32.28,25.85,24.82,22.43,25.53,23.58,21.88,22.03,25.31,23.42,22.97,22.07,20.46,0.79,99.00,2.17,1.55,1.70,1.77,0.50,1.64,1.86,2.80,2.62,3.22,1.79,2.91,3.34,2.49,3.12,3.19,1.12,1.59,7.90,7.52,4.22,4.12,6.67,12.83,12.54,12.78,11.86,11.55,12.53,13.31,13.09,13.18,13.91,4.41,1.71,1.84,4.25],
  [2.58,10.69,12.08,21.64,28.68,10.28,19.34,17.04,19.53,19.53,19.17,18.59,18.98,10.39,8.39,6.88,9.08,10.29,9.69,6.74,9.35,7.84,8.61,8.45,11.10,6.29,7.59,8.50,24.74,24.94,27.66,24.40,28.19,34.01,32.16,26.17,24.78,22.43,25.32,23.55,22.13,21.98,25.16,23.61,22.77,22.10,20.33,1.51,2.17,99.00,2.63,2.07,0.60,1.68,1.60,1.79,0.71,2.70,2.83,2.09,2.14,2.64,0.56,1.29,3.09,1.62,2.30,9.61,9.41,6.08,6.03,8.52,13.39,11.87,12.38,11.70,11.12,12.00,13.52,12.64,12.64,13.30,2.88,2.15,1.97,2.54],
  [2.57,13.06,12.81,23.04,30.77,8.16,21.48,19.23,21.21,21.21,21.07,19.83,20.94,11.78,9.90,7.99,9.98,11.02,10.98,8.06,10.82,9.28,9.50,9.76,12.11,8.32,8.74,9.45,26.61,26.80,29.75,26.44,29.96,35.82,33.82,27.40,26.36,23.98,27.06,25.13,23.43,23.58,26.84,24.98,24.50,23.62,22.00,1.36,1.55,2.63,99.00,0.72,2.04,1.61,1.12,1.10,3.34,1.28,2.00,0.77,2.01,2.27,3.15,3.88,1.83,2.47,0.41,9.06,8.52,5.36,5.20,7.72,14.37,13.97,14.27,13.38,13.03,13.99,14.86,14.57,14.64,15.36,5.40,3.18,3.25,5.12],
  [2.70,12.68,12.97,23.03,30.52,8.87,21.20,18.93,21.10,21.10,20.89,19.86,20.73,11.75,9.82,8.01,10.08,11.17,10.97,8.02,10.76,9.22,9.60,9.74,12.19,8.06,8.75,9.53,26.44,26.63,29.50,26.21,29.83,35.68,33.73,27.44,26.29,23.91,26.94,25.06,23.45,23.50,26.74,24.97,24.38,23.57,21.90,1.16,1.70,2.07,0.72,99.00,1.47,1.53,0.47,0.38,2.76,0.94,1.53,0.09,1.36,1.70,2.61,3.35,1.51,2.32,0.31,9.51,9.04,5.81,5.67,8.22,14.47,13.70,14.08,13.26,12.83,13.76,14.86,14.37,14.41,15.11,4.91,3.08,3.08,4.60],
  [2.39,11.24,12.25,21.99,29.18,9.81,19.85,17.56,19.93,19.93,19.62,18.89,19.45,10.71,8.73,7.11,9.28,10.46,9.99,7.02,9.69,8.17,8.81,8.75,11.33,6.75,7.84,8.71,25.19,25.39,28.16,24.89,28.63,34.45,32.57,26.48,25.17,22.81,25.75,23.93,22.45,22.37,25.58,23.95,23.19,22.47,20.73,1.02,1.77,0.60,2.04,1.47,99.00,1.29,1.01,1.21,1.30,2.16,2.38,1.50,1.76,2.26,1.14,1.88,2.60,1.54,1.70,9.48,9.20,5.88,5.80,8.33,13.63,12.36,12.82,12.10,11.57,12.47,13.85,13.09,13.11,13.79,3.45,2.22,2.10,3.13],
  [1.23,11.52,11.45,21.51,29.16,8.61,19.88,17.63,19.62,19.62,19.47,18.33,19.33,10.23,8.33,6.48,8.55,9.65,9.45,6.50,9.26,7.71,8.07,8.22,10.66,6.71,7.23,8.00,25.01,25.20,28.14,24.83,28.37,34.22,32.24,25.92,24.80,22.41,25.47,23.56,21.92,22.01,25.26,23.45,22.91,22.07,20.42,0.41,0.50,1.68,1.61,1.53,1.29,99.00,1.34,1.59,2.31,2.47,2.99,1.62,2.59,3.05,2.01,2.66,3.03,0.86,1.52,8.28,7.94,4.63,4.54,7.08,12.94,12.37,12.66,11.79,11.43,12.38,13.34,12.97,13.03,13.75,4.01,1.58,1.64,3.82],
  [2.57,12.24,12.78,22.74,30.12,9.19,20.80,18.52,20.76,20.76,20.52,19.59,20.35,11.45,9.50,7.75,9.85,10.98,10.69,7.73,10.45,8.91,9.38,9.45,11.95,7.67,8.49,9.30,26.07,26.27,29.10,25.82,29.48,35.32,33.39,27.18,25.97,23.60,26.59,24.74,23.17,23.18,26.41,24.69,24.03,23.26,21.56,0.93,1.64,1.60,1.12,0.47,1.01,1.34,99.00,0.26,2.29,1.24,1.66,0.49,1.27,1.71,2.15,2.89,1.75,2.04,0.73,9.53,9.12,5.84,5.73,8.28,14.24,13.30,13.71,12.92,12.46,13.38,14.57,13.99,14.02,14.71,4.46,2.80,2.76,4.14],
  [2.81,12.45,13.03,23.00,30.36,9.24,21.03,18.75,21.02,21.02,20.77,19.85,20.60,11.71,9.77,8.01,10.12,11.24,10.96,7.99,10.71,9.18,9.64,9.72,12.21,7.91,8.76,9.56,26.33,26.52,29.34,26.06,29.74,35.57,33.65,27.44,26.23,23.86,26.85,25.00,23.43,23.44,26.67,24.95,24.29,23.52,21.82,1.19,1.86,1.79,1.10,0.38,1.21,1.59,0.26,99.00,2.46,0.98,1.40,0.35,1.07,1.48,2.34,3.08,1.49,2.30,0.69,9.74,9.30,6.04,5.92,8.47,14.50,13.54,13.96,13.18,12.71,13.63,14.83,14.24,14.27,14.96,4.66,3.06,3.02,4.32],
  [3.04,10.10,12.02,21.35,28.17,10.91,18.81,16.50,19.15,19.15,18.72,18.35,18.52,10.14,8.12,6.77,9.00,10.25,9.49,6.57,9.09,7.61,8.54,8.25,10.96,5.87,7.45,8.42,24.29,24.50,27.14,23.91,27.78,33.57,31.77,25.92,24.42,22.08,24.92,23.19,21.86,21.63,24.78,23.32,22.37,21.77,19.95,2.20,2.80,0.71,3.34,2.76,1.30,2.31,2.29,2.46,99.00,3.33,3.36,2.77,2.64,3.10,0.35,0.68,3.67,2.05,3.00,9.92,9.80,6.49,6.46,8.90,13.25,11.37,11.95,11.35,10.69,11.54,13.27,12.19,12.17,12.82,2.26,2.39,2.15,1.88],
  [3.63,13.40,13.90,23.95,31.34,9.20,22.01,19.72,22.00,22.00,21.75,20.79,21.58,12.67,10.73,8.94,11.01,12.11,11.90,8.94,11.67,10.14,10.53,10.67,13.13,8.89,9.69,10.46,27.31,27.50,30.31,27.04,30.72,36.55,34.63,28.38,27.20,24.83,27.83,25.97,24.38,24.41,27.64,25.90,25.27,24.49,22.79,2.09,2.62,2.70,1.28,0.94,2.16,2.47,1.24,0.98,3.33,99.00,0.73,0.85,1.04,1.09,3.26,3.98,0.58,3.24,1.04,10.33,9.79,6.62,6.47,9.00,15.40,14.51,14.94,14.16,13.69,14.61,15.78,15.22,15.25,15.94,5.57,4.00,3.99,5.21],
  [4.20,13.45,14.44,24.35,31.51,9.89,22.16,19.86,22.32,22.32,21.99,21.23,21.81,13.07,11.10,9.40,11.51,12.64,12.32,9.36,12.05,10.52,11.03,11.08,13.61,9.12,10.14,10.96,27.56,27.76,30.49,27.24,31.01,36.83,34.95,28.82,27.55,25.18,28.13,26.31,24.80,24.75,27.96,26.31,25.57,24.85,23.12,2.59,3.22,2.83,2.00,1.53,2.38,2.99,1.66,1.40,3.36,0.73,99.00,1.43,0.73,0.44,3.37,4.04,0.43,3.69,1.71,11.02,10.51,7.31,7.17,9.70,15.89,14.69,15.20,14.48,13.94,14.83,16.19,15.46,15.47,16.14,5.62,4.44,4.39,5.22],
  [2.79,12.72,13.05,23.11,30.58,8.93,21.26,18.98,21.17,21.17,20.95,19.94,20.80,11.83,9.90,8.09,10.16,11.26,11.05,8.10,10.83,9.29,9.68,9.82,12.27,8.12,8.84,9.61,26.51,26.70,29.55,26.27,29.90,35.74,33.80,27.53,26.37,23.99,27.01,25.13,23.53,23.58,26.82,25.05,24.45,23.65,21.97,1.24,1.79,2.09,0.77,0.09,1.50,1.62,0.49,0.35,2.77,0.85,1.43,99.00,1.28,1.61,2.63,3.38,1.42,2.40,0.37,9.61,9.13,5.90,5.76,8.31,14.55,13.76,14.14,13.33,12.90,13.83,14.94,14.43,14.47,15.17,4.94,3.16,3.15,4.62],
  [3.82,12.73,13.95,23.74,30.80,10.13,21.45,19.14,21.67,21.67,21.31,20.65,21.12,12.47,10.48,8.85,11.00,12.16,11.74,8.78,11.44,9.92,10.53,10.50,13.07,8.44,9.58,10.44,26.88,27.09,29.78,26.53,30.34,36.15,34.30,28.24,26.91,24.55,27.47,25.68,24.21,24.11,27.30,25.70,24.91,24.22,22.47,2.18,2.91,2.14,2.01,1.36,1.76,2.59,1.27,1.07,2.64,1.04,0.73,1.28,99.00,0.50,2.66,3.32,1.10,3.18,1.64,10.81,10.37,7.11,6.99,9.54,15.36,13.99,14.52,13.84,13.26,14.14,15.60,14.78,14.78,15.44,4.90,3.92,3.83,4.49],
  [4.28,13.17,14.45,24.25,31.27,10.28,21.91,19.60,22.16,22.16,21.80,21.15,21.61,12.97,10.99,9.35,11.50,12.65,12.25,9.28,11.95,10.43,11.02,11.00,13.57,8.93,10.09,10.93,27.37,27.58,30.25,27.01,30.83,36.64,34.80,28.74,27.41,25.05,27.96,26.18,24.71,24.61,27.80,26.21,25.40,24.73,22.97,2.64,3.34,2.64,2.27,1.70,2.26,3.05,1.71,1.48,3.10,1.09,0.44,1.61,0.50,99.00,3.15,3.79,0.87,3.67,1.94,11.21,10.74,7.50,7.37,9.92,15.86,14.47,15.01,14.34,13.75,14.62,16.11,15.27,15.26,15.92,5.35,4.41,4.33,4.93],
  [2.70,10.14,11.77,21.20,28.15,10.60,18.79,16.50,19.04,19.04,18.65,18.17,18.46,9.96,7.95,6.53,8.75,9.99,9.29,6.35,8.92,7.43,8.29,8.05,10.74,5.78,7.23,8.17,24.22,24.43,27.12,23.87,27.69,33.50,31.67,25.75,24.30,21.95,24.83,23.07,21.70,21.50,24.67,23.16,22.27,21.63,19.84,1.93,2.49,0.56,3.15,2.61,1.14,2.01,2.15,2.34,0.35,3.26,3.37,2.63,2.66,3.15,99.00,0.74,3.64,1.70,2.83,9.58,9.45,6.14,6.12,8.55,13.02,11.33,11.87,11.23,10.61,11.48,13.10,12.12,12.11,12.77,2.32,2.05,1.82,1.99],
  [3.14,9.42,11.53,20.72,27.49,11.17,18.13,15.82,18.49,18.49,18.04,17.75,17.84,9.54,7.51,6.27,8.50,9.78,8.91,6.02,8.48,7.03,8.06,7.68,10.43,5.20,6.93,7.92,23.61,23.83,26.46,23.23,27.11,32.90,31.11,25.31,23.77,21.44,24.25,22.54,21.25,20.97,24.12,22.69,21.70,21.12,19.30,2.64,3.12,1.29,3.88,3.35,1.88,2.66,2.89,3.08,0.68,3.98,4.04,3.38,3.32,3.79,0.74,99.00,4.34,2.18,3.57,9.75,9.72,6.45,6.46,8.81,12.70,10.69,11.28,10.71,10.02,10.86,12.67,11.52,11.49,12.14,1.59,2.30,2.03,1.25],
  [4.21,13.76,14.47,24.49,31.77,9.55,22.43,20.13,22.50,22.50,22.22,21.34,22.05,13.20,11.25,9.49,11.58,12.68,12.44,9.48,12.20,10.66,11.10,11.21,13.69,9.35,10.24,11.03,27.78,27.98,30.75,27.49,31.21,37.04,35.13,28.93,27.72,25.35,28.33,26.48,24.92,24.92,28.14,26.44,25.76,25.01,23.30,2.64,3.19,3.09,1.83,1.51,2.60,3.03,1.75,1.49,3.67,0.58,0.43,1.42,1.10,0.87,3.64,4.34,99.00,3.78,1.62,10.89,10.33,7.18,7.03,9.55,15.97,14.95,15.42,14.66,14.16,15.06,16.32,15.69,15.70,16.38,5.93,4.54,4.51,5.54],
  [0.99,10.69,10.77,20.71,28.30,8.99,19.02,16.77,18.79,18.79,18.61,17.56,18.48,9.43,7.50,5.72,7.83,8.98,8.66,5.70,8.44,6.90,7.35,7.42,9.92,5.86,6.46,7.27,24.16,24.35,27.28,23.97,27.53,33.38,31.41,25.14,23.97,21.59,24.63,22.74,21.14,21.18,24.43,22.66,22.07,21.25,19.58,1.17,1.12,1.62,2.47,2.32,1.54,0.86,2.04,2.30,2.05,3.24,3.69,2.40,3.18,3.67,1.70,2.18,3.78,99.00,2.35,8.00,7.79,4.47,4.43,6.90,12.21,11.51,11.81,10.95,10.57,11.53,12.54,12.11,12.17,12.89,3.32,0.76,0.78,3.21],
  [2.62,12.84,12.89,23.03,30.62,8.56,21.32,19.05,21.14,21.14,20.96,19.84,20.82,11.75,9.85,7.99,10.02,11.10,10.97,8.02,10.77,9.23,9.54,9.74,12.15,8.16,8.74,9.48,26.51,26.70,29.60,26.30,29.88,35.73,33.76,27.42,26.32,23.93,26.99,25.08,23.43,23.53,26.78,24.97,24.42,23.59,21.93,1.19,1.59,2.30,0.41,0.31,1.70,1.52,0.73,0.69,3.00,1.04,1.71,0.37,1.64,1.94,2.83,3.57,1.62,2.35,99.00,9.31,8.80,5.60,5.46,7.99,14.42,13.81,14.15,13.31,12.91,13.86,14.85,14.45,14.50,15.21,5.11,3.10,3.13,4.82],
  [7.10,13.25,6.09,16.97,27.08,6.60,18.80,17.05,16.33,16.33,17.21,13.51,17.33,7.82,7.41,5.62,5.22,5.02,7.00,6.28,7.62,6.90,5.03,6.59,6.61,8.77,5.79,5.21,22.13,22.21,26.10,22.73,24.84,30.66,28.13,20.56,20.72,18.37,21.97,19.55,17.01,18.16,21.54,18.68,19.55,17.93,17.01,8.67,7.90,9.61,9.06,9.51,9.48,8.28,9.53,9.74,9.92,10.33,11.02,9.61,10.81,11.21,9.58,9.75,10.89,8.00,9.31,99.00,1.30,3.71,3.87,1.50,8.07,12.34,11.51,9.96,10.77,11.81,9.69,11.96,12.34,13.12,9.88,7.52,7.77,10.13],
  [6.83,14.13,7.39,18.27,28.35,5.30,20.00,18.20,17.62,17.62,18.46,14.81,18.57,8.97,8.37,6.40,6.34,6.27,8.12,7.05,8.68,7.81,6.10,7.59,7.86,9.43,6.69,6.26,23.42,23.50,27.36,23.99,26.14,31.96,29.43,21.83,22.02,19.67,23.27,20.85,18.30,19.46,22.84,19.98,20.85,19.23,18.30,8.31,7.52,9.41,8.52,9.04,9.20,7.94,9.12,9.30,9.80,9.79,10.51,9.13,10.37,10.74,9.45,9.72,10.33,7.79,8.80,1.30,99.00,3.33,3.40,0.91,9.37,13.38,12.64,11.11,11.83,12.89,10.96,13.08,13.44,14.23,10.06,7.43,7.69,10.25],
  [3.51,12.30,8.25,19.10,28.21,5.85,19.34,17.31,17.85,17.85,18.26,15.70,18.26,8.46,7.16,4.89,6.00,6.62,7.55,5.38,7.80,6.50,5.57,6.60,8.04,7.24,5.49,5.63,23.56,23.69,27.19,23.81,26.60,32.48,30.18,23.11,22.68,20.28,23.68,21.46,19.31,19.98,23.35,20.94,21.16,19.88,18.60,5.00,4.22,6.08,5.36,5.81,5.88,4.63,5.84,6.04,6.49,6.62,7.31,5.90,7.11,7.50,6.14,6.45,7.18,4.47,5.60,3.71,3.33,99.00,0.26,2.45,10.08,12.15,11.81,10.49,10.77,11.85,11.14,12.21,12.46,13.26,6.98,4.15,4.42,7.11],
  [3.45,12.49,8.50,19.35,28.46,5.66,19.58,17.55,18.11,18.11,18.51,15.95,18.51,8.71,7.40,5.12,6.26,6.87,7.81,5.60,8.04,6.73,5.83,6.84,8.30,7.42,5.73,5.88,23.81,23.95,27.44,24.06,26.86,32.74,30.44,23.36,22.94,20.54,23.94,21.72,19.56,20.24,23.61,21.20,21.42,20.14,18.85,4.91,4.12,6.03,5.20,5.67,5.80,4.54,5.73,5.92,6.46,6.47,7.17,5.76,6.99,7.37,6.12,6.46,7.03,4.43,5.46,3.87,3.40,0.26,99.00,2.55,10.34,12.37,12.05,10.74,11.00,12.08,11.40,12.45,12.70,13.49,7.03,4.15,4.43,7.15],
  [5.95,13.42,7.28,18.24,28.07,5.45,19.58,17.71,17.41,17.41,18.15,14.78,18.23,8.52,7.75,5.69,5.88,5.99,7.64,6.32,8.14,7.16,5.58,7.01,7.57,8.64,6.05,5.72,23.21,23.30,27.08,23.70,26.02,31.86,29.40,21.94,21.95,19.58,23.13,20.76,18.32,19.35,22.73,19.99,20.68,19.15,18.12,7.45,6.67,8.52,7.72,8.22,8.33,7.08,8.28,8.47,8.90,9.00,9.70,8.31,9.54,9.92,8.55,8.81,9.55,6.90,7.99,1.50,0.91,2.45,2.55,99.00,9.25,12.80,12.15,10.66,11.28,12.35,10.71,12.58,12.91,13.71,9.16,6.53,6.79,9.35],
  [11.81,9.48,1.98,9.03,19.13,14.66,11.52,10.26,8.29,8.29,9.44,5.61,9.67,3.55,5.42,6.52,4.39,3.47,3.87,6.68,4.54,5.75,4.88,5.04,2.29,8.23,5.80,4.94,14.09,14.15,18.17,14.84,16.77,22.61,20.17,13.08,12.71,10.33,13.90,11.51,9.22,10.10,13.48,10.86,11.48,9.90,8.95,13.33,12.83,13.39,14.37,14.47,13.63,12.94,14.24,14.50,13.25,15.40,15.89,14.55,15.36,15.86,13.02,12.70,15.97,12.21,14.42,8.07,9.37,10.08,10.34,9.25,99.00,7.24,5.66,4.26,5.83,6.39,2.14,6.05,6.57,7.13,11.76,11.46,11.54,12.23],
  [11.71,2.64,8.06,11.29,16.83,17.92,7.52,5.29,8.37,8.37,7.45,9.29,7.19,4.74,5.06,7.28,7.15,7.77,5.41,6.77,4.73,5.69,7.31,5.79,6.55,5.65,6.78,7.14,13.00,13.23,15.80,12.54,16.59,22.30,20.71,16.09,13.65,11.50,13.81,12.48,12.09,10.94,13.78,13.20,11.33,11.29,9.15,12.62,12.54,11.87,13.97,13.70,12.36,12.37,13.30,13.54,11.37,14.51,14.69,13.76,13.99,14.47,11.33,10.69,14.95,11.51,13.81,12.34,13.38,12.15,12.37,12.80,7.24,99.00,1.69,3.00,1.62,0.86,5.42,1.48,1.08,1.48,9.17,10.83,10.73,9.63],
  [11.87,4.28,6.68,9.94,16.58,17.44,7.53,5.57,7.29,7.29,6.81,7.71,6.68,3.70,4.67,6.94,6.30,6.68,4.52,6.55,4.04,5.34,6.56,5.23,5.29,6.09,6.32,6.42,12.37,12.57,15.56,12.21,15.83,21.63,19.84,14.73,12.60,10.34,12.97,11.39,10.68,9.83,12.86,11.89,10.43,10.08,8.08,12.96,12.78,12.38,14.27,14.08,12.82,12.66,13.71,13.96,11.95,14.94,15.20,14.14,14.52,15.01,11.87,11.28,15.42,11.81,14.15,11.51,12.64,11.81,12.05,12.15,5.66,1.69,99.00,1.62,1.26,0.84,3.76,0.45,0.93,1.64,9.85,11.09,11.03,10.34],
  [10.90,5.26,5.10,10.06,17.74,16.01,8.93,7.09,7.84,7.84,7.82,7.37,7.79,2.14,3.51,5.71,4.78,5.08,3.02,5.42,2.71,4.17,5.08,3.90,3.68,5.55,5.03,4.96,13.27,13.44,16.72,13.34,16.58,22.44,20.47,14.75,13.07,10.73,13.68,11.84,10.67,10.28,13.48,12.04,11.12,10.42,8.64,12.12,11.86,11.70,13.38,13.26,12.10,11.79,12.92,13.18,11.35,14.16,14.48,13.33,13.84,14.34,11.23,10.71,14.66,10.95,13.31,9.96,11.11,10.49,10.74,10.66,4.26,3.00,1.62,99.00,1.59,2.19,2.67,2.06,2.52,3.25,9.40,10.21,10.19,9.89],
  [10.66,3.67,6.49,11.10,17.77,16.48,8.63,6.54,8.53,8.53,8.06,8.68,7.91,3.12,3.61,5.88,5.55,6.15,3.80,5.44,3.16,4.27,5.74,4.28,4.95,4.83,5.32,5.58,13.62,13.82,16.75,13.42,17.09,22.89,21.10,15.87,13.84,11.57,14.24,12.63,11.80,11.06,14.12,13.06,11.69,11.30,9.33,11.72,11.55,11.12,13.03,12.83,11.57,11.43,12.46,12.71,10.69,13.69,13.94,12.90,13.26,13.75,10.61,10.02,14.16,10.57,12.91,10.77,11.83,10.77,11.00,11.28,5.83,1.62,1.26,1.59,99.00,1.08,4.23,1.54,1.69,2.49,8.59,9.86,9.79,9.08],
  [11.66,3.44,7.29,10.66,16.78,17.56,7.58,5.47,7.88,7.88,7.18,8.52,6.98,4.08,4.69,6.96,6.59,7.11,4.82,6.51,4.22,5.35,6.80,5.35,5.81,5.71,6.40,6.64,12.75,12.97,15.76,12.45,16.28,22.04,20.35,15.45,13.18,10.97,13.46,11.99,11.43,10.43,13.38,12.59,10.94,10.73,8.67,12.66,12.53,12.00,13.99,13.76,12.47,12.38,13.38,13.63,11.54,14.61,14.83,13.83,14.14,14.62,11.48,10.86,15.06,11.53,13.86,11.81,12.89,11.85,12.08,12.35,6.39,0.86,0.84,2.19,1.08,99.00,4.56,0.75,0.65,1.42,9.39,10.83,10.75,9.86],
  [12.30,7.87,3.80,8.18,17.39,16.16,9.44,8.12,6.73,6.73,7.54,5.08,7.71,3.14,5.16,6.88,5.15,4.72,3.88,6.84,4.19,5.68,5.60,5.12,3.15,7.74,6.13,5.58,12.51,12.61,16.41,13.04,15.46,21.34,19.09,12.65,11.59,9.19,12.54,10.36,8.61,8.85,12.21,10.12,10.03,8.81,7.46,13.70,13.31,13.52,14.86,14.86,13.85,13.34,14.57,14.83,13.27,15.78,16.19,14.94,15.60,16.11,13.10,12.67,16.32,12.54,14.85,9.69,10.96,11.14,11.40,10.71,2.14,5.42,3.76,2.67,4.23,4.56,99.00,4.09,4.62,5.10,11.51,11.78,11.81,12.00],
  [12.20,4.12,7.12,9.91,16.24,17.86,7.14,5.14,7.14,7.14,6.53,7.81,6.37,4.14,5.06,7.34,6.75,7.13,4.96,6.93,4.47,5.73,7.00,5.65,5.74,6.34,6.73,6.86,12.10,12.31,15.21,11.88,15.60,21.38,19.64,14.70,12.45,10.23,12.76,11.25,10.68,9.70,12.67,11.84,10.23,9.99,7.93,13.25,13.09,12.64,14.57,14.37,13.09,12.97,13.99,14.24,12.19,15.22,15.46,14.43,14.78,15.27,12.12,11.52,15.69,12.11,14.45,11.96,13.08,12.21,12.45,12.58,6.05,1.48,0.45,2.06,1.54,0.75,4.09,99.00,0.53,1.19,10.07,11.40,11.33,10.55],
  [12.31,3.71,7.61,10.21,16.13,18.15,6.94,4.85,7.34,7.34,6.56,8.23,6.35,4.55,5.30,7.57,7.11,7.56,5.33,7.13,4.78,5.97,7.34,5.94,6.20,6.36,7.00,7.19,12.13,12.35,15.11,11.80,15.67,21.42,19.75,15.01,12.63,10.45,12.86,11.45,11.01,9.90,12.80,12.13,10.35,10.23,8.12,13.31,13.18,12.64,14.64,14.41,13.11,13.03,14.02,14.27,12.17,15.25,15.47,14.47,14.78,15.26,12.11,11.49,15.70,12.17,14.50,12.34,13.44,12.46,12.70,12.91,6.57,1.08,0.93,2.52,1.69,0.65,4.62,0.53,99.00,0.80,10.01,11.47,11.39,10.48],
  [13.05,3.85,8.29,9.99,15.42,18.95,6.17,4.06,6.97,6.97,5.97,8.27,5.72,5.32,6.10,8.37,7.90,8.32,6.12,7.92,5.58,6.76,8.14,6.74,6.92,7.05,7.80,7.99,11.52,11.75,14.39,11.10,15.11,20.82,19.23,14.79,12.21,10.10,12.34,11.05,10.85,9.53,12.32,11.88,9.86,9.91,7.73,14.02,13.91,13.30,15.36,15.11,13.79,13.75,14.71,14.96,12.82,15.94,16.14,15.17,15.44,15.92,12.77,12.14,16.38,12.89,15.21,13.12,14.23,13.26,13.49,13.71,7.13,1.48,1.64,3.25,2.49,1.42,5.10,1.19,0.80,99.00,10.63,12.20,12.11,11.10],
  [4.12,7.83,10.78,19.46,25.93,12.17,16.57,14.26,17.11,17.11,16.57,16.58,16.34,8.43,6.41,5.58,7.77,9.10,7.90,5.19,7.36,6.01,7.37,6.72,9.53,3.85,6.14,7.21,22.13,22.35,24.91,21.69,25.66,31.43,29.70,24.10,22.41,20.09,22.82,21.18,20.03,19.62,22.71,21.43,20.28,19.80,17.91,4.08,4.41,2.88,5.40,4.91,3.45,4.01,4.46,4.66,2.26,5.57,5.62,4.94,4.90,5.35,2.32,1.59,5.93,3.32,5.11,9.88,10.06,6.98,7.03,9.16,11.76,9.17,9.85,9.40,8.59,9.39,11.51,10.07,10.01,10.63,99.00,3.09,2.83,0.49],
  [1.06,10.11,10.04,19.95,27.61,9.09,18.35,16.11,18.04,18.04,17.89,16.80,17.76,8.67,6.75,4.96,7.09,8.25,7.90,4.94,7.68,6.14,6.61,6.66,9.17,5.19,5.70,6.52,23.43,23.61,26.58,23.27,26.79,32.64,30.66,24.38,23.22,20.84,23.89,21.98,20.38,20.43,23.68,21.90,21.32,20.49,18.83,1.92,1.71,2.15,3.18,3.08,2.22,1.58,2.80,3.06,2.39,4.00,4.44,3.16,3.92,4.41,2.05,2.30,4.54,0.76,3.10,7.52,7.43,4.15,4.15,6.53,11.46,10.83,11.09,10.21,9.86,10.83,11.78,11.40,11.47,12.20,3.09,99.00,0.28,3.09],
  [1.30,9.95,10.16,19.98,27.53,9.35,18.25,16.00,18.02,18.02,17.84,16.84,17.70,8.69,6.75,5.03,7.18,8.37,7.94,4.97,7.69,6.15,6.71,6.70,9.25,5.08,5.76,6.61,23.38,23.57,26.50,23.19,26.76,32.61,30.65,24.43,23.22,20.84,23.86,21.98,20.41,20.42,23.66,21.93,21.30,20.50,18.82,1.94,1.84,1.97,3.25,3.08,2.10,1.64,2.76,3.02,2.15,3.99,4.39,3.15,3.83,4.33,1.82,2.03,4.51,0.78,3.13,7.77,7.69,4.42,4.43,6.79,11.54,10.73,11.03,10.19,9.79,10.75,11.81,11.33,11.39,12.11,2.83,0.28,99.00,2.81],
  [4.08,8.24,11.22,19.95,26.38,12.15,17.01,14.70,17.60,17.60,17.04,17.07,16.81,8.92,6.89,6.00,8.20,9.52,8.37,5.63,7.85,6.48,7.79,7.18,9.99,4.34,6.58,7.64,22.61,22.83,25.36,22.15,26.14,31.90,30.18,24.59,22.89,20.58,23.30,21.67,20.52,20.10,23.19,21.92,20.76,20.29,18.40,3.85,4.25,2.54,5.12,4.60,3.13,3.82,4.14,4.32,1.88,5.21,5.22,4.62,4.49,4.93,1.99,1.25,5.54,3.21,4.82,10.13,10.25,7.11,7.15,9.35,12.23,9.63,10.34,9.89,9.08,9.86,12.00,10.55,10.48,11.10,0.49,3.09,2.81,99.00]
];
