// Chosen Depots: [1, 2, 3, 4, 5, 6]
// Chosen Demand Points (Original DP No): [1, 2, 3, 4, 5, 6, 7, 9, 10, 11, 12, 14, 15, 16, 17, 18, 19, 20, 22, 25, 26, 27, 28, 29, 30, 32, 33, 35, 36, 37, 38, 39, 40, 42, 44, 47, 48, 49, 50, 51, 52, 53, 55, 57, 61, 63, 64, 65, 66, 68, 71, 74, 77, 78, 79, 80, 81, 83, 85, 86, 87, 88, 89, 90, 91, 92, 93, 95, 96, 98, 99, 100, 102, 104, 108, 109, 110, 111, 112, 114, 115, 116, 118, 119, 122, 123, 125, 126, 127, 129, 130, 131, 133, 135, 137, 138, 139, 141, 142, 143, 147, 148, 149, 151, 152, 153, 154, 155, 156, 158, 159, 160, 161, 164, 165, 166, 167, 168, 169, 170]
// Original Weights: [9, 9, 9, 6, 6, 9, 8, 8, 4, 5, 6, 5, 7, 4, 5, 4, 5, 6, 6, 5, 4, 7, 5, 5, 5, 6, 8, 10, 9, 9, 8, 10, 9, 7, 7, 6, 6, 8, 3, 6, 6, 5, 5, 5, 7, 5, 6, 7, 6, 7, 7, 2, 6, 5, 4, 5, 7, 5, 6, 6, 7, 6, 7, 6, 6, 5, 7, 7, 7, 6, 6, 7, 6, 7, 7, 7, 7, 7, 7, 7, 7, 7, 7, 8, 8, 6, 2, 3, 3, 2, 4, 2, 4, 4, 3, 3, 4, 4, 8, 8, 5, 6, 6, 8, 7, 8, 4, 5, 7, 8, 7, 6, 8, 9, 6, 6, 9, 5, 8, 8]

|W| = 6;
|D| = 120;
V = 54;
C = 3;
|K| = 1;
M = 100;
S = 0.25;
|TR| = 16;
δmax = 18.3;
Runtime = 60;

// Priority weights for selected demand points
pj = [
  9, 9, 9, 6, 6, 9, 8, 8, 4, 5, 6, 5, 7, 4, 5, 4, 5, 6, 6, 5, 4, 7, 5, 5, 5, 6, 8, 10, 9, 9, 8, 10, 9, 7, 7, 6, 6, 8, 3, 6, 6, 5, 5, 5, 7, 5, 6, 7, 6, 7, 7, 2, 6, 5, 4, 5, 7, 5, 6, 6, 7, 6, 7, 6, 6, 5, 7, 7, 7, 6, 6, 7, 6, 7, 7, 7, 7, 7, 7, 7, 7, 7, 7, 8, 8, 6, 2, 3, 3, 2, 4, 2, 4, 4, 3, 3, 4, 4, 8, 8, 5, 6, 6, 8, 7, 8, 4, 5, 7, 8, 7, 6, 8, 9, 6, 6, 9, 5, 8, 8
];

δij =
[
  [99.00,99.00,99.00,99.00,99.00,99.00,19.31,19.21,17.00,18.70,18.70,18.10,18.65,18.55,9.07,9.24,9.16,5.42,6.09,7.41,6.15,8.48,8.42,5.52,6.76,7.21,9.54,6.11,6.17,6.88,7.81,19.04,24.16,27.41,27.83,24.08,22.24,24.73,21.64,27.47,33.34,31.81,28.60,33.29,24.83,21.14,19.53,20.04,23.83,19.52,23.45,21.04,24.33,21.85,23.67,19.81,19.47,24.56,23.33,22.64,20.72,20.91,20.18,21.08,19.49,20.20,3.22,1.64,4.43,2.02,1.03,1.44,3.60,4.45,4.53,2.57,1.26,2.70,1.23,2.81,4.35,3.63,4.20,2.79,3.68,3.82,4.28,2.70,4.65,3.14,3.86,2.62,6.34,5.05,5.09,6.83,3.46,5.42,3.51,3.45,3.84,3.89,12.27,11.81,11.71,13.37,10.83,10.90,13.24,10.58,10.66,11.66,10.88,12.30,12.20,12.31,10.82,13.61,13.25,4.80,1.06,1.30,5.18,1.47,4.75,4.61],
  [99.00,99.00,99.00,99.00,99.00,99.00,9.07,8.93,6.60,10.80,10.80,8.14,9.55,9.19,9.37,6.43,6.12,7.73,5.71,8.33,8.33,9.26,6.83,7.11,6.36,6.74,8.34,5.12,7.46,8.14,7.88,11.43,14.95,17.27,17.89,14.17,12.71,14.44,11.84,18.64,24.20,23.22,19.93,23.93,18.64,12.74,11.32,12.98,15.99,12.63,14.85,13.35,16.01,13.08,15.61,10.80,10.51,18.71,15.04,15.19,13.85,13.35,11.14,13.75,11.55,11.95,11.71,11.70,13.73,12.16,11.79,12.55,12.96,13.62,13.77,13.06,12.15,12.68,11.52,12.45,13.23,13.40,13.45,12.72,12.55,12.73,13.17,10.14,13.75,9.42,9.10,12.84,13.15,13.43,12.55,14.13,13.26,13.72,12.30,12.49,13.33,13.59,8.88,9.48,2.64,3.87,6.71,5.26,6.76,3.07,3.67,3.44,9.26,7.87,4.12,3.71,4.28,7.56,4.23,7.77,10.11,9.95,7.40,10.35,6.83,7.19],
  [99.00,99.00,99.00,99.00,99.00,99.00,13.23,13.22,11.78,10.26,10.26,11.91,11.31,11.50,1.22,3.53,3.84,5.27,6.45,3.03,4.25,1.80,3.36,5.60,4.96,4.22,1.62,7.61,4.64,3.61,2.93,10.31,16.06,20.10,20.23,16.76,14.70,17.92,14.51,18.75,24.59,22.69,19.69,24.73,14.86,12.68,11.18,10.81,14.67,10.25,14.88,12.08,15.46,13.61,14.68,12.12,11.81,14.51,14.53,13.36,11.30,11.87,12.46,11.87,10.93,11.77,13.12,11.85,14.68,12.28,11.29,11.22,13.82,14.68,14.78,12.81,11.47,12.97,11.45,13.03,14.52,13.90,14.44,13.05,13.79,13.95,14.45,11.77,14.88,11.53,11.88,12.89,6.62,8.11,7.08,7.39,9.45,8.13,8.25,8.50,9.15,9.46,2.94,1.98,8.06,8.69,3.65,5.10,5.79,7.01,6.49,7.29,1.17,3.80,7.12,7.61,5.98,5.54,8.16,11.46,10.04,10.16,11.45,8.80,10.15,10.52],
  [99.00,99.00,99.00,99.00,99.00,99.00,8.44,8.59,9.40,3.42,3.42,7.92,5.74,6.34,11.94,11.29,11.41,15.06,14.92,13.21,14.42,12.48,12.06,15.01,13.83,13.29,11.09,15.61,14.31,13.69,12.74,2.69,6.49,10.97,10.69,8.28,6.55,9.90,7.18,8.10,13.76,11.75,8.86,14.02,4.80,3.60,3.53,1.05,3.82,1.22,4.79,2.10,4.86,4.55,4.01,5.15,5.14,4.89,4.14,2.47,0.46,1.82,5.17,1.37,3.00,3.37,22.77,21.87,24.62,22.35,21.49,21.66,23.74,24.58,24.71,23.04,21.74,23.03,21.51,23.00,24.32,23.95,24.35,23.11,23.56,23.74,24.25,21.20,24.77,20.72,20.79,23.03,17.56,19.07,18.03,18.27,20.31,19.10,19.10,19.35,20.06,20.36,8.32,9.03,11.29,10.03,9.71,10.06,7.66,11.56,11.10,10.66,9.98,8.18,9.91,10.21,10.61,7.07,9.62,19.85,19.95,19.98,19.65,19.07,18.52,18.95],
  [99.00,99.00,99.00,99.00,99.00,99.00,9.24,9.37,11.70,10.87,10.87,10.36,9.95,9.95,21.69,19.75,19.71,23.44,22.35,22.30,23.24,22.10,20.66,23.11,21.87,21.64,20.51,22.46,22.76,22.60,21.72,10.98,5.29,1.03,1.11,4.40,6.39,3.85,6.81,5.32,7.22,7.89,6.08,6.52,12.40,8.64,9.96,11.21,8.51,11.69,6.95,9.78,7.23,7.62,8.03,8.98,9.30,13.14,7.66,9.64,11.28,10.05,8.63,10.39,10.31,9.46,29.77,29.43,31.79,29.92,29.31,29.83,30.97,31.70,31.85,30.77,29.64,30.52,29.16,30.36,31.34,31.34,31.51,30.58,30.62,30.80,31.27,28.15,31.85,27.49,27.26,30.62,27.49,28.66,27.59,28.35,29.41,28.79,28.21,28.46,29.28,29.58,18.13,19.13,16.83,15.12,18.34,17.74,15.71,17.87,17.77,16.78,19.92,17.39,16.24,16.13,17.65,15.67,15.19,25.99,27.61,27.53,25.64,27.27,24.91,25.31],
  [99.00,99.00,99.00,99.00,99.00,99.00,24.98,24.93,22.99,22.86,22.86,23.67,23.59,23.66,11.89,13.89,13.99,10.64,12.46,11.27,10.49,11.44,12.99,11.18,12.23,12.22,13.02,13.08,11.16,11.04,11.86,22.96,28.66,32.52,32.74,29.14,27.13,30.13,26.78,31.43,37.25,35.31,32.36,37.41,27.05,25.31,23.78,23.47,27.32,22.91,27.54,24.75,28.13,26.21,27.35,24.54,24.22,26.58,27.20,25.99,23.92,24.55,24.91,24.53,23.56,24.39,10.29,8.79,9.89,8.70,8.11,7.06,9.64,10.04,9.99,8.16,7.82,8.87,8.61,9.24,10.32,9.20,9.89,8.93,10.13,10.13,10.28,10.60,10.18,11.17,11.89,8.56,6.07,4.93,5.97,5.30,4.97,4.75,5.85,5.66,4.83,4.60,15.55,14.66,17.92,19.34,15.21,16.01,17.83,16.65,16.48,17.56,13.77,16.16,17.86,18.15,16.37,17.85,19.03,12.88,9.09,9.35,13.25,8.10,12.67,12.61],
  [19.31,9.07,13.23,8.44,9.24,24.98,99.00,0.19,2.47,5.23,5.23,1.32,2.81,2.26,13.53,11.10,10.99,14.54,13.24,13.74,14.51,13.83,11.99,14.14,12.94,12.82,12.26,13.27,13.92,13.94,13.14,5.90,6.26,8.22,8.81,5.11,3.94,5.45,2.91,9.99,15.25,14.55,11.34,14.91,12.42,5.42,4.91,7.40,8.54,7.46,6.76,6.77,8.04,5.14,7.98,3.35,3.30,12.81,7.26,8.36,8.15,6.95,3.44,7.52,5.45,5.16,20.53,20.24,22.56,20.73,20.16,20.72,21.74,22.46,22.61,21.59,20.50,21.31,19.99,21.15,22.09,22.12,22.27,21.37,21.38,21.56,22.03,18.91,22.61,18.24,18.02,21.43,19.10,20.05,19.01,20.03,20.57,20.23,19.41,19.65,20.49,20.79,10.45,11.50,7.62,5.94,9.91,8.98,7.44,8.73,8.71,7.67,12.07,9.44,7.21,7.02,8.68,7.73,6.09,16.75,18.45,18.35,16.40,18.22,15.66,16.06],
  [19.21,8.93,13.22,8.59,9.37,24.93,0.19,99.00,2.33,5.36,5.36,1.31,2.94,2.38,13.51,11.06,10.94,14.47,13.15,13.70,14.45,13.80,11.94,14.06,12.87,12.75,12.24,13.17,13.86,13.89,13.10,6.04,6.44,8.35,8.96,5.27,4.12,5.56,3.09,10.17,15.41,14.72,11.52,15.07,12.60,5.60,5.06,7.55,8.72,7.60,6.95,6.94,8.22,5.32,8.16,3.51,3.46,12.98,7.45,8.53,8.31,7.12,3.62,7.68,5.60,5.33,20.41,20.14,22.44,20.62,20.06,20.63,21.62,22.34,22.49,21.48,20.40,21.20,19.88,21.03,21.97,22.01,22.16,21.26,21.26,21.45,21.91,18.79,22.49,18.13,17.89,21.32,19.07,20.00,18.96,20.00,20.50,20.18,19.34,19.58,20.43,20.72,10.47,11.52,7.52,5.84,9.88,8.93,7.43,8.64,8.63,7.58,12.07,9.44,7.14,6.94,8.62,7.74,6.01,16.62,18.35,18.25,16.27,18.13,15.54,15.94],
  [17.00,6.60,11.78,9.40,11.70,22.99,2.47,2.33,99.00,5.98,5.98,1.75,3.81,3.26,11.90,9.23,9.07,12.42,10.98,11.86,12.50,12.12,10.08,11.97,10.82,10.78,10.62,10.92,11.85,11.99,11.27,6.72,8.56,10.68,11.29,7.58,6.26,7.87,5.31,12.30,17.68,16.88,13.63,17.37,13.84,7.05,6.04,8.37,10.34,8.26,8.80,8.13,10.05,7.06,9.84,4.89,4.69,14.12,9.17,9.90,9.22,8.24,5.14,8.77,6.49,6.51,18.11,17.87,20.14,18.35,17.82,18.43,19.33,20.04,20.19,19.23,18.17,18.93,17.63,18.75,19.67,19.72,19.86,18.98,18.96,19.14,19.60,16.50,20.18,15.82,15.57,19.05,17.24,18.06,17.04,18.20,18.44,18.27,17.31,17.55,18.40,18.69,9.24,10.26,5.29,3.68,8.24,7.09,6.07,6.48,6.54,5.47,10.67,8.12,5.14,4.85,6.62,6.57,3.96,14.29,16.11,16.00,13.94,15.97,13.23,13.63],
  [18.70,10.80,10.26,3.42,10.87,22.86,5.23,5.36,5.98,99.00,0.00,4.54,2.43,3.01,10.98,9.52,9.56,13.36,12.80,11.85,12.93,11.44,10.39,13.18,11.94,11.53,9.88,13.29,12.63,12.24,11.30,0.74,5.80,9.94,9.99,6.69,4.64,8.08,4.80,8.79,14.67,13.13,9.91,14.69,8.01,2.48,0.92,2.39,5.31,2.29,4.78,2.56,5.64,3.35,5.05,2.30,2.13,8.21,4.64,4.40,3.26,2.55,2.53,2.98,0.80,1.54,20.66,19.95,22.59,20.44,19.67,19.99,21.72,22.54,22.67,21.21,19.95,21.10,19.62,21.02,22.24,22.00,22.32,21.17,21.48,21.67,22.16,19.04,22.71,18.49,18.47,21.14,16.79,18.10,17.03,17.62,19.07,18.19,17.85,18.11,18.88,19.19,7.33,8.29,8.37,6.93,7.96,7.84,5.45,8.89,8.53,7.88,9.12,6.73,7.14,7.34,8.15,5.15,6.61,17.41,18.04,18.02,17.16,17.38,16.12,16.56],
  [18.70,10.80,10.26,3.42,10.87,22.86,5.23,5.36,5.98,0.00,99.00,4.54,2.43,3.01,10.98,9.52,9.56,13.36,12.80,11.85,12.93,11.44,10.39,13.18,11.94,11.53,9.88,13.29,12.63,12.24,11.30,0.74,5.80,9.94,9.99,6.69,4.64,8.08,4.80,8.79,14.67,13.13,9.91,14.69,8.01,2.48,0.92,2.39,5.31,2.29,4.78,2.56,5.64,3.35,5.05,2.30,2.13,8.21,4.64,4.40,3.26,2.55,2.53,2.98,0.80,1.54,20.66,19.95,22.59,20.44,19.67,19.99,21.72,22.54,22.67,21.21,19.95,21.10,19.62,21.02,22.24,22.00,22.32,21.17,21.48,21.67,22.16,19.04,22.71,18.49,18.47,21.14,16.79,18.10,17.03,17.62,19.07,18.19,17.85,18.11,18.88,19.19,7.33,8.29,8.37,6.93,7.96,7.84,5.45,8.89,8.53,7.88,9.12,6.73,7.14,7.34,8.15,5.15,6.61,17.41,18.04,18.02,17.16,17.38,16.12,16.56],
  [18.10,8.14,11.91,7.92,10.36,23.67,1.32,1.31,1.75,4.54,4.54,99.00,2.19,1.60,12.21,9.79,9.68,13.26,12.02,12.42,13.20,12.50,10.68,12.87,11.67,11.52,10.94,12.10,12.63,12.63,11.83,5.26,6.87,9.34,9.85,6.09,4.58,6.63,3.71,10.59,16.06,15.18,11.92,15.79,12.20,5.33,4.45,6.87,8.61,6.83,7.05,6.49,8.30,5.31,8.10,3.16,2.99,12.52,7.42,8.22,7.69,6.62,3.39,7.17,4.94,4.85,19.42,19.07,21.44,19.56,18.97,19.51,20.61,21.35,21.50,20.41,19.30,20.16,18.81,20.00,20.99,20.98,21.16,20.22,20.27,20.45,20.92,17.79,21.50,17.14,16.94,20.26,17.78,18.75,17.70,18.71,19.29,18.92,18.12,18.36,19.20,19.50,9.16,10.21,6.46,4.76,8.59,7.67,6.12,7.52,7.46,6.44,10.76,8.13,5.94,5.79,7.41,6.43,4.85,15.70,17.26,17.17,15.37,16.98,14.57,14.98],
  [18.65,9.55,11.31,5.74,9.95,23.59,2.81,2.94,3.81,2.43,2.43,2.19,99.00,0.59,11.81,9.80,9.76,13.53,12.59,12.35,13.29,12.19,10.71,13.23,11.99,11.71,10.60,12.87,12.84,12.65,11.77,3.12,5.57,8.95,9.24,5.56,3.60,6.61,3.21,9.14,14.86,13.70,10.41,14.71,10.04,3.30,2.26,4.69,6.61,4.69,5.30,4.32,6.48,3.53,6.15,1.25,0.96,10.34,5.53,6.09,5.50,4.44,1.60,4.98,2.75,2.70,20.28,19.77,22.27,20.26,19.58,20.02,21.42,22.20,22.34,21.07,19.89,20.89,19.47,20.77,21.87,21.75,21.99,20.95,21.12,21.31,21.80,18.65,22.36,18.04,17.92,20.96,17.58,18.71,17.64,18.46,19.46,18.85,18.26,18.51,19.33,19.63,8.41,9.44,7.45,5.80,8.39,7.82,5.76,8.28,8.06,7.18,10.14,7.54,6.53,6.56,7.84,5.79,5.67,16.76,17.89,17.84,16.46,17.43,15.54,15.97],
  [18.55,9.19,11.50,6.34,9.95,23.66,2.26,2.38,3.26,3.01,3.01,1.60,0.59,99.00,11.95,9.82,9.76,13.49,12.47,12.40,13.30,12.31,10.72,13.17,11.93,11.69,10.72,12.70,12.81,12.67,11.81,3.71,5.81,8.93,9.29,5.56,3.71,6.48,3.14,9.45,15.11,14.03,10.74,14.92,10.61,3.80,2.85,5.29,7.11,5.28,5.70,4.89,6.91,3.92,6.63,1.66,1.43,10.92,5.99,6.64,6.09,5.02,1.97,5.57,3.34,3.26,20.09,19.62,22.09,20.11,19.45,19.92,21.24,22.01,22.16,20.94,19.77,20.73,19.33,20.60,21.67,21.58,21.81,20.80,20.94,21.12,21.61,18.46,22.17,17.84,17.70,20.82,17.67,18.76,17.70,18.57,19.46,18.91,18.26,18.51,19.34,19.64,8.63,9.67,7.19,5.51,8.45,7.79,5.85,8.08,7.91,6.98,10.33,7.71,6.37,6.35,7.73,5.96,5.43,16.51,17.76,17.70,16.20,17.35,15.32,15.74],
  [9.07,9.37,1.22,11.94,21.69,11.89,13.53,13.51,11.90,10.98,10.98,12.21,11.81,11.95,99.00,3.01,3.29,4.07,5.38,1.84,3.03,0.59,2.56,4.43,3.90,3.18,1.28,6.57,3.47,2.41,1.83,11.09,16.77,20.70,20.88,17.33,15.29,18.41,15.02,19.60,25.46,23.63,20.58,25.57,15.96,13.43,11.89,11.71,15.58,11.16,15.67,12.93,16.31,14.32,15.56,12.70,12.39,15.63,15.36,14.29,12.25,12.74,13.06,12.78,11.68,12.50,11.90,10.64,13.47,11.07,10.09,10.04,12.61,13.47,13.57,11.61,10.27,11.76,10.24,11.82,13.31,12.69,13.22,11.85,12.57,12.74,13.23,10.55,13.67,10.33,10.68,11.68,5.82,7.17,6.12,6.66,8.39,7.24,7.17,7.43,8.12,8.43,3.69,2.91,7.73,8.59,3.66,4.93,6.12,6.59,6.12,7.04,1.96,4.29,6.99,7.44,5.70,6.02,8.11,10.30,8.83,8.94,10.31,7.60,9.01,9.37],
  [9.24,6.43,3.53,11.29,19.75,13.89,11.10,11.06,9.23,9.52,9.52,9.79,9.80,9.82,3.01,99.00,0.32,3.85,3.79,2.64,3.49,3.04,0.90,3.73,2.55,2.03,1.92,4.75,3.11,2.86,2.05,9.82,15.14,18.74,19.04,15.36,13.39,16.26,12.96,18.30,24.19,22.59,19.41,24.19,15.78,11.98,10.38,10.81,14.59,10.29,14.29,11.81,15.12,12.76,14.45,10.85,10.52,15.59,14.13,13.41,11.50,11.68,11.23,11.84,10.29,11.04,11.51,10.59,13.33,11.07,10.23,10.49,12.45,13.30,13.42,11.78,10.50,11.75,10.23,11.71,13.05,12.67,13.07,11.83,12.29,12.47,12.97,9.96,13.48,9.54,9.70,11.75,8.02,8.97,7.91,8.97,9.66,9.13,8.46,8.71,9.52,9.83,3.46,3.55,4.74,5.73,1.59,2.14,4.11,3.58,3.12,4.08,3.01,3.14,4.14,4.55,2.74,4.38,5.31,8.97,8.67,8.69,8.86,7.88,7.60,8.02],
  [9.16,6.12,3.84,11.41,19.71,13.99,10.99,10.94,9.07,9.56,9.56,9.68,9.76,9.76,3.29,0.32,99.00,3.81,3.59,2.79,3.54,3.29,1.01,3.64,2.42,1.98,2.23,4.50,3.09,2.95,2.20,9.88,15.14,18.69,19.00,15.31,13.36,16.19,12.90,18.34,24.22,22.65,19.46,24.21,15.95,12.02,10.41,10.91,14.67,10.40,14.33,11.89,15.18,12.77,14.52,10.83,10.50,15.77,14.18,13.51,11.62,11.76,11.21,11.93,10.34,11.07,11.36,10.48,13.21,10.97,10.15,10.43,12.33,13.17,13.29,11.69,10.42,11.64,10.13,11.60,12.91,12.56,12.94,11.71,12.15,12.33,12.84,9.80,13.35,9.37,9.51,11.65,8.17,9.06,8.02,9.13,9.70,9.24,8.50,8.75,9.58,9.88,3.70,3.84,4.48,5.53,1.71,2.02,4.12,3.30,2.86,3.85,3.33,3.30,3.96,4.34,2.53,4.45,5.13,8.74,8.56,8.57,8.62,7.82,7.38,7.80],
  [5.42,7.73,5.27,15.06,23.44,10.64,14.54,14.47,12.42,13.36,13.36,13.26,13.53,13.49,4.07,3.85,3.81,99.00,2.14,2.23,1.11,3.53,3.01,0.66,1.61,1.83,4.22,3.22,0.75,1.66,2.47,13.67,18.95,22.42,22.77,19.05,17.13,19.86,16.63,22.15,28.03,26.43,23.26,28.02,19.44,15.83,14.22,14.63,18.43,14.10,18.14,15.66,18.97,16.58,18.30,14.62,14.29,19.19,17.98,17.23,15.30,15.52,15.00,15.67,14.14,14.88,7.95,6.85,9.66,7.32,6.43,6.64,8.78,9.64,9.75,7.99,6.68,8.01,6.48,8.01,9.43,8.94,9.40,8.09,8.68,8.85,9.35,6.53,9.83,6.27,6.62,7.99,5.44,5.77,4.84,6.40,6.03,6.03,4.89,5.12,5.97,6.26,6.88,6.52,7.28,8.75,5.43,5.71,7.93,6.01,5.88,6.96,5.63,6.88,7.34,7.57,5.86,8.23,8.48,6.30,4.96,5.03,6.35,4.03,5.07,5.39],
  [6.09,5.71,6.45,14.92,22.35,12.46,13.24,13.15,10.98,12.80,12.80,12.02,12.59,12.47,5.38,3.79,3.59,2.14,99.00,3.67,3.03,4.97,3.30,1.48,1.49,2.23,5.03,1.20,2.17,3.21,3.55,13.20,18.13,21.32,21.75,17.99,16.17,18.65,15.55,21.51,27.35,25.92,22.68,27.27,19.51,15.20,13.59,14.36,18.03,13.87,17.50,15.24,18.44,15.86,17.83,13.76,13.43,19.35,17.43,16.92,15.10,15.13,14.14,15.35,13.60,14.27,7.88,7.19,9.80,7.68,6.99,7.49,8.92,9.74,9.87,8.48,7.30,8.32,6.88,8.23,9.45,9.21,9.52,8.39,8.69,8.88,9.38,6.28,9.91,5.80,5.92,8.38,7.55,7.72,6.86,8.50,7.63,8.01,6.61,6.82,7.67,7.94,7.24,7.18,5.70,7.32,5.28,4.96,7.38,4.51,4.57,5.58,6.44,6.89,6.11,6.23,4.76,7.87,7.17,5.19,5.30,5.25,5.11,4.99,3.83,4.24],
  [7.41,8.33,3.03,13.21,22.30,11.27,13.74,13.70,11.86,11.85,11.85,12.42,12.35,12.40,1.84,2.64,2.79,2.23,3.67,99.00,1.26,1.34,1.79,2.60,2.25,1.64,2.14,4.87,1.64,0.58,0.60,12.07,17.58,21.30,21.56,17.91,15.92,18.86,15.53,20.60,26.49,24.77,21.65,26.54,17.44,14.33,12.74,12.87,16.73,12.33,16.62,14.00,17.36,15.16,16.64,13.35,13.03,17.16,16.38,15.48,13.49,13.84,13.72,13.93,12.60,13.39,10.13,8.94,11.76,9.39,8.44,8.49,10.89,11.75,11.86,9.98,8.65,10.08,8.55,10.12,11.57,11.01,11.51,10.16,10.83,11.00,11.50,8.75,11.95,8.50,8.85,10.02,5.39,6.36,5.30,6.34,7.22,6.51,6.00,6.26,7.03,7.34,4.91,4.39,7.15,8.31,3.97,4.78,6.60,5.89,5.55,6.59,3.47,5.15,6.75,7.11,5.29,6.72,7.92,8.47,7.09,7.18,8.48,5.96,7.19,7.54],
  [6.15,8.33,4.25,14.42,23.24,10.49,14.51,14.45,12.50,12.93,12.93,13.20,13.29,13.30,3.03,3.49,3.54,1.11,3.03,1.26,99.00,2.47,2.58,1.66,1.97,1.74,3.39,4.19,0.88,0.73,1.68,13.18,18.61,22.23,22.52,18.84,16.88,19.73,16.44,21.71,27.59,25.92,22.78,27.62,18.69,15.41,13.81,14.05,17.89,13.51,17.71,15.14,18.49,16.21,17.79,14.34,14.01,18.41,17.50,16.66,14.68,14.99,14.71,15.10,13.69,14.47,8.88,7.67,10.50,8.12,7.18,7.25,9.63,10.49,10.60,8.72,7.39,8.81,7.28,8.85,10.31,9.75,10.25,8.90,9.57,9.74,10.24,7.52,10.69,7.30,7.68,8.76,4.90,5.56,4.54,5.87,6.18,5.77,4.97,5.22,6.04,6.34,6.14,5.66,7.53,8.87,4.98,5.54,7.58,6.25,6.02,7.09,4.73,6.30,7.37,7.67,5.88,7.78,8.54,7.40,5.82,5.93,7.46,4.70,6.18,6.50],
  [8.48,9.26,1.80,12.48,22.10,11.44,13.83,13.80,12.12,11.44,11.44,12.50,12.19,12.31,0.59,3.04,3.29,3.53,4.97,1.34,2.47,99.00,2.43,3.93,3.52,2.83,1.59,6.17,2.98,1.89,1.47,11.58,17.22,21.11,21.30,17.73,15.70,18.78,15.40,20.10,25.96,24.15,21.09,26.06,16.54,13.90,12.35,12.24,16.11,11.68,16.16,13.44,16.82,14.78,16.07,13.11,12.79,16.21,15.86,14.82,12.79,13.25,13.48,13.30,12.15,12.97,11.32,10.05,12.88,10.49,9.50,9.45,12.02,12.88,12.98,11.02,9.68,11.17,9.65,11.24,12.73,12.11,12.64,11.26,11.99,12.16,12.65,9.99,13.08,9.78,10.15,11.10,5.39,6.67,5.61,6.27,7.83,6.75,6.62,6.87,7.58,7.88,4.20,3.47,7.77,8.73,3.92,5.08,6.46,6.58,6.15,7.11,2.52,4.72,7.13,7.56,5.77,6.42,8.27,9.80,8.25,8.37,9.82,7.01,8.53,8.88],
  [8.42,6.83,3.36,12.06,20.66,12.99,11.99,11.94,10.08,10.39,10.39,10.68,10.71,10.72,2.56,0.90,1.01,3.01,3.30,1.79,2.58,2.43,99.00,2.97,1.89,1.24,1.80,4.38,2.26,1.96,1.20,10.67,16.03,19.65,19.94,16.26,14.30,17.17,13.86,19.17,25.06,23.43,20.27,25.07,16.49,12.86,11.26,11.62,15.42,11.10,15.17,12.66,15.98,13.64,15.30,11.75,11.42,16.28,14.99,14.23,12.30,12.51,12.13,12.66,11.16,11.92,10.80,9.82,12.59,10.29,9.43,9.65,11.71,12.56,12.68,10.98,9.68,10.97,9.45,10.96,12.32,11.90,12.32,11.05,11.57,11.74,12.25,9.29,12.75,8.91,9.12,10.97,7.17,8.07,7.02,8.12,8.76,8.24,7.55,7.81,8.62,8.93,4.01,3.87,5.41,6.53,2.43,3.02,5.00,4.18,3.80,4.82,3.16,3.88,4.96,5.33,3.51,5.25,6.13,8.49,7.90,7.94,8.41,7.04,7.13,7.54],
  [5.52,7.11,5.60,15.01,23.11,11.18,14.14,14.06,11.97,13.18,13.18,12.87,13.23,13.17,4.43,3.73,3.64,0.66,1.48,2.60,1.66,3.93,2.97,99.00,1.25,1.73,4.41,2.56,0.96,2.05,2.70,13.51,18.69,22.09,22.46,18.72,16.83,19.49,16.29,21.96,27.83,26.28,23.08,27.80,19.46,15.63,14.02,14.54,18.31,14.02,17.94,15.52,18.81,16.36,18.15,14.35,14.02,19.24,17.81,17.14,15.23,15.39,14.73,15.57,13.97,14.69,7.84,6.86,9.62,7.34,6.51,6.82,8.74,9.59,9.71,8.06,6.78,8.02,6.50,7.99,9.36,8.94,9.36,8.10,8.60,8.78,9.28,6.35,9.78,6.02,6.31,8.02,6.08,6.35,5.45,7.05,6.48,6.62,5.38,5.60,6.45,6.74,6.95,6.68,6.77,8.29,5.32,5.42,7.73,5.52,5.44,6.51,5.83,6.84,6.93,7.13,5.47,8.09,8.06,5.87,4.94,4.97,5.89,4.21,4.60,4.95],
  [6.76,6.36,4.96,13.83,21.87,12.23,12.94,12.87,10.82,11.94,11.94,11.67,11.99,11.93,3.90,2.55,2.42,1.61,1.49,2.25,1.97,3.52,1.89,1.25,99.00,0.74,3.55,2.67,1.12,1.89,2.07,12.28,17.45,20.85,21.22,17.49,15.59,18.27,15.06,20.71,26.59,25.05,21.84,26.55,18.33,14.38,12.77,13.33,17.08,12.82,16.70,14.30,17.57,15.11,16.92,13.11,12.77,18.13,16.57,15.92,14.04,14.17,13.48,14.35,12.73,13.44,8.96,8.06,10.79,8.55,7.74,8.07,9.91,10.75,10.88,9.28,8.02,9.22,7.71,9.18,10.50,10.14,10.52,9.29,9.74,9.92,10.43,7.43,10.94,7.03,7.23,9.23,6.84,7.33,6.37,7.81,7.64,7.58,6.50,6.73,7.58,7.87,5.90,5.75,5.69,7.14,4.12,4.17,6.48,4.42,4.27,5.35,4.98,5.68,5.73,5.97,4.26,6.86,6.88,6.62,6.14,6.15,6.56,5.46,5.27,5.67],
  [7.21,6.74,4.22,13.29,21.64,12.22,12.82,12.75,10.78,11.53,11.53,11.52,11.71,11.69,3.18,2.03,1.98,1.83,2.23,1.64,1.74,2.83,1.24,1.73,0.74,99.00,2.83,3.40,1.12,1.40,1.36,11.84,17.11,20.62,20.95,17.25,15.32,18.09,14.83,20.32,26.20,24.61,21.43,26.19,17.74,13.99,12.39,12.83,16.62,12.31,16.30,13.84,17.14,14.75,16.47,12.80,12.47,17.52,16.15,15.43,13.52,13.70,13.18,13.86,12.31,13.05,9.56,8.58,11.35,9.06,8.21,8.46,10.46,11.32,11.44,9.76,8.47,9.74,8.22,9.72,11.08,10.67,11.08,9.82,10.32,10.50,11.00,8.05,11.50,7.68,7.92,9.74,6.62,7.29,6.28,7.59,7.78,7.50,6.60,6.84,7.68,7.98,5.25,5.04,5.79,7.13,3.61,3.90,6.10,4.51,4.28,5.35,4.25,5.12,5.65,5.94,4.15,6.41,6.81,7.34,6.66,6.70,7.29,5.85,6.00,6.39],
  [9.54,8.34,1.62,11.09,20.51,13.02,12.26,12.24,10.62,9.88,9.88,10.94,10.60,10.72,1.28,1.92,2.23,4.22,5.03,2.14,3.39,1.59,1.80,4.41,3.55,2.83,99.00,6.15,3.51,2.67,1.75,10.05,15.66,19.52,19.72,16.14,14.12,17.19,13.81,18.58,24.45,22.69,19.60,24.54,15.30,12.35,10.79,10.78,14.64,10.23,14.62,11.94,15.32,13.22,14.58,11.53,11.21,15.02,14.35,13.38,11.37,11.77,11.89,11.84,10.61,11.42,12.18,11.04,13.86,11.50,10.57,10.63,12.98,13.85,13.96,12.11,10.78,12.19,10.66,12.21,13.65,13.13,13.61,12.27,12.90,13.07,13.57,10.74,14.04,10.43,10.70,12.15,6.98,8.22,7.15,7.86,9.27,8.31,8.04,8.30,9.04,9.35,2.77,2.29,6.55,7.33,2.38,3.68,4.88,5.45,4.95,5.81,1.43,3.15,5.74,6.20,4.49,4.84,6.84,10.16,9.17,9.25,10.12,8.09,8.82,9.21],
  [6.11,5.12,7.61,15.61,22.46,13.08,13.27,13.17,10.92,13.29,13.29,12.10,12.87,12.70,6.57,4.75,4.50,3.22,1.20,4.87,4.19,6.17,4.38,2.56,2.67,3.40,6.15,99.00,3.36,4.41,4.74,13.75,18.44,21.44,21.92,18.15,16.40,18.72,15.72,21.91,27.72,26.38,23.11,27.59,20.27,15.64,14.05,14.99,18.58,14.51,17.92,15.78,18.91,16.24,18.34,14.08,13.75,20.14,17.91,17.52,15.76,15.70,14.45,15.96,14.09,14.72,7.41,6.97,9.40,7.46,6.90,7.55,8.55,9.33,9.47,8.32,7.25,8.06,6.71,7.91,9.00,8.89,9.12,8.12,8.25,8.44,8.93,5.78,9.49,5.20,5.19,8.16,8.50,8.48,7.70,9.43,8.16,8.80,7.24,7.42,8.25,8.49,8.20,8.23,5.65,7.34,6.12,5.55,7.97,4.62,4.83,5.71,7.54,7.74,6.34,6.36,5.15,8.54,7.29,4.28,5.19,5.08,4.13,5.25,2.92,3.35],
  [6.17,7.46,4.64,14.31,22.76,11.16,13.92,13.86,11.85,12.63,12.63,12.63,12.84,12.81,3.47,3.11,3.09,0.75,2.17,1.64,0.88,2.98,2.26,0.96,1.12,1.12,3.51,3.36,99.00,1.10,1.77,12.93,18.23,21.75,22.08,18.37,16.44,19.20,15.95,21.42,27.30,25.69,22.52,27.30,18.69,15.10,13.49,13.88,17.68,13.35,17.41,14.91,18.23,15.86,17.55,13.92,13.59,18.45,17.24,16.49,14.55,14.77,14.30,14.92,13.41,14.15,8.67,7.60,10.40,8.07,7.18,7.39,9.52,10.37,10.49,8.74,7.43,8.75,7.23,8.76,10.16,9.69,10.14,8.84,9.41,9.58,10.09,7.23,10.57,6.93,7.24,8.74,5.72,6.25,5.26,6.69,6.66,6.48,5.49,5.73,6.57,6.87,6.14,5.80,6.78,8.19,4.69,5.03,7.21,5.50,5.32,6.40,4.93,6.13,6.73,7.00,5.24,7.50,7.89,6.83,5.70,5.76,6.85,4.78,5.55,5.90],
  [6.88,8.14,3.61,13.69,22.60,11.04,13.94,13.89,11.99,12.24,12.24,12.63,12.65,12.67,2.41,2.86,2.95,1.66,3.21,0.58,0.73,1.89,1.96,2.05,1.89,1.40,2.67,4.41,1.10,99.00,0.96,12.48,17.93,21.59,21.87,18.21,16.23,19.12,15.81,21.01,26.89,25.21,22.07,26.93,17.96,14.72,13.12,13.33,17.17,12.79,17.01,14.43,17.78,15.53,17.07,13.68,13.35,17.69,16.80,15.94,13.96,14.27,14.05,14.38,13.00,13.77,9.56,8.39,11.21,8.84,7.90,7.98,10.33,11.20,11.30,9.45,8.11,9.53,8.00,9.56,11.01,10.46,10.96,9.61,10.27,10.44,10.93,8.17,11.39,7.92,8.27,9.48,5.29,6.11,5.07,6.26,6.85,6.29,5.63,5.88,6.68,6.99,5.41,4.94,7.14,8.39,4.30,4.96,6.92,5.86,5.58,6.64,4.02,5.58,6.86,7.19,5.38,7.09,8.03,7.91,6.52,6.61,7.94,5.43,6.64,6.99],
  [7.81,7.88,2.93,12.74,21.72,11.86,13.14,13.10,11.27,11.30,11.30,11.83,11.77,11.81,1.83,2.05,2.20,2.47,3.55,0.60,1.68,1.47,1.20,2.70,2.07,1.36,1.75,4.74,1.77,0.96,99.00,11.53,17.01,20.71,20.98,17.33,15.34,18.27,14.95,20.06,25.95,24.25,21.12,25.99,17.02,13.78,12.19,12.37,16.22,11.83,16.07,13.48,16.83,14.60,16.12,12.78,12.45,16.76,15.85,14.98,13.00,13.32,13.15,13.43,12.05,12.84,10.42,9.29,12.11,9.75,8.83,8.93,11.23,12.09,12.20,10.38,9.05,10.44,8.91,10.46,11.89,11.38,11.85,10.52,11.14,11.32,11.82,8.99,12.29,8.70,9.00,10.40,5.98,6.95,5.89,6.93,7.77,7.11,6.55,6.81,7.60,7.90,4.47,4.05,6.60,7.73,3.39,4.19,6.02,5.35,4.99,6.02,3.16,4.63,6.16,6.54,4.72,6.16,7.33,8.54,7.41,7.49,8.53,6.36,7.23,7.60],
  [19.04,11.43,10.31,2.69,10.98,22.96,5.90,6.04,6.72,0.74,0.74,5.26,3.12,3.71,11.09,9.82,9.88,13.67,13.20,12.07,13.18,11.58,10.67,13.51,12.28,11.84,10.05,13.75,12.93,12.48,11.53,99.00,5.79,10.08,10.05,6.93,4.92,8.39,5.22,8.54,14.42,12.77,9.60,14.49,7.31,2.38,1.18,1.66,4.83,1.57,4.58,2.04,5.31,3.37,4.64,2.81,2.70,7.49,4.32,3.81,2.53,1.96,2.97,2.32,0.69,1.53,21.08,20.33,23.00,20.81,20.02,20.30,22.12,22.94,23.07,21.56,20.30,21.48,19.99,21.41,22.65,22.38,22.72,21.55,21.89,22.08,22.58,19.47,23.12,18.94,18.93,21.51,16.90,18.25,17.19,17.70,19.29,18.33,18.06,18.32,19.08,19.39,7.41,8.33,8.97,7.57,8.24,8.24,5.83,9.42,9.03,8.43,9.20,6.92,7.69,7.92,8.62,5.43,7.22,17.90,18.41,18.40,17.66,17.69,16.60,17.04],
  [24.16,14.95,16.06,6.49,5.29,28.66,6.26,6.44,8.56,5.80,5.80,6.87,5.57,5.81,16.77,15.14,15.14,18.95,18.13,17.58,18.61,17.22,16.03,18.69,17.45,17.11,15.66,18.44,18.23,17.93,17.01,5.79,99.00,4.48,4.29,2.34,2.32,3.93,3.36,3.74,9.30,8.32,5.08,9.15,8.10,3.41,4.88,5.93,3.77,6.41,1.79,4.49,2.62,2.45,3.17,4.37,4.70,8.74,2.59,4.60,6.02,4.77,3.99,5.13,5.15,4.30,25.85,25.31,27.84,25.80,25.10,25.51,26.99,27.77,27.91,26.61,25.41,26.44,25.01,26.33,27.44,27.31,27.56,26.51,26.69,26.88,27.37,24.22,27.93,23.61,23.49,26.51,22.59,23.87,22.80,23.42,24.78,23.97,23.56,23.81,24.61,24.91,13.13,14.09,13.00,11.32,13.63,13.27,11.03,13.85,13.62,12.75,14.92,12.51,12.10,12.13,13.37,10.86,11.23,22.32,23.43,23.38,22.01,22.91,21.11,21.54],
  [27.41,17.27,20.10,10.97,1.03,32.52,8.22,8.35,10.68,9.94,9.94,9.34,8.95,8.93,20.70,18.74,18.69,22.42,21.32,21.30,22.23,21.11,19.65,22.09,20.85,20.62,19.52,21.44,21.75,21.59,20.71,10.08,4.48,99.00,1.04,3.39,5.41,2.86,5.79,5.17,7.91,8.30,6.11,7.29,11.96,7.76,9.03,10.39,7.91,10.86,6.21,8.97,6.64,6.73,7.39,8.00,8.31,12.68,6.96,8.97,10.51,9.25,7.64,9.61,9.40,8.55,28.75,28.41,30.77,28.89,28.29,28.80,29.94,30.68,30.82,29.75,28.62,29.50,28.14,29.34,30.31,30.31,30.49,29.55,29.59,29.78,30.25,27.12,30.82,26.46,26.24,29.60,26.50,27.65,26.59,27.36,28.39,27.79,27.19,27.44,28.26,28.57,17.17,18.17,15.80,14.10,17.33,16.72,14.70,16.85,16.75,15.76,18.94,16.41,15.21,15.11,16.62,14.68,14.17,24.97,26.58,26.50,24.62,26.25,23.88,24.29],
  [27.83,17.89,20.23,10.69,1.11,32.74,8.81,8.96,11.29,9.99,9.99,9.85,9.24,9.29,20.88,19.04,19.00,22.77,21.75,21.56,22.52,21.30,19.94,22.46,21.22,20.95,19.72,21.92,22.08,21.87,20.98,10.05,4.29,1.04,99.00,3.77,5.64,3.65,6.20,4.27,6.94,7.26,5.13,6.37,11.29,7.68,9.06,10.20,7.41,10.69,5.90,8.76,6.13,6.68,6.93,8.20,8.53,12.02,6.59,8.55,10.23,9.03,7.84,9.34,9.39,8.53,29.27,28.88,31.28,29.36,28.73,29.21,30.45,31.20,31.34,30.20,29.05,29.98,28.60,29.83,30.84,30.81,31.00,30.04,30.11,30.30,30.77,27.64,31.35,26.99,26.79,30.07,26.69,27.90,26.83,27.54,28.70,28.02,27.49,27.75,28.56,28.86,17.29,18.27,16.31,14.60,17.59,17.06,14.96,17.31,17.18,16.21,19.08,16.59,15.64,15.57,17.02,14.89,14.63,25.54,27.03,26.96,25.20,26.64,24.42,24.83],
  [24.08,14.17,16.76,8.28,4.40,29.14,5.11,5.27,7.58,6.69,6.69,6.09,5.56,5.56,17.33,15.36,15.31,19.05,17.99,17.91,18.84,17.73,16.26,18.72,17.49,17.25,16.14,18.15,18.37,18.21,17.33,6.93,2.34,3.39,3.77,99.00,2.07,1.66,2.44,5.43,10.19,9.76,6.75,9.81,10.41,4.77,5.81,7.53,6.06,7.93,3.99,6.19,4.95,3.76,5.44,4.64,4.95,11.03,4.79,6.73,7.83,6.47,4.30,6.93,6.24,5.42,25.50,25.11,27.52,25.60,24.97,25.46,26.68,27.43,27.58,26.44,25.29,26.21,24.83,26.06,27.08,27.04,27.24,26.27,26.35,26.53,27.01,23.87,27.58,23.23,23.03,26.30,23.12,24.27,23.20,23.99,25.01,24.40,23.81,24.06,24.88,25.18,13.82,14.84,12.54,10.83,13.95,13.34,11.32,13.54,13.42,12.45,15.59,13.04,11.88,11.80,13.27,11.31,10.86,21.79,23.27,23.19,21.46,22.90,20.66,21.07],
  [22.24,12.71,14.70,6.55,6.39,27.13,3.94,4.12,6.26,4.64,4.64,4.58,3.60,3.71,15.29,13.39,13.36,17.13,16.17,15.92,16.88,15.70,14.30,16.83,15.59,15.32,14.12,16.40,16.44,16.23,15.34,4.92,2.32,5.41,5.64,2.07,99.00,3.48,1.09,6.06,11.49,10.63,7.40,11.25,9.40,2.94,3.78,5.70,5.13,6.04,3.10,4.47,4.34,2.04,4.51,2.59,2.91,9.93,3.78,5.42,6.12,4.74,2.24,5.26,4.24,3.45,23.79,23.33,25.80,23.82,23.15,23.61,24.95,25.72,25.86,24.64,23.47,24.44,23.04,24.31,25.37,25.29,25.51,24.50,24.64,24.82,25.30,22.16,25.87,21.53,21.38,24.52,21.09,22.27,21.20,21.96,23.06,22.40,21.85,22.10,22.92,23.22,11.77,12.77,10.86,9.16,11.95,11.42,9.33,11.79,11.61,10.69,13.54,11.00,10.07,10.05,11.42,9.28,9.13,20.17,21.46,21.40,19.86,21.03,19.00,19.42],
  [24.73,14.44,17.92,9.90,3.85,30.13,5.45,5.56,7.87,8.08,8.08,6.63,6.61,6.48,18.41,16.26,16.19,19.86,18.65,18.86,19.73,18.78,17.17,19.49,18.27,18.09,17.19,18.72,19.20,19.12,18.27,8.39,3.93,2.86,3.65,1.66,3.48,99.00,3.41,6.52,10.54,10.51,7.76,10.01,12.03,6.35,7.24,9.12,7.69,9.49,5.63,7.80,6.54,5.35,7.07,5.89,6.16,12.66,6.44,8.39,9.46,8.08,5.59,8.56,7.71,6.92,25.98,25.69,28.00,26.17,25.59,26.14,27.18,27.91,28.06,27.03,25.93,26.76,25.43,26.60,27.54,27.57,27.72,26.82,26.82,27.01,27.47,24.36,28.05,23.69,23.45,26.87,24.15,25.22,24.16,25.04,25.86,25.38,24.68,24.93,25.76,26.06,15.00,16.03,13.07,11.37,14.93,14.19,12.32,14.15,14.09,13.08,16.74,14.15,12.57,12.43,14.01,12.40,11.49,22.17,23.88,23.79,21.81,23.62,21.10,21.50],
  [21.64,11.84,14.51,7.18,6.81,26.78,2.91,3.09,5.31,4.80,4.80,3.71,3.21,3.14,15.02,12.96,12.90,16.63,15.55,15.53,16.44,15.40,13.86,16.29,15.06,14.83,13.81,15.72,15.95,15.81,14.95,5.22,3.36,5.79,6.20,2.44,1.09,3.41,99.00,7.09,12.38,11.63,8.43,12.08,10.36,3.61,4.04,6.25,6.15,6.51,4.16,5.16,5.41,2.89,5.54,2.53,2.78,10.86,4.80,6.33,6.78,5.41,2.27,5.96,4.56,3.88,23.08,22.68,25.10,23.17,22.53,23.03,24.26,25.01,25.16,24.01,22.86,23.78,22.40,23.63,24.66,24.61,24.81,23.84,23.93,24.11,24.59,21.45,25.16,20.81,20.63,23.87,20.78,21.89,20.83,21.67,22.60,22.04,21.41,21.65,22.48,22.78,11.59,12.62,10.12,8.42,11.58,10.93,8.96,11.11,10.98,10.01,13.34,10.75,9.44,9.37,10.84,9.00,8.43,19.40,20.83,20.76,19.07,20.47,18.26,18.67],
  [27.47,18.64,18.75,8.10,5.32,31.43,9.99,10.17,12.30,8.79,8.79,10.59,9.14,9.45,19.60,18.30,18.34,22.15,21.51,20.60,21.71,20.10,19.17,21.96,20.71,20.32,18.58,21.91,21.42,21.01,20.06,8.54,3.74,5.17,4.27,5.43,6.06,6.52,7.09,99.00,5.89,4.59,1.35,5.98,7.34,6.33,7.94,7.99,4.29,8.55,4.02,6.67,3.30,5.68,4.12,7.90,8.21,8.10,4.23,5.65,7.68,6.88,7.54,6.95,8.02,7.27,29.32,28.69,31.29,29.18,28.43,28.77,30.42,31.22,31.36,29.96,28.72,29.83,28.37,29.74,30.90,30.72,31.01,29.90,30.15,30.34,30.83,27.69,31.39,27.11,27.02,29.88,25.37,26.77,25.71,26.14,27.82,26.83,26.60,26.86,27.62,27.93,15.91,16.77,16.59,14.94,16.74,16.58,14.23,17.36,17.09,16.28,17.67,15.46,15.60,15.67,16.79,13.93,14.80,25.88,26.79,26.76,25.59,26.16,24.65,25.08],
  [33.34,24.20,24.59,13.76,7.22,37.25,15.25,15.41,17.68,14.67,14.67,16.06,14.86,15.11,25.46,24.19,24.22,28.03,27.35,26.49,27.59,25.96,25.06,27.83,26.59,26.20,24.45,27.72,27.30,26.89,25.95,14.42,9.30,7.91,6.94,10.19,11.49,10.54,12.38,5.89,99.00,2.63,4.90,1.03,11.66,12.21,13.81,13.78,9.95,14.34,9.89,12.52,9.14,11.50,9.91,13.64,13.96,12.40,10.11,11.30,13.37,12.72,13.27,12.73,13.90,13.15,35.13,34.54,37.11,35.03,34.30,34.65,36.25,37.04,37.18,35.82,34.59,35.68,34.22,35.57,36.71,36.55,36.83,35.74,35.97,36.15,36.64,33.50,37.20,32.90,32.79,35.73,31.21,32.63,31.57,31.96,33.71,32.69,32.48,32.74,33.50,33.80,21.77,22.61,22.30,20.61,22.63,22.44,20.11,23.13,22.89,22.04,23.52,21.34,21.38,21.42,22.61,19.82,20.52,31.61,32.64,32.61,31.31,32.04,30.41,30.83],
  [31.81,23.22,22.69,11.75,7.89,35.31,14.55,14.72,16.88,13.13,13.13,15.18,13.70,14.03,23.63,22.59,22.65,26.43,25.92,24.77,25.92,24.15,23.43,26.28,25.05,24.61,22.69,26.38,25.69,25.21,24.25,12.77,8.32,8.30,7.26,9.76,10.63,10.51,11.63,4.59,2.63,99.00,3.29,3.47,9.17,10.74,12.33,11.92,8.05,12.47,8.46,10.78,7.48,10.20,8.14,12.45,12.76,9.89,8.49,9.34,11.40,10.94,12.10,10.85,12.33,11.66,33.77,33.08,35.71,33.57,32.79,33.07,34.84,35.65,35.79,34.33,33.06,34.23,32.75,34.15,35.35,35.12,35.44,34.30,34.59,34.78,35.28,32.15,35.83,31.58,31.52,34.26,29.31,30.78,29.74,30.02,31.96,30.82,30.73,30.99,31.72,32.03,19.95,20.74,21.13,19.49,21.01,20.96,18.57,21.86,21.57,20.79,21.67,19.63,20.09,20.19,21.23,18.20,19.34,30.40,31.16,31.15,30.12,30.46,29.15,29.58],
  [28.60,19.93,19.69,8.86,6.08,32.36,11.34,11.52,13.63,9.91,9.91,11.92,10.41,10.74,20.58,19.41,19.46,23.26,22.68,21.65,22.78,21.09,20.27,23.08,21.84,21.43,19.60,23.11,22.52,22.07,21.12,9.60,5.08,6.11,5.13,6.75,7.40,7.76,8.43,1.35,4.90,3.29,99.00,5.18,7.34,7.49,9.09,8.89,5.05,9.45,5.19,7.66,4.29,6.91,5.02,9.16,9.47,8.11,5.28,6.40,8.47,7.84,8.81,7.83,9.12,8.41,30.51,29.85,32.47,30.34,29.58,29.89,31.60,32.41,32.54,31.11,29.86,31.00,29.53,30.91,32.10,31.89,32.19,31.07,31.34,31.53,32.03,28.89,32.58,28.32,28.25,31.04,26.32,27.75,26.69,27.06,28.86,27.80,27.63,27.89,28.64,28.95,16.89,17.72,17.85,16.21,17.83,17.73,15.36,18.59,18.30,17.51,18.64,16.50,16.82,16.91,17.98,15.02,16.05,27.12,27.94,27.92,26.84,27.28,25.88,26.31],
  [33.29,23.93,24.73,14.02,6.52,37.41,14.91,15.07,17.37,14.69,14.69,15.79,14.71,14.92,25.57,24.19,24.21,28.02,27.27,26.54,27.62,26.06,25.07,27.80,26.55,26.19,24.54,27.59,27.30,26.93,25.99,14.49,9.15,7.29,6.37,9.81,11.25,10.01,12.08,5.98,1.03,3.47,5.18,99.00,12.24,12.21,13.81,13.97,10.19,14.52,9.92,12.66,9.28,11.44,10.09,13.51,13.84,12.99,10.21,11.55,13.61,12.86,13.14,12.92,13.94,13.16,35.00,34.46,36.99,34.95,34.23,34.62,36.13,36.91,37.06,35.75,34.54,35.59,34.15,35.47,36.58,36.45,36.71,35.65,35.84,36.02,36.51,33.36,37.07,32.75,32.62,35.65,31.35,32.73,31.67,32.12,33.76,32.81,32.54,32.79,33.56,33.87,21.88,22.75,22.11,20.41,22.65,22.39,20.09,22.99,22.77,21.89,23.65,21.40,21.25,21.26,22.52,19.84,20.35,31.42,32.57,32.52,31.11,32.01,30.24,30.66],
  [24.83,18.64,14.86,4.80,12.40,27.05,12.42,12.60,13.84,8.01,8.01,12.20,10.04,10.61,15.96,15.78,15.95,19.44,19.51,17.44,18.69,16.54,16.49,19.46,18.33,17.74,15.30,20.27,18.69,17.96,17.02,7.31,8.10,11.96,11.29,10.41,9.40,12.03,10.36,7.34,11.66,9.17,7.34,12.24,99.00,7.01,7.80,5.68,4.35,6.01,6.45,5.72,5.50,7.49,4.98,9.11,9.23,0.77,5.68,4.08,4.80,5.60,8.98,5.08,7.38,7.35,27.29,26.29,29.08,26.76,25.85,25.93,28.20,29.05,29.17,27.40,26.07,27.44,25.92,27.44,28.82,28.38,28.82,27.53,28.06,28.24,28.74,25.75,29.24,25.31,25.42,27.42,21.24,22.87,21.87,21.83,24.30,22.84,23.11,23.36,24.00,24.30,12.56,13.08,16.09,14.81,14.24,14.75,12.40,16.34,15.87,15.45,14.03,12.65,14.70,15.01,15.36,11.75,14.42,24.54,24.38,24.43,24.35,23.39,23.19,23.62],
  [21.14,12.74,12.68,3.60,8.64,25.31,5.42,5.60,7.05,2.48,2.48,5.33,3.30,3.80,13.43,11.98,12.02,15.83,15.20,14.33,15.41,13.90,12.86,15.63,14.38,13.99,12.35,15.64,15.10,14.72,13.78,2.38,3.41,7.76,7.68,4.77,2.94,6.35,3.61,6.33,12.21,10.74,7.49,12.21,7.01,99.00,1.61,2.77,3.31,3.16,2.31,1.55,3.30,1.03,2.87,2.17,2.37,7.42,2.31,2.94,3.19,1.80,1.98,2.35,1.76,0.94,23.03,22.37,24.98,22.86,22.11,22.44,24.12,24.92,25.06,23.64,22.40,23.51,22.05,23.43,24.61,24.40,24.71,23.59,23.86,24.05,24.54,21.41,25.09,20.84,20.78,23.56,19.25,20.57,19.50,20.06,21.55,20.66,20.33,20.59,21.36,21.67,9.77,10.70,10.49,8.91,10.43,10.26,7.90,11.14,10.83,10.08,11.56,9.21,9.37,9.50,10.50,7.63,8.69,19.68,20.46,20.44,19.41,19.83,18.42,18.85],
  [19.53,11.32,11.18,3.53,9.96,23.78,4.91,5.06,6.04,0.92,0.92,4.45,2.26,2.85,11.89,10.38,10.41,14.22,13.59,12.74,13.81,12.35,11.26,14.02,12.77,12.39,10.79,14.05,13.49,13.12,12.19,1.18,4.88,9.03,9.06,5.81,3.78,7.24,4.04,7.94,13.81,12.33,9.09,13.81,7.80,1.61,99.00,2.49,4.68,2.59,3.92,2.11,4.87,2.43,4.34,1.67,1.62,8.08,3.86,3.94,3.26,2.20,1.80,2.73,0.56,0.68,21.43,20.76,23.38,21.25,20.50,20.83,22.51,23.32,23.46,22.03,20.78,21.91,20.44,21.82,23.02,22.80,23.10,21.98,22.26,22.45,22.94,19.81,23.49,19.25,19.20,21.95,17.71,19.01,17.94,18.54,19.96,19.10,18.74,19.00,19.78,20.09,8.25,9.22,8.98,7.45,8.83,8.65,6.29,9.58,9.25,8.54,10.04,7.64,7.82,7.97,8.90,6.03,7.19,18.12,18.85,18.83,17.85,18.22,16.84,17.28],
  [20.04,12.98,10.81,1.05,11.21,23.47,7.40,7.55,8.37,2.39,2.39,6.87,4.69,5.29,11.71,10.81,10.91,14.63,14.36,12.87,14.05,12.24,11.62,14.54,13.33,12.83,10.78,14.99,13.88,13.33,12.37,1.66,5.93,10.39,10.20,7.53,5.70,9.12,6.25,7.99,13.78,11.92,8.89,13.97,5.68,2.77,2.49,99.00,3.87,0.56,4.35,1.44,4.69,3.78,3.88,4.12,4.11,5.84,3.83,2.61,0.88,1.17,4.17,1.06,1.95,2.39,22.23,21.39,24.11,21.88,21.04,21.26,23.23,24.07,24.19,22.59,21.30,22.55,21.04,22.50,23.79,23.47,23.84,22.63,23.03,23.22,23.72,20.64,24.25,20.14,20.18,22.56,17.43,18.88,17.83,18.17,20.04,18.92,18.82,19.08,19.81,20.11,8.04,8.84,10.46,9.13,9.22,9.44,7.01,10.81,10.38,9.87,9.76,7.76,9.12,9.39,9.92,6.49,8.75,19.20,19.47,19.48,18.98,18.66,17.88,18.31],
  [23.83,15.99,14.67,3.82,8.51,27.32,8.54,8.72,10.34,5.31,5.31,8.61,6.61,7.11,15.58,14.59,14.67,18.43,18.03,16.73,17.89,16.11,15.42,18.31,17.08,16.62,14.64,18.58,17.68,17.17,16.22,4.83,3.77,7.91,7.41,6.06,5.13,7.69,6.15,4.29,9.95,8.05,5.05,10.19,4.35,3.31,4.68,3.87,99.00,4.42,2.11,2.80,1.28,3.40,0.63,5.46,5.67,4.97,1.36,1.36,3.42,2.91,5.22,2.81,4.52,4.04,25.91,25.14,27.82,25.63,24.82,25.07,26.95,27.77,27.90,26.36,25.09,26.29,24.80,26.23,27.48,27.20,27.55,26.37,26.72,26.91,27.41,24.30,27.95,23.77,23.76,26.32,21.29,22.75,21.70,22.02,23.91,22.79,22.68,22.94,23.67,23.98,11.91,12.71,13.65,12.13,13.00,13.07,10.65,14.21,13.84,13.18,13.63,11.59,12.45,12.63,13.44,10.22,11.86,22.72,23.22,23.22,22.47,22.46,21.42,21.86],
  [19.52,12.63,10.25,1.22,11.69,22.91,7.46,7.60,8.26,2.29,2.29,6.83,4.69,5.28,11.16,10.29,10.40,14.10,13.87,12.33,13.51,11.68,11.10,14.02,12.82,12.31,10.23,14.51,13.35,12.79,11.83,1.57,6.41,10.86,10.69,7.93,6.04,9.49,6.51,8.55,14.34,12.47,9.45,14.52,6.01,3.16,2.59,0.56,4.42,99.00,4.87,1.95,5.24,4.18,4.44,4.27,4.20,6.10,4.37,3.15,1.25,1.70,4.36,1.62,2.04,2.63,21.73,20.88,23.60,21.36,20.52,20.73,22.72,23.56,23.69,22.07,20.78,22.04,20.53,21.99,23.29,22.95,23.33,22.11,22.53,22.72,23.22,20.15,23.74,19.65,19.70,22.04,16.87,18.32,17.27,17.62,19.49,18.37,18.27,18.53,19.26,19.56,7.48,8.28,10.09,8.81,8.70,8.96,6.55,10.40,9.95,9.47,9.21,7.23,8.72,9.01,9.47,6.00,8.41,18.74,18.96,18.97,18.53,18.13,17.41,17.85],
  [23.45,14.85,14.88,4.79,6.95,27.54,6.76,6.95,8.80,4.78,4.78,7.05,5.30,5.70,15.67,14.29,14.33,18.14,17.50,16.62,17.71,16.16,15.17,17.94,16.70,16.30,14.62,17.92,17.41,17.01,16.07,4.58,1.79,6.21,5.90,3.99,3.10,5.63,4.16,4.02,9.89,8.46,5.19,9.92,6.45,2.31,3.92,4.35,2.11,4.87,99.00,2.92,1.28,1.78,1.47,4.06,4.34,7.06,0.81,2.81,4.33,3.18,3.73,3.45,4.02,3.25,25.32,24.68,27.28,25.17,24.42,24.76,26.42,27.22,27.36,25.95,24.71,25.82,24.36,25.73,26.91,26.71,27.01,25.89,26.16,26.34,26.84,23.70,27.39,23.13,23.06,25.87,21.47,22.83,21.76,22.26,23.84,22.90,22.62,22.87,23.64,23.95,11.99,12.89,12.69,11.07,12.74,12.56,10.22,13.40,13.11,12.33,13.77,11.48,11.63,11.73,12.79,9.93,10.89,21.94,22.77,22.75,21.66,22.14,20.69,21.12],
  [21.04,13.35,12.08,2.10,9.78,24.75,6.77,6.94,8.13,2.56,2.56,6.49,4.32,4.89,12.93,11.81,11.89,15.66,15.24,14.00,15.14,13.44,12.66,15.52,14.30,13.84,11.94,15.78,14.91,14.43,13.48,2.04,4.49,8.97,8.76,6.19,4.47,7.80,5.16,6.67,12.52,10.78,7.66,12.66,5.72,1.55,2.11,1.44,2.80,1.95,2.92,99.00,3.38,2.46,2.64,3.43,3.52,6.05,2.45,1.85,1.66,0.28,3.35,0.80,1.80,1.64,23.11,22.35,25.03,22.84,22.03,22.30,24.15,24.97,25.11,23.58,22.30,23.50,22.01,23.44,24.69,24.41,24.75,23.58,23.93,24.11,24.61,21.50,25.15,20.97,20.97,23.53,18.70,20.10,19.05,19.46,21.21,20.17,19.98,20.24,20.99,21.29,9.24,10.10,10.94,9.48,10.23,10.28,7.86,11.44,11.06,10.43,11.00,8.85,9.70,9.90,10.66,7.44,9.17,19.94,20.43,20.42,19.69,19.69,18.64,19.07],
  [24.33,16.01,15.46,4.86,7.23,28.13,8.04,8.22,10.05,5.64,5.64,8.30,6.48,6.91,16.31,15.12,15.18,18.97,18.44,17.36,18.49,16.82,15.98,18.81,17.57,17.14,15.32,18.91,18.23,17.78,16.83,5.31,2.62,6.64,6.13,4.95,4.34,6.54,5.41,3.30,9.14,7.48,4.29,9.28,5.50,3.30,4.87,4.69,1.28,5.24,1.28,3.38,99.00,2.99,0.86,5.25,5.52,6.16,1.01,2.49,4.42,3.58,4.94,3.66,4.85,4.19,26.29,25.60,28.23,26.08,25.31,25.61,27.36,28.18,28.31,26.84,25.59,26.74,25.26,26.67,27.87,27.64,27.96,26.82,27.12,27.30,27.80,24.67,28.35,24.12,24.07,26.78,22.08,23.49,22.43,22.84,24.57,23.55,23.35,23.61,24.36,24.67,12.63,13.48,13.78,12.19,13.55,13.48,11.09,14.44,14.12,13.38,14.38,12.21,12.67,12.80,13.77,10.74,11.98,22.98,23.68,23.66,22.71,22.99,21.71,22.14],
  [21.85,13.08,13.61,4.55,7.62,26.21,5.14,5.32,7.06,3.35,3.35,5.31,3.53,3.92,14.32,12.76,12.77,16.58,15.86,15.16,16.21,14.78,13.64,16.36,15.11,14.75,13.22,16.24,15.86,15.53,14.60,3.37,2.45,6.73,6.68,3.76,2.04,5.35,2.89,5.68,11.50,10.20,6.91,11.44,7.49,1.03,2.43,3.78,3.40,4.18,1.78,2.46,2.99,99.00,2.84,2.28,2.57,7.98,2.13,3.44,4.12,2.73,1.96,3.23,2.71,1.85,23.65,23.04,25.62,23.53,22.80,23.17,24.75,25.55,25.69,24.32,23.10,24.18,22.73,24.08,25.23,25.06,25.34,24.25,24.48,24.67,25.16,22.02,25.71,21.43,21.34,24.23,20.14,21.43,20.37,20.97,22.37,21.53,21.15,21.41,22.19,22.50,10.68,11.64,10.94,9.31,11.23,10.95,8.65,11.68,11.41,10.60,12.47,10.07,9.92,10.00,11.12,8.44,9.14,20.21,21.14,21.11,19.93,20.57,18.97,19.40],
  [23.67,15.61,14.68,4.01,8.03,27.35,7.98,8.16,9.84,5.05,5.05,8.10,6.15,6.63,15.56,14.45,14.52,18.30,17.83,16.64,17.79,16.07,15.30,18.15,16.92,16.47,14.58,18.34,17.55,17.07,16.12,4.64,3.17,7.39,6.93,5.44,4.51,7.07,5.54,4.12,9.91,8.14,5.02,10.09,4.98,2.87,4.34,3.88,0.63,4.44,1.47,2.64,0.86,2.84,99.00,4.97,5.21,5.59,0.74,1.64,3.57,2.82,4.71,2.83,4.24,3.68,25.70,24.96,27.62,25.45,24.66,24.94,26.75,27.57,27.70,26.20,24.93,26.11,24.63,26.04,27.28,27.02,27.35,26.19,26.52,26.70,27.20,24.08,27.74,23.54,23.51,26.15,21.30,22.73,21.67,22.05,23.85,22.78,22.62,22.88,23.62,23.93,11.87,12.70,13.32,11.77,12.87,12.87,10.46,13.92,13.57,12.88,13.62,11.50,12.15,12.31,13.20,10.07,11.52,22.45,23.05,23.04,22.19,22.32,21.16,21.60],
  [19.81,10.80,12.12,5.15,8.98,24.54,3.35,3.51,4.89,2.30,2.30,3.16,1.25,1.66,12.70,10.85,10.83,14.62,13.76,13.35,14.34,13.11,11.75,14.35,13.11,12.80,11.53,14.08,13.92,13.68,12.78,2.81,4.37,8.00,8.20,4.64,2.59,5.89,2.53,7.90,13.64,12.45,9.16,13.51,9.11,2.17,1.67,4.12,5.46,4.27,4.06,3.43,5.25,2.28,4.97,99.00,0.33,9.48,4.32,5.08,4.83,3.60,0.38,4.17,2.23,1.82,21.49,20.95,23.48,21.44,20.74,21.16,22.62,23.40,23.55,22.25,21.05,22.07,20.64,21.96,23.08,22.94,23.20,22.14,22.33,22.52,23.01,19.86,23.57,19.26,19.15,22.14,18.50,19.69,18.63,19.37,20.51,19.82,19.30,19.56,20.36,20.67,9.18,10.20,8.69,7.05,9.39,8.93,6.76,9.49,9.26,8.40,10.95,8.41,7.74,7.78,9.01,6.69,6.90,17.99,19.06,19.01,17.70,18.56,16.77,17.20],
  [19.47,10.51,11.81,5.14,9.30,24.22,3.30,3.46,4.69,2.13,2.13,2.99,0.96,1.43,12.39,10.52,10.50,14.29,13.43,13.03,14.01,12.79,11.42,14.02,12.77,12.47,11.21,13.75,13.59,13.35,12.45,2.70,4.70,8.31,8.53,4.95,2.91,6.16,2.78,8.21,13.96,12.76,9.47,13.84,9.23,2.37,1.62,4.11,5.67,4.20,4.34,3.52,5.52,2.57,5.21,0.33,99.00,9.57,4.58,5.23,4.85,3.68,0.71,4.24,2.17,1.89,21.16,20.62,23.15,21.11,20.41,20.82,22.29,23.08,23.22,21.92,20.71,21.74,20.31,21.63,22.75,22.61,22.87,21.81,22.00,22.19,22.68,19.53,23.24,18.93,18.83,21.81,18.18,19.37,18.30,19.05,20.18,19.49,18.97,19.23,20.03,20.34,8.88,9.90,8.38,6.74,9.06,8.60,6.43,9.17,8.93,8.08,10.64,8.09,7.41,7.46,8.68,6.37,6.59,17.67,18.73,18.68,17.38,18.23,16.45,16.88],
  [24.56,18.71,14.51,4.89,13.14,26.58,12.81,12.98,14.12,8.21,8.21,12.52,10.34,10.92,15.63,15.59,15.77,19.19,19.35,17.16,18.41,16.21,16.28,19.24,18.13,17.52,15.02,20.14,18.45,17.69,16.76,7.49,8.74,12.68,12.02,11.03,9.93,12.66,10.86,8.10,12.40,9.89,8.11,12.99,0.77,7.42,8.08,5.84,4.97,6.10,7.06,6.05,6.16,7.98,5.59,9.48,9.57,99.00,6.26,4.54,4.96,5.90,9.37,5.36,7.64,7.68,27.08,26.04,28.84,26.51,25.59,25.64,27.96,28.82,28.94,27.13,25.80,27.19,25.66,27.20,28.60,28.13,28.58,27.28,27.84,28.02,28.52,25.55,29.01,25.13,25.27,27.16,20.82,22.47,21.48,21.38,23.93,22.43,22.75,23.00,23.62,23.92,12.31,12.78,16.13,14.91,14.07,14.66,12.34,16.32,15.83,15.46,13.72,12.47,14.72,15.05,15.30,11.67,14.49,24.42,24.15,24.20,24.24,23.11,23.06,23.49],
  [23.33,15.04,14.53,4.14,7.66,27.20,7.26,7.45,9.17,4.64,4.64,7.42,5.53,5.99,15.36,14.13,14.18,17.98,17.43,16.38,17.50,15.86,14.99,17.81,16.57,16.15,14.35,17.91,17.24,16.80,15.85,4.32,2.59,6.96,6.59,4.79,3.78,6.44,4.80,4.23,10.11,8.49,5.28,10.21,5.68,2.31,3.86,3.83,1.36,4.37,0.81,2.45,1.01,2.13,0.74,4.32,4.58,6.26,99.00,2.02,3.68,2.68,4.04,2.85,3.84,3.18,25.29,24.59,27.23,25.08,24.30,24.61,26.36,27.17,27.30,25.84,24.59,25.74,24.26,25.66,26.87,26.64,26.95,25.81,26.11,26.30,26.80,23.67,27.34,23.11,23.07,25.78,21.14,22.53,21.47,21.91,23.60,22.60,22.38,22.63,23.39,23.70,11.67,12.54,12.79,11.21,12.55,12.48,10.09,13.44,13.11,12.38,13.44,11.23,11.67,11.81,12.76,9.74,10.99,21.98,22.68,22.66,21.71,22.00,20.71,21.14],
  [22.64,15.19,13.36,2.47,9.64,25.99,8.36,8.53,9.90,4.40,4.40,8.22,6.09,6.64,14.29,13.41,13.51,17.23,16.92,15.48,16.66,14.82,14.23,17.14,15.92,15.43,13.38,17.52,16.49,15.94,14.98,3.81,4.60,8.97,8.55,6.73,5.42,8.39,6.33,5.65,11.30,9.34,6.40,11.55,4.08,2.94,3.94,2.61,1.36,3.15,2.81,1.85,2.49,3.44,1.64,5.08,5.23,4.54,2.02,99.00,2.07,1.86,4.92,1.57,3.65,3.40,24.80,23.99,26.69,24.47,23.64,23.87,25.81,26.65,26.78,25.19,23.90,25.14,23.64,25.09,26.37,26.06,26.42,25.22,25.61,25.79,26.30,23.20,26.83,22.69,22.71,25.16,19.97,21.45,20.40,20.70,22.64,21.49,21.42,21.68,22.40,22.71,10.63,11.40,12.77,11.32,11.82,11.98,9.55,13.24,12.84,12.25,12.34,10.37,11.50,11.72,12.41,9.07,11.01,21.70,22.06,22.07,21.46,21.26,20.39,20.82],
  [20.72,13.85,11.30,0.46,11.28,23.92,8.15,8.31,9.22,3.26,3.26,7.69,5.50,6.09,12.25,11.50,11.62,15.30,15.10,13.49,14.68,12.79,12.30,15.23,14.04,13.52,11.37,15.76,14.55,13.96,13.00,2.53,6.02,10.51,10.23,7.83,6.12,9.46,6.78,7.68,13.37,11.40,8.47,13.61,4.80,3.19,3.26,0.88,3.42,1.25,4.33,1.66,4.42,4.12,3.57,4.83,4.85,4.96,3.68,2.07,99.00,1.39,4.83,0.91,2.75,3.03,22.97,22.10,24.83,22.58,21.72,21.92,23.95,24.79,24.91,23.28,21.98,23.25,21.74,23.22,24.52,24.17,24.56,23.33,23.76,23.95,24.45,21.38,24.97,20.90,20.95,23.26,17.91,19.40,18.35,18.63,20.62,19.43,19.40,19.65,20.37,20.67,8.61,9.35,11.32,10.01,9.92,10.21,7.80,11.65,11.20,10.71,10.29,8.42,9.96,10.25,10.73,7.24,9.62,19.99,20.17,20.19,19.78,19.32,18.66,19.10],
  [20.91,13.35,11.87,1.82,10.05,24.55,6.95,7.12,8.24,2.55,2.55,6.62,4.44,5.02,12.74,11.68,11.76,15.52,15.13,13.84,14.99,13.25,12.51,15.39,14.17,13.70,11.77,15.70,14.77,14.27,13.32,1.96,4.77,9.25,9.03,6.47,4.74,8.08,5.41,6.88,12.72,10.94,7.84,12.86,5.60,1.80,2.20,1.17,2.91,1.70,3.18,0.28,3.58,2.73,2.82,3.60,3.68,5.90,2.68,1.86,1.39,99.00,3.55,0.57,1.82,1.79,23.01,22.23,24.91,22.71,21.90,22.16,24.04,24.86,24.99,23.45,22.17,23.38,21.88,23.32,24.58,24.29,24.64,23.46,23.82,24.01,24.51,21.40,25.04,20.88,20.89,23.40,18.50,19.91,18.86,19.26,21.03,19.97,19.81,20.07,20.81,21.12,9.05,9.90,10.91,9.48,10.09,10.18,7.75,11.39,10.99,10.39,10.81,8.69,9.65,9.87,10.58,7.31,9.15,19.86,20.31,20.31,19.62,19.55,18.56,18.99],
  [20.18,11.14,12.46,5.17,8.63,24.91,3.44,3.62,5.14,2.53,2.53,3.39,1.60,1.97,13.06,11.23,11.21,15.00,14.14,13.72,14.71,13.48,12.13,14.73,13.48,13.18,11.89,14.45,14.30,14.05,13.15,2.97,3.99,7.64,7.84,4.30,2.24,5.59,2.27,7.54,13.27,12.10,8.81,13.14,8.98,1.98,1.80,4.17,5.22,4.36,3.73,3.35,4.94,1.96,4.71,0.38,0.71,9.37,4.04,4.92,4.83,3.55,99.00,4.12,2.34,1.80,21.86,21.32,23.85,21.81,21.12,21.53,22.99,23.78,23.92,22.62,21.42,22.45,21.02,22.33,23.45,23.32,23.57,22.52,22.70,22.89,23.38,20.23,23.94,19.63,19.52,22.52,18.86,20.06,19.00,19.73,20.89,20.18,19.68,19.93,20.74,21.04,9.53,10.54,9.06,7.40,9.76,9.31,7.13,9.86,9.63,8.77,11.30,8.77,8.11,8.15,9.38,7.05,7.27,18.36,19.44,19.39,18.06,18.94,17.14,17.57],
  [21.08,13.75,11.87,1.37,10.39,24.53,7.52,7.68,8.77,2.98,2.98,7.17,4.98,5.57,12.78,11.84,11.93,15.67,15.35,13.93,15.10,13.30,12.66,15.57,14.35,13.86,11.84,15.96,14.92,14.38,13.43,2.32,5.13,9.61,9.34,6.93,5.26,8.56,5.96,6.95,12.73,10.85,7.83,12.92,5.08,2.35,2.73,1.06,2.81,1.62,3.45,0.80,3.66,3.23,2.83,4.17,4.24,5.36,2.85,1.57,0.91,0.57,4.12,99.00,2.31,2.36,23.23,22.42,25.12,22.90,22.07,22.30,24.24,25.07,25.20,23.62,22.34,23.57,22.07,23.52,24.80,24.49,24.85,23.65,24.04,24.22,24.73,21.63,25.25,21.12,21.15,23.59,18.49,19.94,18.89,19.23,21.11,19.99,19.88,20.14,20.87,21.18,9.10,9.90,11.29,9.89,10.25,10.42,7.99,11.71,11.30,10.73,10.83,8.81,9.99,10.23,10.86,7.50,9.54,20.15,20.49,20.50,19.92,19.70,18.83,19.27],
  [19.49,11.55,10.93,3.00,10.31,23.56,5.45,5.60,6.49,0.80,0.80,4.94,2.75,3.34,11.68,10.29,10.34,14.14,13.60,12.60,13.69,12.15,11.16,13.97,12.73,12.31,10.61,14.09,13.41,13.00,12.05,0.69,5.15,9.40,9.39,6.24,4.24,7.71,4.56,8.02,13.90,12.33,9.12,13.94,7.38,1.76,0.56,1.95,4.52,2.04,4.02,1.80,4.85,2.71,4.24,2.23,2.17,7.64,3.84,3.65,2.75,1.82,2.34,2.31,99.00,0.86,21.46,20.75,23.39,21.24,20.46,20.77,22.52,23.34,23.47,22.00,20.74,21.90,20.42,21.82,23.04,22.79,23.12,21.97,22.28,22.47,22.97,19.84,23.51,19.30,19.27,21.93,17.49,18.82,17.75,18.30,19.82,18.90,18.60,18.85,19.62,19.93,8.01,8.95,9.15,7.68,8.73,8.64,6.25,9.69,9.33,8.67,9.80,7.46,7.93,8.12,8.95,5.91,7.38,18.21,18.83,18.82,17.96,18.16,16.92,17.36],
  [20.20,11.95,11.77,3.37,9.46,24.39,5.16,5.33,6.51,1.54,1.54,4.85,2.70,3.26,12.50,11.04,11.07,14.88,14.27,13.39,14.47,12.97,11.92,14.69,13.44,13.05,11.42,14.72,14.15,13.77,12.84,1.53,4.30,8.55,8.53,5.42,3.45,6.92,3.88,7.27,13.15,11.66,8.41,13.16,7.35,0.94,0.68,2.39,4.04,2.63,3.25,1.64,4.19,1.85,3.68,1.82,1.89,7.68,3.18,3.40,3.03,1.79,1.80,2.36,0.86,99.00,22.11,21.44,24.06,21.93,21.17,21.50,23.19,24.00,24.14,22.70,21.46,22.58,21.11,22.50,23.69,23.48,23.78,22.65,22.94,23.13,23.62,20.49,24.17,19.93,19.88,22.63,18.32,19.63,18.56,19.13,20.61,19.72,19.38,19.64,20.42,20.73,8.85,9.79,9.64,8.10,9.49,9.32,6.96,10.26,9.93,9.21,10.64,8.27,8.49,8.64,9.58,6.68,7.84,18.79,19.53,19.51,18.53,18.89,17.52,17.96],
  [3.22,11.71,13.12,22.77,29.77,10.29,20.53,20.41,18.11,20.66,20.66,19.42,20.28,20.09,11.90,11.51,11.36,7.95,7.88,10.13,8.88,11.32,10.80,7.84,8.96,9.56,12.18,7.41,8.67,9.56,10.42,21.08,25.85,28.75,29.27,25.50,23.79,25.98,23.08,29.32,35.13,33.77,30.51,35.00,27.29,23.03,21.43,22.23,25.91,21.73,25.32,23.11,26.29,23.65,25.70,21.49,21.16,27.08,25.29,24.80,22.97,23.01,21.86,23.23,21.46,22.11,99.00,1.69,2.03,1.61,2.48,3.39,1.28,1.93,2.08,2.20,2.63,1.49,2.05,1.11,1.59,1.79,1.75,1.46,0.85,1.03,1.52,1.63,2.08,2.29,2.67,1.80,9.55,8.16,8.30,9.99,6.38,8.51,6.67,6.59,6.82,6.79,14.79,14.47,12.96,14.67,13.07,12.83,15.26,12.01,12.24,13.11,13.58,14.64,13.75,13.75,12.54,15.74,14.67,4.04,3.09,2.96,4.46,4.55,4.89,4.52],
  [1.64,11.70,11.85,21.87,29.43,8.79,20.24,20.14,17.87,19.95,19.95,19.07,19.77,19.62,10.64,10.59,10.48,6.85,7.19,8.94,7.67,10.05,9.82,6.86,8.06,8.58,11.04,6.97,7.60,8.39,9.29,20.33,25.31,28.41,28.88,25.11,23.33,25.69,22.68,28.69,34.54,33.08,29.85,34.46,26.29,22.37,20.76,21.39,25.14,20.88,24.68,22.35,25.60,23.04,24.96,20.95,20.62,26.04,24.59,23.99,22.10,22.23,21.32,22.42,20.75,21.44,1.69,99.00,2.83,0.49,0.79,1.76,1.97,2.83,2.93,1.36,0.99,1.16,0.41,1.19,2.72,2.09,2.59,1.24,2.05,2.18,2.64,1.93,3.03,2.64,3.30,1.19,7.89,6.48,6.64,8.31,4.69,6.83,5.00,4.91,5.13,5.11,13.74,13.33,12.62,14.32,12.18,12.12,14.51,11.57,11.72,12.66,12.40,13.70,13.25,13.31,11.94,14.92,14.25,4.54,1.92,1.94,4.97,3.08,4.96,4.69],
  [4.43,13.73,14.68,24.62,31.79,9.89,22.56,22.44,20.14,22.59,22.59,21.44,22.27,22.09,13.47,13.33,13.21,9.66,9.80,11.76,10.50,12.88,12.59,9.62,10.79,11.35,13.86,9.40,10.40,11.21,12.11,23.00,27.84,30.77,31.28,27.52,25.80,28.00,25.10,31.29,37.11,35.71,32.47,36.99,29.08,24.98,23.38,24.11,27.82,23.60,27.28,25.03,28.23,25.62,27.62,23.48,23.15,28.84,27.23,26.69,24.83,24.91,23.85,25.12,23.39,24.06,2.03,2.83,99.00,2.40,3.43,3.89,0.88,0.17,0.12,2.13,3.35,1.73,3.23,1.65,0.61,0.86,0.28,1.64,1.18,1.00,0.64,3.65,0.29,4.32,4.66,1.89,10.38,8.79,9.15,10.65,6.86,9.11,7.48,7.33,7.33,7.21,16.54,16.14,14.98,16.68,14.91,14.76,17.17,14.01,14.22,15.11,15.23,16.46,15.74,15.75,14.50,17.62,16.67,6.02,4.70,4.65,6.43,5.89,6.92,6.54],
  [2.02,12.16,12.28,22.35,29.92,8.70,20.73,20.62,18.35,20.44,20.44,19.56,20.26,20.11,11.07,11.07,10.97,7.32,7.68,9.39,8.12,10.49,10.29,7.34,8.55,9.06,11.50,7.46,8.07,8.84,9.75,20.81,25.80,28.89,29.36,25.60,23.82,26.17,23.17,29.18,35.03,33.57,30.34,34.95,26.76,22.86,21.25,21.88,25.63,21.36,25.17,22.84,26.08,23.53,25.45,21.44,21.11,26.51,25.08,24.47,22.58,22.71,21.81,22.90,21.24,21.93,1.61,0.49,2.40,99.00,1.05,1.80,1.58,2.42,2.51,0.91,1.08,0.69,0.84,0.81,2.36,1.63,2.18,0.77,1.76,1.87,2.29,2.25,2.63,2.98,3.61,0.71,8.14,6.67,6.90,8.51,4.82,7.01,5.24,5.12,5.27,5.22,14.21,13.78,13.11,14.80,12.66,12.61,14.99,12.06,12.21,13.15,12.85,14.18,13.74,13.80,12.43,15.41,14.74,4.90,2.41,2.43,5.33,3.49,5.39,5.10],
  [1.03,11.79,11.29,21.49,29.31,8.11,20.16,20.06,17.82,19.67,19.67,18.97,19.58,19.45,10.09,10.23,10.15,6.43,6.99,8.44,7.18,9.50,9.43,6.51,7.74,8.21,10.57,6.90,7.18,7.90,8.83,20.02,25.10,28.29,28.73,24.97,23.15,25.59,22.53,28.43,34.30,32.79,29.58,34.23,25.85,22.11,20.50,21.04,24.82,20.52,24.42,22.03,25.31,22.80,24.66,20.74,20.41,25.59,24.30,23.64,21.72,21.90,21.12,22.07,20.46,21.17,2.48,0.79,3.43,1.05,99.00,1.06,2.63,3.46,3.54,1.55,0.37,1.70,0.50,1.86,3.41,2.62,3.22,1.79,2.79,2.91,3.34,2.49,3.67,3.12,3.82,1.59,7.12,5.69,5.87,7.52,3.91,6.04,4.22,4.12,4.34,4.32,13.29,12.83,12.54,14.22,11.82,11.86,14.22,11.44,11.55,12.53,11.90,13.31,13.09,13.18,11.74,14.60,14.12,4.97,1.71,1.84,5.38,2.50,5.19,4.97],
  [1.44,12.55,11.22,21.66,29.83,7.06,20.72,20.63,18.43,19.99,19.99,19.51,20.02,19.92,10.04,10.49,10.43,6.64,7.49,8.49,7.25,9.45,9.65,6.82,8.07,8.46,10.63,7.55,7.39,7.98,8.93,20.30,25.51,28.80,29.21,25.46,23.61,26.14,23.03,28.77,34.65,33.07,29.89,34.62,25.93,22.44,20.83,21.26,25.07,20.73,24.76,22.30,25.61,23.17,24.94,21.16,20.82,25.64,24.61,23.87,21.92,22.16,21.53,22.30,20.77,21.50,3.39,1.76,3.89,1.80,1.06,99.00,3.22,3.96,4.00,1.76,0.77,2.26,1.55,2.54,4.02,3.03,3.73,2.35,3.52,3.60,3.95,3.55,4.16,4.16,4.87,2.02,6.49,4.93,5.27,6.78,3.04,5.26,3.59,3.44,3.50,3.43,13.39,12.86,13.14,14.79,12.07,12.23,14.54,11.99,12.06,13.07,11.91,13.50,13.59,13.71,12.19,14.87,14.65,5.99,2.46,2.66,6.39,2.61,6.10,5.92],
  [3.60,12.96,13.82,23.74,30.97,9.64,21.74,21.62,19.33,21.72,21.72,20.61,21.42,21.24,12.61,12.45,12.33,8.78,8.92,10.89,9.63,12.02,11.71,8.74,9.91,10.46,12.98,8.55,9.52,10.33,11.23,22.12,26.99,29.94,30.45,26.68,24.95,27.18,24.26,30.42,36.25,34.84,31.60,36.13,28.20,24.12,22.51,23.23,26.95,22.72,26.42,24.15,27.36,24.75,26.75,22.62,22.29,27.96,26.36,25.81,23.95,24.04,22.99,24.24,22.52,23.19,1.28,1.97,0.88,1.58,2.63,3.22,99.00,0.86,0.97,1.55,2.60,0.97,2.38,0.79,0.80,0.55,0.62,0.88,0.57,0.50,0.73,2.83,1.06,3.54,3.94,1.21,9.68,8.15,8.44,10.00,6.25,8.48,6.77,6.64,6.71,6.62,15.66,15.27,14.14,15.85,14.03,13.88,16.29,13.16,13.36,14.26,14.36,15.58,14.89,14.90,13.64,16.74,15.83,5.32,3.82,3.77,5.74,5.05,6.13,5.77],
  [4.45,13.62,14.68,24.58,31.70,10.04,22.46,22.34,20.04,22.54,22.54,21.35,22.20,22.01,13.47,13.30,13.17,9.64,9.74,11.75,10.49,12.88,12.56,9.59,10.75,11.32,13.85,9.33,10.37,11.20,12.09,22.94,27.77,30.68,31.20,27.43,25.72,27.91,25.01,31.22,37.04,35.65,32.41,36.91,29.05,24.92,23.32,24.07,27.77,23.56,27.22,24.97,28.18,25.55,27.57,23.40,23.08,28.82,27.17,26.65,24.79,24.86,23.78,25.07,23.34,24.00,1.93,2.83,0.17,2.42,3.46,3.96,0.86,99.00,0.15,2.21,3.40,1.77,3.24,1.64,0.45,0.94,0.24,1.68,1.08,0.90,0.48,3.56,0.20,4.22,4.54,1.95,10.45,8.88,9.22,10.73,6.95,9.19,7.55,7.40,7.41,7.30,16.52,16.13,14.89,16.60,14.87,14.70,17.12,13.93,14.15,15.03,15.22,16.43,15.67,15.67,14.43,17.58,16.59,5.90,4.68,4.62,6.31,5.91,6.82,6.44],
  [4.53,13.77,14.78,24.71,31.85,9.99,22.61,22.49,20.19,22.67,22.67,21.50,22.34,22.16,13.57,13.42,13.29,9.75,9.87,11.86,10.60,12.98,12.68,9.71,10.88,11.44,13.96,9.47,10.49,11.30,12.20,23.07,27.91,30.82,31.34,27.58,25.86,28.06,25.16,31.36,37.18,35.79,32.54,37.06,29.17,25.06,23.46,24.19,27.90,23.69,27.36,25.11,28.31,25.69,27.70,23.55,23.22,28.94,27.30,26.78,24.91,24.99,23.92,25.20,23.47,24.14,2.08,2.93,0.12,2.51,3.54,4.00,0.97,0.15,99.00,2.25,3.46,1.84,3.33,1.75,0.60,0.97,0.36,1.75,1.23,1.05,0.63,3.70,0.19,4.37,4.69,2.00,10.49,8.91,9.27,10.76,6.98,9.22,7.59,7.44,7.44,7.33,16.63,16.24,15.04,16.74,15.00,14.84,17.25,14.08,14.29,15.17,15.33,16.55,15.81,15.81,14.57,17.71,16.74,6.05,4.79,4.74,6.46,6.00,6.97,6.59],
  [2.57,13.06,12.81,23.04,30.77,8.16,21.59,21.48,19.23,21.21,21.21,20.41,21.07,20.94,11.61,11.78,11.69,7.99,8.48,9.98,8.72,11.02,10.98,8.06,9.28,9.76,12.11,8.32,8.74,9.45,10.38,21.56,26.61,29.75,30.20,26.44,24.64,27.03,24.01,29.96,35.82,34.33,31.11,35.75,27.40,23.64,22.03,22.59,26.36,22.07,25.95,23.58,26.84,24.32,26.20,22.25,21.92,27.13,25.84,25.19,23.28,23.45,22.62,23.62,22.00,22.70,2.20,1.36,2.13,0.91,1.55,1.76,1.55,2.21,2.25,99.00,1.34,0.72,1.61,1.10,2.33,1.28,2.00,0.77,1.99,2.01,2.27,3.15,2.41,3.88,4.48,0.41,8.25,6.66,7.03,8.52,4.74,6.98,5.36,5.20,5.20,5.09,14.84,14.37,13.97,15.66,13.37,13.38,15.75,12.90,13.03,13.99,13.44,14.86,14.57,14.64,13.24,16.14,15.58,5.80,3.18,3.25,6.23,4.02,6.31,6.02],
  [1.26,12.15,11.47,21.74,29.64,7.82,20.50,20.40,18.17,19.95,19.95,19.30,19.89,19.77,10.27,10.50,10.42,6.68,7.30,8.65,7.39,9.68,9.68,6.78,8.02,8.47,10.78,7.25,7.43,8.11,9.05,20.30,25.41,28.62,29.05,25.29,23.47,25.93,22.86,28.72,34.59,33.06,29.86,34.54,26.07,22.40,20.78,21.30,25.09,20.78,24.71,22.30,25.59,23.10,24.93,21.05,20.71,25.80,24.59,23.90,21.98,22.17,21.42,22.34,20.74,21.46,2.63,0.99,3.35,1.08,0.37,0.77,2.60,3.40,3.46,1.34,99.00,1.64,0.81,1.87,3.40,2.51,3.16,1.73,2.84,2.94,3.33,2.82,3.60,3.47,4.16,1.47,7.08,5.59,5.84,7.44,3.76,5.93,4.18,4.05,4.20,4.16,13.52,13.04,12.88,14.56,12.09,12.15,14.50,11.78,11.88,12.86,12.10,13.56,13.42,13.51,12.05,14.87,14.45,5.33,2.06,2.20,5.74,2.69,5.56,5.35],
  [2.70,12.68,12.97,23.03,30.52,8.87,21.31,21.20,18.93,21.10,21.10,20.16,20.89,20.73,11.76,11.75,11.64,8.01,8.32,10.08,8.81,11.17,10.97,8.02,9.22,9.74,12.19,8.06,8.75,9.53,10.44,21.48,26.44,29.50,29.98,26.21,24.44,26.76,23.78,29.83,35.68,34.23,31.00,35.59,27.44,23.51,21.91,22.55,26.29,22.04,25.82,23.50,26.74,24.18,26.11,22.07,21.74,27.19,25.74,25.14,23.25,23.38,22.45,23.57,21.90,22.58,1.49,1.16,1.73,0.69,1.70,2.26,0.97,1.77,1.84,0.72,1.64,99.00,1.53,0.38,1.77,0.94,1.53,0.09,1.30,1.36,1.70,2.61,1.97,3.35,3.90,0.31,8.71,7.18,7.48,9.04,5.29,7.51,5.81,5.67,5.75,5.67,14.89,14.47,13.70,15.40,13.33,13.26,15.66,12.67,12.83,13.76,13.54,14.86,14.37,14.41,13.07,16.08,15.35,5.25,3.08,3.08,5.68,4.17,5.87,5.55],
  [1.23,11.52,11.45,21.51,29.16,8.61,19.99,19.88,17.63,19.62,19.62,18.81,19.47,19.33,10.24,10.23,10.13,6.48,6.88,8.55,7.28,9.65,9.45,6.50,7.71,8.22,10.66,6.71,7.23,8.00,8.91,19.99,25.01,28.14,28.60,24.83,23.04,25.43,22.40,28.37,34.22,32.75,29.53,34.15,25.92,22.05,20.44,21.04,24.80,20.53,24.36,22.01,25.26,22.73,24.63,20.64,20.31,25.66,24.26,23.64,21.74,21.88,21.02,22.07,20.42,21.11,2.05,0.41,3.23,0.84,0.50,1.55,2.38,3.24,3.33,1.61,0.81,1.53,99.00,1.59,3.13,2.47,2.99,1.62,2.45,2.59,3.05,2.01,3.44,2.66,3.35,1.52,7.51,6.12,6.26,7.94,4.37,6.47,4.63,4.54,4.80,4.79,13.36,12.94,12.37,14.05,11.82,11.79,14.17,11.29,11.43,12.38,12.01,13.34,12.97,13.03,11.64,14.58,13.97,4.54,1.58,1.64,4.95,2.67,4.84,4.60],
  [2.81,12.45,13.03,23.00,30.36,9.24,21.15,21.03,18.75,21.02,21.02,20.00,20.77,20.60,11.82,11.71,11.60,8.01,8.23,10.12,8.85,11.24,10.96,7.99,9.18,9.72,12.21,7.91,8.76,9.56,10.46,21.41,26.33,29.34,29.83,26.06,24.31,26.60,23.63,29.74,35.57,34.15,30.91,35.47,27.44,23.43,21.82,22.50,26.23,21.99,25.73,23.44,26.67,24.08,26.04,21.96,21.63,27.20,25.66,25.09,23.22,23.32,22.33,23.52,21.82,22.50,1.11,1.19,1.65,0.81,1.86,2.54,0.79,1.64,1.75,1.10,1.87,0.38,1.59,99.00,1.55,0.98,1.40,0.35,0.98,1.07,1.48,2.34,1.85,3.08,3.59,0.69,8.95,7.45,7.71,9.30,5.59,7.79,6.04,5.92,6.04,5.97,14.90,14.50,13.54,15.24,13.30,13.18,15.59,12.53,12.71,13.63,13.58,14.83,14.24,14.27,12.96,16.02,15.20,4.95,3.06,3.02,5.38,4.27,5.63,5.30],
  [4.35,13.23,14.52,24.32,31.34,10.32,22.09,21.97,19.67,22.24,22.24,20.99,21.87,21.67,13.31,13.05,12.91,9.43,9.45,11.57,10.31,12.73,12.32,9.36,10.50,11.08,13.65,9.00,10.16,11.01,11.89,22.65,27.44,30.31,30.84,27.08,25.37,27.54,24.66,30.90,36.71,35.35,32.10,36.58,28.82,24.61,23.02,23.79,27.48,23.29,26.91,24.69,27.87,25.23,27.28,23.08,22.75,28.60,26.87,26.37,24.52,24.58,23.45,24.80,23.04,23.69,1.59,2.72,0.61,2.36,3.41,4.02,0.80,0.45,0.60,2.33,3.40,1.77,3.13,1.55,99.00,1.12,0.45,1.67,0.76,0.58,0.08,3.22,0.52,3.85,4.13,2.00,10.48,8.95,9.24,10.80,7.04,9.27,7.57,7.44,7.50,7.41,16.30,15.94,14.53,16.24,14.62,14.41,16.83,13.59,13.82,14.69,15.03,16.18,15.34,15.33,14.12,17.30,16.25,5.49,4.49,4.40,5.89,5.79,6.44,6.05],
  [3.63,13.40,13.90,23.95,31.34,9.20,22.12,22.01,19.72,22.00,22.00,20.98,21.75,21.58,12.69,12.67,12.56,8.94,9.21,11.01,9.75,12.11,11.90,8.94,10.14,10.67,13.13,8.89,9.69,10.46,11.38,22.38,27.31,30.31,30.81,27.04,25.29,27.57,24.61,30.72,36.55,35.12,31.89,36.45,28.38,24.40,22.80,23.47,27.20,22.95,26.71,24.41,27.64,25.06,27.02,22.94,22.61,28.13,26.64,26.06,24.17,24.29,23.32,24.49,22.79,23.48,1.79,2.09,0.86,1.63,2.62,3.03,0.55,0.94,0.97,1.28,2.51,0.94,2.47,0.98,1.12,99.00,0.73,0.85,1.12,1.04,1.09,3.26,1.13,3.98,4.43,1.04,9.52,7.94,8.30,9.79,6.01,8.25,6.62,6.47,6.47,6.36,15.83,15.40,14.51,16.22,14.25,14.16,16.56,13.51,13.69,14.61,14.48,15.78,15.22,15.25,13.94,16.99,16.18,5.81,4.00,3.99,6.23,5.10,6.57,6.22],
  [4.20,13.45,14.44,24.35,31.51,9.89,22.27,22.16,19.86,22.32,22.32,21.16,21.99,21.81,13.22,13.07,12.94,9.40,9.52,11.51,10.25,12.64,12.32,9.36,10.52,11.08,13.61,9.12,10.14,10.96,11.85,22.72,27.56,30.49,31.00,27.24,25.51,27.72,24.81,31.01,36.83,35.44,32.19,36.71,28.82,24.71,23.10,23.84,27.55,23.33,27.01,24.75,27.96,25.34,27.35,23.20,22.87,28.58,26.95,26.42,24.56,24.64,23.57,24.85,23.12,23.78,1.75,2.59,0.28,2.18,3.22,3.73,0.62,0.24,0.36,2.00,3.16,1.53,2.99,1.40,0.45,0.73,99.00,1.43,0.91,0.73,0.44,3.37,0.45,4.04,4.38,1.71,10.22,8.65,8.99,10.51,6.73,8.97,7.31,7.17,7.20,7.09,16.28,15.89,14.69,16.40,14.64,14.48,16.90,13.73,13.94,14.83,14.98,16.19,15.46,15.47,14.22,17.35,16.39,5.75,4.44,4.39,6.16,5.66,6.64,6.26],
  [2.79,12.72,13.05,23.11,30.58,8.93,21.37,21.26,18.98,21.17,21.17,20.22,20.95,20.80,11.85,11.83,11.71,8.09,8.39,10.16,8.90,11.26,11.05,8.10,9.29,9.82,12.27,8.12,8.84,9.61,10.52,21.55,26.51,29.55,30.04,26.27,24.50,26.82,23.84,29.90,35.74,34.30,31.07,35.65,27.53,23.59,21.98,22.63,26.37,22.11,25.89,23.58,26.82,24.25,26.19,22.14,21.81,27.28,25.81,25.22,23.33,23.46,22.52,23.65,21.97,22.65,1.46,1.24,1.64,0.77,1.79,2.35,0.88,1.68,1.75,0.77,1.73,0.09,1.62,0.35,1.67,0.85,1.43,99.00,1.23,1.28,1.61,2.63,1.88,3.38,3.91,0.37,8.80,7.27,7.57,9.13,5.38,7.60,5.90,5.76,5.84,5.76,14.97,14.55,13.76,15.46,13.41,13.33,15.73,12.73,12.90,13.83,13.63,14.94,14.43,14.47,13.14,16.15,15.41,5.27,3.16,3.15,5.69,4.26,5.90,5.58],
  [3.68,12.55,13.79,23.56,30.62,10.13,21.38,21.26,18.96,21.48,21.48,20.27,21.12,20.94,12.57,12.29,12.15,8.68,8.69,10.83,9.57,11.99,11.57,8.60,9.74,10.32,12.90,8.25,9.41,10.27,11.14,21.89,26.69,29.59,30.11,26.35,24.64,26.82,23.93,30.15,35.97,34.59,31.34,35.84,28.06,23.86,22.26,23.03,26.72,22.53,26.16,23.93,27.12,24.48,26.52,22.33,22.00,27.84,26.11,25.61,23.76,23.82,22.70,24.04,22.28,22.94,0.85,2.05,1.18,1.76,2.79,3.52,0.57,1.08,1.23,1.99,2.84,1.30,2.45,0.98,0.76,1.12,0.91,1.23,99.00,0.19,0.69,2.48,1.24,3.14,3.48,1.60,9.90,8.43,8.66,10.27,6.56,8.76,7.00,6.89,7.02,6.95,15.54,15.19,13.81,15.52,13.86,13.65,16.07,12.85,13.08,13.95,14.29,15.42,14.59,14.59,13.37,16.54,15.51,4.85,3.75,3.65,5.26,5.10,5.74,5.36],
  [3.82,12.73,13.95,23.74,30.80,10.13,21.56,21.45,19.14,21.67,21.67,20.45,21.31,21.12,12.74,12.47,12.33,8.85,8.88,11.00,9.74,12.16,11.74,8.78,9.92,10.50,13.07,8.44,9.58,10.44,11.32,22.08,26.88,29.78,30.30,26.53,24.82,27.01,24.11,30.34,36.15,34.78,31.53,36.02,28.24,24.05,22.45,23.22,26.91,22.72,26.34,24.11,27.30,24.67,26.70,22.52,22.19,28.02,26.30,25.79,23.95,24.01,22.89,24.22,22.47,23.13,1.03,2.18,1.00,1.87,2.91,3.60,0.50,0.90,1.05,2.01,2.94,1.36,2.59,1.07,0.58,1.04,0.73,1.28,0.19,99.00,0.50,2.66,1.05,3.32,3.65,1.64,10.01,8.52,8.77,10.37,6.64,8.85,7.11,6.99,7.10,7.03,15.72,15.36,13.99,15.70,14.04,13.84,16.26,13.04,13.26,14.14,14.46,15.60,14.78,14.78,13.55,16.73,15.70,5.02,3.92,3.83,5.43,5.25,5.92,5.54],
  [4.28,13.17,14.45,24.25,31.27,10.28,22.03,21.91,19.60,22.16,22.16,20.92,21.80,21.61,13.23,12.97,12.84,9.35,9.38,11.50,10.24,12.65,12.25,9.28,10.43,11.00,13.57,8.93,10.09,10.93,11.82,22.58,27.37,30.25,30.77,27.01,25.30,27.47,24.59,30.83,36.64,35.28,32.03,36.51,28.74,24.54,22.94,23.72,27.41,23.22,26.84,24.61,27.80,25.16,27.20,23.01,22.68,28.52,26.80,26.30,24.45,24.51,23.38,24.73,22.97,23.62,1.52,2.64,0.64,2.29,3.34,3.95,0.73,0.48,0.63,2.27,3.33,1.70,3.05,1.48,0.08,1.09,0.44,1.61,0.69,0.50,99.00,3.15,0.58,3.79,4.08,1.94,10.41,8.88,9.17,10.74,6.98,9.21,7.50,7.37,7.44,7.35,16.22,15.86,14.47,16.18,14.54,14.34,16.76,13.53,13.75,14.62,14.96,16.11,15.27,15.26,14.05,17.23,16.18,5.43,4.41,4.33,5.84,5.72,6.37,5.99],
  [2.70,10.14,11.77,21.20,28.15,10.60,18.91,18.79,16.50,19.04,19.04,17.79,18.65,18.46,10.55,9.96,9.80,6.53,6.28,8.75,7.52,9.99,9.29,6.35,7.43,8.05,10.74,5.78,7.23,8.17,8.99,19.47,24.22,27.12,27.64,23.87,22.16,24.36,21.45,27.69,33.50,32.15,28.89,33.36,25.75,21.41,19.81,20.64,24.30,20.15,23.70,21.50,24.67,22.02,24.08,19.86,19.53,25.55,23.67,23.20,21.38,21.40,20.23,21.63,19.84,20.49,1.63,1.93,3.65,2.25,2.49,3.55,2.83,3.56,3.70,3.15,2.82,2.61,2.01,2.34,3.22,3.26,3.37,2.63,2.48,2.66,3.15,99.00,3.71,0.74,1.36,2.83,8.88,7.72,7.64,9.45,6.15,8.08,6.14,6.12,6.54,6.58,13.30,13.02,11.33,13.04,11.51,11.23,13.65,10.38,10.61,11.48,12.15,13.10,12.12,12.11,10.91,14.15,13.03,2.65,2.05,1.82,3.08,3.64,3.31,2.96],
  [4.65,13.75,14.88,24.77,31.85,10.18,22.61,22.49,20.18,22.71,22.71,21.50,22.36,22.17,13.67,13.48,13.35,9.83,9.91,11.95,10.69,13.08,12.75,9.78,10.94,11.50,14.04,9.49,10.57,11.39,12.29,23.12,27.93,30.82,31.35,27.58,25.87,28.05,25.16,31.39,37.20,35.83,32.58,37.07,29.24,25.09,23.49,24.25,27.95,23.74,27.39,25.15,28.35,25.71,27.74,23.57,23.24,29.01,27.34,26.83,24.97,25.04,23.94,25.25,23.51,24.17,2.08,3.03,0.29,2.63,3.67,4.16,1.06,0.20,0.19,2.41,3.60,1.97,3.44,1.85,0.52,1.13,0.45,1.88,1.24,1.05,0.58,3.71,99.00,4.36,4.66,2.15,10.65,9.07,9.42,10.93,7.14,9.39,7.75,7.60,7.61,7.49,16.71,16.33,15.04,16.75,15.06,14.88,17.29,14.09,14.31,15.19,15.42,16.61,15.83,15.82,14.60,17.76,16.75,6.01,4.87,4.81,6.41,6.11,6.95,6.57],
  [3.14,9.42,11.53,20.72,27.49,11.17,18.24,18.13,15.82,18.49,18.49,17.14,18.04,17.84,10.33,9.54,9.37,6.27,5.80,8.50,7.30,9.78,8.91,6.02,7.03,7.68,10.43,5.20,6.93,7.92,8.70,18.94,23.61,26.46,26.99,23.23,21.53,23.69,20.81,27.11,32.90,31.58,28.32,32.75,25.31,20.84,19.25,20.14,23.77,19.65,23.13,20.97,24.12,21.43,23.54,19.26,18.93,25.13,23.11,22.69,20.90,20.88,19.63,21.12,19.30,19.93,2.29,2.64,4.32,2.98,3.12,4.16,3.54,4.22,4.37,3.88,3.47,3.35,2.66,3.08,3.85,3.98,4.04,3.38,3.14,3.32,3.79,0.74,4.36,99.00,0.72,3.57,9.08,8.04,7.87,9.72,6.59,8.41,6.45,6.46,6.95,7.02,12.92,12.70,10.69,12.40,11.07,10.71,13.14,9.77,10.02,10.86,11.85,12.67,11.52,11.49,10.35,13.66,12.41,1.92,2.30,2.03,2.34,3.83,2.60,2.24],
  [3.86,9.10,11.88,20.79,27.26,11.89,18.02,17.89,15.57,18.47,18.47,16.94,17.92,17.70,10.68,9.70,9.51,6.62,5.92,8.85,7.68,10.15,9.12,6.31,7.23,7.92,10.70,5.19,7.24,8.27,9.00,18.93,23.49,26.24,26.79,23.03,21.38,23.45,20.63,27.02,32.79,31.52,28.25,32.62,25.42,20.78,19.20,20.18,23.76,19.70,23.06,20.97,24.07,21.34,23.51,19.15,18.83,25.27,23.07,22.71,20.95,20.89,19.52,21.15,19.27,19.88,2.67,3.30,4.66,3.61,3.82,4.87,3.94,4.54,4.69,4.48,4.16,3.90,3.35,3.59,4.13,4.43,4.38,3.91,3.48,3.65,4.08,1.36,4.66,0.72,99.00,4.15,9.73,8.73,8.53,10.38,7.30,9.10,7.14,7.15,7.66,7.74,13.12,12.96,10.52,12.22,11.20,10.74,13.16,9.66,9.95,10.75,12.13,12.81,11.43,11.37,10.32,13.72,12.27,1.37,3.00,2.72,1.80,4.50,2.38,1.96],
  [2.62,12.84,12.89,23.03,30.62,8.56,21.43,21.32,19.05,21.14,21.14,20.26,20.96,20.82,11.68,11.75,11.65,7.99,8.38,10.02,8.76,11.10,10.97,8.02,9.23,9.74,12.15,8.16,8.74,9.48,10.40,21.51,26.51,29.60,30.07,26.30,24.52,26.87,23.87,29.88,35.73,34.26,31.04,35.65,27.42,23.56,21.95,22.56,26.32,22.04,25.87,23.53,26.78,24.23,26.15,22.14,21.81,27.16,25.78,25.16,23.26,23.40,22.52,23.59,21.93,22.63,1.80,1.19,1.89,0.71,1.59,2.02,1.21,1.95,2.00,0.41,1.47,0.31,1.52,0.69,2.00,1.04,1.71,0.37,1.60,1.64,1.94,2.83,2.15,3.57,4.15,99.00,8.50,6.95,7.27,8.80,5.04,7.27,5.60,5.46,5.51,5.41,14.86,14.42,13.81,15.50,13.34,13.31,15.69,12.76,12.91,13.86,13.49,14.85,14.45,14.50,13.13,16.10,15.44,5.48,3.10,3.13,5.91,4.09,6.05,5.74],
  [6.34,13.15,6.62,17.56,27.49,6.07,19.10,19.07,17.24,16.79,16.79,17.78,17.58,17.67,5.82,8.02,8.17,5.44,7.55,5.39,4.90,5.39,7.17,6.08,6.84,6.62,6.98,8.50,5.72,5.29,5.98,16.90,22.59,26.50,26.69,23.12,21.09,24.15,20.78,25.37,31.21,29.31,26.32,31.35,21.24,19.25,17.71,17.43,21.29,16.87,21.47,18.70,22.08,20.14,21.30,18.50,18.18,20.82,21.14,19.97,17.91,18.50,18.86,18.49,17.49,18.32,9.55,7.89,10.38,8.14,7.12,6.49,9.68,10.45,10.49,8.25,7.08,8.71,7.51,8.95,10.48,9.52,10.22,8.80,9.90,10.01,10.41,8.88,10.65,9.08,9.73,8.50,99.00,1.78,1.25,0.98,3.67,1.64,2.91,3.05,3.23,3.46,9.48,8.60,12.41,13.67,9.23,10.17,11.83,11.13,10.86,11.92,7.70,10.10,12.12,12.47,10.66,11.81,13.30,10.13,6.83,7.08,10.36,5.26,9.33,9.47],
  [5.05,13.43,8.11,19.07,28.66,4.93,20.05,20.00,18.06,18.10,18.10,18.75,18.71,18.76,7.17,8.97,9.06,5.77,7.72,6.36,5.56,6.67,8.07,6.35,7.33,7.29,8.22,8.48,6.25,6.11,6.95,18.25,23.87,27.65,27.90,24.27,22.27,25.22,21.89,26.77,32.63,30.78,27.75,32.73,22.87,20.57,19.01,18.88,22.75,18.32,22.83,20.10,23.49,21.43,22.73,19.69,19.37,22.47,22.53,21.45,19.40,19.91,20.06,19.94,18.82,19.63,8.16,6.48,8.79,6.67,5.69,4.93,8.15,8.88,8.91,6.66,5.59,7.18,6.12,7.45,8.95,7.94,8.65,7.27,8.43,8.52,8.88,7.72,9.07,8.04,8.73,6.95,1.78,99.00,1.07,1.85,1.95,0.37,1.58,1.60,1.50,1.69,10.86,10.05,13.02,14.42,10.32,11.08,12.95,11.75,11.56,12.64,9.11,11.37,12.93,13.23,11.44,13.02,14.10,9.33,5.74,6.01,9.63,4.26,8.74,8.80],
  [5.09,12.55,7.08,18.03,27.59,5.97,19.01,18.96,17.04,17.03,17.03,17.70,17.64,17.70,6.12,7.91,8.02,4.84,6.86,5.30,4.54,5.61,7.02,5.45,6.37,6.28,7.15,7.70,5.26,5.07,5.89,17.19,22.80,26.59,26.83,23.20,21.20,24.16,20.83,25.71,31.57,29.74,26.69,31.67,21.87,19.50,17.94,17.83,21.70,17.27,21.76,19.05,22.43,20.37,21.67,18.63,18.30,21.48,21.47,20.40,18.35,18.86,19.00,18.89,17.75,18.56,8.30,6.64,9.15,6.90,5.87,5.27,8.44,9.22,9.27,7.03,5.84,7.48,6.26,7.71,9.24,8.30,8.99,7.57,8.66,8.77,9.17,7.64,9.42,7.87,8.53,7.27,1.25,1.07,99.00,1.89,2.58,1.23,1.68,1.84,2.19,2.47,9.80,9.00,12.04,13.41,9.26,10.03,11.88,10.76,10.56,11.63,8.06,10.30,11.90,12.21,10.42,11.95,13.08,8.98,5.60,5.86,9.24,4.04,8.26,8.37],
  [6.83,14.13,7.39,18.27,28.35,5.30,20.03,20.00,18.20,17.62,17.62,18.71,18.46,18.57,6.66,8.97,9.13,6.40,8.50,6.34,5.87,6.27,8.12,7.05,7.81,7.59,7.86,9.43,6.69,6.26,6.93,17.70,23.42,27.36,27.54,23.99,21.96,25.04,21.67,26.14,31.96,30.02,27.06,32.12,21.83,20.06,18.54,18.17,22.02,17.62,22.26,19.46,22.84,20.97,22.05,19.37,19.05,21.38,21.91,20.70,18.63,19.26,19.73,19.23,18.30,19.13,9.99,8.31,10.65,8.51,7.52,6.78,10.00,10.73,10.76,8.52,7.44,9.04,7.94,9.30,10.80,9.79,10.51,9.13,10.27,10.37,10.74,9.45,10.93,9.72,10.38,8.80,0.98,1.85,1.89,99.00,3.80,1.55,3.33,3.40,3.33,3.49,10.29,9.37,13.38,14.64,10.14,11.11,12.72,12.11,11.83,12.89,8.50,10.96,13.08,13.44,11.62,12.68,14.26,10.87,7.43,7.69,11.13,5.89,10.14,10.25],
  [3.46,13.26,9.45,20.31,29.41,4.97,20.57,20.50,18.44,19.07,19.07,19.29,19.46,19.46,8.39,9.66,9.70,6.03,7.63,7.22,6.18,7.83,8.76,6.48,7.64,7.78,9.27,8.16,6.66,6.85,7.77,19.29,24.78,28.39,28.70,25.01,23.06,25.86,22.60,27.82,33.71,31.96,28.86,33.76,24.30,21.55,19.96,20.04,23.91,19.49,23.84,21.21,24.57,22.37,23.85,20.51,20.18,23.93,23.60,22.64,20.62,21.03,20.89,21.11,19.82,20.61,6.38,4.69,6.86,4.82,3.91,3.04,6.25,6.95,6.98,4.74,3.76,5.29,4.37,5.59,7.04,6.01,6.73,5.38,6.56,6.64,6.98,6.15,7.14,6.59,7.30,5.04,3.67,1.95,2.58,3.80,99.00,2.25,1.23,0.97,0.46,0.43,12.01,11.30,13.24,14.76,11.15,11.68,13.76,11.99,11.90,12.98,10.34,12.37,13.37,13.60,11.89,13.93,14.51,8.11,4.34,4.61,8.46,3.15,7.77,7.74],
  [5.42,13.72,8.13,19.10,28.79,4.75,20.23,20.18,18.27,18.19,18.19,18.92,18.85,18.91,7.24,9.13,9.24,6.03,8.01,6.51,5.77,6.75,8.24,6.62,7.58,7.50,8.31,8.80,6.48,6.29,7.11,18.33,23.97,27.79,28.02,24.40,22.40,25.38,22.04,26.83,32.69,30.82,27.80,32.81,22.84,20.66,19.10,18.92,22.79,18.37,22.90,20.17,23.55,21.53,22.78,19.82,19.49,22.43,22.60,21.49,19.43,19.97,20.18,19.99,18.90,19.72,8.51,6.83,9.11,7.01,6.04,5.26,8.48,9.19,9.22,6.98,5.93,7.51,6.47,7.79,9.27,8.25,8.97,7.60,8.76,8.85,9.21,8.08,9.39,8.41,9.10,7.27,1.64,0.37,1.23,1.55,2.25,99.00,1.95,1.97,1.78,1.94,10.92,10.09,13.26,14.63,10.46,11.26,13.09,11.98,11.78,12.86,9.17,11.46,13.13,13.44,11.64,13.14,14.30,9.70,6.11,6.38,10.00,4.63,9.10,9.17],
  [3.51,12.30,8.25,19.10,28.21,5.85,19.41,19.34,17.31,17.85,17.85,18.12,18.26,18.26,7.17,8.46,8.50,4.89,6.61,6.00,4.97,6.62,7.55,5.38,6.50,6.60,8.04,7.24,5.49,5.63,6.55,18.06,23.56,27.19,27.49,23.81,21.85,24.68,21.41,26.60,32.48,30.73,27.63,32.54,23.11,20.33,18.74,18.82,22.68,18.27,22.62,19.98,23.35,21.15,22.62,19.30,18.97,22.75,22.38,21.42,19.40,19.81,19.68,19.88,18.60,19.38,6.67,5.00,7.48,5.24,4.22,3.59,6.77,7.55,7.59,5.36,4.18,5.81,4.63,6.04,7.57,6.62,7.31,5.90,7.00,7.11,7.50,6.14,7.75,6.45,7.14,5.60,2.91,1.58,1.68,3.33,1.23,1.95,99.00,0.26,1.08,1.38,10.79,10.08,12.15,13.64,9.93,10.49,12.54,10.89,10.77,11.85,9.13,11.14,12.21,12.46,10.73,12.71,13.37,7.77,4.15,4.42,8.07,2.69,7.23,7.27],
  [3.45,12.49,8.50,19.35,28.46,5.66,19.65,19.58,17.55,18.11,18.11,18.36,18.51,18.51,7.43,8.71,8.75,5.12,6.82,6.26,5.22,6.87,7.81,5.60,6.73,6.84,8.30,7.42,5.73,5.88,6.81,18.32,23.81,27.44,27.75,24.06,22.10,24.93,21.65,26.86,32.74,30.99,27.89,32.79,23.36,20.59,19.00,19.08,22.94,18.53,22.87,20.24,23.61,21.41,22.88,19.56,19.23,23.00,22.63,21.68,19.65,20.07,19.93,20.14,18.85,19.64,6.59,4.91,7.33,5.12,4.12,3.44,6.64,7.40,7.44,5.20,4.05,5.67,4.54,5.92,7.44,6.47,7.17,5.76,6.89,6.99,7.37,6.12,7.60,6.46,7.15,5.46,3.05,1.60,1.84,3.40,0.97,1.97,0.26,99.00,0.86,1.14,11.05,10.34,12.37,13.87,10.19,10.74,12.80,11.11,11.00,12.08,9.39,11.40,12.45,12.70,10.97,12.97,13.60,7.82,4.15,4.43,8.13,2.74,7.32,7.34],
  [3.84,13.33,9.15,20.06,29.28,4.83,20.49,20.43,18.40,18.88,18.88,19.20,19.33,19.34,8.12,9.52,9.58,5.97,7.67,7.03,6.04,7.58,8.62,6.45,7.58,7.68,9.04,8.25,6.57,6.68,7.60,19.08,24.61,28.26,28.56,24.88,22.92,25.76,22.48,27.62,33.50,31.72,28.64,33.56,24.00,21.36,19.78,19.81,23.67,19.26,23.64,20.99,24.36,22.19,23.62,20.36,20.03,23.62,23.39,22.40,20.37,20.81,20.74,20.87,19.62,20.42,6.82,5.13,7.33,5.27,4.34,3.50,6.71,7.41,7.44,5.20,4.20,5.75,4.80,6.04,7.50,6.47,7.20,5.84,7.02,7.10,7.44,6.54,7.61,6.95,7.66,5.51,3.23,1.50,2.19,3.33,0.46,1.78,1.08,0.86,99.00,0.31,11.77,11.03,13.23,14.72,10.98,11.57,13.60,11.97,11.86,12.93,10.08,12.16,13.30,13.55,11.81,13.75,14.45,8.43,4.68,4.95,8.76,3.40,8.02,8.01],
  [3.89,13.59,9.46,20.36,29.58,4.60,20.79,20.72,18.69,19.19,19.19,19.50,19.63,19.64,8.43,9.83,9.88,6.26,7.94,7.34,6.34,7.88,8.93,6.74,7.87,7.98,9.35,8.49,6.87,6.99,7.90,19.39,24.91,28.57,28.86,25.18,23.22,26.06,22.78,27.93,33.80,32.03,28.95,33.87,24.30,21.67,20.09,20.11,23.98,19.56,23.95,21.29,24.67,22.50,23.93,20.67,20.34,23.92,23.70,22.71,20.67,21.12,21.04,21.18,19.93,20.73,6.79,5.11,7.21,5.22,4.32,3.43,6.62,7.30,7.33,5.09,4.16,5.67,4.79,5.97,7.41,6.36,7.09,5.76,6.95,7.03,7.35,6.58,7.49,7.02,7.74,5.41,3.46,1.69,2.47,3.49,0.43,1.94,1.38,1.14,0.31,99.00,12.08,11.34,13.51,15.01,11.29,11.87,13.91,12.25,12.14,13.22,10.39,12.47,13.59,13.84,12.11,14.06,14.74,8.54,4.77,5.05,8.88,3.56,8.18,8.16],
  [12.27,8.88,2.94,8.32,18.13,15.55,10.45,10.47,9.24,7.33,7.33,9.16,8.41,8.63,3.69,3.46,3.70,6.88,7.24,4.91,6.14,4.20,4.01,6.95,5.90,5.25,2.77,8.20,6.14,5.41,4.47,7.41,13.13,17.17,17.29,13.82,11.77,15.00,11.59,15.91,21.77,19.95,16.89,21.88,12.56,9.77,8.25,8.04,11.91,7.48,11.99,9.24,12.63,10.68,11.87,9.18,8.88,12.31,11.67,10.63,8.61,9.05,9.53,9.10,8.01,8.85,14.79,13.74,16.54,14.21,13.29,13.39,15.66,16.52,16.63,14.84,13.52,14.89,13.36,14.90,16.30,15.83,16.28,14.97,15.54,15.72,16.22,13.30,16.71,12.92,13.12,14.86,9.48,10.86,9.80,10.29,12.01,10.92,10.79,11.05,11.77,12.08,99.00,1.05,6.50,6.62,2.27,3.62,3.17,5.81,5.21,5.65,1.79,1.16,5.22,5.75,4.60,2.73,6.04,12.43,11.84,11.90,12.32,10.83,11.06,11.48],
  [11.81,9.48,1.98,9.03,19.13,14.66,11.50,11.52,10.26,8.29,8.29,10.21,9.44,9.67,2.91,3.55,3.84,6.52,7.18,4.39,5.66,3.47,3.87,6.68,5.75,5.04,2.29,8.23,5.80,4.94,4.05,8.33,14.09,18.17,18.27,14.84,12.77,16.03,12.62,16.77,22.61,20.74,17.72,22.75,13.08,10.70,9.22,8.84,12.71,8.28,12.89,10.10,13.48,11.64,12.70,10.20,9.90,12.78,12.54,11.40,9.35,9.90,10.54,9.90,8.95,9.79,14.47,13.33,16.14,13.78,12.83,12.86,15.27,16.13,16.24,14.37,13.04,14.47,12.94,14.50,15.94,15.40,15.89,14.55,15.19,15.36,15.86,13.02,16.33,12.70,12.96,14.42,8.60,10.05,9.00,9.37,11.30,10.09,10.08,10.34,11.03,11.34,1.05,99.00,7.24,7.51,2.77,4.26,4.19,6.42,5.83,6.39,0.96,2.14,6.05,6.57,5.24,3.78,6.94,12.36,11.46,11.54,12.29,10.35,11.01,11.41],
  [11.71,2.64,8.06,11.29,16.83,17.92,7.62,7.52,5.29,8.37,8.37,6.46,7.45,7.19,7.73,4.74,4.48,7.28,5.70,7.15,7.53,7.77,5.41,6.77,5.69,5.79,6.55,5.65,6.78,7.14,6.60,8.97,13.00,15.80,16.31,12.54,10.86,13.07,10.12,16.59,22.30,21.13,17.85,22.11,16.09,10.49,8.98,10.46,13.65,10.09,12.69,10.94,13.78,10.94,13.32,8.69,8.38,16.13,12.79,12.77,11.32,10.91,9.06,11.29,9.15,9.64,12.96,12.62,14.98,13.11,12.54,13.14,14.14,14.89,15.04,13.97,12.88,13.70,12.37,13.54,14.53,14.51,14.69,13.76,13.81,13.99,14.47,11.33,15.04,10.69,10.52,13.81,12.41,13.02,12.04,13.38,13.24,13.26,12.15,12.37,13.23,13.51,6.50,7.24,99.00,1.71,4.51,3.00,4.13,1.28,1.62,0.86,7.19,5.42,1.48,1.08,2.07,4.93,1.80,9.32,10.83,10.73,9.01,10.68,8.14,8.56],
  [13.37,3.87,8.69,10.03,15.12,19.34,5.94,5.84,3.68,6.93,6.93,4.76,5.80,5.51,8.59,5.73,5.53,8.75,7.32,8.31,8.87,8.73,6.53,8.29,7.14,7.13,7.33,7.34,8.19,8.39,7.73,7.57,11.32,14.10,14.60,10.83,9.16,11.37,8.42,14.94,20.61,19.49,16.21,20.41,14.81,8.91,7.45,9.13,12.13,8.81,11.07,9.48,12.19,9.31,11.77,7.05,6.74,14.91,11.21,11.32,10.01,9.48,7.40,9.89,7.68,8.10,14.67,14.32,16.68,14.80,14.22,14.79,15.85,16.60,16.74,15.66,14.56,15.40,14.05,15.24,16.24,16.22,16.40,15.46,15.52,15.70,16.18,13.04,16.75,12.40,12.22,15.50,13.67,14.42,13.41,14.64,14.76,14.63,13.64,13.87,14.72,15.01,6.62,7.51,1.71,99.00,5.04,3.66,3.68,2.80,2.87,1.79,7.68,5.46,1.60,1.20,3.02,4.44,0.59,11.01,12.51,12.42,10.70,12.30,9.84,10.26],
  [10.83,6.71,3.65,9.71,18.34,15.21,9.91,9.88,8.24,7.96,7.96,8.59,8.39,8.45,3.66,1.59,1.71,5.43,5.28,3.97,4.98,3.92,2.43,5.32,4.12,3.61,2.38,6.12,4.69,4.30,3.39,8.24,13.63,17.33,17.59,13.95,11.95,14.93,11.58,16.74,22.63,21.01,17.83,22.65,14.24,10.43,8.83,9.22,13.00,8.70,12.74,10.23,13.55,11.23,12.87,9.39,9.06,14.07,12.55,11.82,9.92,10.09,9.76,10.25,8.73,9.49,13.07,12.18,14.91,12.66,11.82,12.07,14.03,14.87,15.00,13.37,12.09,13.33,11.82,13.30,14.62,14.25,14.64,13.41,13.86,14.04,14.54,11.51,15.06,11.07,11.20,13.34,9.23,10.32,9.26,10.14,11.15,10.46,9.93,10.19,10.98,11.29,2.27,2.77,4.51,5.04,99.00,1.51,2.63,3.65,3.06,3.70,2.69,1.62,3.47,3.97,2.48,2.81,4.52,10.39,10.25,10.27,10.25,9.46,9.03,9.46],
  [10.90,5.26,5.10,10.06,17.74,16.01,8.98,8.93,7.09,7.84,7.84,7.67,7.82,7.79,4.93,2.14,2.02,5.71,4.96,4.78,5.54,5.08,3.02,5.42,4.17,3.90,3.68,5.55,5.03,4.96,4.19,8.24,13.27,16.72,17.06,13.34,11.42,14.19,10.93,16.58,22.44,20.96,17.73,22.39,14.75,10.26,8.65,9.44,13.07,8.96,12.56,10.28,13.48,10.95,12.87,8.93,8.60,14.66,12.48,11.98,10.21,10.18,9.31,10.42,8.64,9.32,12.83,12.12,14.76,12.61,11.86,12.23,13.88,14.70,14.84,13.38,12.15,13.26,11.79,13.18,14.41,14.16,14.48,13.33,13.65,13.84,14.34,11.23,14.88,10.71,10.74,13.31,10.17,11.08,10.03,11.11,11.68,11.26,10.49,10.74,11.57,11.87,3.62,4.26,3.00,3.66,1.51,99.00,2.43,2.19,1.59,2.19,4.20,2.67,2.06,2.52,0.98,3.00,3.20,9.79,10.21,10.19,9.60,9.63,8.45,8.89],
  [13.24,6.76,5.79,7.66,15.71,17.83,7.44,7.43,6.07,5.45,5.45,6.12,5.76,5.85,6.12,4.11,4.12,7.93,7.38,6.60,7.58,6.46,5.00,7.73,6.48,6.10,4.88,7.97,7.21,6.92,6.02,5.83,11.03,14.70,14.96,11.32,9.33,12.32,8.96,14.23,20.11,18.57,15.36,20.09,12.40,7.90,6.29,7.01,10.65,6.55,10.22,7.86,11.09,8.65,10.46,6.76,6.43,12.34,10.09,9.55,7.80,7.75,7.13,7.99,6.25,6.96,15.26,14.51,17.17,14.99,14.22,14.54,16.29,17.12,17.25,15.75,14.50,15.66,14.17,15.59,16.83,16.56,16.90,15.73,16.07,16.26,16.76,13.65,17.29,13.14,13.16,15.69,11.83,12.95,11.88,12.72,13.76,13.09,12.54,12.80,13.60,13.91,3.17,4.19,4.13,3.68,2.63,2.43,99.00,4.02,3.50,3.33,4.65,2.05,2.66,3.13,2.97,0.80,3.09,12.19,12.59,12.58,11.98,11.93,10.86,11.30],
  [10.58,3.07,7.01,11.56,17.87,16.65,8.73,8.64,6.48,8.89,8.89,7.52,8.28,8.08,6.59,3.58,3.30,6.01,4.51,5.89,6.25,6.58,4.18,5.52,4.42,4.51,5.45,4.62,5.50,5.86,5.35,9.42,13.85,16.85,17.31,13.54,11.79,14.15,11.11,17.36,23.13,21.86,18.59,22.99,16.34,11.14,9.58,10.81,14.21,10.40,13.40,11.44,14.44,11.68,13.92,9.49,9.17,16.32,13.44,13.24,11.65,11.39,9.86,11.71,9.69,10.26,12.01,11.57,14.01,12.06,11.44,11.99,13.16,13.93,14.08,12.90,11.78,12.67,11.29,12.53,13.59,13.51,13.73,12.73,12.85,13.04,13.53,10.38,14.09,9.77,9.66,12.76,11.13,11.75,10.76,12.11,11.99,11.98,10.89,11.11,11.97,12.25,5.81,6.42,1.28,2.80,3.65,2.19,4.02,99.00,0.60,1.10,6.24,4.83,1.77,1.74,1.22,4.77,2.68,8.54,9.74,9.65,8.27,9.50,7.29,7.72],
  [10.66,3.67,6.49,11.10,17.77,16.48,8.71,8.63,6.54,8.53,8.53,7.46,8.06,7.91,6.12,3.12,2.86,5.88,4.57,5.55,6.02,6.15,3.80,5.44,4.27,4.28,4.95,4.83,5.32,5.58,4.99,9.03,13.62,16.75,17.18,13.42,11.61,14.09,10.98,17.09,22.89,21.57,18.30,22.77,15.87,10.83,9.25,10.38,13.84,9.95,13.11,11.06,14.12,11.41,13.57,9.26,8.93,15.83,13.11,12.84,11.20,10.99,9.63,11.30,9.33,9.93,12.24,11.72,14.22,12.21,11.55,12.06,13.36,14.15,14.29,13.03,11.88,12.83,11.43,12.71,13.82,13.69,13.94,12.90,13.08,13.26,13.75,10.61,14.31,10.02,9.95,12.91,10.86,11.56,10.56,11.83,11.90,11.78,10.77,11.00,11.86,12.14,5.21,5.83,1.62,2.87,3.06,1.59,3.50,0.60,99.00,1.08,5.68,4.23,1.54,1.69,0.62,4.23,2.62,8.88,9.86,9.79,8.63,9.52,7.59,8.03],
  [11.66,3.44,7.29,10.66,16.78,17.56,7.67,7.58,5.47,7.88,7.88,6.44,7.18,6.98,7.04,4.08,3.85,6.96,5.58,6.59,7.09,7.11,4.82,6.51,5.35,5.35,5.81,5.71,6.40,6.64,6.02,8.43,12.75,15.76,16.21,12.45,10.69,13.08,10.01,16.28,22.04,20.79,17.51,21.89,15.45,10.08,8.54,9.87,13.18,9.47,12.33,10.43,13.38,10.60,12.88,8.40,8.08,15.46,12.38,12.25,10.71,10.39,8.77,10.73,8.67,9.21,13.11,12.66,15.11,13.15,12.53,13.07,14.26,15.03,15.17,13.99,12.86,13.76,12.38,13.63,14.69,14.61,14.83,13.83,13.95,14.14,14.62,11.48,15.19,10.86,10.75,13.86,11.92,12.64,11.63,12.89,12.98,12.86,11.85,12.08,12.93,13.22,5.65,6.39,0.86,1.79,3.70,2.19,3.33,1.10,1.08,99.00,6.39,4.56,0.75,0.65,1.34,4.12,1.59,9.61,10.83,10.75,9.33,10.55,8.37,8.80],
  [10.88,9.26,1.17,9.98,19.92,13.77,12.07,12.07,10.67,9.12,9.12,10.76,10.14,10.33,1.96,3.01,3.33,5.63,6.44,3.47,4.73,2.52,3.16,5.83,4.98,4.25,1.43,7.54,4.93,4.02,3.16,9.20,14.92,18.94,19.08,15.59,13.54,16.74,13.34,17.67,23.52,21.67,18.64,23.65,14.03,11.56,10.04,9.76,13.63,9.21,13.77,11.00,14.38,12.47,13.62,10.95,10.64,13.72,13.44,12.34,10.29,10.81,11.30,10.83,9.80,10.64,13.58,12.40,15.23,12.85,11.90,11.91,14.36,15.22,15.33,13.44,12.10,13.54,12.01,13.58,15.03,14.48,14.98,13.63,14.29,14.46,14.96,12.15,15.42,11.85,12.13,13.49,7.70,9.11,8.06,8.50,10.34,9.17,9.13,9.39,10.08,10.39,1.79,0.96,7.19,7.68,2.69,4.20,4.65,6.24,5.68,6.39,99.00,2.63,6.14,6.65,5.13,4.37,7.14,11.59,10.55,10.63,11.54,9.41,10.25,10.64],
  [12.30,7.87,3.80,8.18,17.39,16.16,9.44,9.44,8.12,6.73,6.73,8.13,7.54,7.71,4.29,3.14,3.30,6.88,6.89,5.15,6.30,4.72,3.88,6.84,5.68,5.12,3.15,7.74,6.13,5.58,4.63,6.92,12.51,16.41,16.59,13.04,11.00,14.15,10.75,15.46,21.34,19.63,16.50,21.40,12.65,9.21,7.64,7.76,11.59,7.23,11.48,8.85,12.21,10.07,11.50,8.41,8.09,12.47,11.23,10.37,8.42,8.69,8.77,8.81,7.46,8.27,14.64,13.70,16.46,14.18,13.31,13.50,15.58,16.43,16.55,14.86,13.56,14.86,13.34,14.83,16.18,15.78,16.19,14.94,15.42,15.60,16.11,13.10,16.61,12.67,12.81,14.85,10.10,11.37,10.30,10.96,12.37,11.46,11.14,11.40,12.16,12.47,1.16,2.14,5.42,5.46,1.62,2.67,2.05,4.83,4.23,4.56,2.63,99.00,4.09,4.62,3.61,1.75,4.88,12.01,11.78,11.81,11.86,10.91,10.64,11.07],
  [12.20,4.12,7.12,9.91,16.24,17.86,7.21,7.14,5.14,7.14,7.14,5.94,6.53,6.37,6.99,4.14,3.96,7.34,6.11,6.75,7.37,7.13,4.96,6.93,5.73,5.65,5.74,6.34,6.73,6.86,6.16,7.69,12.10,15.21,15.64,11.88,10.07,12.57,9.44,15.60,21.38,20.09,16.82,21.25,14.70,9.37,7.82,9.12,12.45,8.72,11.63,9.70,12.67,9.92,12.15,7.74,7.41,14.72,11.67,11.50,9.96,9.65,8.11,9.99,7.93,8.49,13.75,13.25,15.74,13.74,13.09,13.59,14.89,15.67,15.81,14.57,13.42,14.37,12.97,14.24,15.34,15.22,15.46,14.43,14.59,14.78,15.27,12.12,15.83,11.52,11.43,14.45,12.12,12.93,11.90,13.08,13.37,13.13,12.21,12.45,13.30,13.59,5.22,6.05,1.48,1.60,3.47,2.06,2.66,1.77,1.54,0.75,6.14,4.09,99.00,0.53,1.49,3.46,1.18,10.31,11.40,11.33,10.04,11.05,9.06,9.49],
  [12.31,3.71,7.61,10.21,16.13,18.15,7.02,6.94,4.85,7.34,7.34,5.79,6.56,6.35,7.44,4.55,4.34,7.57,6.23,7.11,7.67,7.56,5.33,7.13,5.97,5.94,6.20,6.36,7.00,7.19,6.54,7.92,12.13,15.11,15.57,11.80,10.05,12.43,9.37,15.67,21.42,20.19,16.91,21.26,15.01,9.50,7.97,9.39,12.63,9.01,11.73,9.90,12.80,10.00,12.31,7.78,7.46,15.05,11.81,11.72,10.25,9.87,8.15,10.23,8.12,8.64,13.75,13.31,15.75,13.80,13.18,13.71,14.90,15.67,15.81,14.64,13.51,14.41,13.03,14.27,15.33,15.25,15.47,14.47,14.59,14.78,15.26,12.11,15.82,11.49,11.37,14.50,12.47,13.23,12.21,13.44,13.60,13.44,12.46,12.70,13.55,13.84,5.75,6.57,1.08,1.20,3.97,2.52,3.13,1.74,1.69,0.65,6.65,4.62,0.53,99.00,1.82,3.93,0.94,10.21,11.47,11.39,9.93,11.20,8.99,9.42],
  [10.82,4.28,5.98,10.61,17.65,16.37,8.68,8.62,6.62,8.15,8.15,7.41,7.84,7.73,5.70,2.74,2.53,5.86,4.76,5.29,5.88,5.77,3.51,5.47,4.26,4.15,4.49,5.15,5.24,5.38,4.72,8.62,13.37,16.62,17.02,13.27,11.42,14.01,10.84,16.79,22.61,21.23,17.98,22.52,15.36,10.50,8.90,9.92,13.44,9.47,12.79,10.66,13.77,11.12,13.20,9.01,8.68,15.30,12.76,12.41,10.73,10.58,9.38,10.86,8.95,9.58,12.54,11.94,14.50,12.43,11.74,12.19,13.64,14.43,14.57,13.24,12.05,13.07,11.64,12.96,14.12,13.94,14.22,13.14,13.37,13.55,14.05,10.91,14.60,10.35,10.32,13.13,10.66,11.44,10.42,11.62,11.89,11.64,10.73,10.97,11.81,12.11,4.60,5.24,2.07,3.02,2.48,0.98,2.97,1.22,0.62,1.34,5.13,3.61,1.49,1.82,99.00,3.67,2.66,9.29,10.06,10.01,9.06,9.63,7.98,8.42],
  [13.61,7.56,5.54,7.07,15.67,17.85,7.73,7.74,6.57,5.15,5.15,6.43,5.79,5.96,6.02,4.38,4.45,8.23,7.87,6.72,7.78,6.42,5.25,8.09,6.86,6.41,4.84,8.54,7.50,7.09,6.16,5.43,10.86,14.68,14.89,11.31,9.28,12.40,9.00,13.93,19.82,18.20,15.02,19.84,11.75,7.63,6.03,6.49,10.22,6.00,9.93,7.44,10.74,8.44,10.07,6.69,6.37,11.67,9.74,9.07,7.24,7.31,7.05,7.50,5.91,6.68,15.74,14.92,17.62,15.41,14.60,14.87,16.74,17.58,17.71,16.14,14.87,16.08,14.58,16.02,17.30,16.99,17.35,16.15,16.54,16.73,17.23,14.15,17.76,13.66,13.72,16.10,11.81,13.02,11.95,12.68,13.93,13.14,12.71,12.97,13.75,14.06,2.73,3.78,4.93,4.44,2.81,3.00,0.80,4.77,4.23,4.12,4.37,1.75,3.46,3.93,3.67,99.00,3.86,12.79,13.00,13.00,12.60,12.26,11.45,11.88],
  [13.25,4.23,8.16,9.62,15.19,19.03,6.09,6.01,3.96,6.61,6.61,4.85,5.67,5.43,8.11,5.31,5.13,8.48,7.17,7.92,8.54,8.27,6.13,8.06,6.88,6.81,6.84,7.29,7.89,8.03,7.33,7.22,11.23,14.17,14.63,10.86,9.13,11.49,8.43,14.80,20.52,19.34,16.05,20.35,14.42,8.69,7.19,8.75,11.86,8.41,10.89,9.17,11.98,9.14,11.52,6.90,6.59,14.49,10.99,11.01,9.62,9.15,7.27,9.54,7.38,7.84,14.67,14.25,16.67,14.74,14.12,14.65,15.83,16.59,16.74,15.58,14.45,15.35,13.97,15.20,16.25,16.18,16.39,15.41,15.51,15.70,16.18,13.03,16.75,12.41,12.27,15.44,13.30,14.10,13.08,14.26,14.51,14.30,13.37,13.60,14.45,14.74,6.04,6.94,1.80,0.59,4.52,3.20,3.09,2.68,2.62,1.59,7.14,4.88,1.18,0.94,2.66,3.86,99.00,11.09,12.41,12.33,10.80,12.14,9.89,10.31],
  [4.80,7.77,11.46,19.85,25.99,12.88,16.75,16.62,14.29,17.41,17.41,15.70,16.76,16.51,10.30,8.97,8.74,6.30,5.19,8.47,7.40,9.80,8.49,5.87,6.62,7.34,10.16,4.28,6.83,7.91,8.54,17.90,22.32,24.97,25.54,21.79,20.17,22.17,19.40,25.88,31.61,30.40,27.12,31.42,24.54,19.68,18.12,19.20,22.72,18.74,21.94,19.94,22.98,20.21,22.45,17.99,17.67,24.42,21.98,21.70,19.99,19.86,18.36,20.15,18.21,18.79,4.04,4.54,6.02,4.90,4.97,5.99,5.32,5.90,6.05,5.80,5.33,5.25,4.54,4.95,5.49,5.81,5.75,5.27,4.85,5.02,5.43,2.65,6.01,1.92,1.37,5.48,10.13,9.33,8.98,10.87,8.11,9.70,7.77,7.82,8.43,8.54,12.43,12.36,9.32,11.01,10.39,9.79,12.19,8.54,8.88,9.61,11.59,12.01,10.31,10.21,9.29,12.79,11.09,99.00,3.80,3.53,0.43,5.08,1.37,0.95],
  [1.06,10.11,10.04,19.95,27.61,9.09,18.45,18.35,16.11,18.04,18.04,17.26,17.89,17.76,8.83,8.67,8.56,4.96,5.30,7.09,5.82,8.25,7.90,4.94,6.14,6.66,9.17,5.19,5.70,6.52,7.41,18.41,23.43,26.58,27.03,23.27,21.46,23.88,20.83,26.79,32.64,31.16,27.94,32.57,24.38,20.46,18.85,19.47,23.22,18.96,22.77,20.43,23.68,21.14,23.05,19.06,18.73,24.15,22.68,22.06,20.17,20.31,19.44,20.49,18.83,19.53,3.09,1.92,4.70,2.41,1.71,2.46,3.82,4.68,4.79,3.18,2.06,3.08,1.58,3.06,4.49,4.00,4.44,3.16,3.75,3.92,4.41,2.05,4.87,2.30,3.00,3.10,6.83,5.74,5.60,7.43,4.34,6.11,4.15,4.15,4.68,4.77,11.84,11.46,10.83,12.51,10.25,10.21,12.59,9.74,9.86,10.83,10.55,11.78,11.40,11.47,10.06,13.00,12.41,3.80,99.00,0.28,4.16,1.58,3.69,3.56],
  [1.30,9.95,10.16,19.98,27.53,9.35,18.35,18.25,16.00,18.02,18.02,17.17,17.84,17.70,8.94,8.69,8.57,5.03,5.25,7.18,5.93,8.37,7.94,4.97,6.15,6.70,9.25,5.08,5.76,6.61,7.49,18.40,23.38,26.50,26.96,23.19,21.40,23.79,20.76,26.76,32.61,31.15,27.92,32.52,24.43,20.44,18.83,19.48,23.22,18.97,22.75,20.42,23.66,21.11,23.04,19.01,18.68,24.20,22.66,22.07,20.19,20.31,19.39,20.50,18.82,19.51,2.96,1.94,4.65,2.43,1.84,2.66,3.77,4.62,4.74,3.25,2.20,3.08,1.64,3.02,4.40,3.99,4.39,3.15,3.65,3.83,4.33,1.82,4.81,2.03,2.72,3.13,7.08,6.01,5.86,7.69,4.61,6.38,4.42,4.43,4.95,5.05,11.90,11.54,10.73,12.42,10.27,10.19,12.58,9.65,9.79,10.75,10.63,11.81,11.33,11.39,10.01,13.00,12.33,3.53,0.28,99.00,3.90,1.83,3.46,3.31],
  [5.18,7.40,11.45,19.65,25.64,13.25,16.40,16.27,13.94,17.16,17.16,15.37,16.46,16.20,10.31,8.86,8.62,6.35,5.11,8.48,7.46,9.82,8.41,5.89,6.56,7.29,10.12,4.13,6.85,7.94,8.53,17.66,22.01,24.62,25.20,21.46,19.86,21.81,19.07,25.59,31.31,30.12,26.84,31.11,24.35,19.41,17.85,18.98,22.47,18.53,21.66,19.69,22.71,19.93,22.19,17.70,17.38,24.24,21.71,21.46,19.78,19.62,18.06,19.92,17.96,18.53,4.46,4.97,6.43,5.33,5.38,6.39,5.74,6.31,6.46,6.23,5.74,5.68,4.95,5.38,5.89,6.23,6.16,5.69,5.26,5.43,5.84,3.08,6.41,2.34,1.80,5.91,10.36,9.63,9.24,11.13,8.46,10.00,8.07,8.13,8.76,8.88,12.32,12.29,9.01,10.70,10.25,9.60,11.98,8.27,8.63,9.33,11.54,11.86,10.04,9.93,9.06,12.60,10.80,0.43,4.16,3.90,99.00,5.39,1.30,0.96],
  [1.47,10.35,8.80,19.07,27.27,8.10,18.22,18.13,15.97,17.38,17.38,16.98,17.43,17.35,7.60,7.88,7.82,4.03,4.99,5.96,4.70,7.01,7.04,4.21,5.46,5.85,8.09,5.25,4.78,5.43,6.36,17.69,22.91,26.25,26.64,22.90,21.03,23.62,20.47,26.16,32.04,30.46,27.28,32.01,23.39,19.83,18.22,18.66,22.46,18.13,22.14,19.69,22.99,20.57,22.32,18.56,18.23,23.11,22.00,21.26,19.32,19.55,18.94,19.70,18.16,18.89,4.55,3.08,5.89,3.49,2.50,2.61,5.05,5.91,6.00,4.02,2.69,4.17,2.67,4.27,5.79,5.10,5.66,4.26,5.10,5.25,5.72,3.64,6.11,3.83,4.50,4.09,5.26,4.26,4.04,5.89,3.15,4.63,2.69,2.74,3.40,3.56,10.83,10.35,10.68,12.30,9.46,9.63,11.93,9.50,9.52,10.55,9.41,10.91,11.05,11.20,9.63,12.26,12.14,5.08,1.58,1.83,5.39,99.00,4.62,4.62],
  [4.75,6.83,10.15,18.52,24.91,12.67,15.66,15.54,13.23,16.12,16.12,14.57,15.54,15.32,9.01,7.60,7.38,5.07,3.83,7.19,6.18,8.53,7.13,4.60,5.27,6.00,8.82,2.92,5.55,6.64,7.23,16.60,21.11,23.88,24.42,20.66,19.00,21.10,18.26,24.65,30.41,29.15,25.88,30.24,23.19,18.42,16.84,17.88,21.42,17.41,20.69,18.64,21.71,18.97,21.16,16.77,16.45,23.06,20.71,20.39,18.66,18.56,17.14,18.83,16.92,17.52,4.89,4.96,6.92,5.39,5.19,6.10,6.13,6.82,6.97,6.31,5.56,5.87,4.84,5.63,6.44,6.57,6.64,5.90,5.74,5.92,6.37,3.31,6.95,2.60,2.38,6.05,9.33,8.74,8.26,10.14,7.77,9.10,7.23,7.32,8.02,8.18,11.06,11.01,8.14,9.84,9.03,8.45,10.86,7.29,7.59,8.37,10.25,10.64,9.06,8.99,7.98,11.45,9.89,1.37,3.69,3.46,1.30,4.62,99.00,0.44],
  [4.61,7.19,10.52,18.95,25.31,12.61,16.06,15.94,13.63,16.56,16.56,14.98,15.97,15.74,9.37,8.02,7.80,5.39,4.24,7.54,6.50,8.88,7.54,4.95,5.67,6.39,9.21,3.35,5.90,6.99,7.60,17.04,21.54,24.29,24.83,21.07,19.42,21.50,18.67,25.08,30.83,29.58,26.31,30.66,23.62,18.85,17.28,18.31,21.86,17.85,21.12,19.07,22.14,19.40,21.60,17.20,16.88,23.49,21.14,20.82,19.10,18.99,17.57,19.27,17.36,17.96,4.52,4.69,6.54,5.10,4.97,5.92,5.77,6.44,6.59,6.02,5.35,5.55,4.60,5.30,6.05,6.22,6.26,5.58,5.36,5.54,5.99,2.96,6.57,2.24,1.96,5.74,9.47,8.80,8.37,10.25,7.74,9.17,7.27,7.34,8.01,8.16,11.48,11.41,8.56,10.26,9.46,8.89,11.30,7.72,8.03,8.80,10.64,11.07,9.49,9.42,8.42,11.88,10.31,0.95,3.56,3.31,0.96,4.62,0.44,99.00]
];
